Rainfall Prediction

941.8418471849474
920.1973695031329
1008.9588986548691
1186.6972631494518
1286.283463905629
1319.8582806478546
1223.4650330197305
1183.7012993921521
1253.3000791734248
1137.421254894472
1095.6938987404842
986.365331767036
999.7408818070236
950.388349729926
1004.9937527776092
1079.0531046330882
959.5117671363566
989.1653513218786
1208.7320115988134
1118.0058492756193
903.8353556242616
969.9929846738147
906.7864754230502
888.4653562719861
801.6629459038105
708.9468754181933
708.2584252468174
713.1461206976257
758.3509838734378
710.2307667679681
732.0766230494085
708.1586862406447
537.8751892504333
455.77399160196705
413.07754568346024
308.3206468099021
275.4398263237978
269.3186994916915
241.27565477170728
344.4289282550338
264.4666293002152
258.3968387948396
246.339800997363
223.82748612746434
319.70846990910337
197.96973851193056
143.72237391047506
229.67768291639857
30.90655411510959
0.0
0.0
0.0
4.710946024692884
24.584626733110227
23.481706227656925
0.0
0.0
0.0
0.0
40.791080866667755
13.49540074233339
16.304000370052826
221.56744900687488
248.7582807584775
297.84374149776755
420.9184743847317
568.6474214981465
562.0584333826691
579.0841262824363
569.9079060930818
564.980687109329
612.3145219213636
591.5443003043283
603.6338288698879
544.5593688864925
557.2273198994297
573.0282942059171
557.9849098342601
569.6874400989211
536.089795043456
561.1878751388937
569.2891521334509
603.9436964464373
490.9213783642657
524.850307503905
508.973110717292
563.761823069873
537.2396505145085
543.5004139466749
611.489244177739
504.7762081740852
515.696927416195
785.3678792324677
680.9667907686746
759.4719348147767
851.520162029087
815.520162029087
662.8683845329111
726.3948383142516
794.7365701449365
775.5998939723851
698.4723358564167
724.274133916215
713.7348894912583
844.0480391680167
787.7521607744027
873.281681982709
910.0270566131609
968.1735823037957
1045.297505892005
1038.5275987991738
1043.6072276452721
1040.0238291592889
1025.82116612449
1094.518650209776
1198.3019718444136
1284.6735027402658
1321.6708705726212
1327.559255981456
1349.1312588233961
1364.4562555996442
1456.6050391876645
1406.1269972426312
1129.2814117471287
1072.897745199769
1006.0660063081132
914.3797049893172
788.2319983097443
783.7439301624951
723.9235734128451
680.4747603100735
655.9166984491269
675.9369825001846
670.539991364643
676.0898399815588
554.6272733983657
572.0147497355634
526.6988645834955
455.604221825186
459.7898515225131
380.0457143825393
356.40445527709227
327.440889867438
319.01880475846053
362.6918052481263
368.0395661311811
276.4365378799346
398.6125216754607
517.7725576473035
338.56730275010904
459.8161656269347
435.410964907414
389.5180139208106
434.11277340661934
433.46598821950334
419.7130402448724
400.87187512077963
532.1932821802283
562.7031316803464
524.0700564773933
625.1281652953843
564.3042478645286
541.1211910939767
593.2104617017496
642.6270905159829
666.6270905159829
711.4554920351068
722.2785441147038
736.7546312090976
764.3325816341637
798.3775376250936
741.2438547653833
696.960912763564
710.1518851336854
690.2155386450553
639.3955896497904
730.884818164327
752.3550230358767
418.3221731685302
386.2430727315086
481.3859425894949
366.3716052287665
296.17402242184374
252.17443758182844
272.338218779368
249.8537732420047
317.05886440937627
397.28133905195523
199.93561046369885
234.05548089270036
384.14855752878776
310.5129143391406
263.18054860336366
311.0458285380315
316.5469864127615
291.42871523451385
380.0988819893726
469.00131172700077
465.976941789036
466.964150393472
466.964150393472
467.08609059380865
493.5684310508734
454.52507283726953
445.9118552591981
497.7043236550151
484.53544406484855
493.05452244955313
473.44020744273735
498.64845470856653
495.41924072635805
456.10516921831197
535.972801240113
503.0781358450893
504.0781358450893
521.5734234494981
555.1740115089225
528.6505669878277
519.1530851972809
464.3460277344834
493.94774863430376
439.60025795402765
394.5295244372769
405.243430529843
271.24529921277883
400.61872368692804
309.25978043992654
164.25122115102502
61.25740681859351
123.00905572440996
150.40749285964574
50.08640604802599
129.49876435572074
158.83661048095766
167.8753103923873
237.09219207360306
222.42848154928478
164.02178507496603
200.96190859415438
201.11919366423976
141.54635996533682
139.18069230767765
128.98540724508942
144.27985615158167
279.57601782760133
381.9136452824741
383.50695947732964
427.59992420976937
533.3524320055386
477.1389173052459
513.5837752998153
538.2304628404802
570.5448914873971
575.0449724001353
915.4973345484501
945.6744649737425
1059.4347625146866
1054.4993514715484
1125.3399956888704
1040.757000324214
1125.457050324049
1072.475914043248
1014.1008774880077
936.1008774880078
942.8274959791546
943.6231248410813
855.2030838860526
854.2591597989456
882.0159201454891
938.5940703854394
1020.0696446424449
1009.7935002018978
1092.57041679721
1042.2217583671643
1107.2030795254407
994.7137452105933
836.8393023369669
840.1093781396502
876.6970222602247
870.45646676818
842.4194426128978
877.2536401702681
884.8234682004303
928.5018205936391
934.8451945789039
589.8141437424549
633.8141437424549
523.884888119564
511.36313974705365
511.6228694989295
537.1897631062467
541.1638109237484
538.4861329539765
591.9164896693695
645.0375094063141
816.4996438617088
1117.7565412894196
1253.3567981565009
1318.947000302956
1387.9580759005075
1672.176184396437
1696.5088339980384
1731.4896036267846
1953.3456827504074
2026.244928154437
2001.0676428873426
2068.2480153361357
1992.3802144668566
1954.3322277392779
1962.839434512172
1983.666345607456
1975.1362571641214
1971.575249248776
1922.01838128511
1915.3343408887256
1864.2369173455809
1830.0741940936894
1866.889673648705
1896.9245008131445
1860.3509351695664
1855.6794508285643
1793.9860141348872
1814.4272373460506
1869.8204489617065
1795.6280637252248
1797.171811560948
1528.126168381722
1212.5910235546296
1221.5382779573315
1114.1087201699695
1013.2202470256838
645.7307520368232
558.3889759297992
508.2362349641453
313.3894791817998
171.11567222234464
198.73417360130185
151.08432392008103
186.55694547715308
335.48356521493525
142.8086348595138
140.74804655346182
215.9332886254216
119.76992165497559
180.26212079242327
302.089570276929
217.34717277220412
311.23242496658384
201.39999697519968
284.9780756060026
154.09265617530102
241.819965195448
318.2136003466565
281.2362258770992
260.9240258653914
277.0561570864602
267.52679832110755
273.86180470389303
282.11748218351437
383.762269811059
384.4682011523089
428.3379350282633
474.41045035257946
469.6970629033152
461.96107441315183
405.85953523983005


