Rainfall Prediction

538.0564919947352
484.371803170991
469.1283698490875
441.35927852374635
420.10717882085567
402.5259743795038
377.3435967582919
393.8814180708303
400.4625799456828
417.5139277280539
407.2066345963729
381.9997943176693
329.9471867558972
239.13707241584902
194.02211575307956
537.9755188060858
410.286482939953
96.80689172675372
44.685724247495855
96.60458344182474
94.08007186400677
117.61770444102984
214.66470934339554
0.0
0.0
0.0
0.0
0.0
0.0
0.0
0.0
0.0
0.0
0.0
0.0
0.0
0.0
0.0
0.0
0.0
0.0
0.0
0.0
0.0
0.0
0.0
0.0
0.0
0.0
0.0
0.0
0.0
0.0
0.0
0.0
0.0
0.0
0.0
0.0
0.0
0.0
0.0
0.0
0.0
0.0
0.0
0.0
0.0
0.0
0.0
0.0
0.0
0.0
0.0
0.0
0.0
0.0
0.0
0.0
0.0
0.0
0.0
0.0
0.0
0.0
0.0
0.0
0.0
0.0
0.0
0.0
0.0
0.0
0.0
0.0
0.0
0.0
0.0
0.0
0.0
0.0
0.0
0.0
293.7035187197658
256.24225306887035
233.4362798202768
295.9589601171477
357.80891256029514
0.0
0.0
0.0
0.0
0.0
242.48514464174556
215.24229500742996
92.49373211765676
113.58054563912937
118.09448730786437
125.30499620614961
141.3687554525898
162.22834908366335
206.38509780643574
269.3684756855939
203.09558473711715
241.14268174870327
254.26652398085255
246.91447676551667
245.39610289237044
0.0
0.0
0.0
0.0
0.0
0.0
0.0
0.0
0.0
0.0
0.0
0.0
0.0
0.0
0.0
0.0
0.0
0.0
0.0
0.0
0.0
0.0
0.0
0.0
0.0
0.0
0.0
0.0
0.0
0.0
0.0
0.0
0.0
0.0
0.0
0.0
0.0
0.0
0.0
0.0
0.0
0.0
0.0
0.0
0.0
0.0
0.0
0.0
0.0
0.0
0.0
0.0
0.0
0.0
0.0
0.0
0.0
0.0
0.0
0.0
0.0
0.0
0.0
0.0
0.0
0.0
0.0
0.0
0.0
0.0
0.0
0.0
0.0
0.0
0.0
0.0
0.0
0.0
0.0
0.0
0.0
0.0
0.0
0.0
0.0
0.0
0.0
0.0
0.0
0.0
0.0
0.0
0.0
0.0
0.0
0.0
404.485650760471
453.2558362423226
432.637702514916
463.57003179915534
407.3770388792249
431.3088617475729
427.64134451416106
448.96780079691587
439.6859394281224
444.6753173782123
475.50103985129505
452.289561345723
440.6761420606927
435.7452032178773
431.7897252269741
431.34696720744944
545.2033130867858
549.2325350943235
828.4353215970831
877.8697836388505
885.1215200070272
0.0
0.0
0.0
0.0
0.0
0.0
1267.2727889111634
1040.1441411877543
1300.355811222243
0.0
0.0
0.0
0.0
0.0
0.0
0.0
0.0
0.0
0.0
0.0
0.0
0.0
0.0
1828.4552120114222
831.3288434607196
0.0
0.0
0.0
0.0
0.0
421.98893679064895
340.34178455242824
270.2312024132208
0.0
0.0
0.0
0.0
0.0
0.0
0.0
0.0
0.0
0.0
0.0
0.0
0.0
0.0
0.0
0.0
0.0
0.0
0.0
0.0
0.0
0.0
0.0
0.0
0.0
0.0
0.0
0.0
0.0
0.0
0.0
823.85804314975
782.6901930072324
725.5657327886031
769.6269866611981
671.191344234053
794.7791480345772
808.5355222292775
815.2265138835627
858.0862460007777
879.0323926640191
895.222865409888
897.8926868639772
927.8340574188267
946.1322947457485
1053.52145990735
1046.012537115847
1056.491353421816
1044.944221044393
1018.682907139287
1017.4420549992732
1011.0255399038072
975.9712835774429
741.0503865085903
827.6974012081339
0.0
0.0
0.0
0.0
0.0
0.0
0.0
0.0
0.0
0.0
0.0
0.0
0.0
0.0
0.0
0.0
0.0
0.0
0.0
0.0
0.0
0.0
0.0
0.0
0.0
0.0
0.0
0.0
0.0
0.0
0.0
0.0
0.0


