Rainfall Prediction

6.478377367825396
6.472691372329484
6.461982313879046
6.464051337988054
6.41548770756355
6.408124894460266
6.375443409817536
6.408517322452085
6.396612988282993
6.393098201681171
6.405560361587005
6.410759441099463
6.405268574992889
6.427614959502833
6.425607597074894
6.435343212869769
6.454462544194945
6.443900859961585
6.438274363448824
6.432253000452515
6.426564961642168
6.421140534640238
6.438067754812176
6.43865844316076
6.451505692368493
6.479814304993481
6.473421427583688
6.442867304369987
6.436781082480834
6.449582835095682
6.4507276040822985
6.45059576973258
6.45392244694779
6.445714996797122
6.447692309265105
6.4276015395703086
6.420182143978155
6.399536212958053
6.416337640183133
6.399773772858541
6.408586760142356
6.385160832766583
6.417939133052552
6.41993879304719
6.438854984296083
6.420081417807953
6.4247882219991155
6.437767271699205
6.441635394376792
6.433366981462508
6.421196136614336
6.421091055623213
6.422771030866699
6.413269476056134
6.371200395651602
6.330664786642158
6.306408431048983
6.306801749166325
6.308651170492932
6.297684477730577
6.265866880360348
6.279223689299474
6.276733193338871
6.271649887855698
6.3356555637375465
6.364347247987623
6.327637900623089
6.318192086495751
6.296307941628079
6.34800640475757
6.350871049198252
6.355421202722614
6.363514509110551
6.356237628037698
6.359033268296362
6.329030811223724
6.327400121861345
6.314729864311832
6.302346133236748
6.298677062587407
6.299447569009592
6.314078244357867
6.344613240600685
6.415054931672924
6.427254623710712
6.432280716048154
6.448939495678326
6.473757144959285
6.49016422035587
6.503768085695158
6.521181971681331
6.526409976259312
6.519771487260732
6.51186082324391
6.508004041037763
6.457518532968848
6.43576620647358
6.353228861361141
6.3466782777291595
6.336427376850399
6.383169691010925
6.387310534117373
6.388650332280067
6.410636294732479
6.462255036156023
6.4883861425125025
6.4899628026035066
6.49517793828617
6.497514779205064
6.505911500533371
6.507189770144011
6.521687655104635
6.512984036292794
6.495170553700322
6.481676242340104
6.5020822655907775
6.498338415546989
6.509789814442566
6.527546503413378
6.534914718853936
6.526491065262936
6.521139694950707
6.526890673472639
6.539049574922542
6.536932186586523
6.535941418513817
6.531120225043759
6.525027265332182
6.511821644363426
6.515149971788908
6.524329184350565
6.547606533132451
6.547858752433139
6.554637627724609
6.560478820014397
6.543955599668346
6.507334996323898
6.490164874230237
6.48486495551868
6.482520381196418
6.473065611825516
6.4718451884506605
6.435665783996344
6.440068275196494
6.453954933528679
6.467882438889564
6.463000996291909
6.4609804630123255
6.43763988638012
6.431404419426495
6.426789132883379
6.432792996424086
6.427566231393696
6.4041964670937945
6.39030609030254
6.395678672965424
6.402880237943749
6.384160887232709
6.371783347687811
6.333679649819772
6.334905857386013
6.343938524445564
6.322773128060013
6.329056785815375
6.329741510374825
6.356669705231866
6.37649255790545
6.3665669088519286
6.3594658171928025
6.3604278297333225
6.359940853949976
6.35765893829913
6.34627781133432
6.345585766901946
6.371769372112814
6.3727227831451625
6.355155103399679
6.337256488778426
6.337348914803716
6.323349867164099
6.314138061167264
6.285695734076348
6.263487585622859
6.247423479644881
6.268142312805384
6.228283965372421
6.233740860162648
6.280051589223801
6.272040272945962
6.245688362171771
6.205967635374762
6.209107436912134
6.232569754750086
6.223410820191038
6.2467970488397695
6.269184305657111
6.289830445951473
6.295505822934173
6.269648041412081
6.253056097023437
6.25174410625053
6.252236065596966
6.247397437653432
6.244961249144975
6.280856587286823
6.273691973662217
6.258784524673618
6.246243254300093
6.230147697042457
6.2296104826345156
6.207490550461195
6.204314238590616
6.200386320878828
6.2025564308433205
6.197417491106554
6.193715972967638
6.19330898064381
6.1781808783943735
6.1657782409263495
6.15570038388127
6.1902564758958585
6.197622056533849
6.206552650192098
6.206169028235125
6.20851739223434
6.274459924221483
6.3275279117492484
6.318328497105118
6.282916457876056
6.242645192380264
6.224531410941796
6.241899303721957
6.2433768495078255
6.248410413714277
6.261955491765893
6.239016192572805
6.287900571309803
6.286677743316125
6.278038756783944
6.269194354184702
6.275899538679679
6.260991922622028
6.258316833774561
6.258615406342814
6.238310247949328
6.239627752648122
6.259249459627888
6.261571513738342
6.261571513738342
6.289127034115189
6.3005012643218015
6.317176825258557
6.319407469565093
6.316355542816932
6.308187364857231
6.329990669164559
6.352615033224167
6.343358659733682
6.35325768665561
6.368326830269124
6.378024872131021
6.378188932729515
6.372036236028825
6.370445516491254
6.361392965873433
6.364923243392877
6.357822937035093
6.332686654068633
6.327725806608013
6.29478950992336
6.277278832542024
6.270419577328777
6.254688675492201
6.253824916230524
6.226564835038995
6.197055450009732
6.164656980380341
6.161587262029205
6.1374721188379615
6.173728249300424
6.193264737898383
6.20012276821054
6.232375740733911
6.238422200812489
6.260606201003587
6.244425059647941
6.220472935159497
6.262593759270778
6.333957056293207
6.312657509998279
6.248509854038169
6.092908382078041
6.186216965758223
6.353227925908618
6.383507984490595
6.4257173835536765
6.429844754248615
6.444487757438992
6.45365967177343
6.459071734709009
6.46358602819149
6.488720082456795
6.499696614502958
6.497944814373969
6.515048047877729
6.52351758483463
6.532565533616852
6.534886802929353
6.521250936662641
6.519109838874886
6.514532941956113
6.495098235099849
6.485248903356615
6.506774976457268
6.519355359885236
6.534669359532404
6.530781614427419
6.5388180142007695
6.561513483962224
6.567338378396727
6.57596060195019
6.57668880149525
6.577854739348192
6.578899400646438
6.565074915526769
6.562258954395131
6.539056749647949
6.5445376696119695
6.540196235600128
6.5333581253510085
6.534711872861687
6.5331543856042895
6.512691136843032
6.496781486905597
6.49037762984142
6.443972815651709
6.42321156693298
6.416433784341242
6.418759843873945
6.412548224255615
6.417417667166587
6.422662260980819
6.422386824017834
6.428370528308841
6.452325378994517
6.4396626685956875
6.4685472441515595
6.481712967785929
6.494782583164454
6.507511378588967
6.506384480382737
6.523827406374046
6.545219144854691
6.546586058326695
6.542641086225233
6.54268450012881
6.54170000901827
6.52704366050581
6.536464692162444
6.546152969664197
6.545293861775565
6.54760631767098
6.548777267408652
6.5476141450094225
6.534208784111291
6.5287280906795075
6.530878317642471
6.50592167322557
6.496998428491242
6.474179564249853
6.465054705307311
6.480338513486628
6.483559359521976
6.485341305062363
6.494196973492993
6.527328168282384
6.5452326964838585
6.571810416552917
6.56660604528084
6.574987526332202
6.57274659221851
6.589385010719623
6.583257482713847
6.553236466572711
6.544014962472908
6.542406272573472
6.5505295261710375
6.5509203762036154
6.550566390587918
6.5318314083154245
6.519093454807937
6.5153020210570896
6.513723832718375
6.513484514312166
6.50373774649234
6.491574610799777
6.480375718644572
6.343015696134569
6.299832565890928
6.300949925652743
6.2973269041409035
6.214883719493507
6.194053485293472
6.2016725189481265
6.211543541478947
6.218230071027286
6.311886246190467
6.309998033207205
6.3261422233366655
6.324989225771839
6.327933916929536
6.34629006118118
6.352333340995321
6.3745381946295785
6.365423223268725
6.367515745429948
6.370284672395941
6.365547033087758
6.340643202681341
6.341156550058238
6.329892950776841
6.329858507885684
6.337500708011673
6.362398010052778
6.358417403107117
6.342784433854517
6.325582792447512
6.326645796840318
6.283149008233715
6.27621851259536
6.278082915274095
6.293009837170213
6.300460499506147
6.2805883513476255
6.291682798216599
6.316948199593273
6.332537877116704
6.361679004485513
6.350254721541202
6.365799531610183
6.388530047805455
6.37158446952768
6.388780232924682
6.404845280879208
6.403472923827399
6.410344911497022
6.432901397920938
6.46352328636909
6.452820768521623
6.450980909315801
6.456386447519798
6.465184240192814
6.476634597686792
6.467404255854561
6.433004918012456
6.433450409398362
6.452352302894368
6.450282666310809
6.454976313772553
6.489361916293002
6.504547255887953
6.513173972058901
6.53301766212829
6.534554949497045
6.507033164521703
6.513359071443084
6.5465184156867675
6.566988810449906
6.5611093054054805
6.565057661243894
6.566119889377385
6.558240125754682
6.5418494953692745
6.510804702242069
6.515590491420077
6.505746837023986
6.50292439256193
6.496555517455693
6.476922175220402
6.468254409926579
6.441680607808158
6.4421391751900385
6.417290507784358
6.3922135591335145
6.388077822628863
6.39029429815886
6.391615652220647
6.383536858274378
6.396810034188237
6.407801971958556
6.401530079030328
6.396072061981557
6.414122401848661
6.419100265957027
6.410598720940185
6.339060263185456
6.344120698445174
6.406303049405375
6.419629427585837
6.4458685347213285
6.45313404342756
6.4551559675920815
6.452440851382425
6.435135498991727
6.413805025984705
6.431254528554072
6.4382409552184505
6.438598956411453
6.446489645959124
6.4586427409549
6.460105014385941
6.45116876044978
6.460106259461443
6.461781100609866
6.460926362601371
6.454419688856202
6.4447913661327965
6.452644016312567
6.455673424297037
6.4657130708623285
6.4711057802298
6.476569952210226
6.474931321346424
6.456738710037746
6.467012579406138
6.474123694140438
6.468395521876384
6.485731483580406
6.493564576610097
6.503110881497106
6.524311797631583
6.542365479998191
6.562953671245522
6.573097760985618
6.5718637458777165
6.579926802750056
6.590426633955987
6.5995915502706195
6.6082639475218965
6.618083714396091
6.621390388274958
6.6230181255306055
6.624342150215496
6.614472356948196
6.605326218874307
6.604336487708563
6.5981958227513475
6.587967114173399
6.596594424572032
6.594088836538928
6.588918621686824
6.576564194553544
6.584179643094495
6.591837148601298
6.578357048565407
6.573757150467761
6.580138633372462
6.570507853607979
6.573863831401169
6.567675184801487
6.573433367986794
6.569980325034577
6.554200292985861
6.559702193073359
6.550068151715103
6.562843802542143
6.5719892166064025
6.572920734561576
6.562135788051193
6.559004669209163
6.543045601404211
6.525192426493472
6.527217430649347
6.528196912015921
6.529730234064415
6.52988546422032
6.541201960754635
6.534549597829868
6.521191718103902
6.529063204374216
6.518610646191434
6.518650797712408
6.524388021279739
6.516268442828841
6.496483441717025
6.4696120536430115
6.482007370277519
6.475223672421256
6.436101706013506
6.4301515530025535
6.414741638835687
6.4123146216444775
6.432708906230412
6.430582804767957
6.427801947438658
6.427820521469376
6.41807872435617
6.411988094484483
6.4360369783229965
6.45324716000014
6.46157518683484
6.47354054131963
6.470341060525787
6.47126234737325
6.4608347288591705
6.445439166850171
6.442045944193511
6.391692651449983
6.375580499665786
6.348331791255241
6.3294712959673705
6.338882146879409
6.359522812183639
6.38482271999162
6.387427092202045
6.400570329933887
6.399392506940092
6.372446875044851
6.393631576427949
6.401003049903443
6.401838921665829
6.412038699697513
6.414606584239472
6.431249155961285
6.431445691964047
6.441773668970326
6.430508170150833
6.434073440265014
6.439089814650634
6.447965440583245
6.450425329786145
6.471360082805151
6.4689937763112955
6.467103995021184
6.465227497895074
6.458398429239634
6.456111461048955
6.453388027830814
6.453864160046837
6.455114154027888
6.452399012014906
6.446251791050813
6.413836043277906
6.396181444705745
6.301782660605251
6.253962600265888
6.321196700082488
6.351077037460768
6.359893475975448
6.351889776350778
6.331025199530378
6.3389059801267456
6.335680494323573
6.343232290736223
6.344145315978775
6.344008264213597
6.339515395225775
6.338987953938748
6.3480479363455835
6.347542709748932
6.354760174993727
6.365945101162435
6.350905898653472
6.398275325274029
6.395606222073542
6.3918045567239545
6.387244985158686
6.394346750637532
6.395058234058908
6.416013479241966
6.447658481709714
6.467540198423613
6.458592035470954
6.438773888234914
6.395607740990019
6.315543221513916
6.267125918677765
6.312746655265252
6.326566792175359
6.33245256915296
6.348930879909014
6.307874970567632
6.283569641082287
6.22647864330385
6.216528517701429
6.236890736252024
6.238348643319523
6.240373454133079
6.247061343641024
6.276483998392563
6.273341702867966
6.289097676689211
6.284299049514765
6.28488092402979
6.3172497526189835
6.317451521962486
6.3111376108462
6.308503622256395
6.310011064483446
6.306041736407212
6.322244664954585
6.335005034432003
6.339222927593077
6.349399205114028
6.328405853581199
6.320304253692943
6.221927413164761
6.203980646918715
6.264071435675963
6.32676108225822
6.32685469798067
6.346774544837918
6.3177474770624125
6.307109087246429
6.305517362354847
6.323327560060945
6.308071896328071
6.334549160817449
6.34283770415779
6.3512932202213435
6.349937109010793
6.344882112780491
6.321636413572219
6.298931225630458
6.29789037581413
6.321447387092884
6.317070707381242
6.3172708371332265
6.311686715867731
6.3223459271763796
6.325664381130502
6.3509726210016595
6.409644352761212
6.430559957010135
6.443321593714354
6.419495315963353
6.415933008113984
6.3067280183917065
6.259823597375282
6.316883424175485
6.343187188819907
6.344265412113307
6.346787392705955
6.332521054852555
6.3329458616197245
6.331678670909475
6.314380532229247
6.313686617745652
6.2917825672216265
6.287226403526443
6.272574287912952
6.267666222136794
6.253737406872119
6.286914858562544
6.322211892573408
6.355026637586535
6.386736175347896
6.394106633148845
6.416681202162003
6.420859468354745
6.4381282800160395
6.451617180811406
6.485706059921223
6.504606278296432
6.515279248369547
6.511217221977529
6.50750123095797
6.498829397448372
6.496728119031511
6.516285873460692
6.5253474530309505
6.532197834480936
6.543866870277919
6.554856245984289
6.55468015581454
6.551688928135832
6.552649020453657
6.555398602177966
6.553205186289557
6.553261864690109
6.554298767443085
6.550925177707468
6.542116741500588
6.530877778411864
6.549253801804873
6.555984627952957
6.547199420624832
6.523038365802382
6.511648754431704
6.509145090063196
6.505027233121049
6.5062582129517015
6.505567567006655
6.481742565606825
6.458644178059129
6.436311541927923
6.4413812770505405
6.437956553062811
6.438910962645197
6.4437428023356755
6.426920476407158
6.414733140440528
6.418401165196173
6.39717637397724
6.402066524347714
6.414336746135399
6.408494577861646
6.412320633694697
6.4043164717052585
6.4030981061794785
6.421600865725658
6.416493563791041
6.413817677104954
6.380507316559974
6.384647677069221
6.3941085246960165
6.417628647887181
6.433211451408225
6.419904103484606
6.458399842402391
6.480675856560522
6.498828737116195
6.511042811823892
6.523121176643238
6.526458844796791
6.528636395648199
6.525332687474223
6.52195303007614
6.520342926108635
6.525267935665467
6.522856164771957
6.526369099612288
6.517695704077714
6.515460927098459
6.5149398285214914
6.487464287340807
6.4787068332146225
6.471954821380416
6.4704309619024825
6.444937923859652
6.452859172904408
6.448441544107379
6.442531114401431
6.423435974539438
6.393345581421829
6.351307613136158
6.370099759052935
6.385983254593728
6.409172258206427
6.379751248974373
6.376818086398666
6.39930329766571
6.428611813275057
6.446227872199729
6.457498205085484
6.4512203034969104
6.455928684065743
6.457611729219336
6.470173915820127
6.488491230493387
6.498520653661043
6.506584159727697
6.501098185084131
6.502381286208085
6.508900718956062
6.510599226151624
6.516041417093585
6.526730865421263
6.531048251885027
6.546869900420572
6.556066797069723
6.55672976324893
6.559974209753101
6.5703558924161145
6.572227820437068
6.569128811345568
6.595754594055305
6.588004805350206
6.5935613077404485
6.582055328636196
6.579412492809969
6.612643670940841
6.609045867231339
6.608952126786788
6.610636468772822
6.606769059686819
6.598652014641983
6.599343639603849
6.602570598280702
6.601146373461244
6.599235878903005
6.593587849479218
6.591738600486668
6.589604016277163
6.590241868886303
6.588518901657426
6.57888862298725
6.581885743618183
6.578321361175305
6.587493761070882
6.5769659417627615
6.5679231715517306
6.557467207914882
6.56552271334435
6.543432328753963
6.535859069502271
6.5360117819658266
6.538085160076182
6.5111701761827945
6.488235788172445
6.4960549486263695
6.50089266619847
6.516844308825582
6.522539069323895
6.510458602202699
6.50451652035858
6.440813894591992
6.403993238751305
6.44658295899642
6.4697183419773365
6.464584308888332
6.459700034323482
6.440804409585056
6.432413004390039
6.440757793479842
6.450121455584845
6.458742774970183
6.463016425777834
6.475540614750732
6.471334428842692
6.469468946311047
6.480548946794605
6.483839447094913
6.487488311526628
6.4971813807733865
6.538176723939393
6.537970300548465
6.540778389293187
6.561293945836249
6.563944134303027
6.560674421683607
6.569981609072535
6.588012209490907
6.584710168315597
6.569482955666121
6.555473197421995
6.555685638890497
6.542865843125005
6.541960521751036
6.546122121340222
6.547254354906286
6.546309372966514
6.557954647563412
6.5624708230704165
6.564396719090629
6.551739197481691
6.533195104890943
6.5225817978057234
6.512745238514166
6.4920939942891565
6.502628632845071
6.537097917338085
6.523312619465502
6.519976840134813
6.513470179404431
6.499179705989343
6.495800053330526
6.501207580377009
6.506601854884114
6.490015845539832
6.479374005015324
6.485252255619262
6.474731172023224
6.4638169377521475
6.465456771723601
6.454858581945672
6.482563208938716
6.487041112873207
6.498567745205046
6.50367255268033
6.4972130175662945
6.504650869344742
6.5052479940698404
6.506862101735962
6.5037842308273675
6.510392386817498
6.510648827111395
6.527756121385721
6.527376179458039
6.537782414333247
6.533351141916184
6.529209796573543
6.515283821236645
6.508622781919966
6.503899443485378
6.505333391378041
6.511927470938732
6.502707244000647
6.497568371869537
6.491595898126395
6.48879727479567
6.491678751592577
6.485730580257963
6.480525195245852
6.477342406115163
6.47183497087947
6.472219675212339
6.446405811008631
6.449164335936117
6.454776566227319
6.453878087240088
6.447968792055579
6.435200418065281
6.434409945855473
6.422510564985879
6.424419273259836
6.414902031814226
6.411753607567306
6.384385984412358
6.393891131506848
6.374728703448446
6.372696760635305
6.358568590016823
6.323532033202684
6.2950118798342745
6.297713522395995
6.337150187790793
6.339467599783265
6.325613445308845
6.32484918084284
6.36472244993772
6.376232259345345
6.3717635526419105
6.37833899317137
6.382499351680274
6.377551656246013
6.377427482401609
6.367339240132409
6.365239132291026
6.353508677287211
6.320290070911078
6.313707164212706
6.330233697755066
6.331027311206392
6.332924467308834
6.33064052771604
6.3305968546245595
6.327314136004632
6.327169965793041
6.327846953203315
6.3284292854776725
6.327348763373084
6.333857835646051
6.330104843962653
6.28725799580484
6.265736663015642
6.252667646558097
6.261253981617555
6.272919334614721
6.281459746910702
6.281619845796417
6.281625536040838
6.263576940522159
6.273875409329507
6.31220103007339
6.310232694977818
6.300584587486766
6.298803848117606
6.361489599793172
6.385923553782952
6.386830513222854
6.392667886178157
6.389106359636333
6.405188315935344
6.418393454607776
6.413336712640345
6.419550617958221
6.426203936785358
6.427258258331005
6.428408072961896
6.416293927866832
6.42444412147526
6.429215288078015
6.420707320768591
6.3980875938123285
6.351333738353743
6.351038338087233
6.339709861382313
6.360505253059944
6.360671204683544
6.368707149699847
6.386966386334667
6.4074062526706355
6.434332070019861
6.431808483597812
6.4162543882053145
6.40937401760929
6.409107373162105
6.404489738399223
6.330083091765605
6.305648932370763
6.305888340928701
6.29168816050247
6.289804904008595
6.2867998704743275
6.282705351134222
6.284297214352576
6.277234132477997
6.2744056670482795
6.276588660322137
6.268380526635884
6.256744125413336
6.264909923053171
6.257372819630916
6.219759765648752
6.201782948057664
6.208813002309242
6.226785847782792
6.221421383901926
6.241477333010771
6.258973153633474
6.260761250032857
6.256358655461486
6.278155178803372
6.282019379804522
6.291209289467719
6.295157221972519
6.295275583106956
6.30027312289043
6.300124470077859
6.259673216976142
6.244420519408766
6.205357214429227
6.212313928619267
6.2112310276198
6.235618621820802
6.253282661932559
6.253829107581193
6.242600861739501
6.260891204207085
6.263763470883515
6.278540478797334
6.320854885624616
6.318506741658282
6.3559914446816315
6.362639390152115
6.368558410835071
6.345676499570308
6.336779863854181
6.342335230382769
6.340270659541453
6.380185304000642
6.392380661043247
6.397633197231234
6.383147399065188
6.376302153171102
6.395875942256119
6.406466540488803
6.40586573603299
6.4013909138187675
6.40260471326999
6.382934846173782
6.401439240500601
6.3970648882844845
6.4031241471201055
6.402098027312139
6.391270646104975
6.386010763647197
6.383491188272876
6.387542207342768
6.400381800079968
6.407010570120536
6.398357522490872
6.376672089135361
6.357288155400563
6.3232550958690545
6.3207724779540255
6.390557394750846
6.415035556469785
6.442055081708672
6.476676645212479
6.475397513488002
6.459035046110728
6.446250899241501
6.443599474032997
6.444169338485852
6.432493102737048
6.431741438491917
6.425474409750805
6.427208427045362
6.429429272387738
6.43231282238897
6.399420222876182
6.376989175514706
6.36768731445309
6.368261594813247
6.37039256319521
6.38774250968869
6.383529098588586
6.385903432866335
6.379187597466905
6.361497650499221
6.355191555624341
6.356897846345683
6.357075707733851
6.352388716047514
6.3335447907193565
6.340059007713595
6.370266028923962
6.370808877927163
6.365599549039388
6.281586630954313
6.240801261916854
6.239393649160987
6.263456044608629
6.264653848262463
6.263736039903267
6.234549201128977
6.214220938605018
6.205011795427219
6.20384795489761
6.249834238970941
6.246710558890271
6.190568406537555
6.193267293939127
6.185197175030889
6.184255681596155
6.188568494159988
6.162218961614735
6.158096313422176
6.1559615163302706
6.239553283494249
6.247696439407266
6.249409787186915
6.23750780284414
6.223278302224255
6.20991837387511
6.209855527800574
6.18871384290867
6.27231339295969
6.291515929808648
6.287586433268802
6.211761922282704
6.187368721834095
6.19098762227943
6.216381098314988
6.216627582163703
6.219036486915796
6.215261437932148
6.233381670713885
6.233286805598809
6.241500876754376
6.272476890202297
6.282479787526028
6.2683580940509565
6.25470115487154
6.249500796655265
6.230460926238885
6.221377586312897
6.21572491973729
6.218810967749199
6.2209518497509295
6.240617014573612
6.235506928327343
6.229830822020499
6.223840093493561
6.188001906855209
6.168635857953898
6.202479762285484
6.212966538028919
6.227101578389269
6.229967964226497
6.229917794036982
6.166136816093811
6.1269730114613745
6.127596684883093
6.154098984836796
6.161309641942503
6.160870828228587
6.152603251237687
6.145013547507027
6.133764828997446
6.133965508071534
6.191357684906695
6.195489658901011
6.193674701140014
6.192687739603302
6.190924566119459
6.185766423055208
6.189942899303268
6.182336308786445
6.197623474355034
6.196723928174408
6.2647599573862145
6.258388292080467
6.241660134216309
6.241660134216309
6.249045413846364
6.272980101061668
6.239107981695214
6.213317304323242
6.183630961774904
6.190881281414542
6.178664201423533
6.036441698242691
5.99747498998255
6.005429120432743
6.00840030557227
5.989360346389141
5.988754009817853
6.08231559147741
6.060846256073158
6.046487336254093
6.056730788878833
6.136355956088187
6.153925810619874
6.148109656137078
6.151540535499833
6.151143664841728
6.1480357261607645
6.150061763392511
6.140743436958154
6.1392313590763745
6.163072803738071
6.217750080214654
6.255761457837846
6.278239865120933
6.289681430810674
6.292512627113566
6.27944431145982
6.26840566451962
6.262794561732107
6.2409092564749615
6.243353060141167
6.253965363443813
6.248176664772943
6.2508457781230256
6.254061054622932
6.230212454483345
6.21324207749599
6.23323697005208
6.302826797034738
6.307713288594554
6.3130956175930155
6.303643057585616
6.286506771766567
6.2680227305685206
6.26635654811966
6.262297720115548
6.261998671159012
6.259612696498962
6.273258151614901
6.2810193661945215
6.295797920814927
6.260194355802062
6.237369281323319
6.24163684892589
6.24098329974074
6.233567958887552
6.244315399603915
6.234195489145266
6.2360551231404004
6.209260637028431
6.153198384941722
6.148326159294035
6.1365278387716895
6.090548017293348
6.088307768565795
6.103100475488082
6.075308327225668
6.063057107990366
6.061891775138456
6.157968052687359
6.1859441672612565
6.2088993922431905
6.2160839000780586
6.221863000029222
6.227561683947331
6.2300404749767
6.229851270153133
6.227907323660841
6.227492942959691
6.2203760604248
6.214941320466517
6.199636420740304
6.192017766389673
6.201618044997488
6.231221551430845
6.246865225862846
6.251316363119212
6.240487035816518
6.234021361826906
6.113181509586465
6.0762482488237755
6.058902557331586
6.0650973083005955
6.101419485868404
6.082545023205029
6.099072950891548
6.113550471157103
6.126916231607769
6.127688590776228
6.097527651277838
6.183962154654979
6.180831579871749
6.145990297413497
6.149725399388821
6.155528325472322
6.163519312803792
6.148096703466358
6.212525468093585
6.225790689915767
6.253638515420982
6.267362240982537
6.273734862007161
6.278210722140792
6.282786785701495
6.287206823418609
6.309557239805394
6.312566239019525
6.330880462901576
6.343557677766549
6.343783542934382
6.345174887248689
6.352254912224733
6.3514949420050675
6.3553602382523415
6.3455915262200335
6.3261301136908
6.323370011836027
6.326207601071499
6.282971841764688
6.225108102082393
6.181784902473246
6.135241292950269
6.060152795018978
6.04508793487299
6.053524074062329
5.770287531502936
5.764737897035615
5.756068645916254
6.139152421982394
6.24093105961124
6.301396072839495
6.325659114570471
6.315943352320241
6.3180616221327055
6.300500139808154
6.299731841828748
6.356828617422866
6.356316112009297
6.370152594504177
6.3911627545168965
6.392910376780904
6.3957023626382075
6.390063816761911
6.389569861012606
6.3748803656937705
6.376432519900733
6.3534183519731116
6.347662449425122
6.338155875958812
6.407326128496623
6.407485734586537
6.368314632221979
6.365081490399715
6.361690665663361
6.337282689765942
6.349850407225275
6.351136360671915
6.352549426683748
6.33908976936426
6.393259315939151
6.395252030783825
6.401792734058826
6.400503844349143
6.393756948078693
6.379437551198372
6.380067461994372
6.377961188048328
6.315035465795032
6.312026207622793
6.264014245075362
6.206867930565878
6.214899839647001
6.254284918095978
6.28251662133006
6.283154847324276
6.289281976982817
6.293363891741469
6.2946954489332185
6.288056344671686
6.283288591438189
6.320513123373011
6.322027990717323
6.301073531633794
6.314125245136257
6.306152527092976
6.271329614363106
6.285557698572366
6.282551748915348
6.297291121739929
6.285894560915057
6.412228324674107
6.43322907588468
6.463815333155062
6.481621820115722
6.488619866615006
6.491890448774688
6.506371162479388
6.517560908087474
6.528392324919454
6.533580681717165
6.541511969301
6.530290288525775
6.520139094309295
6.497732188664445
6.519782539264795
6.536582025014771
6.538322209709803
6.552268187315184
6.554328586528463
6.549678464813379
6.542789911319001
6.567605640229536
6.568376351235926
6.5714100621032125
6.577733213149708
6.5795056359511355
6.579718708560502
6.576699071117555
6.575509222011662
6.5682082287969346
6.565135854238682
6.526991895262665
6.517600954367336
6.495156308809773
6.465468272347803
6.46200710272939
6.469900519121442
6.463161166667572
6.459304743674111
6.441396339579771
6.436299946103843
6.426543672132024
6.440825739838727
6.440074409700388
6.437997818872791
6.388720268469127
6.329445438158476
6.268414806821745
6.245272608642744
6.208286002730224
6.226021586866272
6.219366458796369
6.234628127408915
6.231758384305321
6.222724539416032
6.23894928367266
6.2481060670423725
6.2548709184565805
6.275727146096651
6.285696998719985
6.2798475900557085
6.286212880245326
6.334133551370435
6.3382409229749355
6.331127515910998
6.344823397825506
6.344090453752761
6.32569137886259
6.324206775432076
6.31911108909775
6.307032600505824
6.310118053500753
6.312176542816362
6.265121060549936
6.267791395290278
6.273340186792801
6.252963238675896
6.236930674877047
6.243384366170151
6.300548814947694
6.299956009497778
6.291667717411075
6.287323870921493
6.225385167747803
6.222867946582197
6.224809872281146
6.268237554869948
6.287343315062119
6.291588248117663
6.287860829288109
6.284290340355851
6.290414528461159
6.293096206321269
6.313284565114992
6.351123802891678
6.372852962080576
6.363928684450858
6.363283657600184
6.360751471059753
6.359690296221624
6.34809848742266
6.342976647933715
6.335228769336921
6.340073158133691
6.341869400260889
6.351019750778442
6.37168623013169
6.373278236249027
6.373604892433948
6.380407592328725
6.433963773315212
6.449004688670363
6.4588499231141006
6.461135351918961
6.462123874662971
6.470138248060185
6.472447643534622
6.471152543342334
6.459205844114614
6.454796687616615
6.451947737268967
6.449478603413962
6.452276424688216
6.4544875958209715
6.442492233254341
6.421801565897236
6.4095621416360125
6.405649117663676
6.420837776495161
6.414677351700412
6.413463489979639
6.413698318791041
6.405691353197951
6.385830993124542
6.384185761373918
6.361149951920002
6.350814834371763
6.3328192232452505
6.304708459127713
6.311063346754773
6.300008070986568
6.2954836144019035
6.275993505700431
6.274263439111187
6.265639749509581
6.265604088078252
6.247556689223631
6.2432858053027065
6.258947055041698
6.258947055041698
6.258947055041698
6.258947055041698
6.258947055041698
6.2655659581234815
6.262023948665252
6.293110295013099
6.307630785555486
6.315338430004347
6.311754367169985
6.271974622634701
6.250970841552084
6.269332248680649
6.274696826096316
6.2421367840570445
6.242636598076348
6.259701552806611
6.288947186709791
6.327338599612615
6.3017742722961305
6.269702421924208
6.259741511651897
6.246163276572562
6.225258403867265
6.199910511534346
6.107718110160841
6.154699629966876
6.13625610642566
6.128653556288642
6.096608147410074
6.165163016364513
6.177557966483649
6.197650585706745
6.21012426051613
6.269339442977742
6.275023424122654
6.319472636120279
6.350544323370527
6.373930765903432
6.392050447814838
6.405969288252632
6.402258979594107
6.40784392883119
6.4053963888345935
6.4008661326209735
6.39017216212397
6.393014195484704
6.408054741324575
6.442956913973691
6.428376403520458
6.410807372048213
6.44091302866628
6.440019226262264
6.440019226262264
6.439716723879669
6.4400042602008485
6.421443091863966
6.418939486870274
6.415817891290622
6.450312282598575
6.464397651910818
6.453862939361499
6.450546063875855
6.462792065415039
6.458061114339421
6.467537985503751
6.46945725917881
6.447695972634025
6.440103385975077
6.440209760000544
6.431129616126088
6.422529140152238
6.39602587607662
6.417686543225605
6.408902475165834
6.421594588611277
6.411613972065062
6.411444844445558
6.436663226923682
6.487419876277377
6.482462287024703
6.428639378348681
6.386060305980538
6.385014766524307
6.393273702349597
6.401514973148361
6.410588448268392
6.388808588831698
6.415244933539807
6.4114743740798446
6.423777862247409
6.425852853957014
6.430416553203341
6.432459509311289
6.431417678310643
6.431831155077787
6.435897963188
6.440426099577342
6.43913012901892
6.445868757908575
6.445653051522115
6.460477401756025
6.457252391049756
6.428534454208655
6.351357670985754
6.348452943877838
6.33334680053231
6.3205124906262276
6.3471623730383335
6.424970864923575
6.490608154710651
6.503101472594237
6.4952754372782575
6.470832217229809
6.478955285833631
6.477696711778269
6.479985839043688
6.4601263161341524
6.463478208216134
6.492946480787728
6.495109871203227
6.513480543702656
6.525672926849563
6.550492680002431
6.554954458679827
6.5677852646127715
6.573689277094685
6.57275897262776
6.573050081980747
6.572821016872237
6.5576948202323955
6.56813493714847
6.5679694501725985
6.55708450151306
6.559819148552962
6.563951752129555
6.570621108363178
6.575277308911686
6.572525836889686
6.592380405204282
6.575457244887579
6.589929197916098
6.588163439907625
6.593408949839205
6.583375724800384
6.609608730500131
6.605209171020485
6.601239081250536
6.591642611816082
6.58917327840926
6.56776187128901
6.55395980513488
6.581422919603566
6.588192223985928
6.56126213946683
6.556515512689966
6.565252028577511
6.558554440066613
6.556469659486892
6.560135117012517
6.556214849155068
6.527411897145954
6.5315265889429535
6.481189955992631
6.480411244281887
6.483919628442906
6.4765592338586355
6.477734338550782
6.487429429677133
6.490271733041288
6.49774927298537
6.517825326458122
6.51411768140034
6.513741478619175
6.508941214641596
6.517027057891841
6.434097475816615
6.432883123609863
6.433117411074525
6.406463784460877
6.40756182513768
6.501619735311536
6.524248940340766
6.522184609433767
6.5349095850365675
6.551789421337771
6.556397433211653
6.549892913588092
6.5508328127966
6.540182040262674
6.531120138287841
6.534289285214583
6.518947173237058
6.49967058102
6.4841988888269215
6.477171956885364
6.4584238814930535
6.455918050827716
6.450724163041592
6.4275967133896375
6.413889347321761
6.427830419983185
6.411910852025027
6.4119860478278285
6.411758418838566
6.4070907080660655
6.381704667563946
6.320903200956393
6.299994070698137
6.287874815033697
6.268677800854098
6.278062666395432
6.316267724237901
6.30689667238035
6.275220272466598
6.25089595696121
6.270916654225532
6.291121676959703
6.304784596390797
6.31929850599597
6.295490923649652
6.296745882857289
6.305083430118289
6.259564224086892
6.258165446683365
6.2376511160953045
6.205536347857283
6.2061775973304645
6.213609592189376
6.224936673228021
6.220035059167472
6.213533587192858
6.263167728329649
6.274964690937624
6.350690289804214
6.355343044616012
6.352526199750939
6.350144579606286
6.2835658393166325
6.273784823251738
6.269517770046883
6.260688087551767
6.247566160277104
6.3301418902799105
6.34341862640481
6.337831311997236
6.351289302327072
6.3642427663327314
6.360914023712305
6.357792939521531
6.348311129036801
6.430838367941683
6.447486651610809
6.476744383339451
6.482266972118827
6.488511336913077
6.496356611810402
6.49646002789633
6.495915517586271
6.491247980275009
6.473647998248892
6.456630712546083
6.4564512300768335
6.445210214008087
6.44292323792974
6.404944986334784
6.388994969462907
6.373155005545626
6.379821559363284
6.280810038845716
6.2870687498168305
6.29445221660408
6.3005663904121185
6.3048633861010295
6.382821736862591
6.3966275068017975
6.401971800485601
6.407021733904053
6.414977768347914
6.420624221649783
6.413647436300369
6.413896230812016
6.3589565595516975
6.351181516441627
6.266798338703872
6.285175152855962
6.277709597547124
6.27785726475678
6.28873561148798
6.328356698951418
6.337543337451491
6.328395956189251
6.32795966191608
6.409910356540836
6.418903604435539
6.420650889214374
6.426796029003938
6.427891245647833
6.45126827768443
6.452839412615157
6.4450378872072465
6.434025501085816
6.424648948829583
6.424172756306903
6.414823750083483
6.4007853554510135
6.3934207140572115
6.395157641322433
6.408157901650044
6.403810600035887
6.392459558611526
6.395634333604919
6.381491695674196
6.349453211320177
6.363297074863154
6.320494284484098
6.139326968514429
6.094018589616626
6.16615662793566
6.241920640382718
6.2383080285388495
6.2308309532086925
6.229837129096786
6.23083673742958
6.119157627481505
6.107930877449511
6.11291853911116
6.118210951306523
6.13479782515509
6.229456471541834
6.3283954790434285
6.380723604838676
6.416931367486511
6.429135605286631
6.438419212240898
6.419209782170676
6.418982546225109
6.430405487487777
6.420124062850797
6.420117430870445
6.418454800717476
6.428807793965681
6.425685405639084
6.425451215789638
6.433502325788037
6.436611516278804
6.422880366156752
6.286327102620755
6.234038231903833
6.308732050199102
6.384248563058452
6.3927744037542995
6.385519227507525
6.380622719067263
6.380301064247732
6.38026080856364
6.411671194610103
6.410031097920327
6.413855591629659
6.453787342048559
6.515552069825835
6.497104622544866
6.49266257723259
6.490885429144515
6.471926738170067
6.459818176996492
6.455236763247821
6.475413383410827
6.473880950349514
6.466963142629144
6.45867130977241
6.4676095150665125
6.456308472312912
6.458921850909262
6.457316364135292
6.413150584821697
6.407535378348475
6.345403211195294
6.174357236715743
6.144759589346542
6.209151505274575
6.276090363141014
6.2735124379807345
6.270194939348056
6.294938625783286
6.291803931677222
6.291059691957463
6.330978473971621
6.330435684491882
6.316342574944982
6.334205158231241
6.4244666764025204
6.417226926095724
6.422815847405983
6.425702161218822
6.41794682498915
6.411123114635374
6.401820732000868
6.388450676093895
6.3760164368644965
6.3761616785919975
6.376074418786485
6.3519893332493425
6.346760651181018
6.331668521471818
6.309941473000495
6.284553098543684
6.275290377328511
6.223791156950208
6.037550952125921
5.948128255048271
6.010714266946572
6.099087144682341
6.106987096667572
6.12059957181265
6.008279157912492
6.002905456048305
6.045072842977335
6.084403403127332
6.08574533208695
6.091921065146804
6.139088104842328
6.253789877973404
6.259482402468173
6.101174736359434
6.127847128586803
6.141161295259193
6.2254810221559564
6.232322243723867
6.23823462763239
6.238861175702533
6.244542672535468
6.2569158809714445
6.261426089423765
6.2605292010717735
6.261041980670396
6.260712963768639
6.260712963768639
6.269310728017829
6.2692342795421805
6.286961962282445
6.377496533682551
6.400595082924902
6.403517597200196
6.39943434565177
6.415574112964124
6.408980784960971
6.416493765561684
6.339158089427037
6.335523144121274
6.326620953433
6.3434854312517865
6.363906675706625
6.408864422302772
6.4296206819300386
6.413815925898537
6.413430937913658
6.417850156523419
6.434702200801468
6.433331381696744
6.44752368993429
6.452703026646738
6.450141052399044
6.471073170299035
6.488800105776312
6.488987442074981
6.486939584749287
6.482050761525623
6.482050761525623
6.472261870349369
6.473140200555565
6.472211267940913
6.460832143915312
6.455519963007146
6.45352898975489
6.435221698471795
6.4375034215807965
6.429498976131408
6.425599354266208
6.450200214477223
6.457006461157562
6.458759021626507
6.45328051268407
6.434021016900509
6.429243385799384
6.430719175142259
6.427890266704269
6.417289288297429
6.421611816901624
6.406185400183287
6.41798102460356
6.415707076129925
6.413806715206886
6.411464352778262
6.388635658692969
6.340473074838074
6.349863314907943
6.3464785131545725
6.337273723843794
6.372539795443827
6.370053937405429
6.365908830778453
6.3888007960048006
6.3888007960048006
6.391249403840883
6.3934679192377475
6.377479005925161
6.349328942638467
6.342725223377112
6.350599194014884
6.333466730482398
6.3695759230969715
6.370878213584245
6.364870135100722
6.36069511460498
6.351927362209281
6.359517147353491
6.344437958420399
6.357660568996506
6.35388928787485
6.350332429946029
6.352291414878471
6.335809677606419
6.332468870171652
6.368058560451962
6.397753469239862
6.398592682759858
6.391256611848661
6.413165510806795
6.417480628887996
6.437816767750195
6.4442643389683925
6.447082336195367
6.4562379385392115
6.457705570315569
6.456059319920796
6.4578933787227575


