Rainfall Prediction

751.2164261669151
773.9089059410904
821.3781059060792
762.6117958482793
716.4744603103917
719.0584737568013
637.9422740312621
622.5125699304799
588.9245283018868
646.6564821334538
714.7520319218611
711.3337560893278
707.688895040917
614.9688433301677
689.6268680478348
680.4721873224905
386.5104378211727
933.309166773781
978.411339114062
391.9904280796691
548.8004037685096
428.2062533403805
1353.0
1313.853519495884
1365.0
1250.0
1235.0
1228.0
1246.0
1246.0
1246.0
1305.0
1242.0
1197.0
1197.0
1179.0
1176.0
1176.0
1141.0
1133.0
1061.0
1007.0
1004.0
944.0
869.0
799.0
779.0
779.0
691.0
586.0
586.0
563.0
447.0
264.0
154.0
109.0
106.0
106.0
93.0
65.0
65.0
65.0
61.0
121.0
209.0
209.0
206.0
206.0
206.0
206.0
206.0
204.0
204.0
204.0
204.0
204.0
204.0
207.0
215.0
219.0
229.0
294.0
642.0
645.0
688.0
766.6436164074981
816.7578212568917
853.5474069455212
913.6782317786474
1266.3134584290174
1200.6836790655957
1219.7870651168832
1276.1567625648115
1181.0003268294288
1231.129601788398
1204.925190763768
1154.6237116734997
1043.858032795586
1210.3474089246154
1221.4097529258743
1155.8535056766377
1323.2658720813595
1266.389703528701
1105.466130009165
1394.5715181254761
1497.4718222582046
1275.1665907450229
1565.362377429202
1623.2547441608815
1711.0971538128579
2008.5253516284329
2001.0101044994103
1943.5747926862944
1566.8163210867317
1653.3087542233657
1706.9740968990307
1611.6850511636098
1484.6727770633433
1413.0063859345369
1230.279505187388
985.4873018286039
964.1689264679067
1174.2907100691014
1170.8619901338363
1147.9271991662429
1104.8541702717
1082.7310892007033
1110.3794764671518
1112.9605945723483
1194.9326872061808
1270.3470712460198
1245.8070850655358
1278.9141962716587
1239.9152798938285
962.9664665467496
994.8597645056917
1040.363499666905
930.5496313035189
954.6274640800958
1057.7536900144567
742.4618540719416
709.0961383237967
719.4775546118498
827.9219561191103
810.5928218775832
582.5583640846446
529.3061945167711
717.2707394133897
782.7020672857564
848.7387942613326
278.17361055749143
513.7897549984318
976.1489609405004
710.695683194293
903.18791333923
967.6767699508697
1162.802253436928
1020.9318310107874
976.0533794050534
970.0348350142265
1008.6392523364486
903.1028700337779
882.9361788382452
556.9034508673249
559.3414304325743
348.0639366932792
159.78476144498927
742.8786880329642
778.5062046874763
0.0
606.8089511414346
643.6502981112042
646.1987644099344
826.2976572385589
545.4724112099109
684.6088644528832
620.9382856531233
607.0663626622171
611.6726722029836
436.4211145964714
621.1078278198406
518.9322856058881
568.7064044478608
502.0789872169357
377.4370127345288
316.70867989896834
340.9901394612596
464.4973137743309
344.3284141019574
267.7538545942201
309.51275844345633
276.58047737357725
443.2429796333837
333.3634858032895
350.47915475223743
332.8768015533321
334.0
329.0
324.0
363.4806195493925
325.6407169887035
357.9387969758732
376.4887971390235
634.011753559725
614.5238903498073
625.3505597810208
701.2924714009056
604.9550679272371
671.1528179755215
605.1309367398811
605.2514945812344
594.668560115875
615.4336721107007
503.17687732290483
289.44456295481916
537.7319937947127
352.5041022453436
267.4437879367538
187.69142481265726
385.4106240203648
335.40698291276544
200.25196075042186
0.0
0.0
101.80986488159493
272.42694247822897
319.10575259905977
411.214516409851
433.1667059922298
452.7987633522929
546.8213407454075
525.1444610133235
525.6909215109857
658.6148432034998
556.1190032778597
955.1382977317069
889.9167261330533
906.4455701624973
995.1359140072393
1056.9552625973804
995.377475421061
1082.2926572347637
1023.0
1023.0
1023.0
1063.0
1056.0
1056.0
1064.0
1064.0
1064.0
1064.0
1024.0
1019.0
1324.0
1378.0
1383.0
1475.0
1705.0
1877.0
1869.0
1814.0
1814.0
1814.0
1692.0
1532.0
1132.0
1132.0
1050.0
1027.0
1014.0
996.0
991.0
999.8311570129248
1006.9719870948319
993.438286702822
970.9473671863002
943.0
976.9712383374077
944.1260942487111
709.0973590026024
917.4942140767462
918.9097313060336
916.1644674056362
527.6349780379
94.73962684726558
0.0
0.0
262.30730501501034
39.82290317529487
0.0
0.0
189.74631832790078
290.97387573917445
768.8824059334095
729.4505230881741
0.0
0.0
0.0
0.0
1336.744449799044
1213.8084824914856
1109.8838778276645
1017.3483974829828
1368.2773762908666
1317.1049841242607
1362.8500695450186
1427.6085968621433
1309.9448491046444
1311.6747489450988
1462.018394255737
1557.2989843859198
1604.4426319964905
1511.5115221560022
1513.0
1513.0
1548.0
1571.0
1558.0
1560.0
1573.0
1566.0
1573.0
1356.0
1341.0
1041.0
1021.0
1036.0
949.0
980.0
980.0
920.0
900.0
900.0
867.0
722.0
662.0
662.0
662.0
765.0
785.0
782.0
772.0
772.0
772.0
772.0
814.0
832.0
922.0
990.0
1023.0
1370.0
1417.5043783843541
1342.0
1072.676574172856
1096.5611736348671
1010.0
981.0
1044.0
1026.0
988.0
996.0
1069.0
1094.0
1157.0
1450.0


