Rainfall Prediction

581.7115211358956
565.8382751544639
570.2407382935173
634.406969438233
593.1939861489354
617.2293200042642
626.2793076275366
626.4769938401477
678.7996583541277
650.6180216922528
645.6307167936491
624.6435363112298
609.7007510812278
614.2222715391063
623.5506219026947
672.89216799172
675.723243747962
616.1259318256408
608.3018531719225
485.75674659137064
443.6580051507341
339.2568761851398
226.85180904659347
278.67719577783475
172.74458171391137
200.63420270933665
253.84090852185315
169.61478350977873
158.06140079555047
158.95080671915832
140.03827930964712
132.88809761686966
168.71460487292552
188.18005449215667
167.27295248110732
161.1321294386537
153.8934928652038
136.53479241524596
147.75406357936723
134.50613551563714
135.81910128826004
130.913403288269
302.2083733719037
310.1575857136427
315.89267027785985
315.374188353466
359.4354805239024
387.59380876772883
539.669314382568
574.0888255984675
728.7534313041822
726.7374422927749
727.3200653738061
729.009373109929
722.502789700883
723.4134244962115
736.3994940095024
736.9261363505348
739.6632022738302
756.3648097121287
757.2459515535359
757.1456993872006
757.2212906357842
699.5190937647072
697.5804074219349
703.6179013209069
703.6590753382602
703.3767855708509
703.9534831988726
700.8179567231658
699.6117402986282
673.967683663366
668.0227583944222
501.90093989209964
486.32643264345234
482.9464713632662
481.58264639490574
442.0289086263412
436.6463973460302
362.88756483076463
361.47757038627117
223.76030297616066
226.6696517202856
225.37644673343928
262.4167926763072
260.21107291147376
263.63863961117556
240.5267696542221
260.5597632096534
260.19067859066547
251.03462576873898
263.2085211028856
262.94366229292143
260.1065567677282
255.64946070409113
260.15287532330046
270.9047808569867
252.00435081420835
252.00435081420835
249.1875162823389
255.88600233467872
263.7562231187339
266.1737956001625
260.51717172450145
263.91841058872853
258.07579239571857
260.2485464806923
266.2038954902826
255.57138074664542
237.43924085246118
158.16726286867615
117.3191594090736
113.26062783773405
116.05467496442516
116.17139675863923
79.02797992541547
77.69651756390478
85.94926192283421
67.05988067323926
68.85667662616467
76.50047325485546
184.0623160392272
203.5694269881493
206.28192103091908
192.04046825436967
196.92350192960512
228.039340604551
225.65255333495716
223.50954206519282
220.2164829198118
218.1798330590763
212.02122108146554
199.855545101885
200.15954069905553
201.9776527524571
232.09584311576805
342.843431892205
444.3596617058481
506.5853350597558
508.164719507322
513.0715332900778
540.4415266256593
541.5108627702756
533.2918042609958
580.4566973781593
650.6415016613776
722.9766307077314
722.6878669191237
716.4364791396101
717.7649646482505
708.3649865934647
841.776578913037
750.2918966997967
727.3455994619619
727.4921294972901
727.1578773028427
724.3159198867274
697.5776045031381
709.5159491162876
702.1496289567093
699.158613961166
698.653473712524
698.8108884446804
701.5227052742523
701.661996318774
699.2694077915329
675.5295701890684
560.6588187046078
461.84994995917043
404.846495906207
505.14935090906226
504.72503543007423
488.1076155698437
473.6655251744077
480.12559070165014
436.6703767621247
362.2625077439639
284.145334481369
285.25213672662323
316.8776794391632
312.9346538242328
337.2562135063466
271.90821420499867
270.7644999435041
325.58532895525303
387.3242676620071
404.45413848089316
410.57077683393817
410.01667225042434
436.4347381461376
437.56243120814884
435.30800550091794
437.8003219019564
442.3222744119489
442.98775155531786
441.79096290138375
441.8209872135439
441.74163185000856
441.08683660990073
442.79981411433494
443.2085232965873
345.7721954085557
330.2136004767238
370.41914794266484
372.69142542919576
371.9914218460058
370.60773565125953
369.69630723731274
368.3515868624238
372.6188226345444
375.55942600977613
357.23691283564006
333.6535819052079
260.5389420737793
246.1841173284357
200.7570472413854
132.99383053812116
147.01970823685144
151.17800135089746
153.26816493277724
137.11428008830015
250.47998441358484
284.4854085050951
388.05401517365453
459.6067653442739
454.4884321046274
455.5151564220878
449.98399300691256
449.9730751921001
449.38511959338433
449.1770121375326
570.3958979902246
617.6003296693344
618.8599362443919
582.3704563568815
636.8798837835948
630.3677939718599
667.1884931387228
770.4240719498274
811.5416457227908
853.8640058624839
902.9676699720384
905.6194185869559
905.5889466156696
906.2116788805637
905.7418508684917
905.8412693536883
906.4982022078711
875.6979130830616
864.4529390186755
860.6386165742185
860.6467357964056
738.733583970302
701.2993214908093
679.2634153217728
615.1580177994056
625.52307974006
625.2373992585368
625.9090650178636
626.8517281409813
627.5429394806697
625.6281358417548
570.6432650678702
527.5869108649372
528.5021581956134
524.5182899632297
469.1419421218763
473.56978119245116
437.80943363074243
494.8715033905982
458.70613054484676
409.32843645700495
355.9840756521884
814.3756850426236
818.3018951505853
819.3406113460564
845.5628022542974
865.7889153469777
863.5870000293248
863.9066275617265
871.3837275083474
874.739754628465
875.3837627538127
876.7232905157297
873.4597556207545
791.396461026463
776.4829129932731
779.6281561077825
800.7468456426745
837.3616879336727
841.9025127240918
867.2818025406634
964.7945181846263
925.861817503614
909.5945408817993
902.6695140873281
896.8026962058245
896.3735698988862
896.8315558050228
903.8277349570866
832.8216511571684
835.179211317269
830.1430077202676
845.0774966080759
416.50188681821186
414.3464361791506
417.56197214853773
516.350734229762
582.6008967492447
649.0525645875963
684.9587499803077
721.71125560834
721.722068802656
728.0012954050767
1000.6300704837927
1086.2725847428533
1140.4631256416487
1141.1189791244433
1131.975953246255
1122.0617127112673
1073.2175165718154
1189.975098512031
1200.0509801203707
1208.4670376679435
1184.522247303471
1189.9942216878947
1194.5810150904003
1207.1616236235132
1310.0526383972347
1311.4827829904716
1305.8429328525558
1281.5662492479019
1283.6589105517676
1287.5481706237597
1276.7179819189244
1262.24717454136
1317.8230569636669
1363.3620427136575
1279.9906462521155
1193.8948647537293
1123.431729697135
1086.6593923238793
1049.661412472338
1049.5259104976565
1043.5099154614027
784.8376851022335
730.7516525492025
675.1759838238144
673.1178936992451
673.3541659280103
732.8374545466925
738.5009818884173
623.9998003386331
665.8110512062078
559.9662872767914
571.9842529683671
682.0932114163526
670.680737888812
662.6212906931171
554.2131587515122
552.2564448351566
552.3517640009384
560.7866800574468
529.5414169273475
524.67813028289
523.5490077381903


