Rainfall Prediction

529.973687370698
545.4477959153198
577.1672145961174
678.9375218277058
637.7289655971108
617.3484301385325
661.6098681771737
653.1907486179971
649.5984254724337
644.4974424284893
639.1481487357509
625.3589547927435
610.7975256682049
586.0111971561095
574.7792670974677
581.7101233673725
610.9337966431062
656.1087053664489
603.9643547566754
537.1565715964306
417.69166427577807
321.7263320168804
182.8375915493718
149.41297106535674
52.057236685068844
97.16851051480248
61.411314961124354
118.43974585438401
119.5963816626501
85.28242515481989
51.87379890153589
77.88969683600558
146.07816606600244
165.6007761564092
160.6775278598987
156.4598030734952
145.80121629035966
114.8449347121935
127.32688883868894
107.60765870493572
149.16694144182082
178.96465075189423
383.174866221979
434.65654615605195
437.8597026351356
432.13369881069525
474.5417740568446
477.2629025581891
637.3868160650695
596.0834464306237
744.5514357409335
741.0485243790198
750.0826206163931
765.758709396504
764.7267203359784
758.5685593623439
774.3033553432956
762.0266090058925
772.1216532832593
779.9717178948421
786.1064908769162
802.5118910927768
842.615799898021
804.9769949942307
831.0952107127539
879.3430000137173
893.1779060746502
877.4595117278848
881.7366462380533
911.8634927154695
907.0441863411768
876.8026405227051
827.1528066846224
694.5704632048179
664.3126151131195
666.6125821545049
663.5141286308856
617.5945544799182
648.0849861681398
550.9711098340559
507.4692144866494
365.84455782304804
417.10505877265757
418.7878946844403
461.8194676614784
456.6644096520166
436.68789891203124
493.13254188378096
571.7331205866805
563.9980517059302
476.0066417157119
462.83120194202087
499.33041926216634
402.1388886450836
380.48228416653075
334.0443825390064
358.05074526127146
339.4683343367493
311.7247391537139
327.3872461596251
332.2605475717024
341.71820994691916
342.2285099843057
347.0588314429706
351.64577892201754
341.04170202029275
324.63286578419525
359.9090101674028
357.838240575903
341.4432374088093
278.6096149200601
235.77741633993006
238.65745901465672
246.0799376357234
248.83762339898718
179.1775200690756
164.17306194908443
245.09671658653482
213.556560134966
162.82912018584233
143.55732439281047
335.5244268365844
287.41813196199814
264.0485118236186
270.2886669328551
350.34797403391065
323.30411247940015
303.6590854713315
298.0299859526499
315.5808814777572
276.9417136021985
271.16183675909554
251.09853059912774
248.22496636762716
247.85716318177637
281.32474383866145
355.5335588657873
504.628368556091
562.005151975078
543.9096495356408
512.252350764937
524.963142163253
503.4115459875084
516.60656313892
537.6616874367913
598.5374022286975
698.7000679508759
678.5559424433726
669.2579421879767
706.4820694881232
708.9165325635873
860.1838385683294
744.9769222022923
698.7185276109013
722.3073035801324
693.9143410256444
679.9976225691722
692.979387770765
699.8372564345511
703.3815530801015
663.8012091306622
678.3386292367245
697.2280815802575
706.5197464459362
763.3294070151442
729.8074861093878
711.1736230028935
584.6541008624104
479.09174503826944
459.856083421751
507.8505223633246
558.8479064354531
541.2097971296924
485.40350519793407
522.8960116043705
498.3352440304294
422.58485700409085
331.4301378843079
279.62085935237894
287.52436036298656
286.940253243094
293.51987552227695
264.2309509407321
235.4679567218848
294.68326071611455
377.4791851558464
381.01953491531964
426.33017922226963
395.2502127182626
416.83957786567186
410.67098526361104
424.8195311459449
423.9880625836532
462.3226268105934
396.279895667652
435.03484357368217
409.8378676539855
404.2141168516755
416.95874107631806
418.96018976404275
427.83529050870897
336.1083589359131
289.306727804022
331.6311016045228
338.51842554818484
339.141718533891
359.201555470468
322.72841449905064
339.3549282528486
323.7569435847766
348.39424305311144
327.2639902422308
309.7948226368532
230.5785758008713
217.0692772213936
174.82595307690005
108.0515499848545
122.54934734168269
95.34653074183657
136.80875819446632
78.0742248511487
178.78052761503915
247.74075230345952
337.5601158609699
425.5608789433974
441.00381759531547
414.6492811173599
413.91476578919804
422.78614063969457
419.2294508213356
428.87891617724097
543.2196118816045
588.9017727671751
572.8529393853983
538.4059690122313
660.8529173936006
681.4201208186803
711.4427062446885
824.0021248815707
837.1642061159441
830.6287873998845
901.4613560068411
910.2415428218235
907.3653999164055
987.1415307161947
965.7165121174337
987.6666517843095
1007.1606590436932
959.3165047197722
959.2084267625355
914.049184083073
947.1925479119964
824.8793016145191
740.0327334189413
737.0877809954053
664.8085391073897
680.3936731615629
686.0567573935609
728.4276363952488
729.175311420848
736.5443708051098
686.9751667728447
634.5374484060035
589.4767825954597
558.6652196100686
606.0589555579121
497.44712003389833
491.7473602072713
462.0661130297848
574.7513342659117
513.9828173038263
483.8386710451979
432.697612339202
872.8289314383059
823.7264024343012
815.6110761486738
782.9227402222099
864.1456093835102
909.9089309561817
826.0397335309738
782.7735804633561
814.0271691665865
841.4087215817553
848.689983237366
850.6886991340909
748.784087274532
689.4214835737279
720.8905828853078
766.7265420481825
773.5305004852768
781.0626692298041
805.2202996295883
897.2202996295883
858.7935968444399
876.7056258252853
934.2156470352484
927.856100560889
900.1119952014765
954.0642473635925
979.8562501039646
835.2720955478084
906.3808934358061
928.6111417673081
922.6235159709013
517.9962009175875
503.44118145317157
517.9812439992254
600.349499188205
600.2374066870036
706.9109276730255
782.2610649612122
797.813812909008
781.5626541874192
789.3288258259623
1079.0181568623157
1132.7687094338398
1270.5079433623698
1199.7173141631827
1271.2339983458057
1258.0962542242858
1153.011987406618
1314.103112440079
1328.4154798214465
1342.8858177357429
1306.636830258735
1301.4244948691476
1310.4432218598952
1284.2904842201244
1429.792026661082
1377.5418197227582
1404.956758798965
1345.708836798328
1292.2672751343869
1296.5164267566108
1276.3498598047063
1253.359468740305
1313.2124759214228
1334.4946049707812
1246.9572930264128
1177.6898033144785
1082.0818419872019
1076.7668051174696
1006.2543935482247
1025.3873802561957
1016.5270229950193
748.8858348877687
712.7148264416984
667.4862477698395
656.2352979738104
638.8445319108447
689.1848137067259
712.7458231775282
602.7701788491944
647.1923796479248
536.7437916022315
538.1156131860481
616.279741492643
659.1025593149112
644.6667385638395
503.2717118914905
516.3177369788214
589.472482926804
590.7563066509845
548.4473013062992
507.3808521903915
472.57845728466117


