Rainfall Prediction

502.799127387625
540.0925195273777
571.136797034812
603.2964493373468
628.7411166543831
620.4389012150144
623.8046730560542
649.8873550397482
667.8051116994474
659.9832190099476
641.7052895611723
624.5197216847836
627.2876158356524
617.2927375228586
639.9857850876067
644.8698560188843
622.525549138782
633.033971604015
639.4840642076354
596.3271961212179
591.8924506010604
551.2647900598884
552.354495823071
547.2686915444817
514.7909012774977
487.5538409609446
468.9286692886764
465.59820491828447
439.8200869217996
418.5272607319082
407.0866508902633
386.97284409793093
339.97588853590645
309.9185691059341
280.69537326229283
232.51615605798767
231.8496608216742
214.25968706898882
204.5238648972935
194.27944639821675
162.9155501317371
147.9639003437197
191.8828148312382
190.82477795764433
193.80955403305737
190.8624441150177
186.4027935891212
184.5952829726887
181.01308456008155
114.4477088653752
109.61814418329531
127.27638369832313
152.2954533067875
153.93156117576987
149.0408658073493
146.28215778151943
150.12574698634342
148.43754804747883
170.6244050028701
175.66387194909797
187.22374740521374
198.77051770616188
273.91955839251574
278.21510472116734
284.3178933355862
311.3516942133158
324.1573920515389
334.65786552980177
324.3688170186775
334.3743370283504
328.9946867872415
321.71308146457113
309.56373911562457
280.93397221953495
283.11795138245367
284.8338606130948
282.4864176308436
311.0695444937634
317.79760493485156
345.7715603052356
339.33487742260087
336.94577656284883
330.19545660112743
326.3214836756545
333.13122607252814
334.9356767163883
334.9356767163883
320.3047087908032
331.45698658803224
322.1139988263992
317.50770439571517
295.9836044855264
329.88918150611426
333.48706636864364
319.326191382977
336.29015709479285
338.82451966899015
322.1624264398401
325.99229006198607
325.11312821993255
330.69330343978027
324.04158081052884
324.7159300559975
324.04158081052884
347.9634295186172
351.1391881392892
343.8792337170505
363.6536760984499
306.83052142524906
297.0128094877046
231.45126958749344
208.36862051495336
225.0886433565078
210.86006911936622
208.98762649628623
212.15812120083382
206.4521332494772
218.58266836145876
205.08055132238172
302.74669066516356
324.0286061119627
340.45264881130714
333.59561644589814
323.87869256520185
300.62745810780035
307.5216127013259
305.1469475309293
286.6708150537122
287.14562036616087
282.22579903045687
280.94197994915436
276.12844237597426
279.72153410396305
281.8117845928586
289.26149260895187
281.91735826913833
293.06503205011205
310.16942791020244
298.6927734583094
304.3583159944206
289.6243359222845
294.52979088331466
289.41306896319344
280.77150893486004
299.21399664877794
305.0853622928551
292.46677197393205
317.8555115584155
309.9118750679449
308.6567020570937
280.3612473621969
297.889101331916
289.9155389988192
279.34847081556666
279.3905294011385
273.4181853151829
296.3229080793454
320.1262391423913
323.4162442361294
322.26375332509747
334.87509021417156
342.2085999611743
349.5454595183055
353.01855340504
345.11327760513865
356.857069192473
345.0449749222528
334.2235622379935
316.5856434939927
312.4119886759246
347.97725159881475
351.4516477203549
357.99852213990374
355.32031864562236
364.2719316442061
342.15883002592983
339.5070020847174
322.41245012685266
295.45452268924964
291.0063003005731
297.3301114293266
295.97020610184165
277.47037537087897
272.2974789762463
278.0695149303371
282.61066596322496
284.1197967528165
285.8590341854239
252.0278975588855
263.8663434817902
268.20322355148534
263.945277870841
263.4810522171612
287.3989494013034
293.83970419735783
276.67134334325857
295.4655965412277
300.4789241933332
302.07826186855146
293.9996459578554
292.3955129001875
248.71069746252087
255.46156546264262
255.8648329483614
257.11840190137985
274.55772482301705
295.9859755447271
286.68549521820546
274.47381366072216
290.98571836653593
317.4666077799665
317.13471305066815
318.5272818176418
303.3675159422034
303.8729000434643
291.5200663404907
277.5525012294277
289.65621565889404
281.9475728753112
296.8790297531019
298.9483941683427
303.85887814981817
311.7761753390208
317.2397696393073
295.27564005010356
293.0575792227112
282.12035669756364
262.8477659695998
227.72365071562476
226.65518880925296
226.65518880925296
240.1109027935481
276.2333402060603
282.38682993221613
277.8700152613921
305.1704715161294
286.7350726075131
283.42969205750273
294.97465065301225
307.3881090716484
289.84402824671196
272.06203081620794
273.53601842378407
264.1738894298467
292.0575633046063
315.66596070765036
324.8111972364463
325.75083325110734
310.40080212727946
331.3204352703748
308.744701099566
309.57092732900793
295.12610430269666
292.8837139235817
316.84210139030097
317.0959046371589
316.5086787339501
333.05781776299165
322.7360171385142
323.9872967275981
324.5964812589815
324.5964812589815
318.9838254927481
309.2852694289395
291.8484871500143
297.68984891232196
283.48633719669556
310.9590918434558
313.81449364304535
344.9375867314049
349.10852280217034
359.9156224985178
354.8070243189956
447.32852911957485
445.73159824195784
446.245599019694
414.5379624237496
430.12081058735816
454.98420772909225
456.7221312954212
463.33916708209307
442.92355218262827
465.5691730047104
449.9128095045694
480.0636389389765
408.48001473190146
419.6711575033389
404.68014893889733
389.55499152767413
420.44512689444707
428.23277130859543
433.6198529616925
438.88929600688135
440.1822641632624
454.20236425140473
468.9823330461688
532.0925288911284
528.5879007393742
524.4551821029374
519.8459992486733
529.5992454347172
509.64541134333575
512.1771583352239
526.1221486564085
445.39400491690964
440.7203264829253
457.82635277220993
477.63182700724514
501.8021083878742
488.1628303886737
495.12800539862167
508.18333964964177
503.54867861800705
520.8683062322954
582.3213477486592
601.1326202510168
596.2089188764897
632.6831276612388
647.7501404723998
645.4929666826974
624.4466724320922
626.0759461904594
652.7638170666452
637.7099972138489
656.5416762216381
633.2076749768612
596.297612829341
580.8382566116178
577.0210550506188
578.3816897644259
573.8657967473572
507.22773592048225
481.68548069031175
473.33906659909036
422.5972218862024
401.18230910733354
394.1171755708578
386.22595026624214
370.26339497374977
365.8263569074476
354.9650983094625
346.6571657642605
336.23726779015794
324.8719523757571
332.0614597576051
308.9845792306786
305.27015886750786
284.6964791540209
259.1800506136506
254.61018261184924
266.27548120578604
290.37159833775996
303.89470723457123
295.3898644237516
300.4606591753816
305.1356677009663
325.96362641977964
320.8873049218953
323.42112265162024
320.44061622637315
328.89822332859484
325.7996892902357
331.4477071532903
332.720510792742
331.65263834864794
329.12726037219915


