Rainfall Prediction

1013.0108440777718
1223.2128569428892
1235.1505535279805
1327.324892086331
1327.4339393939395
1328.543109399515
1378.4857564258396
1378.574260536513
1360.6472128305159
1359.6664977184976
1288.9520553603622
1185.3149328809372
1166.154836807325
1162.3141629820338
1162.2477262045757
1079.196039238599
1012.3370696105866
993.1748478874287
988.2072419807699
987.2650924200789
1023.2085852043754
1022.2524657157785
987.3857184710275
987.4262110848009
987.3582397083743
876.5627832159856
850.595008042213
837.6452137028776
798.6401225539884
661.899096373057
658.8714924634836
645.9462911494921
436.1456254625629
362.2637338947609
231.29632542158456
232.3062207602339
275.24712169990374
282.2309451243707
291.2699021620592
318.27080243080576
464.1644899774107
754.9420982002393
939.7706351612314
999.7903170635981
1009.7718351509471
1009.7979826115416
1004.777633532599
1008.698450499239
1050.6372250525985
1036.6464240678927
1020.6577263885983
983.7486050550301
994.736952065741
998.6902562235471
1059.6130680731287
1066.5921557821687
1074.4173421255505
1083.3675626253785
1094.2837843846917
1124.157822924748
1123.840941588158
1123.8840090934073
1123.764450691786
1123.0236063178766
1122.5519296044863
1120.9645925476536
1119.9719925096247
1082.910419790105
1027.078149173909
1018.1258471521269
991.4478133511486
846.7433501960012
536.757734282797
324.18144191509595
256.3734607933503
246.38791969652505
246.38791969652505
243.36076437549565
255.37506165779033
213.48894837649976
222.48516152951683
235.5010181760433
273.43342271667143
239.49795552445718
239.50450353982302
178.5385400540548
171.41417335944507
173.32057398542648
188.3126322168986
177.29331217997603
147.2296620785225
147.22467067851983
147.22467067851983
147.18602587638094
147.19837147797622
148.1072380106572
148.0579663784903
148.0578493944181
142.061060166289
141.13622477874296
141.1347593977983
141.09891808499557
141.06365135453473
140.83804523895537
140.38511166253102
140.11231686909028
150.1179440063808
150.1179440063808
150.06953876772195
134.245823019802
144.89029285058498
158.7783223832864
152.65070986752386
110.80156380646766
100.40114059590316
102.95691025641025
102.64221356958788
103.09100616990982
92.95543894719307
68.34002903029452
68.7264689629766
100.65267395054629
100.72412827335107
100.71640876627923
163.25728189329226
207.41286234420951
220.3042041937615
220.2199481693136
220.91975034601626
223.4516195970202
223.5706011771564
279.17623497997334
345.6837729523516
350.5978784096987
361.6195697391098
361.83834052703315
362.01844968113767
352.2303118908382
354.36701075894155
354.4581200930503
354.0935405807893
343.38853009558255
313.83123769125893
306.80168371361134
306.01769911504425
306.159778357236
297.45466102286855
297.5711038140945
297.5854689821747
297.3848574500787
310.24195376983124
314.2196673189824
284.82109617373317
284.88150061374796
284.88455426988264
223.31205597280018
195.84075012721632
274.5822245725366
296.5522406122086
321.4328707380097
319.4141629955947
333.3445394677695
598.6936708523821
907.2003210474396
918.1145539906104
914.0212559044178
913.8929784923638
913.8154436638043
953.6112000374793
951.5822712988827
1040.3373777932961
1042.3288233240223
1042.205108412241
1036.9286259596963
1036.8666666666666
1036.8947341287376
1125.3141813755326
1187.9052420799378
1250.1566657744327
1250.1717964483346
1288.0253322259136
1274.0456765456765
1269.8989148782252
1358.1512244152048
1384.0688462338744
1384.4725741721297
1383.121869221718
1365.3533146450488
1274.684187756868
1253.107676735443
1228.513122242719
1287.3618382376765
1276.5415114901682
982.9018302828619
618.1255161405221
636.3358220371551
644.703664026057
660.9616620006334
668.0202329402812
628.1022485390301
628.100872600349
539.2451696503925
676.1034983358119
676.1540778465671
676.1649326215544
676.1541635402876
676.1272943359623
587.285328667116
531.3453631825334
468.47024840207564
468.4697829978149
430.49828650325236
430.4555228960396
430.4570809515028
341.5738073486292
315.5961304408697
319.5592750301593
319.5592750301593
319.55276670252937
319.54049982957855
319.5352477719121
380.4806691134499
321.54886008985386
373.5075763426576
350.4122254040223
539.831446562058
510.874536742811
508.8595852619318
492.7580229438235
486.77479172546435
638.530850177909
680.4680745295009
705.2681264830289
566.7827339195121
566.685978976352
566.6617429837519
606.6708031089149
624.767885244648
761.448534670592
898.0484194061797
897.8303852968558
1109.3783597105019
1136.1301373593456
1136.2020194024904
1136.20000701568
1135.5345699317738
1135.2611067329951
1131.327913647343
1131.2520644625604
1131.19788647343
1131.1755298576734
1186.0036548576734
1136.730139549388
1136.1795592214503
1082.8308486562055
1079.5848643395373
952.8723510327425
1025.6357421875
1012.7025857946206
1012.638145551496
1011.6149402308042
860.3410584942932
818.4829751972244
793.5551956117271
793.2801283507497
794.3194706109339
794.3103930962826
754.4736812036948
736.529924651132
599.9082002332846
456.2310010618786
456.2275518388106
244.51494974794812
217.54387187921208
217.51665279408914
217.50243695912707
241.39657212657937
241.45216328886212
244.52111879776757
244.59017913817547
268.5991101394946
375.44951990082853
329.4887930977576
417.38180046765393
534.280726367751
545.2268889999614
785.7871245341139
799.3546486293128
994.1923826566263
998.998164997324
998.998164997324
999.0061219845244
999.0368261340102
998.9790708381076
1037.8170866573803
1201.6091216073617
1285.4101086829496
1375.3016886759378
1439.0948737673787
1439.0493404214963
1438.5618812108733
1437.5929149783597
1437.5268138801262
1449.7377368613058
1500.7235502947165
1500.7382041115582
1503.72862944848
1505.3185337747998
1923.335336081484
1956.372324539572
1960.9909297052154
1947.5078276349548
1914.423326414115
1907.694572465603
1815.1113982533827
1734.0478483249874
1786.1012810165353
1659.1038700923912
1584.2682522553025
1311.879268486375
1306.8682729699678
1307.0420850969479
1307.0329174547537
1306.6708211402747
1345.6318601013136
1307.0057197625526
1149.867317943404
1066.0087710594726
976.1281803975758
912.204025293234
912.1831081383384
912.1647446586358
912.8018438443338
913.5285454230236
898.5783848246649
846.6992487612915
846.6992487612915
844.0810080117145
819.1953294354386
399.5508618473462
363.56967260410266
383.5599995022337
382.56869837704545
310.60292872347713
318.59738066233166
327.5469125182685
293.60027425324085
230.60205735688385
185.63621751699273
218.4736859962651
218.46592369214633
218.46672479599894
218.48811569789757
218.4918261890781
218.3170893868505
180.31623424759078
182.2996225614928
175.4004985283171
174.3859236491603
174.37091298214892
174.3278757750001
175.31254667307002
175.20419332926633
175.0521743123479
174.88082924905638
189.61484805819546
195.56636149907354
199.56164451794146
239.35652022132624
238.69798608725523
238.81969339622643
294.6191944847605
401.38282068920336
450.5375634267698
642.6599859778063
682.3804652697575
743.0933967876264
878.3680106188817
907.777550533456
877.9396392922931
917.9842820498826
980.4867294520548
986.555596692583
1203.5778379526387
1632.3293239781713
1726.4737013049044
1831.3946230842137
1886.0071861666293
1959.99619399739
1959.9274367737526
1972.8531510594669
1977.9624965325936
1994.023058252427
2065.2809190203
2129.6123400264783
2306.6009763901147
2293.7383723885528
2324.084175250111
2418.847510022702
2419.9157709395413
2548.0131885566957
2707.9342201805594
2674.1271940058596
2544.8172757475086
2486.4500033999725
2294.475016508915
2244.1191512889627
2223.1969174311926
2127.542966345167
2151.633781787824
2112.150804835275
2031.4973350519056
1967.5058349021558
1963.0995605478372
1768.0679069501602
1343.8240252962237
1250.7911237595915
1146.8892534665256
1121.0942869622188
1051.6704261435273
1103.1470439314967
1149.2826469064958
1249.317747710206
1249.4468711934505
1181.932356519131
1126.5991262397376
948.8559278641695
955.8321928186961
991.7595609169089
991.7761450812275
965.8046898195181
837.1258351706288
692.7688229622064
671.7384774156204
674.7192516603026
678.7318224288753
678.7604984688154
678.759873272666
623.9772342213342
584.3508452631064
529.3416700079094
529.4305631200156
529.4373825132168
529.6529323683035
529.6015831596645
505.5853705972733
499.49005289640047
499.4823479775709
526.4184758391204
511.43709821388325
530.5138310822374
480.52967199568633
421.63907515918174
318.783235691753
349.737842497019
348.73822713445907
388.6892082872303
439.54598740220996
432.59558604235013
360.83887520797407
264.9813776274669
251.98360320968672
281.8148441529278
265.2037833087567
265.2415174818736
262.241769449141
268.3210746238718
297.3566141087883
297.35874353572115
359.2071834001767
365.1426761901411
382.0970291122954
425.0514440393032
524.8415301969156
524.8415301969156
580.7471487975099
592.68820477396
597.6641969428687
618.6207351833298
636.6767447856427
624.6756568534347
599.7702043570464
612.6266328569233
613.4466199241613
610.9849715099715
642.0652429769239
740.7711022874407
731.9978743554667
681.3279319218324
761.1060154354872
782.6784887523451
783.8770840143839
784.686819689566
783.041099591547
917.3645514787684
927.2975010606053
991.9411157447157
987.9256252471723
979.0596536433366
978.9807883265139
917.6568642882127
910.5755766948205
893.6755888711081
851.0437806047755
751.5361725396442
751.4660719508628
695.5385648226987
682.7857722670965
677.0732034998908
718.8727843223604
677.4289277328152
672.3848256783316
686.0984850322349
673.1438685292637
672.1925801326979
672.1746638915453
593.3042987434854
492.3594313206788
455.0126472693774
517.559663250366
448.15541197351683
477.43001619345785
472.61055231626074
529.6822825896696
500.8469871786242
365.5167179112505
354.3747658182
289.90064257028115
290.0566424731183
322.4861188593181
322.6230761657861
322.65466475196433
322.9097609468012
355.80182448064636
362.8756641736547
457.91338666894836
570.9326495251134
579.5674260862324
694.8021926926999
715.2880073493776
652.549393945588
669.6066935394135
671.7468910360132
657.8643513934993
657.8497190658547
657.8096734226336
657.7768276877761
657.6831598573282
791.258403967468
822.1417337881154
923.3634038603788
935.0189929570062
895.1469716169321
897.2415764904408
837.5868034522065
837.6021747836534
856.0556645354441
860.9967271794924
859.4820070028782
853.4985914804427
801.9371024773967
801.9371024773967
801.9868600334291
802.0230473469073
769.3868832158506
762.4462839183745
668.0752217754554
555.6088951995156
549.5067094034529
434.820233562057
414.8720358085325
414.8163820811571
389.8368821205439
386.80866062257473
386.77366695804193
386.8230518155855
386.88679895974667
387.00970918250516
386.95637585214956
253.2255374345301
222.07612772015457
58.13967793968887
36.27566130080808
64.40808117656094
95.49675953565506
96.48531557962838
96.45494463742943
77.51026229955217
72.52247356454087
72.526808916193
74.51502074803393
74.46655150869198
74.56314891053319
74.4926009674557
74.48569711194436
76.45958638762208
76.40920454203187
76.27998830731137
76.1375447285334
75.92021567141826
130.73828716487043
130.81414565630593
130.79657538020717
130.7736215691037
140.76197229741405
140.7967985083223
183.63045895825192
274.3944689068558
350.15068781471894
350.09844882065687
349.4685465980839
349.2903969234614
344.9945426877263
341.17486390984624
398.21721975837283
388.60153958944284
387.6511170904254
500.3011875244682
558.7532051282052
620.2611014066379
620.4784536123647
618.9759428060768
619.5186838340486
618.2087645687645
635.1736150234742
635.1979342723005
838.0034402683409
839.130988217081
839.4578137094693
839.4578137094693
851.6590011614402
801.7642153239714
822.5052624458874
824.3923829201101
825.4171508316246
821.8946441808748
821.8685137138621
780.4800650274334
691.2101926010679
615.9493570003469
616.0996920541292
616.2918925659264
616.3661086051353
627.2822660546749
706.2227666231572
686.5198729160315
790.2335655017866
822.0565783401744
874.4720284964379
813.9780511618825
830.1114351014668
830.1893275316455
950.9670760233918
961.7812086120263
965.7601135243534
962.8050928515402
1012.7278130988353
898.1888078645849
948.1168319109516
948.917562232768
948.6819306536919
935.4040537148594
1080.4579802522821
1060.9652198196761
1059.387417218543
1059.8543417366946
1054.378164364101
1054.7792094110614
1054.8178428912656
1055.250415980065
1055.3316449266672
1068.3417142597102
1075.1972802356438
1075.2184975767366
1064.0834257159654
985.31629929245
912.4553036375058
786.763517797301
754.9236095764272
589.1623916484928
589.0857945119795
510.18772004694335
510.16370498747006
389.3771094114605
378.46676530744185
374.4725215391099
360.48582541942494
310.5535075845323
218.61481262327416
167.69163967611337
237.76297796753747
331.8303808563655
414.74682261147495
309.07301930853794
319.0880022305254
376.03391897778425
385.98085450623205
450.8589054019711
578.6623187122457
635.5749200309842
635.0749401601321
633.6871984348355
620.1870525988173
613.3702416344413
610.5646665364711
619.7797042590856
679.2839912280701
658.6127504553734
683.1330798479088
756.665785997358
787.3367637855504
788.3109385886333
801.2428908273964
813.2735313655268
882.6155240483699
886.5637570640703
889.5341589095744
928.3367430331357
954.8620146024252
958.5541673442835
957.2400955518789
997.7508589311835
905.2169498919316
822.9604696935494
782.3712091449128
785.4409574468085
728.9644196469404
719.0403559559492
654.4447211058376
526.9856528448909
470.1250796159087
470.0584199366298
490.9697810836056
551.8559420678368
585.7907870782702
629.7194742743804
649.6955375531089
620.8287626736824
679.7025650638923
646.8055749107498
574.9821837532621
574.8784986343211
601.7425525591634
607.6059314328569
595.5360541412821
528.6005089058524
524.4235174828499
527.3786929570034
489.38455445974245
468.40305876112694
462.6503875725059
460.6188873372244
352.416874584165
353.57437206270436
355.2334972600815
364.3039719241098
544.0698727176302
615.9925382415123
707.8518374829055
750.6944610267781
798.3257098961644
806.1854111917806
817.392117834395
797.6514786288213
736.9409853748294
703.0762345955746
663.2232880140128
638.2837592515012
655.1187180986217
612.2965336181196
680.1321073476497
708.9566193925999
744.9079593046724
718.0963475306394
709.1669403393541
710.235720930876
707.0076172914854
706.9930725558622
805.8108294274542
804.6968027229863
820.5574960619136
850.5531458314309
1383.3729796365628
1504.0037849553075
1519.8438646723796
1809.8320038511367
1914.748557984214
1757.9863016107477
1926.131909339756
2049.376700422923
2020.6005732401482
1972.82151519355
1979.8372484632064
2019.7781341463415
2018.6868661710037
2031.451073740763
2031.3131250494346
2032.1380641194064
2032.0249103483607
2004.208589374545
1993.066849274504
1963.4799656330547
1988.564138324885
1987.8024728912646
2018.6333136234628
2015.621581085427
2222.1624955071807
2267.253853200751
2316.2108046409917
2217.739610030485
2294.684085495438
2321.7713156088867
2309.0049262280645
1776.4993425255238
1713.5541054192977
1730.4331979954131
1462.653168197155
1354.7266476365905
1318.016031273693
1076.7680410098117
870.2396996825503
929.0949509500452
972.3749149081007
957.1187893706676
964.1248774684351
988.1127722174722
975.232399117145
997.2808811893558
992.283577802937
992.2412257334088
973.7525840693171
969.0045929821886
928.4497326453865
872.3300752679593
884.1357972347424
880.5374861201117
1043.4412663034504
949.002504102647
1008.7638125480097
965.5700672121567
963.980267407944
886.7668508449044
836.7369279895731
819.7271115130544
850.603144493302
802.4954359925789
830.8494294253499
830.969323464644
856.0249636771894
855.9987856173677
914.9699309010502
906.8090337784761
832.1508372575624
789.4608065976064
789.6092004153686
731.6749175257731
708.6463581488933
708.4639628348457
686.7064450484164
686.8604980075094
728.7724828968281
728.7560554782972
728.5779858634068
728.6269118057126
728.7181968407705
721.3696961946173
697.1094762482854
606.2760200169498
679.700862163047
676.0369462553258
715.983291562239
712.3399361241409
712.1492427943332
712.1701552139843
712.1842287401756
741.1817211632526
768.7918145553915
707.7449607881263
683.7669891114135
704.7056917219896
721.4699367586446
662.1022934699406
663.002253976056
663.5602593938761
663.5780856988862
663.60826838442
663.6064673098701
662.9566881441036
663.1293863050132
663.115803355224
663.0807600553859
621.2294605091436
621.1982475486071
621.2603910746138
621.1621175916265
621.120206841529
651.0185174820701
754.8780917924333
803.6920077706342
619.1415669892702
518.3075241539375
472.4200567541612
471.3295337747603
471.3530049301505
471.33344843855775
507.2465006872124
446.7019197752458
418.7164332968786
435.6275012693917
467.62114026853857
445.9006515748372
447.09811964884574
469.88673278240526
509.682955236203
549.4570397369379
596.6770558437225
607.6554964054964
607.6881183187334
642.4490576480356
642.4032218255808
642.3604450732419
643.3581208567846
643.2928008905408
655.2965097185273
686.2557746003316
686.2803858130735
702.2341942861362
646.3726407793622
574.5785128990556
505.67091067206565
503.2676567477933
503.04560079343736
529.8285729741425
529.8601578806889
529.7557524611574
529.7308744209472
493.89295905465247
494.25501627706586
484.1869609306197
467.4940669559357
435.6115695466791
405.32069327731097
386.25747625302193
397.6173402868318
381.75634765625
356.7515106958507
308.51145018800327
297.4447060666179
296.16391237227083
261.1371084923697
260.0849054960369
259.79889770130393
265.8190912507382
266.8175432631221
255.049297112462
226.77158062063722
264.83530306171815
250.04263602008592
250.0643599899967
215.20743537030805
156.01170675294802
156.22827149475114
156.1870040935226
207.17075958506757
207.17372577771954
207.28792419482087
207.3767139704606
291.20437751324397
348.0851472471191
356.12235159604256
355.6710181512201
355.73300399344504
356.41786595394734
356.37682705913863
322.43880639868746
298.47418050998084
283.525838840643
283.44155354449475
283.4108707346545
380.1720265273128
440.80160898861146
440.80160898861146
440.8219578071392
433.8843874928612
433.8590003474245
433.7844426090348
433.4854517894114
395.89564613158694
395.6653452874926
383.7002806092263
383.4374251605646
382.8762583474534
382.76871903438746
382.77424447120325
388.554439768644
469.17156746411484
535.872918660287
535.8750187904453
452.9003125286049
438.1633942500557
437.17324100785265
472.1355706669846
472.1557946577417
471.6601181624533
471.62977524461525
472.63538121454786
578.2177537154989
578.1105533063428
652.8473954116059
652.8452081360214
617.4253064102371
737.3509592014756
739.3464445287893
777.2460158689393
811.1398018183816
817.1887703949899
860.0901465417788
860.0901465417788
861.9363256108624
949.7400197365658
951.6187921255068
952.4717299060429
952.4036615815376
952.6606542352823
952.7770529690238
869.2519181585678
788.7845815160382
797.7971057513914
798.9641169135314
800.0113544287038
889.5132610722611
882.6340205011389
847.8379105912513
847.8149311393815
899.7281892746237
900.7585607759659
1129.2500147565174
1039.7976454388986
1076.7020172117038
1003.987993902439
1005.9749863086041
944.98419561787
764.4483224603914
762.4591355410088
724.6249734748011
690.7049072269762
683.7236141906874
640.8398468602611
640.8323139580681
638.8302571008726
550.9830759167511
568.0214727680697
567.0705485820549
567.149041637728
567.1500527247472
567.1500527247472
567.0799421233496
567.0213710037507
493.1205193902489
492.12017950641325
499.11580650537303
413.16484093788335
456.0646238144596
456.0527132737912
456.06245832885253
468.0980877649792
467.0714116151605
295.3165025503636
279.32360110227006
242.3936360171332
240.429204792499
238.4433416831132
250.4154177799573
250.4359779043513
250.43299933262523
250.3823829624053
250.3629327961698
250.35455774790998
265.2864809668408
335.19861887412975
368.096720467033
402.9501090162883
383.96706114300224
396.98716615253477
409.9512087991869
409.9689584877687
409.9689584877687
409.8697183098592
409.8697183098592
407.86214364348405
409.8848494304884
423.7606338215712
378.74181898654314
335.93516076431996
335.94047508647174
335.96087882192916
294.12136085073286
295.142278591522
237.0095109543724
236.99266917293232
236.87197552409884
245.82992857976674
245.82553984872388
233.88221921474408
233.852222939498
233.8610646984867
233.8560072328389
233.85803069106805
233.85803069106805
218.96619225359925
149.34666881983637
116.49400659642008
85.59816400488216
85.59467753418605
190.3370143633049
248.20796095761153
330.00844757561634
528.5242626607745
559.4464249577621
559.4005486569538
559.3361432975444
557.3321244483069
535.4751410477835
535.2866765065879
540.0672308095018
545.0217881292261
544.998173932892
522.7446156997287
521.6660081919629
521.1147872443776
520.6941994354994
521.6962830673066
518.5311539301493
518.3636929871748
527.0207550524507
542.9979040965386
541.460713215463
542.1899910098891
541.9515732694038
542.216170212766
542.5909870129871
541.434780952381
540.3985347985348
534.2687707641196
533.7518168604652
419.815445026178
349.08898177744993
266.48279894747105
70.157699330493
44.87953539186936
45.53159680294405
66.42171237996665
66.41323792486583
67.97683608120998
67.43516373711223
64.76409100358609
59.89734016530628
59.89734016530628
119.59570757880617
120.62302178365296
119.82663510386466
120.07537491202424
118.76220215967427
113.1770348398083
118.09449897922084
109.16567453875071
117.6714499385431
120.15987707076201
293.02549763033176
300.17361482119776
304.12080317740515
303.89948769462586
350.9528468899522
375.9678086124402
532.2567155067155
567.2036153311054
720.5581940152164
720.2225867770746
719.6143121050073
713.9683257918552
704.4283216783217
704.4283216783217
722.3075232583694
722.3088418430884
724.2349663338751
740.1355932203389
739.1901010404162
738.3144908757154
738.3574613365946
684.641370203511
683.6927225806452
690.9188239457984
690.9437000707858
690.9555521574024
690.662257063531
685.9504150569071
685.4799616707063
660.0994893930621
657.2567675159236
486.95519955392564
480.0161068974187
476.0509327973614
476.045109146173
430.91865641440717
420.89429337418613
335.2148291198502
341.7968935543628
202.20095593255948
202.11879125304202
202.11879125304202
236.07221658857264
237.06855513107166
237.06855513107166
221.1093304781805
234.71906516555953
232.78052486387335
216.90400061065077
216.99517416268753
217.00267990018912
227.93191843981268
227.99296990135292
227.99020077117405
221.1196515970166
221.1196515970166
221.1196515970166
221.09840552723426
227.08743970264695
239.09842646114325
239.09772936909195
239.1312152041411
239.01128434909842
239.00732268851655
238.99789010714508
239.00008538980447
239.09930715935334
224.19789204097714
152.35018573145416
111.44910710871477
104.96783660519532
108.79190957763237
108.57077136625024
71.26425598984022
70.18600948509486
78.15267615176153
59.214140534262484
43.1698339325458
43.22519841269841
149.72075688073394
172.526376146789
171.48425975894946
160.5702543025944
172.54603604157697
203.58784010749076
203.77967441125335
203.93842618128332
204.43942072914035
204.44872442535993
198.49938514510575
186.63872767857143
186.60923753665688
187.4727380952381
209.33260043431054
326.10351671309195
426.7118624772313
491.4808289007092
491.80820446735396
494.6600091449474
523.5407828558933
525.2531200212427
517.3156620470863
562.2146509027001
634.7085024004956
703.1115336415885
703.0163424465475
696.1065063091482
693.3293685680302
690.4994527779567
824.0379739301233
744.204327681388
721.9261174604816
721.9339608005378
721.6808977910622
716.7029611956331
687.4052848835457
687.3941546941642
687.3839056447752
687.3292113001471
687.3454368830078
687.3087589193906
687.1111987468095
687.0867363089585
686.1025862068966
664.2119896714379
548.6171064966054
448.22359829862455
383.4743444174101
477.8637902200816
481.7748202110769
460.98069550930995
457.8691636467313
463.16915438228585
414.65843501991907
341.7923383602011
269.74063131819094
270.7521975920293
284.42115607472306
293.38554674825014
314.3557595142076
249.5016398225957
248.44073579587598
293.3682299825348
364.2704338392841
381.23895579599827
393.33195237494823
393.4819341295463
417.4376003880345
424.4274701420143
424.4274701420143
424.4274701420143
424.26356934609606
424.22798619614827
424.2714015362351
424.27551984877124
424.5457738369415
424.39590131304675
424.2296066014201
424.0700894959962
329.5641335636154
322.6223133562593
361.6501063121962
362.63086395407436
357.77095883292594
357.57879176111163
357.394845706619
357.0259675985779
362.00974117457633
348.02702771680873
339.2111839663491
318.31571505521146
244.36297363736543
229.53208510638297
184.82524341868012
114.1411851335116
129.038090476455
126.95597220900352
117.79626280892104
94.20320490964883
208.9369550637156
252.6820497452802
357.4355708720407
432.1321546299071
431.87743482169617
431.87743482169617
432.3672806067172
432.3672806067172
432.3672806067172
432.3672806067172
553.0832430480317
599.5677434348129
601.2592060451257
563.8045977011494
618.6956043956044
619.7110687582466
657.7444739824396
760.4976978816683
801.5450709564701
843.5262362637363
897.2785560556764
899.2456084120557
899.095365741747
898.2458808021843
897.8033279871692
896.8805008477892
893.9693311700892
863.119049661206
853.0866649246581
853.0448567197978
851.5215623327982
734.356045709908
697.0217861341941
675.8668975334084
612.3404086112383
622.3329665105468
622.3335879873551
622.3569482145488
622.3519887363605
622.2309050487047
622.1289134700821
567.4679439090542
524.6177747327282
523.6050484222802
519.5208377128442
464.6782916530665
464.6029637046907
426.5777915581463
482.45763364100276
441.3667660935444
393.18940407689905
339.2210779765849
798.6747929770578
798.9081812496447
798.7454119329467
820.9539928105893
835.8270509977827
835.5787824039857
835.7372018291929
835.8733227906977
835.9300313768919
835.9300313768919
835.9020667263854
835.7162227221597
753.0152427669021
741.9944018172073
741.0544889328396
761.0207823746064
804.8655900723209
807.8744671374944
832.0562683958793
924.0190357669616
882.0212607120084
877.7970322016218
877.7894310998736
871.8101676490072
871.6156020927494
873.6057911428463
881.4743740178645
742.0830651649236
813.8578077868116
813.6282122031006
828.2426439091897
397.1720742330514
401.1011392991465
402.16961174510976
501.04323612798703
567.8988706225083
635.7161272233658
669.5881930200462
704.4517421580473
704.4453723408839
711.3937495153494
964.9349450358507
1070.7885164740474
1121.0931390728476
1120.5815010366941
1111.3615046971058
1092.0825003082457
1048.6259274172153
1173.6311781609195
1173.536736947076
1191.8810705669862
1167.892827679308
1168.0852795655674
1178.086291230893
1185.998989489885
1288.8805095778316
1288.9026206075046
1280.925000983671
1261.677566619916
1256.83352514919
1263.8162617220803
1251.881274525192
1242.2760585536378
1299.2018343067273
1345.238509498092
1249.1325279527055
1167.6426781563582
1100.0832126398946
1066.2003890451335
1031.3404593898983
1031.3579143059492
1024.4153810191679
770.8964150293002
717.9719167443305
666.9019758303676
666.7979018386714
666.7748494004888
721.623523081407
727.4329552123156
611.3209966526293
655.1503898019386
546.5864815147165
557.6415322935941
660.9113794474259
650.9188362238864
643.1558413593297
539.9440118499191
537.7436382935996
537.5066539649549
542.8603053211439
511.6303356573412
506.3774793751097
503.0429735956052
482.0449140954759
451.11977550626443
404.6324118573059
397.4381176164648
397.4158517193401
397.39487401342166
397.29023345051814
398.0153956856878
396.33857872683205
398.7544690075962
399.43234273969085
347.28701398793436
347.32004462412755
347.8323995440754
347.90661246775966
293.0571578466843
313.0330637150561
386.7922289781996
318.9097439870409
316.817752304962
343.9231266238676
242.28293097783018
246.27382012990836
246.27943087137393
248.34469983366097
251.33747711513107
251.4349832572876
245.30732460173004
209.5055294436339
207.62317644348894
207.75319917166675
206.63622831738977
176.6916549911056
182.4570361384242
225.1726513955253
225.13143161823515
225.22281302926464
225.25168287452462
225.49024179121704
243.80339107547286
256.4788468508657
377.45569150908415
534.6059555555555
623.5355873015873
632.2854804530507
632.1641183339822
638.7080790960453
785.2637031174427
705.4017345122743
713.3427218025861
727.2123583117826
688.5714018043675
698.7451950254381
842.2152217741935
1123.1083870967743
1237.7090392749244
1237.7826499296077
1237.7707745504026
1238.855210363407
1237.917382396159
1291.6025991934978
1313.4756064436597
1327.0355865635254
1325.9561336815311
1320.2286902286903
1261.6992499740477
1261.600572251635
1261.4791318310906
1261.4202168913137
1261.1811662429777
1243.3767472543148
1246.6281511378704
1127.8114296037577
970.7369186664739
882.1735727392773
878.3276012245577
921.3367743585904
922.3819930232414
749.9516865004169
744.0596334249366
753.9739907271287
739.4471347651272
751.5949651259518
738.2683357041252
590.8985532784719
342.4836138175376
227.2713843349486
224.12514469453376
224.93116291532692
223.9896409881952
223.56690545967655
172.59000686598839
153.6471141845858
150.67750415332875
169.47083806069938
169.31497527271247
169.8913073957238
170.17483505657336
171.89997582055477
171.96053408458306
172.01958793375397
171.9909202898551
156.97813012171898
156.22292806239378
156.312975121128
156.31547167119325
151.22642838110465
108.22940326465078
100.10217746936681
100.06248274229814
100.34833814263779
81.1908155672517
81.53150375440228
96.86469077360553
193.54561205382134
240.3762669816155
218.27254432667416
227.07255747126436
227.08691507991045
227.000679281902
226.988978442416
227.078087375301
224.85753550160328
423.55038049473666
512.9556687417469
512.370193923506
513.4438810006761
583.0636784837918
612.9005921762875
633.4985751915709
648.478059434774
648.478059434774
648.478059434774
672.9672014389357
704.7377122864987
704.838795889113
842.95904905367
844.7705142197634
917.9489535644211
1043.1630324543612
1043.1288877620013
1043.2037023944192
1041.0397600294004
1041.0568973568693
1016.2170694672909
925.0157570802389
879.132483950545
867.8016937435189
857.003569827486
856.9998166605553
857.0051978100763
857.0103415908255
857.0476186664212
856.0354137316726
655.2862864929594
555.7464517225155
729.4324438901111
864.1672725951303
794.4630209927334
764.5789896159804
883.4476548175312
868.4974177062084
1075.1806735615594
1114.107526930911
1088.1999062807276
1090.1804697621933
1307.756677350985
1169.15648899285
1176.1448398474213
1142.293207736169
1096.4715952216666
1178.2825383819218
1408.034845533402
1513.6040231255517
1603.3578942321385
1744.240236434045
1839.94286749329
1839.617175888269
1867.1273971929133
1906.9063472793746
1917.2291520047436
1985.094831069345
2055.012248050227
2309.6296750324937
2312.2029135728017
2315.9437852688066
2324.268990872298
2133.5266914805406
1998.1604640932585
1997.7543428348638
1998.486549806037
1863.678851519902
1863.86769718589
1762.7607364264745
1723.8756403642155
1723.8249350104331
1817.8867439499622
1625.52245377761
1676.5234932542328
1698.5534659890948
1656.4612604709778
1575.490817603691
1493.899023030576
1281.206537229851
1187.3191278841296
1097.4356248288775
957.556772095629
861.6527862758453
861.8814397448625
847.1702034191219
865.3257868374307
865.308772129362
869.3560194789754
800.4076851524106
545.5674086458762
542.6129932825725
537.6320374792193
528.639610448396
528.6028874368351
528.5858416861333
528.5776494493928
528.5398272377229
523.5198226459532
523.5037207560002
418.51252271116294
418.511414926752
418.53261904898403
291.61629177744794
287.5978419737336
236.61250149827313
205.62863281539404
205.69590459814
205.7009668059789
206.68122071837584
189.67023311840146
177.70246870825704
235.6374438599991
262.5512500952604
400.1924297814698
415.0325799140944
471.9964957518466
414.8997509028208
654.5070100918589
581.9080102805741
580.7267942099403
579.854229104229
580.8317363724522
579.9247385609561
582.458180261797
582.4628883261404
582.458180261797
582.1797941608905
581.8284005304291
646.5895617333181
674.4616421708253
674.3912110529658
674.2171374284588
674.096067845309
672.2432836813407
651.2673611111111
650.6303258820361
650.8701624865157
650.6186380891592
650.6513919756698
650.6592652603995
650.7941031508537
650.626879444173
593.8686376183474
566.5005445975919
429.72413926424247
414.85951165275293
345.1421516407995
344.038097798583
94.80780999643937
94.83032323960586
94.83004423580392
94.83004423580392
94.70271591305095
274.65325363780255
353.6711166933698
370.41745711626254
441.23993649736593
556.2443016526502
644.1449604955524
599.210490647872
595.2690808282075
681.9674562069774
686.9867452135493
687.0263343995122
687.0486219685586
686.8456250458358
686.9416066645111
686.9177199444671
686.9783305977561
686.9750437442651
686.7375539496136
686.4953039961702
686.3907980834443
686.1565661911012
685.8004345910439
685.5663587962963
685.514640730088
685.1781808073703
685.454447943875
680.2873838852989
680.343005952381
708.9888392857143
811.7170673678938
1015.6313737026311
844.2486147404212
775.1002531697891
895.0170704845815
840.5467999503421
746.9714907314304
732.149986481615
714.2048475907851
690.2370731089583
608.4754410308844
612.4067181376549
612.3742427668094
612.270677749923
627.4419132958919
670.3875507097597
672.3615974238027
672.3453019498959
672.4270839906608
672.5098756862498
672.5611645413941
672.6268048542829
691.6847515270616
740.7246153846154
844.4709122233241
874.4214628139157
875.4169270698973
973.6031857266692
978.1925335956211
976.8301886792453
948.239721687568
845.9912990584999
642.4557066450344
641.4011649482873
638.5209717465925
569.2284808688268
684.4882974121717
712.4865816507262
640.5987780926556
642.5842372673258
642.5531562623551
637.5383541630739
751.3614328262095
804.2917895452719
831.3646756583172
913.2662659584382
988.2887231202058
986.3297753978878
988.3276385185185
1049.249094145984
1146.1057261756139
1190.0577557483134
1198.0584099675714
1180.0818117755948
1160.2028141875983
1056.395178049788
1039.4439707463885
1047.385646572826
1089.5142450427325
1166.2285906530697
1238.2191489438671
1337.0772848315262
1357.862408613196
1388.2788171339635
1388.2704978060312
1379.2559678266527
1312.008007772614
1181.1864209305602
1131.6098125404008
1136.9461374353007
1137.5951731335026
1164.440063369125
1237.2779060519767
1118.8598107569721
1155.391833445421
1224.4879009899926
1134.9743354635548
1017.573298680233
1017.2318699392713
1015.2359722222222
957.4177824790437
862.4341422899279
818.5426116639667
810.8528262786597
809.9546284149889
780.476403684235
781.3418740101159
768.4435444089622
759.930281091387
619.0941858448733
538.8939275535533
466.9788049361334
368.0806070843212
347.07328259975316
319.0943793602738
317.8276850173652
317.2702604920405
317.1389278637605
316.61264631709173
315.7919463920084
308.18037056696005
303.7798126555443
276.8353518526856
203.33615136876006
198.756678539626
109.218689889749
13.709332942502362
6.549083802996403
13.889038163175092
37.33839373163565
37.52388726348904
33.52586123146871
31.52434541711132
30.859365409427415
28.526598873854944
49.50075729527784
53.30700636942675
54.30573248407644
73.27995466321244
276.511375675909
318.237540192926
360.2693744855967
491.88449192782525
620.1237699488106
619.5932832042129
613.5480176211454
620.05625
621.8249910714286
623.5130193661972
624.7355703551913
626.9853483606557
626.9822448017597
626.9437928644389
626.8255830135788
626.2678475504941
627.1925046554935
627.6730370595076
597.8899404135997
593.6070381231672
611.6375806451613
605.7357038123167
610.5584415584416
611.0885382059802
610.2638573177129
610.2638573177129
610.3609022556391
595.5562403697996
594.3464699074075
636.4515027322404
880.8054253472222
802.2326611308818
792.5715389223445
886.001254180602
850.9855352890237
724.8878563467492
778.1081719626168
809.7664419836303
810.6293670549085
812.9948126952919
811.0864229548331
812.9573902595905
923.7550961154595
924.8319037998572
972.7829637983198
1039.6753760755387
1039.7375539646976
1116.5106841614831
1120.4621550413274
1120.432564085109
1100.438409925864
1102.3399371882833
1111.336072617591
1242.1858368392977
1381.9626391096979
1419.825119236884
1419.8179687096863
1419.8016693163752
1446.690322863389
1515.6476492206311
1471.9713355084884
1208.8993810971567
1094.8908034077447
1066.8707105167393
935.0387860871027
839.0337653010474
836.7655076890925
783.9444124668934
752.9876519046002
747.6684755082846
743.8571383336631
744.0225874986022
741.2565480825847
628.6059245169752
627.6166975456454
579.5893587705352
512.6490361875933
512.2079654510557
434.9521663544814
427.9051811788165
427.8033516995913
427.92925698812553
446.0878108771062
451.8576237496794
366.7897394087629
457.6181783193368
427.85050652769684
428.7889478944682
550.7217619714567
523.7499127930234
510.368467251077
510.16971036258315
510.16587530966143
509.15107110300823
509.57911599625817
617.6526147278548
617.8020214030915
626.2841402869933
626.1216474641632
642.2925381591529
674.1882013295346
678.4989867046745
730.3959170013387
754.3572633354418
769.1313832551634
773.1294659120479
774.186243556701
774.0819804686388
774.1995742986227
773.8659232281561
773.9951113658697
774.1637323943662
774.1772988066095
762.262765289822
747.2926801808304
714.0108641975309
483.9013043478261
475.85660448385477
512.7741394026184
409.22528724317993
409.16883097373784
353.2573664186806
353.2564901669841
353.23959433581507
353.06150020649784
408.9160724118942
300.19432854909763
313.07741393331526
337.9128184713376
354.88574840764335
358.8709778891138
422.796534117917
419.72634893748074
389.8557866088325
452.7805861808325
541.6748512903082
538.6817407902272
537.5743371325376
537.5368918154388
537.5127245023666
537.511468261687
550.4919491141274
550.4919491141274
550.423374174985
542.4137650931483
542.2401382653298
523.8952880701197
584.4161609781407
583.2074273734652
545.0521989790454
555.7558626090848
598.7470798836429
599.7926063407573
600.6125974693001
599.6482186094777
599.998247434567
540.7040076162843
539.8282321340214
526.7232387569967
494.79209891180085
478.19130001050087
458.2345695970696
363.1085505022656
362.12033058439425
340.31114226727885
253.62593353782782
149.79854399743903
148.79786324786323
148.74948798882008
148.6826791019741
226.5769302126445
256.59365812166
244.68403293500765
324.595947445363
324.6458961486663
324.63584711797336
324.62961725952516
324.5184853630625
261.5931237846357
261.5769585587524
261.5796562458884
234.63724675754995
374.4190467416006
484.19306080196793
489.42662841555756
532.5027146260404
532.5619868237976
596.3577887940324
601.40518032486
624.383212155685
652.2274407558924
653.1877275587786
1012.3780960665301
1038.695719178082
1134.4045156669526
1145.0739510372891
1158.8695823978446
1155.8129012688944
1155.7622900763358
1155.7986870229008
1155.8607808253028
1080.8454365876523
1051.5294345052005
1050.3107721675908
971.571326068293
971.5406986489658
987.4720071071775
1041.2998256730027
1103.2022528411949
1104.2824492509715
1135.1894381073087
1135.1590770500036
1194.2658948273106
1037.6105533173863
927.4620972598615
920.8382382892057
964.7805644729802
964.856429463171
915.1303037976895
909.4956407672249
954.5291796448566
972.5959386887447
977.3694968063562
617.6030452306314
660.7308835366231
569.3941907215254
558.1713222933581
574.0543473144095
589.9721673021701
589.9539181534309
589.949355866246
590.205222038693
646.1640199659854
867.7683798209366
1181.444798916723
1347.1825699633698
1411.1169289377287
1439.2053481331989
1759.0593953892997
1789.3139935944814
1848.5759283547832
2026.723229539818
2125.5247306082465
2084.2218988391373
2082.3105355328644
2085.298539758396
2085.2839639784083
2004.7428964316316
2005.0545993974677
2034.8818130566065
2066.2705620070983
2014.439314791641
1968.5289959016393
1962.5955456149918
1962.441758257213
1936.6054098041043
1952.132537250423
1982.071546801291
1951.1621550659872
1935.289529035208
1936.4064909933684
1936.4244022503517
1935.449526542324
1879.8242784380304
1658.8247666275174
1345.585948194043
1179.8496641341023
1180.8890693999215
1137.9411706145875
764.3051819568534
682.3742994636843


