Rainfall Prediction

537.1199111938085
532.7343147200307
530.1623062007124
516.3271940582534
523.709872468106
518.2859546730507
516.4747322273226
517.4407052281143
522.3350550270253
550.217241769106
554.0152341373868
556.7983188025994
554.8590303501732
554.2932528597507
551.0458931783447
529.3555337484805
487.5930928654726
447.979222345445
402.5166469731789
421.1058105862221
384.1156740859279
268.4495978141332
295.7066023120719
312.67495652950277
362.4100442075127
374.11922064744664
321.0913364262302
351.72185114835713
383.9480464335362
388.61087615448207
221.41129319829588
219.43383222555036
209.6494798472461
212.18597675553042
233.67884448284968
291.3098508932216
348.9686338623542
202.9960062318925
351.65163020973495
358.972163970019
320.84915098135883
376.20104854985243
284.16014251025877
354.77571467623
383.4864355715002
355.708483521542
373.11772923838447
386.07006999090436
366.2046503053698
393.3648755210241
390.0884013104826
381.81308943002904
352.6567544851584
311.17139417191265
292.42273758244437
274.5082892017287
296.7577756189004
287.0463062383854
283.9011949085922
311.59895819010245
315.9877370437082
303.83228396060974
303.6636493641809
353.16558355404067
339.2696379699881
329.88963447445934
313.4849414221214
321.43293466063545
321.581010669261
324.16087971537894
338.8441011843419
363.0794551472776
370.69408918553336
411.92611186533765
380.41878168748644
404.99747101982024
340.1945580093769
407.01152736593866
399.23934560670574
401.086008557113
430.9892755871506
478.13042481548547
490.80909396977944
493.0347408685338
491.8913951974193
501.80312505837463
505.09650495482373
515.6394072494842
514.3783659463375
519.5247923864669
503.42493968841967
501.7301948671461
502.456746525704
488.8001519135873
593.8153225797454
587.9387465102443
588.3937510344482
585.1998596584738
585.1998596584738
589.7646589494682
585.7636549337369
548.5477672866738
509.14328049908784
507.3171978663108
485.7099744918182
480.3258317918351
475.27986930992483
502.04169207327385
498.12205084159376
500.1995846689308
375.17223335421585
342.10417181018533
267.3554561026244
379.23440414616425
263.9725800348734
258.1076820745708
251.94325010286786
260.0905949555779
265.0160214528127
263.3411102001875
299.47288189668853
317.44484167430693
301.6407116159356
290.05701362770316
305.0912898891202
299.2778753668466
300.0864213319783
288.03023858264754
308.972021728748
334.90394650081936
431.5976734832505
395.1901682018184
395.8431398418695
435.58580398459554
428.85832113619375
408.192585287391
370.0383823911432
356.901002606609
370.8206724723719
333.8008777477641
405.2306232192023
390.54605997190527
381.41686112174375
369.40838247889616
385.8648928646946
431.66723523600064
411.7876120409572
408.8755381475542
431.38450154342223
416.56829648357336
409.4483744439436
402.82269844162016
447.02354428035255
466.02516057783595
482.6066169263583
511.70456663040596
515.4324551828043
527.2586326761152
535.0266388773788
534.9548448153655
541.437814778387
457.45209513328496
472.54895221469775
474.3414179726536
474.3414179726536
476.7729803882292
473.46000743644487
480.7248709201926
479.80582460872654
483.9037395112198
497.79521831583037
515.4817657182253
517.0253389740718
538.2880465323728
668.5196460874331
690.6716012156672
650.4210219137708
654.9340535207334
652.53166303649
622.5421217454602
617.6213516859065
613.7962279684766
635.1858999940155
645.7655833399767
648.2154524003446
662.1241934819112
664.6061735970732
666.8853246594699
669.2360625032887
661.8052905294593
690.2388874728108
690.1087348040246
723.877291246175
709.9849879090306
705.9464016765737
710.9907173266508
710.9810735209991
711.0418578133288
706.642134299642
688.4490510808953
680.901220415869
689.6001050782306
691.221188268667
689.4994484274719
629.457570304353
503.86742078903643
452.83061917704026
455.33777160563056
446.61752264537
447.13146882845695
462.60239814935517
455.32885756846997
496.969348197317
526.6902774990438
521.151163551023
512.4013961512577
479.1395602409875
441.08454692907725
457.65458458305807
399.8073609235813
402.9530982006798
442.84557088517647
520.0559621565075
489.4744298169882
511.4609493919568
564.230451413857
558.7904957194702
562.5467469814245
560.3209136695265
563.7254955200187
580.7916003117324
588.457506129686
567.5295519967182
573.7691167414289
602.7358805511102
591.3220551782571
591.1330012277522
579.7568646289644
578.9709159849157
578.833352740784
604.7918152874645
605.3906281627225
643.0312481556489
613.8201261138884
646.3004781492406
660.8871570937494
659.7930787581663
570.058521969368
649.1372699081173
644.9588075157116
658.9586851282922
647.0552515798457
672.0513853352223
622.4616910783603
638.728930654189
511.85402244011135
595.6145984004016
601.4971077344057
612.7077986546294
614.1520272061217
610.9200247592722
453.1827836205905
443.4369256614599
446.12563175964624
581.9675192192948
550.2103725759697
554.1017867617271
554.6569184446271
557.3900184456306
578.2680721315963
583.2032750844794
554.627947181567
555.0155649898196
512.7638283704737
484.4566348452006
229.91470732340434
427.4267845255125
163.8263283900559
455.31573693665297
245.25083304477792
246.91075141626132
406.23341878227745
237.36417959202763
272.08172538945126
259.2182011732274
276.6320859632314
263.6839931065103
297.58471008095336
303.3586841392248
280.8970880653713
288.23053488732444
298.633669276613
283.97194239610303
299.46688566469413
306.79779814595514
359.7808107729847
410.99385686409556
460.37160136444106
470.85709528295797
474.1742439910657
502.25515172390226
499.32778977398397
562.03719919367
556.1865974040345
587.3584375426855
611.966745721621
598.7830574147464
595.7580770432562
590.9359899127365
552.7136871726364
550.7905289263738
562.3661237932242
562.8978274889807
595.7536916692358
641.8072833002074
648.7669223845625
644.342686630824
647.3311765664001
662.9591643450535
694.5020379871083
705.3534438130984
711.346427740096
721.3469808979007
723.316310119138
711.9865870322723
722.2366047380806
705.0167005266861
658.7509139876097
656.0685096348859
656.9730907766507
655.0909371717937
610.6360458122729
652.2621949264693
652.9568109932419
659.4638666221655
683.1620788682426
689.0317449371457
709.667277592169
721.2455784334825
723.1649502708664
746.0604150195575
748.8971160447787
747.8607453241391
746.4248325782222
723.3281679314528
709.1906795145786
706.318395073691
712.0351153030642
710.7701430186657
672.9704006509229
640.2391323010039
629.1336066175303
633.5744051773202
648.4714306246993
669.2936998403791
679.0750727236738
644.977761965335
650.0231430035308
650.188577677614
608.1790099888964
572.4487061368851
646.3516733713889
633.6096018581835
586.790569168821
587.4138882142096
579.3987597465709


