Rainfall Prediction

899.6376508321271
940.7716172294158
1029.7392187120256
1111.3041504001458
1215.8320816322923
1237.3376417416785
1261.4716559063063
1234.7698467541695
1244.7411729641065
1179.433476946402
1056.004762971392
1006.6258262816896
986.9267924388887
876.7537728170341
1070.477353395088
1142.759694845518
1038.1178646453563
1069.4254026264407
1116.694912041816
1036.0231464937651
914.6478168402291
896.2068789631046
842.9912050115465
892.8610424130795
798.2215075964491
753.9999168586355
745.8479825702613
744.8479825702613
717.0198518038893
726.392347496954
712.7611087919154
703.8115749664722
563.065117298882
489.344304819003
415.5186425574517
303.6012117183776
281.21254210822667
252.9866521232707
253.01933644034258
253.0626981316986
247.98545902305906
244.33405063508795
210.07392652434453
159.82508758298573
130.2398541671798
100.88594104629823
27.88594104629823
22.057625093249186
0.0
0.0
0.0
0.0
0.0
0.0
0.0
0.0
0.0
0.0
0.0
0.0
0.0
80.0
0.0
0.0
0.0
58.65757889861561
125.31268044695338
142.1614664122385
173.8023386997392
182.92416298590217
185.15376315565914
217.88321031953978
223.22703073133158
258.2985364661768
293.1294476720816
331.48352283305377
339.7563307281147
340.4934640166873
341.0223842612773
391.3928637790496
392.60327702423126
409.94015903772015
398.43384178029794
364.66241078979476
356.7165501681275
86.49742093040493
527.951283351673
560.1746366361126
561.0049052920981
540.3679328866242
540.7048041987928
583.6149307480629
842.6093618217451
762.7027543460105
754.7172889901105
841.3300383377266
805.3377103077322
656.4363638921811
715.542660747465
743.4548892568007
746.3378774051712
747.9141858683099
747.6234552698833
754.394217440847
880.7523620309335
881.7101536361233
929.6061540960245
997.7466509185155
1009.4631912541093
1088.78793966533
1092.4821467108352
1092.412990715116
1077.9946064765813
1080.1945722158848
1084.5674501885762
1187.4191094200246
1273.2406368691359
1323.426369934307
1333.1937263491427
1336.6387577293533
1350.5465636441554
1449.5039334849016
1404.9184251954998
1142.4206979535886
971.0398471170008
854.8465592217872
736.057534549053
659.5039437303924
640.1057211775872
571.8401603831936
535.0803228325937
512.0668943324938
498.59274377139695
500.96870044075115
475.47749202089403
385.0934583750215
383.28985432183345
300.5520084455662
231.04755542032137
223.31205212829627
115.77821587452235
91.01695567707628
99.15749883354562
96.21053002983194
100.22882415985151
110.3120152793552
48.594012893870115
141.97139327371355
70.56283552709255
71.93511098372392
193.93511098372392
179.0215776854135
213.9846551279805
216.21184633050643
232.86443957218273
274.70170146193897
257.7797286796031
345.3433666797969
313.0116043701496
342.0981491133145
334.22840410551635
333.1318458876075
378.8217546906774
343.53829113860195
384.15940112026755
411.3985944766575
426.5400261439539
381.6405766680583
416.91280629170524
414.7662560304259
413.0816749085156
421.951241405287
421.53978902398256
0.0
201.552456558034
296.1090716232289
246.80793096302637
190.60788312300667
0.0
0.0
0.0
0.0
0.0
0.0
0.0
0.0
0.0
0.0
0.0
0.0
0.0
0.0
0.0
0.0
0.0
0.0
0.0
0.0
0.0
0.0
0.0
0.0
0.0
0.0
157.672277499968
177.87166125193556
154.6596980094556
199.31620703987596
209.85878460398715
279.30614520933
216.26619671285846
88.5086816111563
197.5904488560617
232.1044613018081
230.61341472296817
355.0828395552429
354.23415628074713
352.57663464354704
322.4313818680786
310.02178939324483
233.4201339216334
286.5668759588941
169.933078184672
209.00926619139437
113.00926619139437
218.80229597395098
198.45106303138297
114.11313542635426
46.04935605385171
39.889497200625314
69.31819765792257
78.80468187899734
156.80468187899734
186.80468187899734
174.90318787953518
257.9422850871527
262.61838914035565
244.81847209717904
235.7150720382486
194.18964954182474
127.01000620481202
109.14054192519646
118.60698009628615
23.63161728574127
182.0130425957934
293.0377545528545
300.0025401992617
342.50855530697123
336.18521998158894
396.73076375559236
416.33184665277935
441.76100112643144
471.2125361222064
475.343556940477
817.2716404492996
821.437285204434
917.7391787374178
928.8888683773405
960.8088195415728
961.4849578374585
784.8597432543804
961.9328886951658
964.02687499822
886.0694596642545
856.0694596642545
854.1529610537357
779.9080391548396
779.2363833341262
810.48238933363
872.7617529805957
973.2518917885058
979.419435179963
1030.1405876823292
1030.4884488189446
1166.4353959192988
1007.6051702378684
895.7497718026168
889.0729262538151
932.2809199007202
876.1724395231669
791.0944365443694
766.2227143542937
790.2987252638768
755.0035996278154
746.1446359082884
386.1423499020593
469.05574317545626
354.65455202396674
342.25792664528115
354.4952785715476
372.26437674326456
370.4952785715476
368.5222344406516
365.2926200718428
174.24471887207523
580.9579676530095
932.9884431083196
1065.6646823086944
1134.3447742428655
1181.844214109215
1504.4231433470143
1547.6988679705546
1622.1292484761343
1802.6834994182798
1898.8309401703896
1856.8309401703896
1854.3268503788977
1834.315773090648
1800.9382798411134
1467.8943285554976
1697.229086730271
1780.266562382923
1781.9353867310942
1744.134970282381
1721.0589393497166
1716.9793576706033
1723.0575844707496
1631.9869724404869
1672.0823608524286
1798.6503643624646
1768.2450740038994
1753.8647008102625
1665.1888904639861
1730.448661301426
1728.8259232963783
1674.7173593596183
1447.6000470382971
1128.0367388037657
958.8743884641532
960.124721797336
895.9358656057083
510.193767914854
397.8230365876749
305.6343497990675
85.41276028775673
0.0
0.0
0.0
0.0
0.0
0.0
34.624476208077624
44.49198000342952
27.084789059472513
25.262915625942156
72.47893520132004
104.53752858398815
117.77067476950492
90.03379367466746
65.95665205006367
19.197461257248023
34.6027045270707
114.35049217877622
95.37282410413718
49.7808056053027
47.34934508346868
24.274464608221876
0.0
0.0
70.03485825128558
131.5216021698963
82.06152342899094
111.0825453557897
121.01477891634067
157.78196821061937
144.3883887510072


