Rainfall Prediction

1160.1813626448502
1185.9485552545927
1187.2353320391264
1187.2353320391264
1265.9284989887449
1331.0906809834448
1424.205287565441
1301.98717303835
1240.5414807762081
1293.4802126027566
1295.524155218647
1200.8333012471749
1116.477058987312
1089.6420016259938
981.5800755173248
930.7507955453357
910.8360128574814
946.0728263097898
932.4862100469254
862.9557277997783
918.5267819716447
867.0634712562762
913.1912799156175
968.6573892742488
1081.8014713627135
1087.5523087159143
1115.0366794186252
1114.4786407057843
1161.46487708203
1212.4912102891997
1215.378953517919
1221.9133829158664
1342.7042331506352
1386.3680577846048
1410.4749533486156
1437.2508496217206
1357.4977128814398
1188.6844900640604
1184.481718948926
1169.555460955794
1130.981038746422
1214.056608868438
1248.8622199959614
1206.0504786681697
1174.3483032745687
1232.3526119823568
1262.1708585982365
1343.415262030863
1421.3214674577214
1475.6738170095418
1534.1511075703872
1546.9705486066098
1539.1015639807392
1480.41427535511
1455.0328456945629
1398.1580825415126
1514.8622783872252
1611.0009481774214
1599.4902608028838
1603.0470222654042
1537.4580900432265
1502.2540222591288
1530.032993294867
1487.7325214671373
1499.9092746923243
1491.5806829335777
1531.8624375153531
1528.8454928019219
1525.3985877998643
1525.3985877998643
1493.2885606896054
1415.0695882370355
1318.065825896433
1293.3320724676214
1237.4042785211734
1194.6065649341886
1083.2759199159152
1055.272037801465
1047.8782669406112
988.8890860169822
1015.8847985303482
944.4626208678746
922.1524854910263
935.1837167431254
928.2501749052524
900.4149185547859
810.2773874635204
728.1823309409972
525.0726116872834
419.99294690200645
397.65503856719107
364.35674739637295
405.9475822014025
563.4230184199846
520.333196460153
532.886316882981
542.3773504687431
499.9268086871224
486.9532995461288
447.9174320654896
466.1164875151911
460.7169076117352
468.40616303206167
461.5804078045877
507.8401219193113
491.3819524711683
509.915920944149
459.7932620754631
395.5765680439947
409.9751909087511
221.59012641739622
0.0
0.0
0.0
0.0
0.0
0.0
0.0
0.0
0.0
108.94064215500896
118.78547793854013
131.20157749589092
157.0912836085977
513.7641739734336
577.4944655214861
632.7383905104316
753.1084352109731
810.2513200965988
851.8816164716739
843.1581636700039
841.1805648557008
850.9696197525359
857.9171311396021
834.5797500211459
863.8939633599092
849.6111216190777
867.8658814974087
891.135948802572
891.135948802572
885.9332581402001
897.9564551917982
876.8713520153867
876.9416504964229
914.7466752233056
860.4247660421129
922.115959486011
945.8521958377025
957.3279459687933
957.3279459687933
957.3279459687933
955.3905291184188
1024.9732303823366
1111.7218660153046
1201.5229720084951
1142.9481300952214
1113.7092370451746
1232.0111780271068
1192.6476002555153
1039.7184184961739
1061.9234904631946
1062.2687236644979
1063.6573222121208
1070.0552483380823
1062.5714955263431
1068.9662155786666
1121.399267513307
1124.6328091636908
1122.299768764195
1145.567658261372
1137.1364263398782
1166.304595079159
1161.167657564973
1185.9055679502053
1149.3298844740316
1164.6128381524475
1199.3397152380437
1216.8031012898325
1339.614665792688
1457.538406458896
1569.905864300856
1655.3991622637227
1637.5453625603163
1664.077422597921
1587.4830243756364
1482.6052109997318
1444.6190616891615
1404.4169026297732
1303.3977979333956
1237.638466525711
1219.709273547893
1193.0127471618962
1183.7888829795288
1173.8716940097652
1163.224144350664
1178.8394677242998
1208.4418425891226
1047.0698517001306
1044.0028946860598
1018.9887611276038
945.4768901159397
956.7687445498249
854.0876749680067
846.1865922846124
825.7351109014643
825.7351109014643
822.6543037842309
845.7120682867125
739.5747541937644
818.6423304888092
747.0226758348135
730.2896176774308
761.5902018981955
729.439367984783
707.621633076739
707.621633076739
591.1663503603181
596.3896737682819
569.5338192932912
556.641456173972
550.5535645818956
559.4604744882946
568.2659089008419
591.666991953088
631.2792237618082
732.1381814071784
730.0656799871595
863.7399705087339
904.5536614422954
956.592608470423
959.8688640567159
942.7817027406928
963.6882567951659
963.6882567951659
968.6670819295089
968.6670819295089
963.718048899226
950.7298150636814
950.9994039502989
926.3385215507951
711.554943245528
723.2366766937263
910.2288422670607
800.859037089586
810.5547631172866
706.1352105999271
702.337713001591
702.337713001591
732.7588659644654
830.959087958986
695.4442601547133
669.2370340241596
740.4503159899118
732.5842375092559
712.717701587266
785.5739389178589
722.4018965245278
700.1400175772984
671.2630752229176
757.1782723188164
744.0683997428142
740.2608952550507
724.2379568874672
750.0104989725487
837.8256495710625
843.3410550764261
863.9646278720485
860.3276166654981
902.7997318785732
885.0251573033704
845.5572880034166
905.2079635406799
901.6424829743894
737.1686507340528
699.8169490344103
809.6684830642056
855.2869075299611
864.1395945842598
878.1344733508101
879.4885955764787
831.1579964950097
842.5926379705116
798.3545867934415
790.1102673405543
796.1926092197882
842.6757769849713
733.8212961282751
749.4726547268533
743.5374315379911
614.65543312911
422.43896604341046
415.84887102455315
415.84887102455315
415.84887102455315
538.129404235138
566.3307118863319
511.9943520375284
621.1394446706987
598.0683740831685
654.0119034003596
732.8733994114581
765.243888136119
702.6388559474411
697.1777583762006
684.4447307739846
675.7957430774798
878.088666925713
956.5845076277046
943.2597972383603
1029.0948938882832
1031.3975654513263
1069.8896481466202
1089.8664471626535
1111.6711525749367
1187.161715080358
1192.6710964136907
1438.5912485039464
1511.0782319829264
1567.315864712074
1551.0252014921357
1607.992240239033
1627.3939437362362
1645.4962375971513
1716.132215407459
1716.4609478446348
1679.6562667654428
1736.458768793215
1814.3312732111024
1756.3983705432788
1751.9018402121014
1803.910850144399
1784.0717347233247
1778.4966773095116
1779.7740881796215
1850.0077940728315
1863.5705951887965
1893.5195508970126
1760.447667695274
1640.1780855615893
1656.7231534759333
1664.5926529707938
1664.5926529707938
1618.2352212589494
1677.517204468086
1713.2460505229085
1660.9453188503167
1670.25145827543
1300.7717691156852
1320.5147221293873
1225.2259626779112
1221.529369668256
1240.4931775099146
1190.5660598350896
1200.096329169287
1154.6319501065989
1171.7366360449937
1252.1751423507176
1364.536980569603
1461.670144203616
1555.9565355988257
1643.7407317646732
1651.841728309018
1778.2084218533444
1775.7663088633533
1802.5639990812965
1792.5773889151951


