Rainfall Prediction

584.4804248932008
560.266467846879
535.4985247251118
504.8890795787993
470.6813888380057
483.7420830405437
480.43651876943693
471.17845366305545
476.9031645860135
477.7769302382045
481.3550605677892
479.5363033388634
466.62315803462
466.934878798229
456.87740933340785
456.32893110191304
384.2072798216581
405.08124458695085
497.17990034094714
410.98284035103154
419.0951979723826
449.2967947613975
327.3147056826812
326.26211188935304
347.43495971637304
326.8758053602305
333.26418831136914
328.42515026647527
338.42881619287766
284.5647636060994
287.22481697231603
282.4384890472025
297.7972962171344
257.0941900728848
254.610933079208
301.96675153984876
302.9632811764644
307.94955189365834
301.6207829757372
304.04939533276774
341.7832871025937
346.99197787894485
490.9818944054817
607.3976839569052
709.9119182878651
733.5591208761643
713.2665790028816
729.6062046052884
901.1369244085558
794.9314279412147
803.5330925652496
804.1603834158336
812.2469742833432
831.2661050192818
917.7336507994353
1225.6212241572866
1326.1027495868373
1297.6163044876187
1330.869757140102
1325.4542280275705
1307.2513197999347
1394.5890461009415
1414.4693556561776
1429.245413266708
1447.815573453825
1431.2998305897142
1361.876404136554
1365.669782083983
1376.2460589610596
1369.5218443158656
1370.0421728476158
1360.4802471447665
1346.3351529864544
1247.858843307855
1052.6275180329926
946.4451821488952
940.7850089106472
1009.0016706069356
990.0078147352741
823.0163453764833
813.1405895938343
820.9622879913081
814.5089814966567
840.7091057209707
816.0294194304025
668.2094679225556
453.1963407621994
311.25830332005376
307.52564980230034
308.1800450926588
307.2212886074958
319.4044855312607
247.60722703034497
233.02873950124717
228.15867495683344
246.95043862396375
253.58327351391108
238.459486175282
238.459486175282
238.459486175282
238.459486175282
238.459486175282
238.459486175282
227.80643860752886
225.64405800135424
225.64405800135424
225.64405800135424
231.82154997350898
182.3114170132322
164.73425419028274
164.73425419028274
160.801586296663
141.10502942273845
141.90691477561379
151.2409962751963
279.0426355850708
319.7648507625127
307.1042877656206
308.7797379475876
307.34346436948624
302.2542663884124
309.55164830906944
309.55164830906944
304.6023671313708
501.7892271534551
605.4880360901797
603.4070425432766
603.4601255751581
681.819174129297
718.9858191733083
692.0763012443508
718.8518727838126
697.6804525053487
716.4839450140789
728.5878700820421
764.9703366085491
758.5396875533178
912.7615391840376
934.7988236684217
987.0101129287672
1117.545229356314
1119.249293359647
1138.019269986536
1100.0362945623147
1097.0209577671303
1099.275647894705
1010.1780896888805
927.1571418302593
962.2797548449714
927.4054973155421
937.033355758201
929.5771748933147
922.7187434613601
937.3368441897832
948.6371436403862
728.3408791592664
619.8098028728102
800.9274755732347
955.6988576071818
870.6899127561138
851.1393145872714
969.5127856591977
965.0489736688595
1168.8885247953237
1192.9164291761078
1169.8936557174982
1172.9633600536804
1401.3746698793502
1235.282116491956
1266.2349098022914
1233.8874571608749
1193.6047576105682
1288.2794532685764
1504.5795013458348
1587.9227974208534
1710.3089271198974
1821.3313563076915
1940.8499189041993
1941.4056412335956
1966.2513469751784
1988.1970815283164
2009.4338473493253
2075.5018589377723
2101.153410945914
2407.759514705312
2378.1026066806344
2383.1921748607588
2399.0550644966493
2204.01701590472
2053.0149969073886
2053.0149969073886
2051.4101206224914
1934.467686603117
1935.5647884551413
1814.3936649895932
1790.2298449539774
1777.784780965409
1891.9990310279723
1696.1362502521529
1718.8317110983141
1756.0361486709257
1701.83232325159
1656.1432738344283
1572.443721350404
1348.3623214673191
1261.0528628529262
1152.8188623238698
1033.0943440245692
924.4439015981247
932.1881423584249
921.4804288310515
915.8229899801006
931.0259189254286
935.8445445295868
860.5389860712393
582.4384680245615
628.5291575057769
616.3279788805892
601.6936877186648
608.0631899226717
599.9501526322043
598.7579040552288
598.9900279131384
590.4049613071921
590.4049613071921
489.4424435567564
483.8671240800477
479.14228857698123
367.8083187382791
370.07710791908033
296.8486461969923
262.8706698106996
270.5525616552212
269.9565839209013
294.5300047949184
283.6980166258364
257.2309075244744
298.09664392309617
330.9771397464367
497.7173008302107
508.7413405549849
544.0157009177668
505.8141267208641
748.0492904206762
659.827149786768
633.5698359035489
640.6045830879159
688.3433219366063
688.5784064047504
683.0907224687231
678.5947397055934
633.9577795992752
644.5339997893501
635.2143937051984
727.2247788050433
761.466408629666
730.6456238345997
749.7262467708069
757.5706359804982
749.0696542969998
733.2316144159944
736.2288150995516
730.6740375001355
723.5345467151697
715.2871179188426
700.8611640343685
711.7264509542933
723.3681648383919
660.2927418307274
650.2917845087514
484.67299617070154
528.2925034540775
435.3965050416941
433.28577508898576
150.1448685320134
161.59446957057798
153.72257758593506
155.34907503777194
160.90922731116277
368.3403772553936
452.33729806813886
471.7447007902877
521.0902803559894
660.4992572132701
750.8650020103272
707.4014656354907
690.0461402587268
752.218848295483
761.976175101987
777.4946984568606
761.5987068083383
761.7383984805506
761.7383984805506
761.7383984805506
761.7383984805506
761.7383984805506
759.9058838727641
789.8554656900021
788.794245133425
788.0133361955391
776.9262348768692
764.2331820029062
755.0415955760831
743.9073811705322
744.2181774526484
771.8597960985454
759.2611935944353
779.3602062841277
882.171235294668
1108.4736800244493
919.064486802475
850.8493140911985
971.3871928804002
907.3338351323426
804.7322394934148
789.1365051112322
760.614866378547
736.3298944638798
686.7355824130816
691.0662750553612
680.8155939681467
687.7040921257629
699.027975475083
744.8569482722714
741.9229031338565
740.2947076881497
737.9702784457176
738.8284936970069
745.0700209440022
743.5647816789417
765.589871313968
805.8244472517882
907.7749754590653
931.7324122051086
936.726469932782
1052.9274404971382
1036.7464674939306
1058.0114676975002
1000.9914997367214
901.4587050327339
721.3645467491871
687.0098067073478
678.1286652308945
649.495089071237
752.4814084634027
752.1364832446894
710.0803559163289
714.4708389178762
713.8952916155548
697.0184924888251
829.2450317744781
864.9021764676913
912.0556770462435
992.449765189565
1093.0645697393106
1097.4583413573275
1105.7914712495576
1146.1585868480965
1223.3135149729908
1268.2623929124752
1301.2680583946872
1288.5460084831273
1253.5482084568384
1147.4423743215546
1154.9478130379553
1149.6498299244356


