Rainfall Prediction

1475.7401410150837
1524.6277929884386
1645.6426266589485
1640.1070557293306
1690.0260154069674
1688.520707966221
1678.345708022864
1689.0651700605517
1636.1432710750355
1614.6720029604949
1470.6520404801718
1200.0760011499647
1055.339982627038
1015.6162787935118
1037.4458734447212
1097.8812261265477
979.3336870195783
1010.9813486027587
913.4060495811498
856.4895369262014
790.3414702189102
1393.5503910934015
1440.9339402319722
1390.525394425587
1459.356503800311
1385.390001363332
1205.8309630198983
1265.807831876069
1359.6034134311924
1325.8994971139
1260.645373202819
1258.7656982267354
1183.19277622664
1128.0708683289472
1015.4641231542589
928.3389504745182
893.2758121256555
911.7975962607475
860.6636672410889
895.8175600413335
877.8249365531824
1033.9390432476052
1289.773037435483
1422.28685307721
1443.294878806939
1629.69191877121
1609.665874485937
1671.4991381962184
1597.5267521428113
1726.7249845916272
1747.5128187129571
1730.6460382828566
1213.3998921635684
1157.9697779956873
1200.3515494330843
1294.5910682528172
1347.1454195345345
1390.3654173261016
1176.2321479976517
842.2956519120605
894.1428193829347
970.1756109256075
1142.4115078250982
1171.044997986543
1236.6487288947997
1417.2817147667397
1557.6065873766076
1551.8096211516772
1517.5557115016652
1445.1360110375763
1440.110412154489
1305.3364915174698
1242.3145856615074
1231.7353860562619
1202.1733320821465
1385.29209337055
1203.2491659337757
1188.5952980422976
1136.9740884039998
1014.3619672026473
915.4734499026516
875.8600627349266
862.2027963826383
884.8050426167306
835.8848870665336
827.6893458802191
795.8618827011368
822.660355512052
822.6091910415632
781.3244224699635
808.4492938020678
773.835326521824
799.1257991026704
720.0688893112745
661.3848838090964
716.2042090958596
685.6254298699922
530.3557409444163
599.1236543659662
700.8133552191517
794.1458088274
799.9238246525057
885.4711128956859
864.9167873829032
976.6319682464389
971.6704018666055
916.7537171964046
1126.8058454733402
1138.8012349619676
1247.4642049350462
1347.058380976111
1356.3850412758795
1338.0179496008577
1276.1518655025409
1247.4978991714074
1387.4361820973938
1522.9020050062704
1555.6299595427463
1447.7396833587527
1402.5741018359163
1430.7549598589355
1537.0883832013265
1499.7655792781622
1374.251808036549
1267.4702836930057
1221.9511861275157
1105.277813854903
1021.2801722671222
1038.6717880852948
993.5983509855419
919.3596947663618
853.5720244314882
820.6446408434136
764.1048338780449
739.692508899283
638.5439839344983
687.4763483627289
702.6266924295576
432.62803741901496
314.0576220346007
194.61584547165532
186.3442664188377
185.224959569401
106.45818621236612
239.15919966386696
253.43065618505372
154.67961242816463
276.2091566909609
286.81407198243176
376.7392771469231
546.4056019658601
577.3186783524669
620.3452192021821
615.866387145753
714.5263840028427
698.2462939737675
653.6120912162951
787.6574873025288
783.9866847035322
789.870388324508
789.8415677699102
802.3975380417374
818.94816628334
890.8844879638174
993.9548287620045
1079.0245801540461
1038.2449235840986
1007.6370652368631
904.7436711076633
837.8568382602002
840.2401997687349
750.1940097451829
748.2814226163191
750.809412751571
822.8996063890869
737.4093627522004
693.0132724139887
652.9054645456695
416.7201140560536
356.4890425570241
224.0944941953748
112.50662567267266
125.64063851248541
59.664560935114984
21.28799403845651
0.0
0.0
0.0
0.0
0.0
0.0
0.0
0.0
0.0
0.0
0.0
0.0
0.0
0.0
0.0
0.0
0.0
153.09495211328752
164.7684266566451
156.49093309574948
159.2012025722504
242.53680968786352
339.2359154158416
331.9743755592292
400.67788797804985
419.777180825497
531.097725887511
460.7590241501171
231.27925587695088
203.75391219880163
8.654290633169495
21.336130009230857
232.65023946486872
74.88178667725481
112.26407535802186
0.0
0.0
0.0
0.0
0.0
0.0
0.0
0.0
0.0
0.0
0.0
0.0
0.0
0.0
0.0
0.0
0.0
0.0
0.0
0.0
0.0
0.0
0.0
0.0
0.0
0.0
0.0
0.0
0.0
42.34931893710743
135.36286240753878
459.6520743121428
580.470340868304
646.1861704936092
980.8032810395332
1180.3960555972876
1304.8190714769412
1359.2743417431686
1497.0216796656064
1499.5371347750768
1375.422407738556
1198.243070833079
1025.493217350239
956.7700063405981
828.146159427707
890.9205654362544
868.50432405564
893.6486083835737
1016.6360773082307
1216.3334780796367
1280.8888707540116
1376.0315579378473
1402.0686836530285
1462.8934639248987
1384.2998412875475
1378.4507836358207
1190.4597839705943
1218.0388478765663
1183.1749254693032
1061.2219949003572
952.8788203902463
769.5058899363456
807.7465084265465
781.2494788107654
748.0604829544267
413.3591188999257
403.0582300811235
323.3589315258208
308.5054969808009
41.713673395457874
64.05753478431664
173.68386584609567
305.1635625884775
421.6279738806261
470.6995082969642
662.5659050005538
935.7691973321367
989.9991269566005
1043.121420817371
1156.1411413763392
1337.2991329472052
1219.8250227337926
1265.2167183525398
1237.7567742239717
1326.8519459129157
1332.2252677849988
1231.7156297471183
1216.1846495580987
1121.2921864104953
1049.2238309299996
1231.0284586508933
1103.4068188495517
1003.067545077718
855.6502789953615
814.2227447324991
806.2642722451927
821.5918939608574
820.076742446787
872.6158818015422
934.0005876110783
1128.2441911042292
1011.8336244760214
1016.7414939094366
1059.2005390175605
1096.6147181576434
1048.7269266618343
830.2828349140614
561.0258407350491
406.27355450310887
409.43200042308354
402.4570495500176
24.802337166130627
99.71378236554636
0.0
0.0
0.0
0.0
0.0
0.0
0.0
0.0
0.0
0.0
0.0
0.0
0.0
0.0
0.0
0.0
0.0
0.0
0.0
0.0
0.0
0.0
0.0
0.0
0.0
0.0
0.0
0.0
0.0
0.0
0.0
0.0
0.0


