Rainfall Prediction

677.4796404381831
430.46008550013994
324.2497471350295
274.4997151414071
270.5748684759076
287.8134578755831
313.9173340759657
277.8294546691344
402.3627102948959
530.4013191209602
573.1703270182467
975.612230078871
949.6709008537575
513.8120761533518
582.3056597512975
765.5933829448312
780.1323918358502
294.3262413521336
543.3175708557349
452.955350083978
542.931487414648
509.0990238146653
1105.920187876569
790.997998993574
420.08503739699233
374.3362398519757
693.9237643148311
560.4657572856671
564.0976528539246
35.799631639535306
472.4780198410906
113.56801418654995
47.53171303848339
17.470256704597602
13.057849293492978
12.435185103953824
23.872099803854717
0.0
0.0
0.0
92.96327077897496
355.26882016750665
314.48707513991934
256.7214655886284
404.57500715376716
0.0
0.0
0.0
0.0
0.0
0.0
0.0
0.0
42.544620605423304
220.92107047165592
418.25636333043155
361.5833176455632
478.7612525475441
547.0287927853636
0.0
0.0
347.498970066458
308.4742575353811
293.4601990435647
125.63708552530272
328.79500621904873
155.23840675082272
99.26439392435415
128.83801611252122
207.60652544436326
277.98488435621925
387.56314160013034
381.91888837570383
4402.9970813966065
4982.385255648038
4268.839977987638
4720.834799186329
5022.338420416466
4891.9409203918985
5416.009984178614
5484.576527353308
6220.038167863917
6615.101171960915
8827.929536597507
6492.7012471655335
5092.859915186382
1095.3721642608166
1450.899735486689
1212.4137701629368
993.9397431259847
467.4751602391239
264.33675503955675
206.68123537172528
9.041050336091672
2690.0256264581835
2047.927135363724
2256.4907024399863
2139.820786776573
1841.100281270643
1631.403838292079
1608.0980420413832
1639.3115577322046
1029.375699829914
91.6284151965666
0.0
0.0
0.0
0.0
0.0
0.0
44.10975922043484
81.82431666657956
0.0
0.0
33.98256874827709
0.0
0.0
5.208351946281837
50.31622562122037
85.16307105526015
104.74016392876145
128.58654446077418
122.14783401003706
117.27844910016441
0.0
180.26423275172357
135.89831366369555
254.12576413759143
262.5079177682884
119.76855366847496
36.07271235558294
0.0
84.94504455294957
0.0
0.0
0.0
38.91537624259823
0.0
0.0
0.0
0.0
0.0
13.373289173511978
0.0
0.0
0.0
0.0
0.0
0.0
0.0
0.0
0.0
0.0
0.0
0.0
0.0
0.0
0.0
0.0
0.0
0.0
0.0
0.0
0.0
0.0
0.0
0.0
0.0
0.0
0.0
0.0
0.0
0.0
0.0
0.0
0.0
0.0
0.0
0.0
0.0
0.0
0.0
0.0034709092675377917
0.0
451.4015187222651
787.1026495825455
1021.7722851185683
1193.7536535794775
2453.3117214073586
3128.9329584805114
3799.91014810425
1001.506478707757
915.7952269153602
3159.6497111326025
1895.5683381948804
1779.0964411978484
791.1912476414975
1262.5392249598365
1153.1191587966507
1799.0517462890111
2229.609407056584
3223.433280314396
3973.4861660396227
417.5073154426676
31.96267533343304
46.74757547318512
629.1322760930847
712.9646878172263
710.4631975021634
1037.73546698056
1212.1599977259655
1347.7299748673172
2259.1141421816274
2285.937381213049
2643.6894327750774
3284.6042506117433
3402.364687329123
3016.9947098678795
4022.180376470324
2670.8804815270737
2206.1542046440404
2195.914476253247
3524.173016100055
3520.943442099257
3441.9130889332737
2961.3802391810013
2908.223501476381
1410.3488203929026
1580.536675066425
1530.254685732035
1796.6900400718205
1327.8926006177703
551.1194315476196
1167.908996277502
796.1195112092196
699.2670774260907
412.09423778646703
756.4712809584171
889.8723641044381
746.0713399329056
822.6431580346994
448.8151225182693
368.21094120224814
313.31059521322396
121.92838866144537
12.346078063426535
44.252293941754644
80.26260415789918
126.76187074150714
127.0951109041683
327.2427430860505
109.0189194670937
0.0
0.0
0.0
0.0
0.0
241.66188114656322
239.74797992042394
199.8157192652899
166.74720651422675
284.5122909058973
320.51315957525804
343.75743945867544
199.79598533520826
0.0
58.552512273934425
230.7386100627919
0.0
0.0
0.0
0.0
0.0
475.4513928975075
295.67945274967326
275.59776548472473
288.6902580743494
243.26725321599432
451.23098277100985
633.9243282251716
900.2025429630513
364.25416409413987
776.7097099341374
1099.0861285851252
672.42962712534
1512.6997632518
605.0515280849685
1998.9543741549326
2237.444208382828
518.2961310808171
1106.110112499688
2259.0702578318687
1891.5231825991643
1938.2751846768567
2865.0443149087987
3500.3086188261377
1637.6792502988565
1120.8310689231896
1128.8666120858588
3729.322623597525
2093.6812861442577
1764.0885184427648
1783.8829475714429
1632.7224952037377
1977.001917300536
658.3137859801271
691.3813326024265
690.8760025755178
487.36069282954827
936.9112465873812
853.226074447826
529.8656154826309
266.84498934642977
768.6155879031087
1283.8723244502237
400.9411132379636
0.0
471.53946663766493
0.0
0.0
0.0
0.0
0.0
0.0
0.0
0.0
0.0
0.0
0.0
0.0
1288.1848783724695
1084.5126040427672
1014.1279884248447
1076.4968597929324
1123.967186191251
1086.24137370041
1206.24137370041
1159.6682157129596
1167.1643364820973
1853.7748755829653
1654.068568161163
1723.8953893907346
1411.864415264297
1312.7815973809165
1221.8425891774032
1052.433436990671
0.0
2800.343793862372
2469.4749808726847
2330.7278296308896
1228.9735355085172
1298.5043019666275
1253.8654116436148
1071.9984564853783
1177.3465171188218
1429.19790308858
3183.037370364994
3794.582953335051
3714.9470710768837
2668.980787904565
2331.4293108844463
2331.4293108844463
2330.561020408163
2453.2124333406387
2364.583608134636
2114.754758517007


