Rainfall Prediction

716.9509731524241
773.2265271846048
831.2821704073191
823.534679464414
828.8824734501259
835.2164624273518
879.9720574451751
854.8561538422997
897.9054791795264
909.1136321533261
925.6561563499839
1030.7641694557547
1088.0011901742914
1074.0366253438367
1058.1525953778707
1073.3352187479766
1082.0239059095086
1133.2222807518965
1193.3999058148092
1242.405627565248
1212.7619271713468
1205.8293270844827
1177.4939104906518
1165.1250645350501
1168.4854429496775
1168.628582530911
1162.2882114684073
1123.6088582826221
1133.3123794684589
1104.4312497551741
1045.9898140967214
1027.56063490243
951.9092578527324
866.7161059029413
870.9263379870533
798.8432039084441
792.7683148025072
771.5750273932108
792.21594730117
817.2458654594814
809.7590917688883
805.6308377938825
754.4737137301149
710.8480341106454
665.3738607015183
657.123464922438
631.3808069557981
598.6134191024117
562.9778228533443
533.1987702443047
476.73636566949665
451.2451039941212
444.5866536957769
442.55810922910933
448.08852632461594
447.9548377083608
474.9145098969154
455.2511521034911
451.4557271458297
466.138831609755
527.8271988453207
547.5206483259497
534.025591841227
493.97125271802486
457.9033303693415
487.28235044612865
505.12559219964146
503.79772358008233
493.61527353356945
464.11561071662993
406.81847026961987
469.673562801339
464.5289524095562
451.23180022300056
438.90709209136116
435.1945045233432
419.1317064724292
423.69588787174905
453.90433442856124
505.06522105805766
525.2493483576103
580.9385511146809
583.7448656067653
586.326225532651
611.931312072443
621.4380754730213
608.6970462871363
575.623066100918
573.9577303391264
575.8456790822657
519.3662421627924
490.97724268838266
529.7542660688343
514.1833556888162
533.8716088476266
563.2476540138326
505.2662885627118
493.9606171166612
501.1146700067896
497.011771094527
497.97747677039905
496.7757880985018
465.9551733398472
465.53196116940387
465.5568278983555
464.30019954617876
465.38972685654824
467.0143673970938
464.3249585838565
469.9822924285446
430.1696902188812
416.7515430504004
357.4202603441179
353.60965100001073
338.1174318253585
309.3923420845966
333.65709513172743
343.83776590324635
338.8219516534077
394.6830684848987
402.53782830557157
358.54612340548596
343.779944590174
326.0871062600328
356.25619118143464
347.91694908374006
350.89612902259785
485.74362600417237
591.4244708425281
633.26802372838
633.26802372838
678.8650532789621
701.3358672295864
716.5933061232784
733.5927446818849
747.9648829000324
807.6308259310766
860.4783780397961
934.6467418552122
1004.6577302454532
1007.6410258936936
1013.1128352969542
1021.1950947096238
942.5466578316432
960.4403464845965
973.9739728205253
1013.6140167521393
998.9576895078712
983.6561397879489
987.6100460498466
977.4845343454151
953.0954510022033
993.3890699515522
1019.0545317861988
997.504369655086
1018.2688225229267
1019.2170731118601
976.6163846983733
821.1503794683468
661.2053204842019
650.886601534881
731.9756500870269
649.8084868534875
722.2672614622467
710.1384999411387
734.0900271761134
742.2110481472926
724.230616583728
729.8139826508329
709.2774614366923
667.1311382839611
652.7483485656353
654.0156745910958
722.0830343416266
738.1945369939637
730.7547479188573
731.2367836173845
724.3379180236667
719.9837205293657
722.67583005056
687.7944425165732
685.9066754169546
726.47131352337
788.2608436402572
799.555021475178
853.6725020941029
825.2254396560093
825.4590208030163
863.8247428336414
904.0688561902422
874.0976020356778
873.2790641651624
810.8952664735599
800.4009840905032
749.2598223794432
749.2394710981666
664.7136754253517
659.185344296769
655.2202134452925
658.7985021391927
679.9166740464677
699.9368777336585
821.2789063230041
813.9202577800162
760.4093843151558
744.8433299629278
740.2210926857978
764.4884007414428
750.2175642719872
758.8036737250533
759.76892490743
773.6131302883662
764.1739229899454
712.8940991376022
635.103572352919
587.1894027043792
536.2578241498187
523.9113348615452
577.2870161189579
555.9250164903323
520.5458491430497
521.1499750320597
581.0722865919796
576.3109674708819
615.0601591337953
652.2395299377865
666.156465339024
677.6241999943761
758.8090639513676
864.0791913470208
954.2044707186452
922.9440015832444
935.8295361204064
863.3454376099171
922.6713074929409
917.9729619886348
932.6924298364297
962.5106908306936
931.2577235069958
927.3645304127031
959.1831005062342
1040.1431320686856
1035.1984551681312
1035.1541295935822
1036.9953729890915
1015.88890699806
1037.8005500444133
1032.3777509593206
1032.7937791454249
968.156457823108
1013.0751195666561
1006.4581619507512
976.59985959894
995.0858105362371
998.0961549206307
966.4324585296771
933.7710480249285
921.6906285987798
903.9436910702857
811.349582028475
750.5572251381126
625.8067875869325
615.6398680063804
574.3645154238856
547.5774385206123
466.40403643476947
506.5193741126307
522.6415125068715
501.79045463677465
489.66541199092075
544.6500403172216
508.9575844375368
455.79121396353867
465.8838589129691
482.6815239938464
517.2644812467145
527.7311281548083
497.77200903853037
519.0612161111957
536.2057001153988
570.1540034548422
547.8167970789181
553.8497344311542
570.3714309304394
494.0587690761929
491.0432542913909
496.4807518742807
511.18832047652023
521.8763723712465
557.7532771411048
592.9149505354586
574.6126403671421
558.1983015013012
610.1216807182032
611.5174328930032
611.2347122777177
595.2446250383983
562.7156807724004
534.9672467980828
519.199864704562
560.1362454223538
469.780585037526
605.5135707945971
607.6463716062815
631.7378999709204
631.5778447202877
637.8724230281304
660.7055421518689
664.9192832152617
645.4761598786
677.1969849842083
626.5439223862096
645.1603610142829
690.3426089050223
687.6281112887885
691.9196976288714
701.0995081107078
713.1229519797549
719.3333916460011
710.3956709392595
707.5244100929991
694.2081799264926
734.9154762625848
766.4819881368013
700.9158130554401
713.2631334021437
719.7605979887752
736.1271018685218
718.0839464197556
732.2584656189741
769.3845010155385
722.8379054541215
706.9956194566331
633.8119968029733
630.0516373591682
618.9335581398839
667.7239022040778
625.0976169164267
575.5418572654268
572.2345454629103
580.8500499261024
553.0417855351508
559.6986627452444
561.366456180231
517.9321976175046
509.0409483070495
523.0352098045062
551.3766240234705
566.4205486934923
557.4262892692229
601.8477928159087
640.6291198530071
674.3853632263413
616.2690076346161
626.877369558623
631.1167849746423
629.7741801144639
649.0052083251011
663.4371149346279
673.58567946114
664.9644311400518
653.4337561329926
656.45855858552
666.8658456685979
665.6163563596621
665.5355238917926
652.2728091220074


