Rainfall Prediction

498.24705589937736
512.3676823958842
432.74863339497443
430.4190741844128
418.20073583712644
415.17197332260224
406.1587033402286
400.83150751837496
401.20191526443
411.604195397308
408.4567397912146
373.8863853042687
364.93374989133315
354.9230544504777
359.8687930695922
366.39477556298834
393.7102784757616
419.99821045529825
424.7543587456038
321.0701557390377
259.9869583627796
187.80017184369814
7.156961022204314
0.0
0.0
0.0
0.999765426568402
1.3663477126839325
10.068853559211114
5.445296960110468
1.96806861211671
11.013597058179577
76.91656868297711
79.76657024952064
78.38653010115023
85.77889400598778
84.30375717627612
79.53278000185833
87.33372732787132
77.39108852016115
93.85972952872686
86.74049389264889
255.30474669068724
248.35248504247994
247.1345056703407
234.8226608118169
275.3052761882588
286.809551500425
447.12819217141066
497.0174191654687
641.1821991188559
641.4517030863688
647.6505511415612
625.4483929337027
621.8269611274725
622.0161188036836
634.573090354654
623.19703747252
621.8867190885147
628.6767493104999
591.2232994195487
588.9469679934479
589.265545706782
527.6090610845508
501.0887483644178
525.144862718228
559.6907020569772
563.4711585372033
559.9491380203588
554.5888818032874
543.471535166099
625.9961336632643
623.9564311178239
453.93078904041255
413.8534766370066
419.4229141670583
425.1032272006884
373.135698250314
364.2926682162854
281.4019801874148
270.95343992658417
114.41454860472362
110.51716907695823
103.6607754195051
136.39825649472948
148.31530154430146
160.766371929998
149.2737757290808
163.68689903359774
162.62482766648438
148.4937923079254
150.65947803709233
152.5105065192489
163.43042884918665
164.06014113779122
164.2170560796791
154.97402119579561
153.03272882335693
152.86774470796598
153.70456703281707
158.59295473404458
176.04729052018615
183.3923045064169
182.93611640663767
181.5128295558181
175.4525155246697
168.51022034983777
167.08491333276908
175.5561220992513
160.2240909285503
86.32122311777074
54.17919972815765
61.472328604035106
69.32802121198449
70.68410302288106
34.61854013685471
27.85310495763993
20.70977784811869
47.508728765210215
7.579768232975503
0.0
153.61781422303852
68.47989363564528
23.137995090950824
0.0
1.995750757523183
50.51214634604358
60.94836193041937
54.13343852538148
53.92622154359904
0.0
0.0
0.0
0.0
0.0
0.0
82.47840951664469
189.09056818573336
261.2867242817873
189.28585011254228
165.34774963657821
195.34774963657821
208.68755363050872
146.95496239914115
178.9279910402036
214.17358583595825
479.221057413523
525.1350151256198
479.6159850020888
491.49488281068034
506.52929938544435
659.6881132772353
567.9399912969137
538.8582504410001
533.0182092983105
598.9231400945064
601.9446109235781
566.8988206388987
564.0885368512156
572.8574921607699
572.599386425267
603.9619756919028
601.309280780304
590.5781853786881
595.0523880217071
588.6015059848977
568.0022388361213
447.5030773632569
360.12498131371854
292.6881738718842
385.9189526949738
397.5002083016042
375.6722622554877
345.5881745109701
310.9172838915207
253.69719963768028
282.572109334687
193.688645847509
157.65560842163455
183.08715528269568
190.65151990117317
206.12946553778005
222.36223443696662
237.6129641538197
271.21519086574307
254.003872251569
241.79621127132336
228.3259433059098
265.42518504692
308.7876748291146
296.4384369674805
293.27540603381294
372.56862418945246
301.41700304970806
338.1763919142684
344.1869515518842
350.04182702945565
358.11657030801274
367.13032458043074
360.41863775744264
358.8097338836844
263.83126369183776
257.6468952785949
306.7158667445743
264.03876510688036
286.37335654050196
293.92061382922435
297.8560767945519
300.378673184542
304.89440919462015
286.9841423492955
278.1857332450756
247.56058598079673
173.84252111897146
159.2750378672706
120.91908311015777
56.99957408254436
77.71246244310626
79.11878848930942
75.54611193637506
47.39648047345855
166.5022782777724
191.24103727752876
299.5864792788927
424.6226113894389
388.6023330701309
384.7905898250955
383.0952684848712
400.5174999212101
396.6402140575043
402.1023677403407
522.6569613003836
577.0312547066121
575.362600459251
521.274726916939
579.0524299770166
587.7929472090151
626.4679814602126
745.1820167547592
786.2133941938453
816.5803961303309
872.8992501033965
854.7934789281763
890.0290450178278
859.7830250297773
841.2321166172833
813.1161548556324
818.0766357093064
785.1275950988106
767.2140121803025
765.6172226991008
771.9765050368109
658.7228833362527
661.4829449597836
659.6027589317234
494.41155172912033
498.09703392262514
496.22281780691634
495.718054842994
451.4887940838795
461.144198056493
446.6941341158339
377.1677551183511
334.2035143741009
332.11772661204566
319.44787810464493
239.226126653352
211.17186995617084
229.52368438050192
301.4594669261452
311.003030620148
271.47366132246003
229.19783483582586
698.7791425026413
737.4801642582084
754.4984375575259
778.7381614092543
800.3239862852889
776.9931813201424
774.3902265479908
773.3572097355149
775.3247563654053
775.3195179201475
775.0033291787646
769.270374890681
685.3718530303515
669.5602071343967
660.79166534054
683.0323991237578
725.2375226465269
726.4657334360296
748.3509642463658
833.309496949782
779.7608276617774
775.4765129359886
765.0026063538079
737.3192868016527
721.0583596753659
723.735025138164
716.2648252586092
550.8876624902421
569.9375235077995
568.6253401087349
541.2591563143292
111.0975115105673
0.0
0.0
0.0
373.129202860562
157.45518863105775
473.05199798432614
541.6319293865168
657.7614890583142
622.4641619050244
854.8440521021556
974.2672313903627
1020.8751613558279
1027.6401665853966
1027.3176146523936
1058.2063010944428
1008.9767095894246
1081.6299381125605
1074.885614103803
1116.0253586628037
1094.324700931707
1085.17727955055
1106.9458381529798
1158.8128543020846
1263.1621228336717
1261.7576612072182
1261.2103958535051
1220.405360441771
1166.4562774517221
1158.206397308059
1147.1134324757354
1204.0194980576036
1258.034838900855
1286.4235587296325
1224.1811283016182
1146.0287269477622
1067.4454967546606
1028.7544013251195
1021.5454518047214
1025.7618683046524
872.2823572125711
619.3353843773134
574.5616377590543
533.8490059290331
534.2719503615326
531.0879797083356
595.2998403050744
587.2173486569478
468.3747967367957
521.3319627283922
411.8411953953149
426.969131438302
538.0652231403259
530.388182379684
522.3015517011816
434.18962339643645
434.5610408343336
438.05231864167064
453.0387489268383
441.5929500402346
438.5567654278385
436.00063112266577


