Rainfall Prediction

1154.4580639295352
1130.4533019167886
1119.955682923162
1161.9509209104153
1236.5734305443098
1346.0347124279465
1369.3965716840103
1333.6220681387226
1284.9409688544392
1381.0925553406314
1161.2609325253898
1161.5953823079803
1161.320137856174
1160.9861101107135
1160.5341475948983
1158.9276686213384
1159.0084479679963
1151.0084479679963
1151.0084479679963
915.3090552287441
774.1514979748677
877.2296531628339
702.5379036427958
677.5438149269694
676.7837418217589
667.1379734212215
701.0938271139208
703.2725329005558
809.015438818868
845.4347745735829
899.8986386517986
899.9372623721605
1051.2234841889062
1058.7027642837618
1059.1178314524225
1058.467946201999
891.5344246231283
694.8351452548299
719.6986510938026
674.3851889406993
563.8000966034131
732.8796845609924
953.6308192898778
892.7035689080201
923.8059027554093
923.8059027554093
901.2796144672324
986.9291990612138
1217.1165128549
1340.0012908309443
1594.55659671278
1560.6832869275404
1698.3400879946644
1693.094918144731
1757.2989037353257
1834.2512837999338
1891.0479386837455
1925.0633419018595
1898.0787979443696
1893.7039949518162
1766.5798112699583
1759.2934814581995
1762.3067858489983
1762.425269880901
1845.1743764035525
1925.3200105014103
1935.8951870937763
2038.9408674433046
2083.4686482548746
2063.7986852062236
2054.850317451645
1891.3129364915271
1844.6302875446245
1567.8229600860177
1574.4224260603219
1608.508678590573
1615.3823268833214
1668.4766018915798
1501.5207920754685
1455.9073965150315
1515.979064937138
1303.4727407295227
1221.9937920321076
1198.3556735416823
1215.8595122097486
1161.9519505051258
1081.1031869760575
996.3537563797549
1019.7699000295289
1026.3844335885587
985.3082571367199
985.4738491093098
981.77274531997
952.5664368697855
822.350392553996
752.6758356221561
675.3373004043001
584.7797625655375
567.2302252761757
535.0220135078968
476.5383305766012
500.6017667566729
500.74496743953836
500.74496743953836
501.74981644173306
501.668627530014
501.80922494376216
501.74903065455715
246.75019399722987
231.75019399722987
160.789564805476
120.01765272530423
114.11327773132206
117.32059511322433
118.09412471832064
81.15162599113106
79.88436127054547
88.13244481191123
69.15162599113106
57.15162599113106
62.71435700489005
171.87094652903315
195.7616438431946
194.34006118066327
373.6885123931693
384.19911447754805
445.44770879321914
676.6429293187794
682.7148106743178
685.9478941484635
686.0088528246768
669.9755664931077
634.0155505058949
633.1907536300714
636.2306421014425
702.3103240338266
699.1906106596657
900.3026702164423
1030.1195950945844
1027.7883085783446
1031.3280403137462
1091.2630678341309
1094.9887711421843
1079.0067002029127
1170.0328167028601
649.2862916390903
721.2477444612275
721.5187892753916
713.5187892753916
713.5187892753916
713.5187892753916
848.5187892753916
755.031248825511
731.4864412000317
1485.6955569266192
1484.0253940771504
1474.5268775526404
1416.075623478858
1416.4839786169987
1414.226500940343
1414.864815561435
1415.3285323780901
1415.3455476483514
1492.3203308740362
1430.455126243398
1493.866985834144
1584.592935249646
1138.2834072097762
1418.8743464378063
1226.1106706271191
1512.8849457879082
1529.511321725021
1469.758249564575
1463.3510257353648
1478.236064000013
1331.2962569327292
1113.1888115725512
1515.6497689441485
1528.373891356557
1595.4022277400097
1640.4022277400097
1391.6795555122897
1421.827000946408
1697.206252230754
1761.4240994914005
1500.6766253977962
1444.126335338173
1366.2203124764203
1244.699023359547
1191.6626810273335
1244.2831449024588
1093.8924295225002
1141.328609404065
1142.7361345782597
887.5597930566216
887.5597930566216
887.5048557131604
885.3482056933497
885.328293115211
884.0090374341751
882.5779727063659
692.5779727063659
676.7889062309123
754.6208026238733
759.9674451998974
749.9674451998974
750.3970143350864
750.5382795992323
369.3765038570959
759.8241144466231
729.7427547685786
705.7432984730763
680.9635434260377
532.3822812757876
502.0970946992404
621.7465980050526
547.3961013108649
607.3298423873367
597.9420637470205
605.0340451063024
638.9590179753525
721.7902554381192
834.4753898935353
760.4467993336677
911.0696442527687
911.1862632575101
912.1649521536369
912.6049078064345
912.5399465025976
912.6118815629181
908.8769919484372
1150.8598672540697
1244.8598672540697
1246.8598672540697
1168.672154073692
1277.6231056804343
1277.2563104053143
1353.0053941511806
1336.4511081538221
1183.1750706554653
1262.4396098804912
1279.8542222306523
1383.8905146573773
1263.0687409426882
1263.0687409426882
1106.1444315456993
1106.1444315456993
1096.9243413589263
1185.2119759657867
1234.2027285924912
1116.7477018978593
1083.206486346701
742.5950686428001
889.5115029826636
985.3121761510305
619.3648442290099
627.3385563518556
627.1609050402018
627.0965560605138
627.1448052987037
626.3501897885739
628.2092544327219
572.3871844178769
529.3709665425033
528.3709665425033
1069.0445152481516
956.7494205750951
957.0389687395411
880.8987242679416
992.9140491515028
910.6170323805001
815.9104253773121
707.9104253773121
802.6823424981407
802.6823424981407
802.4831180888146
824.3763441139578
839.3763441139578
839.5442884905997
840.7767871417184
841.9602875082135
844.1201106223456
844.6956214483266
847.8987628704353
847.8987628704353
766.5818374347523
755.5818374347523
757.4355344994367
777.715665743104
821.8185350030565
825.1829568422813
850.5457327000661
930.5444604843392
892.2092544327218
883.2900047652412
895.9609668418271
887.8131763783507
890.6024375710629
892.3207106127236
898.7927665937742
758.5369388598158
828.9489628072525
826.1260652751373
839.9703955044739
406.9703955044739
410.9703955044739
412.2292624391282
511.36976973597336
960.6868093482941
942.3777666226247
989.2217177479047
1061.5673162525968
1256.2313696902888
1319.2222678259732
1616.1090936692779
1512.2882513558907
2138.4138920318883
2136.6616691639274
2247.8796721956223
2217.9909343417357
2100.930106478906
2330.871404012577
2330.432121536278
2262.116566882068
2236.2340111005324
2222.100011915715
2123.0531377973457
2216.3710224269716
2172.2163129084065
2172.162826665414
2197.4539200148674
2300.5811672763543
2352.485728829097
2354.057429617664
2258.8539222443897
2333.909466373463
2499.7973267823
2357.2804920589315
2139.4278892849507
2092.679014287126
2055.145346277208
1938.6074217226665
1948.9043666218395
1870.1851900289585
1772.1124045948904
1740.5472310980003
1478.9741156438363
677.5313290742157
677.7756709869806
679.1875255662792
734.2745645503624
740.2092544327219
625.0507346265615
669.5067200185111
1134.9943365017068
573.6222212877989
680.3412921686087
1354.887865573997
1343.7676771589352
1720.6444245940108
1712.1287324405007
1711.3759598784025
1735.5872353941734
2201.870729950587
2183.0467705367373
2176.966181196991


