Rainfall Prediction

6.442752338166422
6.440974476117656
6.402178351244366
6.391888242699904
6.29492567330712
6.28719544876174
6.233604446713023
6.328929470346398
6.3241541508677726
6.327638697707303
6.3394394272889585
6.338897234002428
6.337886260178978
6.353568098150304
6.347585988299665
6.351141930274257
6.374386376430561
6.3475836565339545
6.311503407533493
6.270760919287269
6.255288641798102
6.220720035568487
6.2298831527214675
6.208558125516386
6.2282238070709095
6.2798431344822925
6.291319476254979
6.257020331899601
6.253746903669091
6.270289253568686
6.269980733982878
6.272366053219457
6.240155839235019
6.238934866415613
6.258128054944624
6.286106585547058
6.256097231844015
6.2637210380316075
6.238870522065365
6.2174326691598205
6.244616303571463
6.2175043917331285
6.32098892030764
6.344511705350306
6.399785068008414
6.394711643191639
6.42515550483945
6.443825720718784
6.457024606410692
6.458799033448267
6.458118266145248
6.4572298124406
6.453509625166883
6.450346490976998
6.45157087625767
6.446552630379212
6.426663234746655
6.422000297905336
6.428819247889927
6.425975089603176
6.418847314956155
6.444099302063919
6.440767315112901
6.442016455546352
6.454931250716758
6.436408246337828
6.391328721856128
6.377848774694372
6.354865729094006
6.417192068958217
6.421706920130269
6.436258139870267
6.462142514994246
6.430092416359439
6.4377219374158585
6.391296701041422
6.385824069052513
6.361082598103916
6.3385173243017565
6.323645153731091
6.322112066674583
6.355806294312916
6.392576124506572
6.409962851512833
6.42512567442638
6.4255572345533025
6.438327156251001
6.46849464087507
6.47174706743724
6.469169035671934
6.471469441995049
6.475003552941779
6.453782337454061
6.442772335227448
6.439420629434812
6.36007521169566
6.325555144829963
6.210501744358077
6.204020806045681
6.204514723814147
6.249778112028915
6.257530896483743
6.253029400061967
6.279074565101084
6.355248315606031
6.3877904401559755
6.391832634824322
6.401810527610457
6.4074775299587445
6.41849011618397
6.419836654675194
6.425695343940915
6.3963606828293775
6.34599978660553
6.331218354999398
6.349378489186096
6.341365558114791
6.364282295434519
6.384137848826143
6.401809462106525
6.400532540791356
6.431978314361283
6.441100080557362
6.439565702579757
6.446163634522709
6.447017700380581
6.459347862190105
6.465324216433567
6.470035201252382
6.479318520359331
6.47577914694476
6.544510624034858
6.5450889847486105
6.539449256368592
6.521667435019482
6.4630092726406145
6.376736292258631
6.342586932115593
6.329912933495286
6.3215769238058
6.311572741948912
6.319568499308161
6.292074722400593
6.2999998561390305
6.303293190575208
6.333166802124472
6.355257916073838
6.356952831026366
6.30302207918071
6.300045444383661
6.289790245280206
6.30683504125333
6.282597995928324
6.243896194853118
6.244537848840048
6.250443591243043
6.267098963718583
6.255196459712322
6.243656225970951
6.216776661827693
6.220123942128295
6.228787045546321
6.18068760835768
6.193242338823989
6.2056150549951905
6.231415426421076
6.268615274236638
6.2796657516118675
6.283910448228195
6.295049367504394
6.296455155134184
6.299725861449879
6.281663485739652
6.296395922022768
6.3562322073139255
6.39468066286177
6.34870830912041
6.321647564533017
6.323192855694946
6.327475798712459
6.31910835610185
6.293829260704906
6.238997420013981
6.241211621613309
6.303359827866666
6.2902825918951635
6.296989881935383
6.376488850222376
6.387840227633738
6.38249962947422
6.3458696347639805
6.354431748886229
6.367499944742408
6.374466987667359
6.404848719599979
6.436938872459268
6.456093905992797
6.4590835902443855
6.4399606848770015
6.42586111447058
6.421531775217867
6.424324492921791
6.423231487754528
6.42542690146239
6.409330527939174
6.378185865404756
6.327030217306203
6.31853596418583
6.308199227880766
6.304209608320617
6.28571831281303
6.285654874058927
6.28917941675626
6.329354650111842
6.325339082142813
6.298348181131201
6.292253911858179
6.269273842878544
6.211166633883977
6.186080881328134
6.237437713651495
6.25152767116744
6.246598159339709
6.287070014460809
6.2684942400295585
6.362238149432492
6.441648975786705
6.429680388866823
6.388077553218004
6.338751748570151
6.318591117654419
6.334157134257625
6.335131353122555
6.3392456276842895
6.335510344876769
6.332203482867261
6.336051187116941
6.33714963698568
6.322097737334292
6.309332823878676
6.3188475885336715
6.305560473943727
6.298882671165638
6.310302464392048
6.274557570322482
6.281750024315826
6.306630406715292
6.316061988266711
6.3172857429805696
6.365554230632703
6.392194992305234
6.391565587909008
6.3856280046291864
6.377227040670747
6.352963621944617
6.348878640181727
6.327080310662261
6.26722458276618
6.274624314118524
6.2791056030265535
6.2823658889035645
6.279586275191972
6.26315784095824
6.257243001457089
6.236594677607343
6.255953562101177
6.255614478133171
6.256384171680631
6.250540597796342
6.219220560365646
6.192386930390632
6.180432293915704
6.1451768083335025
6.143795931121417
6.0821631070887525
6.033230104764221
5.933463027029232
5.912835433719381
5.849146898665426
5.959204339727398
5.987578645296271
5.997816502278135
6.032373491769329
6.039304008299182
6.073431023599204
6.045817585253818
6.075909457269181
6.141616265853507
6.264997402147845
6.2514447410209835
6.252994276207979
6.248829647987152
6.246486619857385
6.3033734139389574
6.342015325753206
6.354088570521143
6.347071958639879
6.394461334763726
6.414670099742878
6.426920475424676
6.438143685831362
6.490587679914709
6.5148492981175625
6.5191597550188725
6.545471144562163
6.548504832648959
6.561307165599985
6.567082207200052
6.564382038212195
6.565428124373777
6.547223925112425
6.525963047324247
6.514305212540742
6.535618916650724
6.560790417116582
6.577665433711167
6.5825056168846
6.576764673972083
6.594448206310097
6.573605899612237
6.59763662688431
6.599072492279411
6.604280834945643
6.60824443046613
6.583831063760006
6.57674737104976
6.573500449330302
6.58387038954842
6.565923996979615
6.566341941255473
6.559940785939636
6.55374712728814
6.5120549759464765
6.486981732738147
6.481103070691458
6.390886011260109
6.390908469630213
6.391247524313272
6.3995216303431866
6.403398554473899
6.398862074635836
6.406106703200039
6.406106703200039
6.418005371228577
6.4624527814754495
6.4350801568583655
6.471164516176366
6.490228416067433
6.500239244321678
6.524388891570491
6.515511347998623
6.530175082984393
6.5353352412211825
6.534109989076061
6.532157100374178
6.552518641112077
6.554605376230609
6.542700391257648
6.559680770646396
6.568198659580806
6.557924396398126
6.564828301501849
6.56504608411113
6.562780202029478
6.5434343068374945
6.533279072076443
6.54927542783352
6.500913896591272
6.475090385810776
6.410072288061813
6.395210413135295
6.445003019484997
6.453194758846122
6.4582583604448445
6.471032385074368
6.524483106016402
6.595092611282305
6.628026738824965
6.617512721302315
6.631703962940566
6.6176020680680345
6.634689120085558
6.614260853931305
6.6135380787971165
6.609412561566757
6.607428732542896
6.6121568110198465
6.619977162450449
6.61833267922749
6.59561386357844
6.589801921623694
6.581473444104882
6.575316149912119
6.5790568344418086
6.582723724936148
6.574697099542901
6.574836629485867
6.542615745481652
6.526747526978379
6.527106434697352
6.526182332186242
6.531191742549232
6.4301901353741435
6.410407314970155
6.418674100280673
6.423463045683652
6.400404094621429
6.340590950871702
6.291797691059167
6.261735962542694
6.218344256596717
6.2131293981104925
6.227322553017468
6.254751536183901
6.228197104788417
6.234268560202925
6.241876605540214
6.2507380004271855
6.198310676468582
6.199735621659114
6.159674179486507
6.15450862191653
6.158417198972088
6.170305617168179
6.156505347605669
6.111354212363075
6.089707487171793
6.089260455718667
6.04873360929527
6.044677554092094
6.047941478097024
6.075687780327386
6.078750533438265
6.090537315726706
6.12220583073538
6.157767188362164
6.175914678793777
6.246617806928754
6.238976832698872
6.2671524050667795
6.307248030197419
6.326633102288876
6.343527079972289
6.346926780612438
6.338432831509781
6.357128896308701
6.397048176450177
6.4286631218029955
6.381659090453794
6.382816156886534
6.392376739510618
6.398034378698708
6.3975160991005735
6.379490544492409
6.32633110192344
6.327132363608707
6.396385323104828
6.3996855514700375
6.4083189301731736
6.487669892992351
6.526182535787704
6.539056295550987
6.538424264978447
6.542008647488095
6.515821381575806
6.5083949829564895
6.5411886187321695
6.569524322274947
6.545510586400075
6.548329208536074
6.5430743635315265
6.524416826674704
6.506427576659821
6.482441843729747
6.487059909166516
6.471073015808477
6.463161555148327
6.43706041067165
6.399250501203436
6.389175466780613
6.353077643216834
6.34216871532508
6.318736739917981
6.3176197092101445
6.314038933476214
6.321388079314861
6.325444158671568
6.309307967098155
6.3068121660241045
6.28535335449168
6.2531826446483825
6.234037503165817
6.2891143160666285
6.313893081116902
6.310732070649259
6.230877596948421
6.245334278185027
6.3585604922215175
6.422767465287723
6.435684223878962
6.442084588857267
6.440794606319875
6.438529689762543
6.413226728980205
6.394672398219007
6.422865199519473
6.425781075272918
6.426273671692262
6.43614119938419
6.458516247207866
6.462760791913115
6.477120396603029
6.485392724239167
6.499926422439733
6.486344854586596
6.472961438958416
6.433977719999289
6.449368476768456
6.458787182012674
6.478360263015864
6.502022497681612
6.50559212011932
6.481727090754662
6.432671280310444
6.4372164657059106
6.4543256241198925
6.453057160726392
6.466009309683857
6.451811260686727
6.403729255533331
6.4418572017597695
6.44609173419461
6.481378449382269
6.492316148028985
6.493361684414662
6.503355431123283
6.512283694410617
6.54459368527729
6.558432885661769
6.567231162763218
6.570375605593431
6.57384375693719
6.55051911605112
6.53322214342764
6.50158512819385
6.507968517887608
6.49944436340064
6.5023693418206925
6.50740573424421
6.491833280541885
6.477380888303269
6.468418156070529
6.482845933545566
6.490207300325681
6.493249910862898
6.491678034621434
6.51064095100795
6.497381593497923
6.516289847091608
6.514518180079425
6.577856504385127
6.564414001181046
6.563088391733102
6.546395575781749
6.535928601770163
6.564227966770653
6.565144758725234
6.55098306167985
6.519524193854043
6.510238116821303
6.499353070795013
6.48641981881321
6.493250788898614
6.509071992004243
6.524355406080336
6.524938969394096
6.5441291912706205
6.5388968540419965
6.521431615290417
6.511011131881978
6.48053732011504
6.473619269536552
6.483906113084868
6.4630545392928545
6.460234811269922
6.43494012277344
6.450307080376132
6.435016381059225
6.370261702949224
6.357759838437799
6.324734720133732
6.306065264144138
6.337250555505409
6.333856261235935
6.334885282930531
6.3307332726393835
6.323457261814755
6.328687925817746
6.37606196995381
6.406631254358361
6.413163536407768
6.436553463907895
6.435433716068696
6.423034954994856
6.40745636907038
6.366071388430793
6.363703765521798
6.265105553260627
6.236497021564624
6.215921107423583
6.22718472669584
6.290611755935364
6.303222368936421
6.325246255867246
6.33433271327044
6.3310948557705204
6.3558152905813525
6.324056905038828
6.367200163292016
6.412381396399112
6.4178864293248585
6.471179498971625
6.476350147034738
6.504149284452504
6.508145926669115
6.517944692862634
6.518645091314534
6.514487830341388
6.517735992945481
6.511426849518647
6.504560435775667
6.515155381355336
6.4885040421497715
6.487225422430907
6.493938404469519
6.481881624135867
6.4814018642575135
6.479569401656048
6.480983157679077
6.485129122920624
6.483842454979369
6.477619027066491
6.403882823867301
6.407627311500054
6.183324161708236
6.084733039231444
6.208916801330763
6.280974208598562
6.291655073844277
6.281948964589427
6.224822647797336
6.213293190679041
6.194949787082989
6.192242474316032
6.177727243947146
6.172129875623365
6.166977762869984
6.166606282755927
6.184744568739859
6.185702995214421
6.19060800544557
6.192952800083339
6.176270216095861
6.274347454999628
6.267011420949817
6.264588759705557
6.263080569505863
6.271993874718017
6.2719492668210295
6.3118719464998
6.366557272205969
6.402543622166274
6.392538294344887
6.388774329760274
6.286541183179989
6.281392657592684
6.275825285890172
6.2951091481485575
6.256624715802329
6.262729544182896
6.297716879196768
6.274340890530751
6.249856754831228
6.1995072363513755
6.224793040365605
6.2279821395113775
6.2279821395113775
6.234563535614202
6.2346852551433365
6.2684848983832495
6.238420394560949
6.247899296104313
6.2440701964858585
6.2448714579759566
6.232208488480845
6.234001026413179
6.227700152216053
6.221249858108003
6.22622737856541
6.23676350507664
6.2442849106871705
6.233503071183447
6.221646148101154
6.268437872633604
6.25104218406142
6.243541641333613
6.171108059086998
6.187845468449602
6.249781017475284
6.350842874800265
6.358550246948517
6.377995984772054
6.3727379893809974
6.373932303424814
6.3697860480087165
6.39434949462872
6.398435556281983
6.399718761077363
6.424627679771858
6.467543504520538
6.454736362231945
6.4678561979989935
6.459532724381147
6.446979072823097
6.4443359284466375
6.491704210315395
6.485510105572175
6.486199915401566
6.48439746438144
6.492195787565994
6.497980476503737
6.520805640312768
6.5574651556106
6.582813330397312
6.567406568941746
6.534783023633283
6.532167577504582
6.403673387800858
6.339727055113892
6.395787538368675
6.401660503891864
6.394172453619781
6.381281322096719
6.366399229602203
6.351508964999245
6.349209784606757
6.307319336698325
6.299758130458065
6.298044240717964
6.274154731178291
6.217023511883165
6.188827394640976
6.134598054211948
6.186778020960277
6.2295328745183225
6.269840514093808
6.272457867263561
6.289608313820171
6.314662269473996
6.311703042890738
6.3343267851795
6.347916493119359
6.379858999729644
6.407696085928273
6.41812439355275
6.41133775168777
6.3870785464205735
6.356387611577375
6.354734185005097
6.377447077614414
6.387404302879379
6.402767435452685
6.419045507444406
6.428877138435383
6.426809579920223
6.425164792702916
6.428363928022134
6.4546880736803836
6.455572607929591
6.463466548984957
6.466767497478336
6.473249052921257
6.479422927265714
6.4909600889257355
6.493661227482306
6.486924412471258
6.4698556179309215
6.452997226556351
6.4147849709344555
6.419699135924419
6.421052136450176
6.429941415891712
6.420034214724225
6.398288035435057
6.363574304670807
6.315747061003982
6.325045320440436
6.353806646784122
6.3540081546886436
6.358611131430297
6.354047900687681
6.361397524053186
6.369847025431115
6.354264311239996
6.368935063394923
6.376120696399308
6.374388687660649
6.3865784305244055
6.388508903590847
6.386153902509282
6.398943974390471
6.38829404728149
6.37578518893072
6.341430858897723
6.3283872589315076
6.316295615464063
6.337314997373267
6.354211295661166
6.3452291294872385
6.400932730671494
6.4363731051726525
6.475882506248803
6.493525972602756
6.510458307418026
6.533786021038549
6.541515137351983
6.539806905167545
6.5288685847849415
6.519131738343098
6.5317162735194945
6.528461466665094
6.54221240570112
6.531985732964631
6.5396131742417225
6.550060467294349
6.528791359653895
6.519647022484293
6.505944440822654
6.501029080557503
6.470385996095819
6.468498978025536
6.476140823925987
6.476281072523546
6.468345121867738
6.452821752061455
6.483685924337948
6.526831653397619
6.549443096082083
6.577326370505546
6.556243213304487
6.549136398115205
6.550157359018746
6.531823037356357
6.5213647257585725
6.53865053695702
6.517027684650095
6.526419754795345
6.527392131473012
6.551477601281743
6.549424805032152
6.5117887478220515
6.5118132472774795
6.485053043532024
6.48672946307521
6.497366082975387
6.496210628499618
6.496153459043351
6.501423863570619
6.51695757508839
6.530457970504477
6.562397743909536
6.595160601666471
6.589981086462455
6.610960995132865
6.615127108058618
6.601486653271273
6.5724635482070255
6.542942200009973
6.533502331409758
6.5058141970547165
6.494713659039672
6.523037485410919
6.5016681710994035
6.508842910790312
6.526599351165924
6.535692489093743
6.528946460439156
6.526892658764098
6.533356600912763
6.526362816739331
6.5270881087360015
6.529346052727676
6.525420440894067
6.518700747846379
6.518899757743778
6.509348773450265
6.495433806089322
6.500728128202214
6.5008332713594585
6.516886308898452
6.502046432189569
6.482490290283895
6.450952072228363
6.474066574095379
6.426493264730862
6.410775507815226
6.410118418927236
6.443138003702859
6.422612018795933
6.427762129633611
6.442168839544799
6.452139414937379
6.4763794298526145
6.500807984615615
6.451330719989089
6.424398615599885
6.190660848140358
6.0947996651721015
6.200915024477895
6.2706830564516585
6.267686909889278
6.260128534472873
6.215864754929482
6.208085195063027
6.208963764376908
6.208790219895674
6.215186295750732
6.219027823500178
6.221304396615475
6.2156837166223555
6.202360928072899
6.223512888300581
6.223897290409886
6.235826003906005
6.234281482684028
6.330363775381175
6.33253229451866
6.334619082651227
6.354759718523238
6.372580755877868
6.363629169785162
6.402527058318973
6.466731643813284
6.4979786399169654
6.478725489939895
6.468169986415983
6.466154121173817
6.465920707380714
6.468131905132859
6.492697809797647
6.489389682994467
6.487307327977208
6.525474975035506
6.540981460271516
6.546761033524931
6.544480254498579
6.543322339852453
6.539370956694572
6.54109936865044
6.551712327337224
6.571914801383308
6.62776154219995
6.593611457666056
6.57500441037229
6.556920156100478
6.551815812500446
6.539992358312163
6.5423566628933845
6.551395445210813
6.518788442763949
6.502417692489936
6.511149647872727
6.501394706608571
6.475252566750684
6.457098994092574
6.454312831895437
6.449501730603014
6.4584631416408715
6.471344286224844
6.485655074744959
6.474314416570015
6.4919898787218715
6.496218077474116
6.50198791659597
6.491857827031279
6.498137815840972
6.5020703676986304
6.527248047014905
6.529975679354713
6.519400952507448
6.507712029003729
6.495091538844733
6.465228128445812
6.473112284713205
6.477369215640346
6.48573398157025
6.498269218148141
6.510256093919663
6.501844757487326
6.489929787897865
6.494899378386946
6.489660721532975
6.481017658177604
6.468383714436374
6.462664363133245
6.4573099892614785
6.461512503087126
6.455610625018306
6.439245879076147
6.414566781054382
6.400731208146955
6.386120444336
6.346518924080637
6.341213851647988
6.3065974329514205
6.309974388327814
6.2908275152681545
6.2828521641225565
6.225123858747619
6.239831367648282
6.2284585145366265
6.225924533611838
6.190256921599699
6.083232041352646
6.031320518374879
6.070198752492572
6.16041879457112
6.1633905741071295
6.120393459776112
6.1224857649095386
6.205526845590557
6.24043758770724
6.268712289692106
6.3038228721847505
6.320654331877582
6.328386420690745
6.336093888518804
6.316794963716509
6.311393717458872
6.31100067267994
6.317340473034743
6.32966396723499
6.373020395862486
6.404470407561918
6.417236726557326
6.4171488418151466
6.4150163538564815
6.412072675740856
6.414961188161732
6.429050663865053
6.416594123606211
6.418790906854028
6.41702700088118
6.422951189404471
6.41769627893884
6.396985758143188
6.387918244254243
6.374132571823214
6.388526580545187
6.400544490452599
6.401039492753017
6.367974969648678
6.348507588912272
6.326787596182479
6.306355171560888
6.289585986164833
6.268986918400001
6.254885034599275
6.2741662418752
6.306430965626354
6.299915853752004
6.315721930277766
6.307760165023738
6.256474610762214
6.269866659788006
6.252369369996414
6.330624121506402
6.368125490793563
6.3822264294489655
6.390802927674818
6.370445367432255
6.38696793342068
6.397559494245631
6.381059082277436
6.359037972661338
6.319083077645641
6.3208531522543465
6.284466211586893
6.302317526904056
6.290475950887006
6.295476561546014
6.351336903109869
6.390945451696764
6.437522775245038
6.444390128297298
6.444301738134039
6.439700609446939
6.4430477354482765
6.435984324165228
6.447809479640673
6.421317450883521
6.407681707946285
6.38165003848634
6.382226780707878
6.3908855330059
6.379937438039871
6.385055020778642
6.383827024307648
6.370978839971123
6.365368584419913
6.350261017800583
6.336876466501377
6.337581320073739
6.328374031618042
6.329100353530115
6.304718954065165
6.280312806619135
6.3315249078888725
6.349993753555877
6.386343005977089
6.431798128571864
6.430562040012288
6.420557871149621
6.448779176540119
6.441043873396211
6.455352854973593
6.458981379781142
6.459389486010511
6.46749476266834
6.468376331758178
6.393627530227879
6.395518034468616
6.369339124563455
6.378174855165835
6.375300789524828
6.401654404873768
6.428424655569397
6.43103351598067
6.436505069282245
6.441193895519289
6.4433013761926405
6.470182755343549
6.507571117019542
6.516853206243831
6.532691493880511
6.527318642836474
6.533469923404817
6.537473522153059
6.50771416298994
6.50064194858627
6.492959479563749
6.4759219518667
6.481612547824108
6.48367939679277
6.4522001202445765
6.416116138393191
6.406911106396546
6.415272201807333
6.413371759831736
6.398056421102538
6.400775918483207
6.383706729268456
6.3953594171972075
6.397370975014555
6.40684422131738
6.404649683743354
6.387484974544524
6.377910201795497
6.369419730070639
6.3691040406769694
6.367053725173639
6.385215505040021
6.355912465907539
6.301188023592
6.253840034843413
6.194429452681493
6.188279293104052
6.31803256489456
6.357069930385896
6.404570644640601
6.464191054593402
6.4694768175615085
6.461939656275183
6.448864149150144
6.432988726822292
6.42457329937706
6.412822523203975
6.402662676748856
6.4003208039254025
6.401245302733769
6.391711936618161
6.387025385415601
6.3689340307206646
6.35368930386864
6.345429470205351
6.346383479114101
6.350036064845526
6.352559619080425
6.338518609743656
6.339774416156679
6.343610243247473
6.337709811453503
6.3182027447245215
6.337138967841312
6.35556790986099
6.369067713608384
6.366162333142707
6.3635775923906355
6.331852303542976
6.307981380369557
6.273821546863651
6.06258937160393
5.972633589731463
5.967886877630846
6.027643816355533
6.031042825109487
6.024205845950428
5.999180952381102
5.9836232485671585
5.965709562429031
5.96520331858444
6.081268491264215
6.082600630927057
6.0241879690100975
6.024028049849133
6.014468138220505
5.999934191148545
6.005207918342885
5.991162783576307
6.0031716242950335
6.006764407494976
6.149161435789788
6.1699542788290875
6.179902484039549
6.139761875460191
6.122157663409293
6.104853841382619
6.1278577577731905
6.1294581522416065
6.238802555377119
6.2754653679845855
6.28178588497003
6.311645869440514
6.319671256329687
6.329923664763985
6.325173151928458
6.325603908645332
6.33268221405064
6.354208623665508
6.363598255066285
6.377634329254816
6.380711374332786
6.356373137490917
6.3693533374563955
6.354098724187714
6.35349513220076
6.351907431380455
6.354580395531016
6.355940419484935
6.359282586925172
6.357030111720254
6.359467269238648
6.307226802311801
6.2894928975398186
6.271962767868427
6.2666442867670415
6.220029295908974
6.201758196348511
6.142098944785083
6.145155029856615
6.117161064252721
6.115228376763621
6.117307675413728
6.068026073816602
6.0304877491701685
6.026129415881003
6.0435547975011765
6.045737773581324
6.044488514795321
6.027329179915749
6.009204524128523
5.987348451199711
5.989643353218786
6.049189556085469
6.028724818987057
6.0234970195337905
6.022800940375169
6.025469463636039
6.020950055311952
6.022215476928213
6.005833537224727
6.037494903343936
6.030722748560958
6.106493676718647
6.086285789262539
6.037968191358354
6.037282597368165
6.048179162078853
6.087054202206239
6.054541071857021
6.008630853455596
5.999139791861676
6.039141919207782
6.042459528502737
5.862929863853092
5.826767161385567
5.840174078369666
5.814916341641367
5.769304994124965
5.771769484325798
5.953537101762315
5.961033134957607
5.9378079819116305
5.926478606223064
6.017130000535023
6.06417712141211
6.05910256336558
6.058346151569105
6.05537453143819
6.050958631456038
6.049709986870736
6.05018447666832
6.0400880676407285
6.0557574581362275
6.118976008770031
6.187943608648497
6.226533306657122
6.247056908339426
6.25097008892357
6.25740374564688
6.3022064244692295
6.327934237019222
6.302768743823861
6.290596169394038
6.302795597462191
6.329422332910735
6.333951354775877
6.334129930856987
6.345921569238396
6.350312891462558
6.372588108540399
6.381294812569058
6.377338387562118
6.393515036309169
6.39769173172809
6.383644749878682
6.4015189973930084
6.400115957859691
6.40672069320919
6.412203011445837
6.413143645683616
6.421251274244223
6.423046129310821
6.42014784084568
6.428017556070068
6.397700892080217
6.36950406035611
6.340665628459864
6.317774100444832
6.34055818942486
6.330123432994465
6.257555949287394
6.231396144359691
6.177043831467778
6.165395085924356
6.150750160754691
6.089165630786426
6.084226508621111
6.102006161576364
6.064833828461775
6.057471880727433
6.059415495581132
6.1541813875650035
6.1963170579078755
6.219601497922096
6.225178640319961
6.2222546090703
6.209241041133161
6.214450098914452
6.2098531323719595
6.203573957800128
6.20223787214714
6.193419988552691
6.192462303656368
6.19301072116925
6.174330838381818
6.188590784127321
6.228137707307745
6.2516203159400385
6.26374995142995
6.226773031946515
6.199909366226562
6.187823927414969
6.1388531258532835
6.132575877995817
6.152692706833911
6.157556616614255
6.1484286790124845
6.1488279820147
6.152536582434692
6.127525537716136
6.0995802358009765
6.020737138884028
6.091314395928778
6.046994757820673
5.969874903192535
5.983217390138588
5.989606445651441
5.999269487570806
5.965544468192811
6.086571977493258
6.110033484370335
6.158754193855209
6.1924148404377926
6.221658229057242
6.234561527729055
6.247639081784973
6.248652632635993
6.274223172150756
6.287204955562299
6.318627740218149
6.347201744038951
6.348575479177518
6.3418482828961
6.352863848080192
6.352994313670692
6.361807500438171
6.351410186922187
6.327216066118213
6.333659255457873
6.343305779062073
6.3259456527303
6.3294397014511175
6.29185182804966
6.281974250046404
6.29298604987522
6.316128000404273
6.315260717163083
6.308062349203756
6.308724793531343
6.313225958404679
6.29228735249907
6.285853720267894
6.281448292981926
6.255705379264059
6.195194969400718
6.1530668455823045
6.0974836271720605
6.091683497953865
6.211865283775302
6.228214040777668
6.247224945720349
6.3008757238155715
6.307309085564724
6.312213729435554
6.302375168193075
6.30375708900584
6.277439966219958
6.285121187229457
6.255250699949441
6.242324988662767
6.223754230137263
6.338273746086651
6.3405739761386855
6.298675848989517
6.297915608914581
6.295974192684415
6.271370118096123
6.287522038573967
6.29207232312249
6.296464604983143
6.283662139505162
6.351811231098532
6.365521378460946
6.38132020814237
6.394958075269037
6.39478617891481
6.398175449967877
6.4043121494349995
6.404923853212943
6.375212174652619
6.362285074376388
6.338500429283543
6.117128336609079
6.038689438008097
6.040919426305208
6.110861954537393
6.1085883352587595
6.114304999555529
6.100707891648168
6.100391245892275
6.090619600694874
6.092954244360348
6.111629892580473
6.104552976441331
6.078432303077911
6.095106120975381
6.092621385285915
6.055662816030008
6.073904325512299
6.059823635275036
6.05625826175015
6.034570010026955
6.270420280236464
6.296232689558785
6.330646039696041
6.341167876563354
6.3623135457635085
6.370325418600135
6.415544510737697
6.437104775006302
6.470458523528082
6.470754100534273
6.476903795631249
6.477263924929087
6.47738068526339
6.472380312658896
6.483972116965276
6.483972116965276
6.48686308924048
6.509060875712705
6.5161628867814665
6.511852354450562
6.50394074955545
6.557461120943411
6.563044549650773
6.568728412285136
6.5611133567551585
6.553030916447829
6.546151057704413
6.538152578184282
6.532078518879999
6.5256805150188795
6.521147647292939
6.429798473572722
6.414253081966103
6.392286426556482
6.380733868352541
6.388047779717207
6.398103683978417
6.380546545871653
6.36170239894575
6.294210881832826
6.2786374212452385
6.270815121881421
6.310575215918597
6.309104119251069
6.3063930925327885
6.26433400665317
6.272062871814573
6.26351141540437
6.250155997067963
6.238060608144347
6.227744539879258
6.225827185381782
6.229676225833242
6.2214081640311285
6.202391467220121
6.219280798329415
6.230312083343385
6.238508513639618
6.246555201247777
6.258246225687281
6.258246225687281
6.258988778079861
6.281655572839462
6.269429738891454
6.265279637188717
6.265330442992412
6.251132172561075
6.215558871952748
6.133440264509724
6.122382809291849
6.088904914348945
6.103308136484784
6.110301764739596
5.9824925968639056
5.9828883670462245
6.002957751425375
5.957630356556186
5.951777936048999
5.9710044063353
6.150580297612711
6.154624558621235
6.153877318643574
6.142446119386235
6.091539232056957
6.096007644618285
6.103132780781557
6.146418971403023
6.15072242560765
6.154670909127296
6.151632877957389
6.143294933628412
6.15543914362251
6.166096055176511
6.2407595494590655
6.358273847724169
6.415522025673099
6.435960864680133
6.434919157456606
6.4417418339091
6.474790187134523
6.454034664855962
6.457971940192532
6.459799422737542
6.469134300904907
6.498222354279261
6.522418347081765
6.5574020894874385
6.56287204792001
6.537291389149757
6.549964734558352
6.533943460952728
6.524954021279336
6.528287390053021
6.529294997891434
6.545711408914816
6.5455893631583395
6.541206739828186
6.529830785481815
6.529815754200632
6.525218591803365
6.522804032924639
6.521100012549174
6.519600831503119
6.5176639006636465
6.4778520941497835
6.41834836732416
6.371884863043437
6.349280228572242
6.392475492728818
6.386365445140026
6.361831177178639
6.3630959206780995
6.357590663887262
6.324259877208584
6.307609163546374
6.257179620327327
6.2288421640378155
6.160292143054714
6.091594923897565
6.10026590765846
6.066539661531278
6.0641821500773245
6.070103686947551
6.059735405690952
6.047427738244367
6.040702600405241
6.036691339664305
6.037031254801735
6.055251174992809
6.050209976285356
6.050209976285356
6.057281388214319
6.05750364890507
6.0632922998936785
6.052822853192846
6.084445160176142
6.099424017709669
6.111509397846926
6.106690247563232
6.00607148297562
5.976467883524137
6.0088793121359325
6.017759342781311
5.975907010189743
5.982843504303055
6.013798388447815
6.098920637564475
6.151363499031091
6.166840393169022
6.177649847015732
6.1695206360788015
6.131103817694466
6.1198610398772475
6.074235774154307
5.99819861485446
6.109213985607523
6.133352278028558
6.125183945829734
6.092316160755303
6.244028355749789
6.275082139527493
6.3301029965016244
6.356374138423074
6.355691750217179
6.360589101651991
6.369822663376872
6.397941341427784
6.4123640389837
6.439930567472245
6.475098196948781
6.500725396264837
6.51869752775704
6.5095237586716665
6.513208066670186
6.509550004982116
6.513768859654341
6.527020228044823
6.521094029876579
6.518366488722391
6.486329919727856
6.4608977299792505
6.460426409812636
6.460426409812636
6.460141767025979
6.460141767025979
6.443048317797465
6.3937542690668465
6.367092984882739
6.376314512821852
6.399717992563032
6.362777197470967
6.367026845673707
6.382308706373415
6.365902446352668
6.396770535333673
6.400288307029741
6.392083907680496
6.383512279105727
6.394643459062557
6.37209245239822
6.356487709335354
6.317018462244835
6.307177939041338
6.297197401131101
6.306758133878916
6.31871569712942
6.318054052843991
6.364383740243074
6.418938925096244
6.408490186946374
6.334395719375639
6.425197332912478
6.424477937118011
6.42856421648327
6.435811503595463
6.454757660758444
6.432972237468207
6.480990316652171
6.49680381956055
6.496935794861147
6.489477286916773
6.500556279974735
6.506405786907777
6.487348116891803
6.487392051989801
6.480615933300561
6.481559405356926
6.486333868833022
6.498021158715141
6.488735893952849
6.521395517624423
6.5144051153444025
6.489865867723281
6.48806106565288
6.480781040110707
6.46191864431717
6.432350741640677
6.421970309060392
6.3937298909425575
6.4408848238638186
6.4501712513707465
6.440426646611796
6.343571697559539
6.348802007651735
6.3507779716202215
6.372759065740868
6.33637455450357
6.346157956121801
6.384124953144682
6.393008243145304
6.414435103283092
6.429004315265523
6.474210546775293
6.485712820502325
6.508074347304116
6.510368116020172
6.494960965784728
6.495332345969807
6.489105604241385
6.453074013742762
6.466830364314674
6.443593632511013
6.419720320764776
6.4237858306942925
6.431085858853836
6.437812893423513
6.446598251400774
6.441107005117482
6.489364263162428
6.508378101568743
6.567350633790262
6.569358061558798
6.586604919717027
6.5682002252236975
6.635079790027141
6.625214931487327
6.617112731818708
6.6162684688070454
6.608852197317207
6.5842079700592695
6.567096155366133
6.5800458448178265
6.5864428756965046
6.540491049085643
6.527960446117644
6.52890124947033
6.527231139966308
6.535792543424552
6.555028349734003
6.561153162927171
6.54465349406846
6.551745613881172
6.52670015284851
6.5321798601517225
6.5522745046693585
6.543920663627672
6.54336741456276
6.5215566099055176
6.521134534452354
6.507246149452095
6.498623554319518
6.448613753672154
6.442282342918055
6.414905648556094
6.411663355909956
6.196899078841115
6.18611662898339
6.181657642607622
6.162855629176482
6.162555450039017
6.334129510916675
6.371116546637968
6.37388276159864
6.393746337314581
6.425335997215848
6.424573893306829
6.409286987999375
6.408398856357981
6.405173023914715
6.376154044069922
6.381421915648814
6.383038938435335
6.342588964279007
6.319429446362417
6.318455947756566
6.259643495281253
6.258288232399347
6.254455171909046
6.236466260269159
6.225577884462909
6.242035567873343
6.235980548402474
6.235743589044926
6.237066178491652
6.245703064395318
6.237337614206441
6.246861745969742
6.246145892694062
6.278511928155209
6.26650900436809
6.29484780174352
6.268265013157867
6.259398223383145
6.282886440175683
6.294306636483582
6.339103243304167
6.392012781967018
6.417399996568954
6.421660569953927
6.38828748017047
6.391127971316702
6.418562699871763
6.374405552610144
6.37509323522065
6.370427472515813
6.351697322566074
6.3538103897887535
6.378445264205292
6.415568069061906
6.420420041198099
6.414839954122634
6.434729473392182
6.449113612079543
6.479455727457972
6.489432514169714
6.487062356739291
6.491471682097921
6.420111545142864
6.407389368216711
6.396658349718748
6.38150796381005
6.345304965566184
6.437628682579643
6.460420630444533
6.450483851527957
6.486768567212354
6.5010062594998494
6.476255358884696
6.466941228085339
6.466289638057515
6.480608223682811
6.503092935137997
6.485006966970233
6.492923436632998
6.509496150158919
6.518160906422969
6.520019319273547
6.518625870357172
6.496397154836942
6.4307218312587215
6.374368956255376
6.373429293589255
6.364464807512541
6.357992811222345
6.325333331140949
6.279979677330158
6.247430607036789
6.248534898542924
6.1663542152024675
6.173512295365104
6.1863397446508515
6.20025512558992
6.222051517840475
6.294436551314421
6.303331505366301
6.307797379849136
6.289202977060878
6.290394532366454
6.300746171610725
6.294885741445301
6.290435997367203
6.241608896273497
6.216974293922502
6.220788699913671
6.222317359407689
6.168134159050192
6.156728707596649
6.189065433349141
6.306951917090696
6.336228628005397
6.30896438987054
6.308852834437182
6.306826571718166
6.313121903452968
6.313649072993074
6.320981074130683
6.320038242715049
6.414421491636132
6.422264276330781
6.402937621932806
6.3831415270945495
6.368623735109745
6.3683508548707835
6.369711863365872
6.358280536281011
6.351344897647392
6.353120880568782
6.3667269169641605
6.363720716854249
6.350774655768502
6.368463815505929
6.350852209647197
6.303429490286273
6.32947885327156
6.235804530890031
5.8383358277218145
5.704608353139472
5.885826368252846
6.078695735657022
6.067251897170034
6.04400800764856
6.0409358751034885
6.041441679037415
6.042764242382534
6.132703537089364
6.139914505904408
6.146930708972381
6.201962228781755
6.382736258765963
6.391941467397096
6.450994338906766
6.5215270027098935
6.546115772095244
6.534310890844333
6.5254241398957085
6.525841190481472
6.552443754755781
6.5451860927376755
6.548241093423105
6.548737433294115
6.563869388885996
6.550304011715966
6.5527749037767675
6.5542798527749655
6.554850036449637
6.571806580799724
6.607005545431285
6.62812318671559
6.631999822163576
6.6341914615473865
6.6415126385915535
6.642105523820557
6.641446914303911
6.642850359695743
6.643162764920959
6.641777113679081
6.641612071279663
6.657713927696892
6.699209989877023
6.686094878200132
6.672737128843324
6.671674394993565
6.652307821846567
6.620230687030979
6.626353401767056
6.620106905274833
6.61958336514182
6.612885459952715
6.606117415233355
6.598360983558915
6.617832800361629
6.60349631209079
6.612396097345164
6.616987388514914
6.594862174138636
6.587874486779989
6.536358809730799
6.350462508767385
6.272992715912899
6.3114421742320665
6.371639586751849
6.371669073484148
6.370373430847429
6.356550067846478
6.354546569688336
6.357129735934995
6.400960078250319
6.393940287862451
6.339186939455002
6.334343609364875
6.42451511806652
6.413357263969626
6.395149801042859
6.394911400905409
6.391526607765821
6.385808895276305
6.368580340324861
6.3706143109749105
6.3434882988439165
6.343749767715019
6.343223016125695
6.269381293602231
6.265478889107627
6.226003057906672
6.181441941639308
6.155350180409433
6.132143326479538
6.081518812395134
5.8860374443593715
5.825028024521108
5.938205970295516
6.032751806862968
6.065778321773225
6.094547267044123
6.098046998093554
6.083580108763162
6.177392799867762
6.197881753023456
6.195945438207719
6.204722694198109
6.259084425254186
6.357242519790931
6.368055068837029
6.412194410883611
6.433088654726182
6.439118347352958
6.44002536851443
6.459420428278965
6.470476174418613
6.468552174178801
6.478696413003773
6.483238837455492
6.495523450483548
6.49190873307632
6.494073015720531
6.498083701013749
6.498083701013749
6.5033136690252045
6.502345117160766
6.502201575025981
6.5031692971795785
6.487712865555693
6.47635401411076
6.4408540863922
6.388428981267653
6.36141437851382
6.364466858683036
6.119755006600618
6.09861971200267
6.0784361187406875
6.071899420222287
6.100645721605226
6.263428922738342
6.319698246765392
6.279233491873194
6.299767189639528
6.331909210749206
6.357945832195948
6.349668877160014
6.3723248887164905
6.39152733304875
6.380224426131191
6.401886443442164
6.4245870388830895
6.423664986016164
6.42417091172186
6.424301882780733
6.4243760051821175
6.4202626387523685
6.430548327423688
6.435039727742018
6.434456349296669
6.436910385738274
6.441813596901812
6.430016865312872
6.469756737827082
6.466729260123067
6.457429049502424
6.480309698985749
6.48882052506052
6.496044992578298
6.51166768350886
6.523014049700293
6.4909433359450555
6.4641371029571335
6.48681858962309
6.469523458903599
6.449151930233397
6.4373335547824455
6.42715712879254
6.392921819863324
6.376843274973942
6.375720886486546
6.33496036489729
6.24238545846302
6.2450127695843145
6.246867400438346
6.237359189587713
6.304570776033464
6.309515650986834
6.297665974675622
6.339586880970864
6.339656282371979
6.344715469008517
6.351240294040587
6.3507942988464405
6.309534037547592
6.303109227989771
6.326763866194682
6.3129538959999145
6.379599924031928
6.3979004228920315
6.384818151884396
6.361630046213953
6.361265271184277
6.38762853578488
6.3637159791551765
6.3953323219874125
6.41197851730525
6.401866726069848
6.4613555598591095
6.481662916754976
6.490014488355365
6.5117770318460515
6.53629743215243
6.5559676731780385
6.568036577759343
6.578689923085225
6.578415753301324
6.5694043351813995
6.5734430228905465
6.586209494981548
6.578749699297858
6.579037353392426
6.576629229649727
6.578852586242779


