Rainfall Prediction

494.41636600147655
478.3575450688012
474.7782295156626
452.19903398060046
436.9890535790941
433.556020005144
388.52727094574715
405.56792617566794
393.71516838998406
394.87119435683826
392.4099440591188
363.8752093982958
354.3637757590056
389.75999811340824
375.06550707973213
302.1088381603523
305.0436271819233
324.6344502797118
277.15804555285854
301.75008904332276
271.0467845043247
295.9945394660043
300.81413530559144
323.7317045049111
314.60921774401754
257.9308951022274
306.32193831484267
251.97017228784878
196.51820781387391
297.2763592798484
165.7585838461633
184.15834626451655
212.45551721908106
114.92446863323315
205.51929094256081
38.34752544174732
113.19164462694994
122.6747942489383
102.45112398315567
115.19460644008852
183.5285849538871
159.68886518479917
136.26283446501225
107.72760525086223
94.74168642559387
102.8912788655933
112.61493612471439
122.76019246195509
90.49628881086032
68.71999289095513
29.94067727579997
37.56470002475287
45.98346897238437
8.919580713393685
27.319011492259904
0.0
8.700343470309235
47.762094760359275
58.904456182490804
50.00835865606581
59.13502473069562
48.13769698407771
48.13769698407771
45.30338993006163
52.524864383825275
46.23817466050981
62.80051554924593
60.41812166694436
67.1811905777139
56.96571328460358
56.72947310864505
57.64471167877703
44.19967618001233
119.59799274973453
160.63029144409165
141.54779964787633
162.18801586985512
167.88202904974364
179.32459174176986
193.85520285774493
197.65984326438235
229.32978609890372
254.07977109820476
255.9428670594335
249.67213893096655
295.3479017255296
380.0410127175101
389.1217207470358
347.44619023718866
356.1814743759565
340.53030251895825
334.84846751612616
327.9486226442234
341.06053529966385
337.74940217308375
352.72039655369315
377.4548553741197
361.51916362585246
364.64553941604163
370.6354457366229
390.7510629899416
442.02407843098825
393.519969546012
398.07236848939203
386.17430166956024
378.13799268603475
363.72569793917796
318.21519066135494
334.6606349448429
355.1763817364227
389.31343868818476
367.936626344644
342.01541967470826
316.1111953964434
338.2814018427749
307.97663990695685
281.1893264577328
177.853298940995
177.2631166186754
141.9046992233819
154.7946037037819
97.33470078188778
130.55836793336067
155.2675005907846
126.13554880186975
131.60465792947915
103.48178117156715
125.30375776995092
140.85385958586062
133.83473549942818
137.59085959323022
156.71100105087143
105.71349464340454
256.0977052477207
123.958301899996
155.05809081821545
159.1820793996468
196.89515174342262
124.91786300363593
43.08154264790434
86.81675863218662
149.756827144491
187.03271860082424
20.37048574612224
152.83993904552617
179.055366325703
191.81326969818963
127.46884306776914
97.97592012705374
64.80536324407116
204.38634503213748
110.4520253985511
149.87035114821794
172.25267025158976
169.4513660854735
256.57769099655803
349.59962307388264
284.89598480534187
207.5728473607768
309.2434581188871
282.7439970589497
300.3506907408575
268.5195945892026
342.4934629236571
322.5982320559666
378.82304471127225
421.73450779816505
401.90105852828776
440.9271343708829
516.759831415199
426.71304713451747
524.3346616105059
550.4951986167284
478.536677157775
560.9895742410242
567.6369181816102
544.7301579640805
524.0010320552097
527.9576345726254
480.21012699483447
497.8172932426152
486.28272755945767
486.28272755945767
463.8610494668484
474.31317423028577
418.3064590448824
378.5208509480573
365.3803292525346
436.90505994306716
462.888532681867
440.685698995491
417.1953155597531
470.1064094399736
447.39267190643943
463.27790730214804
438.6128059140425
438.2935014944188
404.7706357103739
506.12884146115334
462.6454421223875
552.1584475468542
610.3588421939215
549.2246110250288
522.9371152436613
534.5585928624758
574.8614054186975
590.5277653283537
585.5836932136401
660.1711260935363
708.9318156681085
700.6158073066949
650.6433882531655
723.7334695610507
728.2394746904997
751.6770017915516
943.4954412774659
952.7452481322877
832.5105510237793
901.1700203149085
776.3228357025602
857.731397615379
757.5832766045683
861.3721619677284
721.1757562372757
678.3161056818151
677.4556468721332
659.7192501916996
623.3727009304877
666.069031690797
630.9040112238447
668.4685655073117
556.5460220247123
456.48729870929094
542.0564335626008
455.4396332768858
446.16224545590865
462.3971355191696
381.4962017360416
353.8586030210863
326.9665709332077
317.38900533206146
224.50866528475362
244.00243446664305
232.11426916635352
162.3888381664316
147.20722115114722
104.52723688814902
116.77344668075929
116.40898080645482
178.52683445467846
224.20999587949092
144.60953675776022
174.15490270322073
164.91664704750144
156.33240997118685
196.85022854313226
264.6816896887497
141.569526459093
293.56002753567253
235.30303727300702
156.80131704635994
158.91850985495665
290.8629887435153
274.66561360999174
82.24037835831295
260.94993586892457
417.3867736598098
111.70438328993065
150.655220002781
174.245673265887
177.93869215817358
268.6787594868726
228.34362483850288
292.0339534631218
375.9934032808934
268.85596041351295
256.7693762938652
344.6243674988806
381.65947544904185
346.45881575860886
263.0231992463549
234.424804089764
342.2188969049324
417.2870341394829
382.30177645872186
534.3721893360033
456.5876601307314
531.6161004159553
536.5446913099528
403.11602068242536
353.8623282672912
430.04649905052344
469.9814587658845
454.0155768939051
451.27739590815526
480.994204013584
450.3864696857905
366.5061538096805
410.9553902544003
343.66841977671356
430.12937586250496
358.9478590699945
344.7580969222139
290.4894205812164
331.5179109486283
230.32173434649673
151.9748843704664
219.00942439653463
129.3334943712054
60.1701569103531
199.8818798018028
177.42572408492998
174.5945624639705
202.42806390747808
207.86243438803754
210.19940508479087
148.20905310054025
103.40026373493967
96.97666482728826
108.40012317386427
125.6356699801313
122.47256410400149
134.216590732598
140.94930471491008
142.68552829432707
156.25603465682696
145.3958094756414
141.43000179676358
142.48801397589338
142.00606882979366
132.01459847548594
153.64207168766094
139.3851527998383
132.0587220036468
138.9221640349962
122.28474200737696
117.28457420697049
114.82613121806821
140.02441682476623
171.14815122127544
250.27088686353832
193.33415719626348
228.01628261350845
295.3416746240451
288.7164670332911
202.88628966612612
217.3417384806807
211.50511688564066
266.2733432188912
168.52810179693313
135.84818245214825
247.55764738173283
293.7224044521636
268.21064686122736
274.3619867326132
339.91552920962584
341.6859231228567
109.95689441812245
245.86500637428827
128.26454909946648
123.7811235612007
309.6458966882547
336.0641584717873
345.67464091793204
368.07732814928636
275.2198332065397


