Rainfall Prediction

857.2515915449533
910.4326295186677
997.8419307156473
1003.8222878149422
1040.0225672982906
1034.2428432401705
1033.3516114391784
1029.909707457801
1030.5740755277645
1032.6188788515287
1024.582468952878
1040.769072283527
1049.9694380400674
1050.0248003694485
1045.7412163090828
1040.3715482411237
1049.9335300862165
1060.258924063508
1060.8106644353327
1071.564484682621
1061.8939966563205
1057.3228043428435
999.5698694912486
996.5388783813844
981.9700844845217
971.6825509727497
948.1410572721117
930.7462258026899
953.58134964071
902.9911989441517
864.0158824460003
843.117699430861
754.1279266472567
666.8906020817958
701.1145782389319
643.1524461558461
649.7625205242598
648.5705383961521
651.8463035265194
651.967438823967
648.789439249543
646.9688297715762
638.4809605797449
629.4287550239677
617.9758032341109
616.0969354805985
609.6425815230508
592.6475336723157
580.018428615476
586.084899448585
565.7258947324962
544.697086929163
538.6983372051158
529.0204747798587
554.1830634860336
551.5687040063997
561.8041588159869
552.9106036715591
549.2974956624305
556.849905164419
603.3835275149463
620.1477673461109
612.6212762290071
601.7091997839784
544.2931359456876
551.411066881506
551.483549499236
543.9693198735858
543.5521949492608
535.9239838628197
524.6544605764853
540.5840958519036
539.9966353229808
539.79625357653
539.7936778747072
539.7915535752958
536.1179072186966
534.7570140376555
540.6940391328103
578.1300371065925
588.4387273062755
593.2480629510662
593.5730011224973
589.8786831049712
624.536633763064
638.6129576749777
641.3029905508781
635.0641288732428
640.4032857035261
652.9920805661034
615.5915599550569
592.6435465984312
607.184156340214
608.9852064753995
619.226786926821
625.4419450398879
558.9452073365318
558.041404525704
564.0682691016324
563.9406873903208
565.157609677372
563.6853366065898
558.7069456023136
559.4083015796529
559.4089453903514
559.4034878331017
559.4070234238642
560.0283107668807
562.1827197265224
564.5415890680553
523.3406221420014
504.90240182396815
511.8885935336368
511.63263854574456
511.63263854574456
472.15418745479417
491.6994169633916
486.4538236463759
498.10022041231366
509.47750559988185
579.6164985298734
581.6159578173044
552.2565539905147
534.1853720474555
532.8685662206183
522.134319751441
573.5270782985773
589.8843389866244
601.2285364812992
609.5146697446212
609.5146697446212
630.8199100046135
650.807063063336
655.6624653264973
672.3898289380718
672.3898621580407
675.1089796600779
715.9868707684275
814.1115738091764
907.862012989512
902.4876819041806
912.1848157299223
924.2535008712138
912.2314784051815
940.5217727293353
949.1717393753759
960.2652436514535
923.4585879222396
919.57321084047
948.1895985386205
950.7247569087078
895.5613011645721
891.867152115772
894.9178514878789
890.7404970009294
899.7581673757558
907.3890260439417
900.3404442229946
873.6932468380849
872.4859747514053
870.970565669217
911.5547028891338
879.912616947231
896.9549797812358
891.7647688089795
930.6759373764086
930.6759757846037
929.0561040368866
927.9746581655304
861.5192850494388
782.7132984464272
782.9853107269328
773.2739140835073
773.7098335810543
773.7098335810543
744.2128352642504
733.566927808621
713.9433955879317
713.1778613313826
709.7997020056794
658.9570284272954
647.0094221659929
666.8407171671382
686.0981600089906
679.6917457228839
712.6253987859325
701.1673156345039
691.5506203308729
655.2194117445952
658.527985780086
593.126232207238
597.700073722746
582.1824530304195
574.3185844251819
561.7786848816623
562.566488218887
467.95843823869376
473.25468807809557
473.37695120804545
423.8044104561395
425.71896566587276
434.3694199853225
541.1398035550277
542.1465512929135
538.1509258918968
540.2923647275219
541.4706201678799
587.4885702234236
598.2197526182719
622.3167354550872
626.1223257385525
643.8832032590344
632.6348146248145
611.3112031307116
596.3050700336262
584.4442793362523
544.7880409529245
557.0141634699593
557.0138253705185
553.1835107011024
550.7765844613241
548.6580881938594
541.4558382238267
522.8827099824091
595.682116238871
600.7067390205531
622.1154962117893
646.8783186165991
667.0180252954189
762.3518203017203
818.0770501141881
814.7780939226158
813.1435232227323
743.4499516133707
742.9817941552018
759.4127496627588
763.0491575825694
765.0930617956774
758.6665029917798
803.6083131813843
794.5279967080547
860.3954669345504
850.5649657465923
850.1474476311786
850.1487237175494
846.9409183952894
846.7104269811422
840.193440224875
831.5693105767361
840.3347253555365
916.5821420684935
922.2303618499752
922.3583150592084
932.3606307378159
927.5170374245481
883.3860567698242
879.7203095554976
863.4472225183489
853.5187767461987
844.074477967663
758.7812714816685
694.412720524918
694.4128729497899
687.7823230915268
686.2442775203888
700.141863296795
703.8366389627263
729.945622449379
726.138833202164
697.1189257084218
639.8682949708085
633.3313220837276
548.7913182311892
557.6791132557677
579.7103062808504
641.0324137137986
653.5887122216149
653.5881115495021
667.3978344794006
696.5312226548666
747.1319238737404
677.8323795011163
670.3909608587319
670.6417269030094
647.6228984987049
647.0035378796
643.4018482249867
646.4525020353177
653.7169984832966
660.2215852599955
650.4030303620698
651.7903674685462
665.8538665043804
680.2370148739761
679.6272088394829
679.4593654741104
670.7842889742509
651.5513873007891
615.0004601601427
612.2142321990203
616.9803511684693
626.0421473637549
626.5898636814414
650.5581403611834
726.886076707508
713.187071711604
684.908163732323
689.6155266229218
692.9332338908658
680.4072518048577
672.5404637210376
620.0796551008307
616.5242204996298
635.5185001639175
645.1705068169373
671.3229143505979
684.9312001688501
699.0533567641615
713.7706482222584
707.8532308278885
723.9540963874316
743.0576186213025
751.4300666036277
737.7703405618805
722.8671282048108
723.8522651566814
727.8415627411764
733.5704330960492
730.7564995926962
743.3307461065647
763.8195896511929
769.5369558963821
759.7666248434834
755.2052917298405
752.0864816942793
676.9546062991451
673.1865470941806
643.2965197145298
622.5379843607067
619.3255016207554
619.4908159064792
596.391537718543
601.9935502515391
592.7127157655324
568.90462312431
559.8915349888321
539.8647003431636
584.5480243915126
609.8910151089967
594.9963738632486
611.6588484084365
594.1704683108537
582.3789921528763
591.7603708768111
635.2382061823814
654.0530265290937
676.8354559267042
701.6616188485442
707.5717433807749
711.199832443176
698.7639603084946
709.3492397557235
703.961798448748
704.2701270735566
697.7806561366274
682.9725810815081
691.73386163496


