Rainfall Prediction

949.7001412941064
998.9729237600111
1074.5113775517823
1111.2531764298058
1175.3965389157804
1278.8773659560075
1252.9994001057896
1230.6151046574037
1225.7873026556538
1091.0223521899882
1046.6480453952504
1029.3032963250064
1036.6402175055352
1011.3727175372647
983.3787711546557
944.0602086549908
907.3089012412244
885.3791454111644
752.1649683149504
319.9621430178017
167.89138765688523
52.39254782144492
119.34395646286328
131.64035815151536
127.94449459635109
190.64521288088673
237.16953256478874
246.41449479615133
219.97255766958617
193.20586704263386
107.9218159324098
52.959325253965496
127.38368075181874
118.69802330039437
0.0
0.0
0.0
0.0
0.0
0.0
0.0
0.0
0.0
0.0
0.0
0.0
0.0
0.0
0.0
0.0
0.0
0.0
0.0
0.0
0.0
0.0
0.0
0.0
0.0
0.0
0.0
0.0
0.0
0.0
0.0
0.0
0.0
0.0
0.0
0.0
0.0
0.0
0.0
0.0
0.0
0.0
0.0
0.0
0.0
0.0
0.0
0.0
0.0
0.0
0.0
0.0
0.0
0.0
0.0
0.0
0.0
0.0
0.0
0.0
0.0
0.0
145.681039345139
180.4982296573107
351.50950937532934
359.5152524430748
380.56438245542
352.94093222775894
329.71223559125
269.095785548406
330.58834102209755
320.3682087396857
240.04168551502696
151.33998960015796
0.0
0.0
0.0
0.0
0.0
0.0
0.0
0.0
0.0
0.0
0.0
0.0
0.0
0.0
0.0
0.0
0.0
0.0
0.0
0.0
0.0
0.0
0.0
0.0
0.0
0.0
0.0
0.0
0.0
0.0
0.0
0.0
0.0
0.0
0.0
0.0
0.0
0.0
0.0
0.0
0.0
0.0
0.0
0.0
0.0
0.0
0.0
0.0
0.0
0.0
0.0
0.0
0.0
63.80487439035909
63.804136466290515
0.0
0.0
199.52653830876724
222.7751824231877
229.20204782723584
0.0
109.58370657236141
0.0
0.0
0.0
0.0
0.0
0.0
0.0
86.15863358554023
135.9969699483001
228.6509855308065
390.8877840466945
404.11027597466995
360.07170141292954
308.0326473434123
271.4059826984564
0.0
0.0
0.0
0.0
0.0
0.0
0.0
0.0
0.0
0.0
0.0
0.0
0.0
0.0
0.0
0.0
0.0
0.0
0.0
0.0
0.0
0.0
0.0
0.0
0.0
0.0
0.0
0.0
0.0
0.0
0.0
0.0
0.0
0.0
0.0
0.0
0.0
0.0
0.0
0.0
0.0
0.0
0.0
0.0
0.0
0.0
0.0
0.0
0.0
0.0
0.0
0.0
0.0
0.0
0.0
0.0
0.0
0.0
0.0
0.0
0.0
0.0
0.0
0.0
0.0
0.0
0.0
0.0
0.0
0.0
473.5769173490314
726.2998879131114
743.7054997311556
703.7733868259811
735.0087181106467
798.3888729884632
759.6472823424692
766.7903504859984
737.9774447521737
737.2756115503702
738.232297297297
791.6905310393036
780.1559578527847
746.4975588212802
793.2085766998894
755.2739198326151
713.1833131799061
654.5672378790264
990.699909395253
990.699909395253
1004.7115421041831
971.2185876285375
942.2491457804027
963.2103551836666
774.3501714913957
833.7448004962798
659.2196144272617
574.4360313937091
237.1172725671493
210.340281751805
0.0
0.0
0.0
0.0
0.0
0.0
0.0
0.0
0.0
0.0
0.0
0.0
0.0
0.0
0.0
0.0
0.0
0.0
0.0
0.0
0.0
0.0
0.0
0.0
0.0
0.0
0.0
0.0
0.0
0.0
0.0
0.0
0.0
0.0
418.5528119282371
504.66721062756665
542.45127652689
599.5334660945217
1030.799826386771
1006.0051788469628
1052.8664513299584
881.4078892448814
731.4065798070145
689.028295724128
694.7834516500851
748.1322391536365
723.0678908186194
593.47921849681
334.30253331714806
0.0
307.7117033512432
783.1358303464074
969.5007418740272
981.9413107889025
1006.9341990678679
974.5405099071079
781.4855040836941
634.837399429195
571.1981189551416
414.0178620389494
362.0016577716265
357.9510822651568
357.0979230143679
347.251803181887
185.74122976003412
176.89604126721088
189.96907091798704
163.1621207866236
33.59598382913365
0.0
111.53581213641264
0.0
0.0
0.0
0.0
0.0
0.0
315.1792749528146
229.2183004936024
124.56584725520425
178.8974766587396


