Rainfall Prediction

991.410841892277
1003.1604837144697
1014.8741358556405
1127.3521033146487
1306.2553094276134
1274.0180504461634
1289.9633133957407
1255.284688511569
1261.4333760067095
1181.56551140379
1031.639480192314
994.5192517939894
977.7665534079515
971.782936154592
1109.5971010412006
1063.3496476778482
1031.3461720517728
1117.5572965732374
1109.7562776931888
1021.5508823189352
840.447077308842
846.1547679806109
829.6411323512594
848.7732254893123
754.0574365021475
788.5843434262667
695.4653275103308
723.8079387342815
664.5904014748035
715.825054262825
714.5610195430825
707.6182218034668
576.7815298331476
459.75403816329253
427.1998663641883
349.36265278819826
319.6881123915674
292.5870002359264
305.6271959763084
297.34847808837674
306.20850428133735
306.1655648026473
311.28324808464237
303.1183828616173
292.77998735154597
273.6317125178789
192.0001213844715
192.24097717508977
101.29074324070716
8.146220308834266
6.264482658198171
6.905350020759993
35.28992988821925
35.5841978267945
28.95493499785844
31.478905676115726
29.6780092696234
33.33404624507331
47.1289237756291
51.88695411598715
37.81090578718668
64.4783938502844
251.9872706836305
301.03494815260365
348.3385037090693
467.8752987066325
595.7771748844549
596.7665931849457
600.3610414605167
598.9407392888068
608.0678346015374
602.5388543702568
620.2685287896973
612.0196678339952
615.5165268602767
610.2169384105545
616.0513468850313
597.4307210320857
601.9649317385533
568.4576802758608
553.3648080979066
598.4106364489993
596.3381101654921
564.0936083329649
553.2333560575862
586.4397504009921
558.8197558284671
561.7357284616705
584.205012254716
573.7966370572165
559.917884244255
611.4061994326457
858.8906557956917
783.0087254496559
751.1402966840261
843.3067572302971
841.6657396446736
660.0339477039423
727.7133203804323
780.359278680649
784.9596343316143
799.9048709215564
804.6192601760371
806.0480217750361
889.6494525786579
876.3007488574491
947.7502926512598
995.1214083246552
1021.5020082599698
1090.0626015760947
1109.84333619719
1112.2404998457364
1090.10623035305
1088.259421147212
1093.4304208315148
1226.728994673691
1371.1539176886783
1410.9682617688895
1408.4758876941808
1383.1432015141138
1401.9737725874884
1477.3603743795468
1461.1264506805012
1177.8691867800007
1081.1967121642047
1047.5800277536155
917.1871938826755
831.9346008407679
797.0676147267019
759.891909149413
723.1136107652474
711.9297756554499
710.1471366031474
704.1263722597017
714.2574673927749
598.7956722071938
604.1159590878798
546.7410167260456
486.27843202781963
478.53796542488374
418.23247856231853
415.2968018225519
398.712987032224
407.15362610696934
422.96472332144117
426.8118997416292
346.2887620922914
449.85637416457996
399.9730709521434
406.93915587376677
541.3828584620813
514.2186607960347
504.3840985352083
503.8502726896495
502.9876240653355
503.90301382374173
497.1273811287189
599.3048947672381
596.8624097199579
606.9903496433855
606.8882678669778
623.5236198543062
652.8654342656241
658.6208270625565
714.2887766636874
735.5038149231672
754.5442329936166
758.7886192844037
748.9021893187728
743.9000982017911
752.2074200657522
745.4264651412583
746.3485559581909
746.3485559581909
726.3773261266214
748.9596444424035
716.8855762781266
705.4337997641675
476.5556430921683
476.5167377130814
522.2900855265632
422.1131703501004
421.1154356894164
342.2311804975666
346.31510330147927
346.31510330147927
359.43110856746677
404.1314768124244
295.5774953705211
302.40631793002615
328.9174974622199
352.5914993938252
355.3459805808611
414.2255774093699
413.79692664430235
376.77376703915843
419.7753699736428
502.3097160835352
525.4324806418509
502.1940279405187
523.7017080202535
515.4809240687157
531.2630303124306
530.7325069819815
540.9004348037246
527.465104984928
524.7049633324866
508.9358640947883
497.5617461616232
563.519511763561
567.1248250015385
520.1622992190834
522.8986892962922
565.0471132057396
566.3403433260088
551.6436508015978
567.6776260239343
567.4124864055351
506.0788218726031
520.6309091862774
479.42413050063965
434.9732912506319
462.58225320173847
421.33693795869164
317.7690082940779
344.08750874304707
311.62916695874674
220.4455948964127
137.02917810403974
134.88732637347186
132.5138366224199
125.17208239454413
182.22018073857052
227.09145899914313
219.5575901210564
317.18604846188674
286.8144966308927
293.0666608292273
304.9676849127156
311.6041516021507
230.52922660250826
244.89771488181339
247.09448539474613
221.77788172183475
359.57195072380284
470.74745046415615
482.53178245934663
521.3949356815194
517.90896264452
587.535956224731
595.3088796332346
615.9465012822002
644.514714845221
646.3737546319619
1004.2453528452114
1032.9601433971013
1129.5068884759792
1137.9232362617115
1153.072540244935
1152.0727515296592
1153.4726436191334
1154.0320401546273
1153.0802876290809
1078.1200111004985
1044.9066208671861
1046.0618540157286
964.1431285597866
966.2366265560471
967.6277994770771
1026.0316480899448
1081.7797124795748
1083.67650024129
1117.1029120651763
1118.4212052245489
1160.9719536478478
1014.5457863576598
903.0834512756214
895.0375859282966
945.4240961676344
943.2444818249727
852.3483149972207
842.4975153101171
928.4287068214171
945.7823782030117
936.6589348163619
598.7664776945439
627.2996110527956
511.50324555631744
521.9180894898249
523.6456096924547
525.0285484845369
533.072990850148
544.3699438447622
558.1946008415371
592.2020704477716
827.5827561426115
1151.464763798129
1284.2180347487497
1359.1428843199062
1385.6602620615402
1738.0222163100357
1736.6426313949185
1832.6926295012368
2001.802034288055
2100.546078569095
2033.1125115142274
2058.0978768775985
2044.5896786548174
2054.644780409725
1976.041038038506
1977.6182505905094
1992.2470318993858
2041.2472673251368
1966.1980868515884
1939.197989471054
1941.4010064256356
1891.0090181181913
1884.177174279012
1900.1998765049677
1918.4982410616528
1941.4334614240124
1916.7822475592134
1893.0211543890646
1916.4762610003102
1916.928191974367
1830.7232657867762
1570.4461261989431
1270.2329805089132
1151.4730174119989
1144.972271940923
1083.7371953122613
745.7687138048715
628.1083107981806
570.9278286806239
359.9258440882733
275.0525279971354
286.77054048347657
295.0680859539171
287.3298239448701
308.40158846131396
299.4214588053646
298.7818176218621
250.71641002737255
229.82245199865176
254.5309755530413
300.35808971993566
320.6840461350135
336.00768171498146
294.65698127864897
279.26556551012845
244.57326368388055
259.35081497337745
356.2106155616182
356.38145800835406
367.10525727680727
360.75763106812923
358.7348292440073
358.8175996915703
365.0297544241642
469.1818745575711
489.6111560479403
504.26769978367076
504.26769978367076
459.0937956508932
464.58922795705024
480.07010035522376


