Rainfall Prediction

504.0262778382104
492.04420984754415
493.05595950343485
635.0
565.791759469228
564.6888794541139
559.0
560.6888794541139
516.0
521.54329478227
522.0238805208463
508.0265973128046
507.8782358539819
510.0998664278242
527.5114308125815
593.3099182782265
0.0
669.4967749901858
563.2538288115754
568.282266746896
656.4281052726845
659.927448189981
636.2633982625916
626.3578422665081
1442.0
1436.0
1439.0
1481.0
1346.0
1891.0
1217.0
1217.0
1681.0
1686.0
1867.0
1832.0
1795.0
1858.0
1858.0
1774.0
1771.0
1771.0
1754.0
1777.0
1781.0
2124.0
2136.0
2170.0
2233.0
2438.0
2399.0
1966.0
1216.0
781.4506836776118
822.3645135027496
964.0936315661844
1010.008477999727
1037.7202201551354
1035.9304947659516
53.21476022667029
240.71780070123697
297.81670983853974
297.8414657877521
319.76578445594157
320.71771248592097
330.7690728246584
468.0485806774731
467.0569693564633
470.049820334296
470.0717638809124
464.103469092197
454.1938565786383
454.2350757904512
510.3143494267723
730.5857928385853
733.5290327509964
725.5612435472551
683.4825796415935
683.503846181527
628.4213117601072
628.4563196880428
736.2574387342618
1533.3543700407974
1486.0460050776453
1888.8675344504557
1956.025351690735
1816.025351690735
1646.8021183753772
1613.8021183753772
1739.0562458053482
1753.9487598903781
1699.6634390941122
1620.9052747784385
1642.9052747784385
1438.4085287910596
1506.3171646867472
1496.3171646867472
1344.2344107257184
1341.2480428745084
1589.1647859739235
1409.4101748819662
1917.3890717298166
2118.875197323201
1942.3868793193626
1807.3225652399274
1576.7393914907484
974.1940363874426
1588.7189309957682
962.0432552328906
936.8274015382997
874.6837834673364
1004.854164752637
851.0318258790886
834.0209108429548
864.0481145499643
1046.169146387642
1051.1438004709876
1051.1346472376056
1037.1571265399286
1037.1635759140258
1035.143059452424
919.1032048334695
725.985637291834
687.9607669000288
665.946080387721
607.7893556030776
543.7369400636944
536.7460106569189
651.8339541865827
716.8804409260084
788.9147676387092
810.9199279642847
497.6954990657498
356.5134024644883
304.4550654877709
478.16352662176826
485.1180477448118
466.04517679026765
466.1183078182249
477.9920906641291
487.96381503916854
461.64009112660574
257.29657043384327
805.573559498507
802.6408436328849
742.2873539685813
116.06704618262367
114.99423988536184
114.80065753617205
582.2319276174601
123.93878126272612
592.189418091949
575.9024870522026
720.1654933881127
725.0438813752193
782.3599257891503
830.6208556761306
882.8224521959994
895.4361503683695
800.4059636679455
768.1488805724124
660.2311098403281
606.3672958299865
618.7612001156936
615.828641396489
616.3567088266896
612.0
621.6283925955898
622.3347503534654
622.3401928963804
622.3401928963804
607.127590643345
920.6712086681009
1153.641907070938
1135.7807435157924
1147.411646051855
1152.411646051855
1262.1416635565026
1256.997212273764
1182.755742213587
1254.9767337424205
1250.4764635519316
1298.3798973535404
1198.7628269079603
886.8141405517046
925.1529091824141
890.1026103271555
836.793809482921
943.13075086008
955.1774519531259
940.1187266671132
906.9637399037289
906.9616033075012
913.0556798958303
925.1957444933115
925.1734203132548
924.177261563676
901.9396561819825
785.958026325535
685.8402070729861
620.9699717610027
620.9699717610027
761.1556503466013
453.01153447384945
394.97342500307525
402.95845525608155
358.13017384167773
280.2895796619571
133.34391457253955
133.34391457253955
126.31873375638848
113.30750253681899
103.29877647795918
0.0
34.3120843044776
0.0
0.0
0.0
0.0
0.0
0.0
0.0
0.0
0.10066299265291612
0.10066299265291612
0.10066299265291612
0.06711199500022413
190.35829288341066
214.31991561392732
331.1278796332346
431.9455769544171
496.8186247039742
402.00151200232574
254.85047993930687
167.66338449388536
170.6304572733972
235.76375399839125
294.6829158693527
385.5395989411114
457.3556156628668
456.35159237477444
413.32861628149
404.3537940951019
346.33848070250133
408.135915136116
907.7735959881752
364.17023883764534
293.3002886178792
196.1156106288316
121.02701919702199
0.0
0.0
0.0
0.0
0.0
775.6306833856423
805.6694980898578
901.4095190458366
718.4150969591716
716.4085287910596
716.4068799860693
734.4361503683695
734.4361503683695
644.4819919182003
636.9911737010707
989.4303044362819
990.4161942760104
930.0293744833391
919.9344275259704
891.0
899.332789468418
906.2388162784553
892.9688538559674
874.0
845.0
1265.0
1220.0
1089.9272536851572
1374.0
1247.0
1259.0
1014.0
1152.0
861.4948429574195
899.6915736163978
280.1877090726892
175.43265589624215
145.35387501838903
52.065687200210775
42.207303611056574
42.179756430381026
42.18145835932971
54.216447351179774
0.0
0.0
0.0
0.0
0.0
0.0
0.0
0.0
0.0
0.0
0.0
0.0
0.0
0.0
0.0
0.0
0.0
0.0
0.0
0.0
0.0
0.0
35.15650114288695
57.11904629433922
106.00438062637599
96.0687750835688
96.08468389567976
96.09770158216676
96.09111751881422
96.0957449652809
66.06665363823261
120.96401159428218
166.8834607527194
167.88145839804523
171.87342751736912
226.75896560297878
226.7593549352788
264.6780812927809
125.67716760834253
113.49383451577329
109.28257735253457
143.08595869551056
0.0
0.0
0.0
0.0
0.0
0.0
0.0
0.0
0.0
0.0
0.0
0.0
0.0
0.0
0.0
24.162458447121878
7.936916095597532
22.23042686247774
288.571264394812
206.7539853928943
371.83562927176615
488.01058993272005
498.02964080040806
504.02306573791344
504.02306573791344
502.02444702291905
494.02392747258716
633.8643231730798
561.9502297425256
561.9524200565647
546.9693919768996


