Rainfall Prediction

1583.7388008085265
1688.970760233918
1598.9780701754387
1745.2407407407406
1672.785882666139
1674.9809523809524
1687.5
1704.0375
1522.0399270197458
1611.310975609756
1467.9686566920948
1107.0819425569016
1076.968210357062
917.2701560822981
832.1682799143734
715.3564746749114
594.7151520222234
617.9615384615385
559.5026236414776
267.67843347528
207.71674438952667
100.83929429208149
222.72038255111937
476.159793814433
781.3916666666667
843.3389087921292
22.862357399388152
84.53465870705838
399.0238709716753
507.583053038572
541.5946070518523
606.2703004986247
944.5263157894736
23.734744975542373
171.8027081962797
227.09127859276782
23.07174655463376
119.51059346233525
162.66801760066764
225.1999375836951
102.92362287168001
204.5574109822981
668.514569987015
951.4068436606625
783.1666666666666
963.5857142857143
953.9493670886076
999.96
1083.651376146789
958.23
1006.6923076923077
1139.125
1002.1770833333334
825.1121495327103
800.6392532480096
1473.857142857143
1330.56
1275.6444444444444
1109.6455996293096
1221.6753246753246
1518.4285714285713
1360.5728155339805
1381.464
1513.2753623188405
1223.8817294492933
1312.6615021263283
1425.55
1324.3046396134703
1158.182191105339
1175.6181085191565
1428.440366972477
1222.6184210526317
1216.4433516277684
1097.439393939394
1257.5
1048.5357142857142
1026.9403973509934
1120.8461538461538
1099.0731707317073
953.6666666666666
878.4230769230769
817.4786324786324
874.2413793103449
845.734693877551
791.4455445544554
710.85
484.2
823.6
470.25
312.3114754098361
344.0
224.9431818181818
257.05405405405406
165.04424778761063
127.80272108843538
169.9516129032258
156.86131386861314
156.86131386861314
162.90076335877862
172.97520661157026
87.90203824856728
225.48039215686273
225.5326086956522
258.74545454545455
340.27777777777777
370.8333333333333
350.4736842105263
383.9738225823254
334.7319804188018
283.5213675213675
224.58348783350283
221.28573966353244
313.3574761530666
301.66625632085805
183.53141092753629
480.34615384615387
487.4343434343434
483.35064935064935
482.8953488372093
550.4074074074074
508.4032258064516
443.7016129032258
443.7016129032258
444.5919263078551
536.5544041450777
654.8181818181819
695.4193548387096
783.6304347826087
920.9024390243902
605.8311688311688
658.3214285714286
315.30517250567243
612.4092534235001
570.9681755114383
546.6983940375948
765.2007575757576
732.0749063670412
788.5761550689316
753.3638491707693
854.8924930338584
848.926012727463
1135.7162427239894
825.8666021923525
832.9046107198416
832.9046107198416
925.0648265140585
984.4905660377359
812.1997832337479
803.0090660128118
791.1374513988601
59.82669327675385
93.78979716138943
259.588181688805
403.7224530994228
456.75246707528834
473.5255883554971
414.9866447497728
517.7523414384889
565.0949931173564
525.3898283107168
377.5303807521262
377.66787415048947
1360.370731707317
1599.9942196531792
1630.8176795580112
1675.1150442477876
1718.2133333333334
1673.0876132930514
1616.584229390681
1634.5304054054054
1240.4444444444443
1081.9217391304348
1071.8550849246133
1202.5742534272292
1876.02
1866.7847222222222
1222.3632785382842
1589.8446075054098
1878.5976749850424
2007.8375
1685.679534907266
1731.9183709592899
2165.5945945945946
1829.5274403877088
2361.8975753709683
2300.5668456001426
2262.893812830603
2037.8718736064354
2109.483333333333
1867.0620946561532
1898.0610209292654
1938.1392428461893
1574.5190612694644
1680.3398470770198
1701.4100807077812
1601.4537827788436
1597.1153643387959
1538.7149358874797
1543.4738651723624
1536.3236060616953
1641.9274842674665
1201.082793619072
1458.7171543979064
1479.560975609756
968.9102949226819
890.0217331265061
839.0615128390851
360.67760838983565
563.7615699754693
602.6119044900266
581.678037669952
746.2790551675088
879.0324483775811
879.0204081632653
888.3682387367209
772.2105263157895
869.45
870.5454545454545
765.3
632.827868852459
643.6567164179105
587.4786324786324
587.4786324786324
533.0421686746988
646.0344827586207
699.4193548387096
494.9306410252408
1240.0
842.5136739989748
86.57390879522592
56.52120213511984
546.7938173550979
130.18716882743882
969.1428571428571
970.1428571428571
97.54714200247477
253.98625155833088
328.00120225005173
969.0769230769231
800.2857142857143
674.7649485947068
932.7833333333333
825.4529914529915
1118.1958041958042
1152.6775755970032
985.7584013150032
962.1460601324924
964.9947997231975
872.2222222222222
1046.7529268649612
894.3203463203463
815.8194945848376
862.4444444444445
1017.3367346938776
1010.3355263157895
463.6880060996817
177.65339834089863
166.17791560028482
923.8246744730283
894.4114739805159
842.295498562544
844.0251244912497
814.0172884943984
814.8917831860704
242.92604835273715
273.09677292567187
145.29833461378152
80.36730177529537
834.376114140954
720.0466955991485
543.4237907979364
500.512827556754
362.2836915150259
496.2620063474905
217.91153200334568
233.47808285652667
409.7592532200255
248.31269061016093
309.2989423219168
71.14984762587898
1042.2904381035496
1036.0062061529338
1104.750743840153
769.1791348930799
35.741450934628716
163.06782196761324
173.55394843799468
464.4583244392752
856.0649350649351
786.3846153846154
721.0920245398773
457.28108926864627
414.6932077766838
435.6475829321694
572.559785307614
533.3432463508263
442.0627244159678
420.74500856658995
417.73557505286954
230.79894495867103
1237.6160240750514
560.4352999562072
416.37038107162033
959.917808219178
935.7371601208459
332.62197032301117
303.67982776077787
209.5414476876746
638.1715326522822
980.6005713770764
1163.2196078431373
1093.2196078431373
1147.8631578947368
1119.3737373737374
1260.258064516129
1205.4020618556701
1260.3658536585365
1394.3243243243244
1160.1527983314447
1125.8724731295215
1218.975
1279.1308411214952
1642.6666666666667
681.1363636363636
598.2180016577337
1543.4695652173914
665.9356725146199
1154.5
1242.0
1212.0
1148.142857142857
1307.7936507936508
1189.0239520958085
973.8571428571429
985.1020408163265
1010.3297872340426
1271.6923076923076
1338.3829787234042
1094.6465116279069
1074.4831460674156
790.9727891156463
918.1346153846154
614.9027777777778
573.0
674.9764065335753
685.9303944315545
818.8169014084507
998.1428571428571
55.698903043388796
103.67755524132345
1001.7450980392157
862.2596153846154
969.6219512195122
992.4809314080404
530.8337850326246
541.5327732621367
740.2461769256114
804.0151545561249
896.9838976861689
1254.4056910939273
1016.6878318850574
894.3388130930568
1222.112473870728
1162.9721633873935
1086.3471642413633
1226.7499522967953


