Rainfall Prediction

991.0749914555026
1144.7127932658384
1179.0872851584418
1266.4152240751678
1314.9782380107365
1325.1632727915287
1342.1306405301982
1343.0603455840478
1350.7559422875029
1342.4846008334334
1330.4426427020862
1279.7477978030956
1194.2174787232564
1149.7282287566918
1068.6026822196966
1008.7149783753507
914.9220669227831
800.4580174343432
769.9207945824807
564.438548070798
558.1477754506474
443.93406223548925
559.2307602556215
746.4152261760369
996.3311739642579
1051.8814700260325
1063.2463994334034
1160.4340062957115
1188.2111028769257
1198.4677717819534
1202.7420870322871
1278.3681156382381
1322.1687736916929
1380.9503356585137
1367.0298229266696
1388.1913664500164
1377.4107498953454
1358.8935607070669
1413.140104164895
1450.387275106664
1536.5304828334922
1628.623277288632
1725.1674814466844
1783.1645673088801
1828.3131339479949
1989.1802649363956
1985.1024718355857
1964.3095833476268
1968.7695342253091
1967.1031266163452
1942.3299405142736
1913.2643050969987
1876.8565214373355
1718.7586484149515
1564.794041323526
1331.8202390645315
1429.2761422736398
1594.6784805017276
1551.7465033585493
1532.5254067017927
1529.143461774631
1519.9310142383038
1408.4298834351812
1325.847241989404
1283.024985418268
1255.4899377504164
1158.4196564225335
1150.1128475580674
1160.2487007616287
1059.335101439982
1027.4221555496483
1030.3139195057363
918.5180516764008
952.589128438409
949.7831007453957
897.1647926760119
758.729150479622
740.2593145498257
752.3844683639437
779.9036928460735
753.1125284092194
788.996632912326
839.1094276546697
996.5282030426733
1008.3450739104496
1005.3933741251202
1002.6070464819069
855.6337742022317
610.8706900809697
461.06043776573074
409.71212380187615
347.5835107851018
411.85142688363595
429.6794538207689
426.8382540624565
420.4138110192808
423.52132257964496
427.9572216114734
428.20938178406055
424.46450742524337
460.7989028357441
455.1086510068903
426.72335531764645
434.4114114199341
507.29217721070523
519.7375745886744
538.8219729567767
594.7116379009266
596.1201587603671
602.2627157544113
621.1726395014297
584.7081770515309
544.1625976144328
521.4813346868498
421.71194631553425
403.7318107357903
403.4916689124082
403.1989289967001
396.2187337143924
370.48023403895564
392.961036851339
430.3564976665263
445.038521607159
431.3429068579931
430.4923859846021
432.5628646748205
428.5378533814976
436.1362279824415
517.0590000238884
625.3746039659627
706.2538982655819
666.8874189557991
636.8104001954596
628.516266940272
619.3945546408256
557.777867753672
552.4998596401506
542.011024159619
509.43093969986273
505.8410167514966
480.54355770783513
425.4454590606366
407.3251447768326
401.3401616747747
403.19449701491806
479.7215584258626
506.3150552697213
526.4653655688152
536.1848806184369
543.8986027738758
571.6970304589574
583.882534744827
833.5203278640251
996.6706881273403
1046.3457898390534
1067.3662837854952
1098.623357302959
1253.7733985438927
1303.1741101742973
1253.5503917513302
1142.0209877703371
1102.3838568728959
1120.9546455572204
1139.2908319887833
1138.1614400153899
1137.510575806635
1119.8793365976012
1091.2365774195728
1103.8714923741352
1087.5639736829953
1111.1963136158097
1099.5277127943946
1119.9763374226397
1156.739380187518
1207.8731578656434
1222.169771440213
1087.0106395607331
1079.3715939081633
1016.6829001627376
1107.5292778177838
1235.089121031738
1261.6984064753506
1233.2281173171866
1246.8641554805488
1194.0999270185346
1387.6688632197452
1390.1602226763425
1422.8159316934743
1361.3673156371526
1343.772973875851
1331.2687380554262
1356.317803544039
1352.0075577264029
1386.8436058014213
1386.213972265529
1421.854020674881
1442.9678665247764
1499.675171679974
1502.1843865239678
1447.6580692944106
1421.8134742488396
1406.601146823114
1422.242942189253
1422.7478474768466
1418.6542337093379
1326.9419322707747
1312.3831146309165
1298.8782828467006
1218.9947197820159
1286.7206053551358
1138.9145868428184
973.2959980491606
888.1842453635801
868.4280895245585
774.7508987564399
769.2063741816722
528.6713003889432
509.639280378552
430.1116563093866
427.7487759425318
381.4478401921212
375.30605495840075
387.1863747215977
383.58531828508865
373.4130606561762
492.526873307673
470.14178959711865
595.8074281937161
566.0908874123453
590.9449677888415
642.7086018524062
669.2568759485516
687.5723682778347
690.3352096258567
676.071625443614
670.9032619861229
698.494329240869
703.3625505634355
755.8548785182991
780.1413545390701
707.1884716840049
785.8940890672033
1196.40204638077
1186.3460606325652
1247.7076412765446
1382.953046079141
1399.20177277779
1422.6848983524076
1425.5877475211244
1449.9218245468605
1409.5461434216272
1422.855480282532
1372.0506200319765
1282.4022702245834
1294.7925842184034
1218.5543489680256
1178.6420964042939
1175.981688945634
1133.451322851531
1097.1063371907787
1066.9494392869735
1042.564693794671
1023.1106131169097
1027.981876382238
1234.4439631205685
1290.7569941674449
1252.3034176130232
1250.5814349091252
1234.2743748721607
1199.5167852512725
1269.2508029064757
1261.9079684434655
1263.5375437313307
910.0353151557911
880.651803412602
891.3544076767365
778.6736070351599
828.8102530999265
942.4251683400819
968.3104088488751
934.5283730980004
942.1644131852381
948.1215209051319
946.3808477151697
945.6674635335493
935.9246581920822
936.554778386955
902.2594927309092
912.8320922116118
847.1643494170428
847.1643494170428
850.3504822148759
967.3614661252001
975.7940356448179
959.1789374982302
649.1742876699927
635.3563426954908
614.5691086893066
644.6234740376923
758.0476922842946
1207.5461551579447
1284.413755128003
1276.5215694196772
1286.9011737046296
1296.4885038610498
1381.428355990413
1351.706660121162
1325.4462860270337
1333.704237812006
1164.037013874417
1119.9031934599943
1099.0468643294123
1084.630003779187
1125.2719013628962
1256.7463499198275
1280.4725537020752
1267.19437657692
1348.2726199027104
1344.5014847237032
1361.151787355191
1376.323146653814
1456.9870282511115
1476.1209075070155
1512.1464392143164
1529.3967276398444
1557.445710606572
1568.926067943618
1536.9419376878843
1539.765815640712
1537.5690383650074
1480.703059246081
1192.9449927787875
1205.058243348849
1300.6575502741925
1286.0620816149494
1348.9384116476795
1273.4584151360505
1503.694277021178
1531.5957328390452
1532.7924337430575
1535.638222192379
1519.3335217968686
1524.911144557975
1641.083316532953
1606.4298353692648
1483.9864583365568
1475.5368420647533
1460.47617967865
1381.4223558167632
1325.1176209037828
1301.7478015435745
1273.8769599739774
1200.3046841585415
1167.9866687329873
929.466458950672
951.6316537609215
948.2740308524825
940.0045949961423
923.2953348937078
1033.7847131150515
1082.3549757557855
1084.9300520845284
1231.8359224728558
1214.0485927247696
1109.7392308811502
1113.0628817331653


