Rainfall Prediction

541.6632416775942
518.7212729560699
543.1012315882574
533.0639407990423
542.825903734973
548.7878311086322
550.260015516363
529.1579043940778
524.5720524606932
513.5231925526091
510.17672762703876
507.4719303024075
493.08501170070144
452.9117113083611
453.157942289724
394.8288187796484
358.5437800518023
310.09286480948253
314.8384157643278
316.8000130562583
319.77444472678735
293.9420597411851
266.479550990272
235.2295503132799
255.92228042444265
257.23334094287225
294.96127813957514
310.3984860266638
257.60303537905713
237.0312200440162
168.0075947680989
203.20150591131187
186.29448265108
191.43205253353653
176.03659747630945
102.69957380763356
37.72195890016292
70.40870100836901
45.863124759345396
46.42989108414929
21.440687334874156
32.05576587704343
11.720659611134693
0.0
0.0
0.0
0.0
0.0
0.0
0.0
8.656058812740184
56.51132137387884
76.87216934388306
98.07737602619295
113.39951004018494
103.01217899361745
77.87882413328387
54.893281671936734
59.588825703439
58.290323518807796
70.18144472351125
83.44773606479897
78.81918482831071
67.14632994795983
34.550283364178455
29.301888478783837
59.12873869806677
53.6750091158618
34.839762014674506
41.66970632841122
47.340388389581804
47.523520742594116
55.23948056855144
27.823960734957268
22.62650834993798
25.408520191189268
44.17609197770298
71.7224821551219
62.401625351327425
4.027724005647656
0.0
0.0
0.0
0.0
0.0
0.0
0.0
0.0
0.0
0.0
0.0
0.0
0.0
0.0
25.92111425102746
46.395546835821165
29.052751287625824
26.67965498730962
89.87345436276053
89.64943207445492
121.60446084469606
107.39034194150702
135.38425392744205
125.7544613002849
179.3046500581176
165.49141596540227
176.2717659526511
158.01817799054209
140.4201608895055
151.731104507189
161.15967981033168
141.5360441816593
181.41632358922385
167.3953072608622
170.62591955578904
156.63386112557396
167.35336783100706
162.3756975125821
156.32047401828487
154.13332460028792
140.68392937006854
108.10791534259755
91.90382552327588
112.89324200104647
75.6838606165849
85.83341975195864
84.10573333120763
116.20517849785489
110.10344074749088
39.618038845153706
45.56833908268291
10.897700744614923
18.771172273805973
29.806820035339513
29.806820035339513
47.891967129811974
29.75471007815875
42.546257637108255
56.93128036042364
92.58716508440125
125.13779894997663
145.56602643524897
157.05412664249468
163.84652768796826
147.59301840540633
134.4966811574896
141.03767573444912
143.26799317998308
140.88214463044483
150.71898188227004
111.89838129065339
157.90758605312135
205.94754959025695
185.36903771249857
209.63363269214642
220.88318895519453
207.6767312542621
224.98114849979456
208.0677789617016
205.55282568128825
202.215723954123
202.3959732138791
210.36136632179705
218.37432149399226
205.67877988996597
204.67133212002432
181.93085077768197
201.8900031244396
135.75689750031614
106.93232650969333
48.066476790621664
0.0
0.0
0.0
0.0
0.0
0.0
0.0
0.0
0.0
0.0
0.0
0.0
0.0
0.0
0.0
0.0
0.0
0.0
0.0
0.0
0.0
0.0
0.0
0.0
0.0
0.0
0.0
0.0
0.0
0.0
0.0
0.0
0.0
0.0
0.0
0.0
0.0
0.0
0.0
0.0
0.0
0.0
17.19766886900004
44.59721784141894
9.796279562092707
0.0
0.0
0.0
0.0
0.0
32.67857402645967
59.8170930822626
86.3575491101223
83.33361516016777
80.64305398289628
84.7880286299714
88.68884351942467
82.60220437153714
82.60220437153714
174.3614061676027
176.5111527902103
190.70970747709276
198.86767233831102
187.07065037669526
191.85358757911848
183.30509434957457
189.45350928726702
187.84124712526506
187.70710356669196
188.0164302457565
190.57734540562114
131.62436777291538
103.20643470100174
127.90592652643403
124.17769853864002
146.5010404548525
135.42842485954935
169.30604145475814
166.58693988865576
186.89820192952595
179.8442262424997
213.0591423274922
186.29840792436318
163.88018380554172
158.20192036686598
194.63283857980633
204.58321501937291
247.52115535547557
248.75416129212022
265.2838862845968
216.65526855706287
178.82838648838526
178.56168332328548
138.3236435925072
146.94849534226796
199.27262613590506
190.96389559164606
163.55171660849942
136.48023972031058
89.03262588487758
92.07679222477248
48.42233535507148
66.96356419201072
78.19015266158476
101.66020724658676
100.91666355982727
82.04141081133491
86.55718360159449
52.19874614843616
11.39134956372186
0.0
0.0
0.0
0.0
0.0
0.0
0.0
0.0
0.0
0.0
0.0
0.0
0.0
0.0
0.0
0.0
0.0
0.0
0.0
0.0
0.0
78.57797934794712
110.9145102628894
0.0
0.0
0.0
0.0
0.0
0.0
0.0
0.0
0.0
0.0
0.0
0.0
11.073204252462347
32.93330649746292
67.12141054050926
58.99702915393914
34.25435059653444
57.82996170873014
57.72579095019864
4.508654637048608
30.87622279472498
55.174780742236294
10.04438779045654
0.0
0.0
0.0
0.0
0.0
0.0
0.0
0.0
19.095033126196597
22.959962730206712
66.56986461432678
30.14609949879093
26.71645494890231
0.0
0.0
0.0
0.0
0.0
0.0
0.0
0.0
0.0
0.0
0.0
0.0
0.0
0.0
0.0
0.0
0.0
0.0
0.0
0.0
0.0
0.0
0.0
0.0
0.0
0.0


