Rainfall Prediction

1146.983448869884
1230.8248761962423
1327.2582818241206
1343.3917146244426
1395.606363497017
1381.3667588002852
1336.1870442821476
1271.3603565237347
1191.0670036010038
1156.9872502218013
1084.396716853757
1080.2448480481612
1074.9490862787402
1086.670878311074
1081.558453960452
1070.5876889997994
1123.4503137290753
1189.1212974745208
1193.0000859247114
1198.145322504412
1199.2354554532546
1197.8866038200733
1047.6001832369986
1030.3758108072814
993.734497552583
956.7585622618959
912.7611175370246
880.516461702905
928.0948128738299
839.0071939811462
770.5215255958743
717.778813762866
671.8553562529494
604.3387833184757
681.129611706535
609.1016632751493
620.3589992802547
640.5370380150747
646.7819196223313
640.0007948722664
613.2769337857687
623.3230893585339
623.4072382943377
661.7021513610314
644.3336251841721
687.4875938057269
685.8054120021651
630.6461641713555
574.8195455576337
563.3528887829366
509.5977815184871
453.8473817303894
427.3671509845852
381.3702203366532
425.04967403435313
425.3294812498879
433.4841145839007
421.87032221755993
414.4757286017234
387.3708556872255
534.5818573418466
575.6673555472743
570.4719617638964
548.6641319323129
414.3367352541423
432.76980887352056
419.11477907143706
398.0643430796484
378.84530545324264
383.6803599790835
403.1634602130723
437.5034389445728
439.5706167918512
433.7339050202528
428.5410983257412
444.24926712940305
436.84098305425
407.0491500944733
391.30956606802937
441.0153284033671
460.51425722651635
477.89074810684815
484.8040503108846
481.2150922338736
570.8667219576588
619.3844854448041
642.5005580536675
645.8440070767733
662.556893667934
693.2400686621944
621.97676212717
563.509694340484
573.1563457487451
571.9574701575137
586.1568460418295
600.1869420689667
499.2005894453968
504.251868379063
511.3412179688171
553.0181004281611
562.1761113665115
532.1603680568126
556.7744052906069
563.5851379417884
580.4123315730005
560.8251638089433
546.4151023163232
542.6909446289278
557.7801132635768
578.8486674552129
541.190476220853
513.2958288856911
508.1660684966407
511.2574759443478
508.62593353755454
449.5560916499274
486.6047517483592
445.8332577997974
481.0763572833489
465.61680900529075
526.4830830138402
529.7212320924656
529.1539690253429
511.667727665935
468.1603211523331
439.81168471173163
536.9044885128799
514.8712975586901
511.90162620782326
527.1103253864834
516.0419171738442
551.828789238961
579.6580121539323
587.9554319456912
594.2266853300258
575.9879669420123
601.1224982880235
687.3917380605589
806.3449859026828
976.3519172964307
957.0876572488525
969.4738879795956
952.6458218425081
949.8544223426725
983.1329088833747
1021.7233741281691
1079.4087781789895
1053.2522747709556
1089.3422367571052
1126.0771218984112
1271.8416702923018
1177.6731236452263
1129.0286562370807
1099.2177446003261
1072.2382865877378
1090.1634370313557
1160.0582033324088
1166.7751040746164
1172.8397949904438
1282.8049383209607
1279.9052700402187
1339.009072884421
1309.144110581921
1326.1344109042134
1306.5402828761494
1432.4756045786107
1441.5745057799993
1436.4288071077337
1429.251487464713
1284.7057585855057
1107.4684832346813
1111.9138637456138
1088.0976652949455
1065.9145955155016
1066.7703016007554
985.638512188056
1001.0686198236763
963.7262172630674
954.614586042591
944.1051961809661
802.5935005701419
771.8051952545503
788.7746642180557
850.2983368191749
864.476908512926
952.8884740256959
1012.7108304754379
1041.2741811594822
974.7226535427003
1011.4880246209273
894.4491777580586
790.8359841529292
796.8990292351853
790.8368728263064
736.1903194578206
744.918957427151
557.3638666070722
566.3909733584845
549.676352347685
459.2507359797405
452.4784064962484
423.0898791127447
520.4282910590618
522.307961010222
515.7920057872932
520.919357184224
524.382520212886
549.540873269429
605.6902465777073
675.2647520131449
706.4841527722018
732.1049871410644
712.391063977095
660.0572608902542
619.7387098684463
607.9728858166075
571.640497050153
593.1086612015883
568.1913811455421
550.745641939667
550.8412092246703
546.5417550555322
542.0213665514378
502.7875679489187
608.294819544651
619.879876294765
656.1535362955642
690.9261972798083
699.8405717476289
886.959490171065
984.7376499010026
981.7190433213752
956.6176331108126
818.6685769691718
810.7488066222072
836.9977174315096
833.8139845435437
833.8777734101778
790.273173360063
817.0331224783548
794.5117500952084
931.2171250951659
901.5113339899567
903.1196989688099
904.7975158631482
905.7951622170624
907.0625794709906
885.0395236613754
878.8111375472097
903.5506236558433
1094.9604657388948
1103.4444250045321
1105.6377257765428
1134.9438836426684
1127.690930882203
1060.6644219759544
1077.8711853897155
1039.0578698971428
1005.5561146815637
999.5411836241283
813.6225125424571
687.719985920215
688.6102417721999
703.1938105881064
706.8230858524021
757.6337451181619
755.4137061540102
805.3533008855832
798.3518841383072
743.6790652673525
668.2319777762569
672.9161716091412
544.6818899639617
558.1681297106963
624.7195724512785
745.822828721299
768.6444931227389
751.6927346290661
753.893178065645
787.4961484994103
875.6316281993841
727.6970630566587
705.3344468280048
706.8645948852902
686.912932428243
678.7249370602343
633.1870166661982
612.3263831846799
622.5880944674059
619.0198972138116
580.9755199592635
578.763315287178
619.8230332193134
635.8319248501847
628.518162371874
607.1118344016357
607.8622979817173
573.7379100570524
439.6067929514906
417.9583552860662
430.58227017678763
445.1834458771212
443.706879573287
488.0434412284976
595.655470307088
547.8758706212125
413.42173682955774
418.72176005266783
433.12662332267166
401.25938381091
431.76633619353845
390.1155177961465
361.97161588268295
427.4509586124131
430.0547180824432
499.82437219225335
532.875429781942
559.3579944059256
593.8439425715184
585.7233243799267
624.5620297283805
676.7504591143418
685.7609483746328
646.8224948716878
630.1991041122809
634.5940247637338
672.6128293595167
678.2849985114522
685.6790930853822
738.6409209406313
794.3575030105117
817.7340276762434
803.7253006150977
804.9646419436142
792.1858285998655
639.1620781205635
633.8038797990209
621.1021954644923
621.5378940598816
642.1820786759562
643.6022672771009
616.7708459895521
635.9992016772193
630.0575211883706
587.247583214869
586.9346141356632
621.9162148258807
683.8780753816167
722.6603693781192
699.8498279765638
718.7711097655969
696.3226919136378
660.2509690892942
682.8655349286427
761.3364128373048
795.008501774701
821.3706063027861
848.8171573968476
848.5159400233885
834.6835350263452
805.6796577084999
824.4620737519347
809.6070072251623
789.0239440338597
760.6354009798247
721.9588926120898
694.6256195082085


