Rainfall Prediction

482.2614939171589
520.3518977910898
534.0714422618702
488.33054534013684
506.84727497720087
522.3435446933731
537.6772792453336
538.0562166272966
537.0718123708107
543.4737076279174
551.22191036314
550.0238767233553
550.5194159303743
573.504287294017
552.8899758974705
452.7232090582222
404.415968148195
313.48565648790463
309.86689781010153
472.5534512708139
560.5906669087105
675.3178642785616
862.6682499693404
937.6990754918578
1002.6628199403308
1048.0254033869912
1048.0557436431204
1081.2598431808285
1108.2920006226248
1125.2881336626788
1134.5593872683978
1201.8365660186266
1153.2203505879438
1162.4956715976743
1140.11926913787
1152.9739941164567
1139.9538583081078
1117.503097626487
1161.9316832712586
1200.8768677766152
1222.7541073713599
1247.62603149447
1260.8378607297896
1264.0852859059153
1242.7217510530531
1244.2257610281251
1196.8253733498307
1173.4123007581352
1198.90417915828
1208.3460290447977
1062.715633470508
953.4143500448126
829.187965728838
437.1676268008988
333.0050987984472
321.418560574763
371.4216003061376
373.1317680718103
324.44113890168455
341.2391058660411
328.6189782501954
316.34098022599306
290.1449943912091
392.3282786783864
389.0437447101749
386.66940237835706
351.38958908883694
349.8176537603676
342.33473821892994
313.78535945718437
285.3331849979364
271.1925544611972
272.20893995379015
450.2150361008567
423.7261322132976
469.69619581563325
491.46432079655597
537.657251209446
555.7957070660918
726.6451265673976
736.7037513083145
880.4165292416582
891.6593969840383
1029.7398493593735
1032.0025353334559
1030.800609558243
1020.3948213590642
1027.5662702292527
1045.3065610959338
1048.4954472099712
1061.9312344474185
1070.730186980191
1074.5682288834007
1046.1360616522527
1013.5856298251363
996.0151748968191
989.8656124619723
978.644773791942
980.1435471774971
979.0759767638731
972.8348935156691
922.2448301603886
926.8226197296444
910.9753232806356
741.3706042712724
650.6181510593977
670.0640893489011
740.8945720542279
666.8505290860977
702.4399635706877
597.3865832953169
590.698960463062
441.03220214199735
425.6155718613279
335.33086382226236
325.5534108679578
313.9321186752829
312.5802965939829
294.00134146112987
285.64715443610595
320.0278696854143
340.8091898991923
343.9116198449387
373.66742379999897
357.5593996509431
380.6216834006244
377.75710242128656
379.8584627987053
395.0046998158854
452.0283786638118
478.8429407223232
486.43229229926396
500.326344869635
482.05619486564353
463.89185233482635
466.2688319114355
483.8992845896152
528.1846155920204
522.3162031704023
518.6699241456237
472.55580558058233
413.72410947559035
353.9210546021409
344.7690173531881
351.07544388120084
407.8911689297236
357.84166842468596
383.45714924570876
408.43471371508673
363.28419829861025
330.58836018984243
347.7060444898336
592.4650724098941
634.7181584588352
634.6874680537126
614.1636094380356
620.6560647295834
669.6716459345272
691.8866704251687
661.110413818036
644.9158966444721
630.5913132141376
618.4657438421643
596.8081275019505
594.8918546768663
601.8129509461412
630.9852782329128
739.310733875969
832.8576822191861
917.2298130778606
917.2298130778606
923.0486000331019
939.0982640429202
938.168109597122
929.600370320639
962.2562944039023
890.1293789890988
907.0605942662156
786.888739647252
792.1274047999377
789.0476899214432
755.5219134902754
796.7426697875641
763.6147569531555
758.2140353039482
830.9612682328402
820.295171837918
822.6518577690581
784.5308285060968
792.4535359629757
794.5181412008496
805.2837693456706
783.1385789350481
795.9266929979077
859.5890303999947
882.1779692427893
897.8875765732572
927.3961337044663
859.7441854295472
769.1395805623774
728.3834556335867
805.6537012541288
782.3568343916419
811.0860382430379
843.3451458598779
848.9687185645155
776.3892675209058
717.5756422315205
621.8132906620244
621.735352123578
640.7743291917219
632.6036444191617
619.0200921120522
538.4178391484286
530.5828392451511
598.9448068581979
618.7887767685655
581.8540008627357
601.3767599307463
650.5652954790511
667.4157978391913
673.975169179711
674.2914659604099
674.6828545797778
588.4422827493697
533.7009701470649
514.4287567832663
519.0039614572848
453.3552779878851
454.78984835089994
484.07289517655016
471.52148608916553
437.9225625391421
419.7137638753417
395.2288078800891
403.66361399424835
452.67834213479455
462.86433963012144
469.1280254597144
475.5181620806938
485.96030562718346
413.4831708044287
407.04511089496214
444.64355690033705
401.18281900074874
483.1755600797703
434.53167935592734
353.09670302065064
354.40142481668596
374.4493392032252
351.19152432207704
316.84278386108593
451.2807329260262
508.91142927462704
613.6098309272095
656.260408893124
707.1593372775997
716.8838705560466
772.3749224370736
771.4386458679422
771.4386458679422
763.0580746521109
868.6056461824235
901.6237064960608
885.7283400254333
911.8622866161033
910.3920508159728
932.4731204248806
911.8154230895985
996.8678283451289
1077.0754353567377
1069.3037086468776
1092.291259385627
1082.9239564525888
1052.7154616277405
1032.2092269596612
879.6459204629699
1035.8277889861035
1149.089160171174
1158.8138283083636
1171.5501331099877
1196.1541706801654
1197.5354329422096
1117.997620497032
1093.7973916648846
1064.3681186610233
1006.7021188820926
974.2935401916704
957.7408463327588
879.99401958884
879.99401958884
883.3136462622621
992.9439924899335
938.3141975039973
922.0572787242197
921.1803814467013
853.1375641033342
806.8506650203661
794.0893435278385
761.344268122252
833.0445097093492
756.7492420468193
718.053708124759
668.312242408156
975.1892632664802
991.0282004852609
989.6752920908289
1000.9913124972135
970.9939625947546
814.6145656010682
759.4137703864408
720.6059812005768
675.1627436389539
667.5760671433485
591.7365381470069
640.699832783958
668.1393110467434
665.2042208275448
664.271647571544
673.8879479166039
694.4489468156954
730.2638130222133
743.0965435967985
709.1858468218727
693.6849445363325
693.388131473743
693.414687432933
692.7316283790999
694.1423440277681
694.9624524653682
680.5524730001842
596.5954566872915
683.9328372908902
815.5541035567921
842.5412333606062
584.1878687562289
573.4976851719335
780.7712019018821
898.1798164425896
944.458594399674
998.4601097230914
1024.7602303054857
1040.3358157374028
1041.0568443430436
1044.3926734278698
1263.2868056926775
1364.6416245065686
1370.79944500742
1375.0045361085213
1336.5935989387356
1377.1074786567349
1275.9012421611253
1465.582856215834
1458.0090103899192
1340.169448504229
1342.0943980023192
1363.3768015965263
1375.7021865314039
1375.8531824731194
1435.9031647287804
1434.5592375996102
1429.7741825588002
1422.124883102531
1380.6140270928945
1265.3027263680876
1245.5922733278612


