Rainfall Prediction

528.802129525286
526.627881027527
526.6438175398844
527.5300279301696
531.1258738937846
530.8433381078238
530.164542207081
531.3377271537378
534.3572907997986
541.9602089334882
541.9602089334882
541.9191836336535
541.8921888222478
543.8450216174429
541.5164275964349
536.9684280830403
524.370361044039
506.75103484163907
482.5560735624119
481.2453089160036
451.04384317813805
443.58354090287287
435.3458890437047
435.2036593423083
436.2473727100962
435.81913659359384
431.83104956529786
430.03601527566354
432.19461732288136
426.7009898446119
431.2277693695275
430.82881678591
432.1208574325617
432.7694376477344
438.57348711438704
434.6872684401963
436.8017793712557
429.6022426217541
426.10185162501176
436.8951442197599
415.3781943776851
452.8418670164482
461.1865238954681
481.34398025236055
477.67316492402944
491.46950508272386
498.2966729713784
501.75330134354965
502.2676038628901
500.42629019074906
498.37820864319764
493.3280095545713
492.11071352691994
480.9064863157063
474.7385585305488
475.4340533502958
484.93880550420727
483.8664083561327
484.640735318011
485.5671256018691
488.1098529486559
488.60930933312994
488.60930933312994
496.94371971358566
497.6351754188879
491.01367625703347
487.450883445303
483.2532942846078
489.2122174597804
490.21634162695386
498.3716365057548
513.8273136302408
500.6615008222625
518.4723404478411
507.06501481130795
507.33356764171714
496.62616112520425
491.4408640637534
492.8969166854013
495.0673893731839
511.03789856917723
531.6403723727192
536.2412877468851
536.1933859500143
538.8347332106714
538.0999545753418
540.5952259374674
540.630211439209
542.6806709306643
542.3650567786377
542.1312178126683
544.2383258362531
543.797978726186
543.9986987411502
543.4098572356882
543.6517888279907
541.7429019157064
541.5967885688394
542.090862169354
541.6684178430581
540.4605915227659
528.5856263414227
513.1779908203704
514.4027955377045
508.70634591855156
508.37477276757244
511.89371213071956
516.0418855790934
518.2141937595356
517.6929142715127
515.7187037408985
501.65063884405845
474.36007884379154
464.49410893703873
468.1694339551553
462.0005780512974
469.4116745082031
470.0646543304643
469.5072460381393
472.09241606107634
485.4866586860183
484.98326979571334
472.56788620992944
473.4375540578453
473.2459267121668
472.5920013727971
476.3707438140247
474.90531423779606
479.80858204943536
479.37061781457027
525.3490121015855
524.2692721181859
524.4847930651272
523.4087561125825
522.7085867563624
511.9904853475751
511.9904853475751
503.7383115102418
498.91809740689695
499.3765282933828
497.28065466346146
494.4702475219508
491.25509346642605
487.13680012072933
491.0671663962257
515.5312926512773
511.99914794879015
508.9425394776624
518.3459339224496
512.7843906501292
511.56983802349384
505.85897857291604
519.0465495999726
520.3806495676265
525.4361302510193
535.8450440477889
536.735715126429
539.9145094651739
538.8726939297815
541.3336156290634
542.6373604517134
509.5921199408717
517.2694079816155
516.9440213820543
516.2178644049694
514.16565028511
517.8437182157119
517.9958548810519
520.6230705937098
521.4386190825073
526.2421915267319
527.9241799361365
530.6873435984751
558.1772569031701
589.7971775694565
594.2294755309327
584.6696405541634
584.5968185178369
584.5968185178369
578.6351174327572
578.6402913346959
578.2942743074825
580.5017099417632
580.0076922707186
582.2893815992574
588.1230222263582
588.7147521093668
588.6691971693161
587.7624322581526
586.758798050318
593.5694328360653
594.1938668937707
600.8916132644543
597.4324730291289
598.433841862278
598.433841862278
599.0303386732976
598.9373220055136
597.7757051136267
597.2515647673571
596.9854454842807
597.8259195506367
595.4543142002117
595.6290334709585
583.7691487741754
550.0349847859533
538.296904987995
538.0554637400314
536.8996839085838
536.4732913811822
536.93292025552
538.2806843372765
554.0739195193735
550.0409235210965
549.9497916507885
546.5627461104795
532.9303230689364
520.0052725200692
519.3820392966439
518.9287837700806
519.6911448794217
509.8561742664075
539.1539277626252
526.8739160062229
535.5642591168621
553.1218356841666
553.1218356841666
552.8839057803378
553.3785332597611
553.711635053693
560.2913813126929
562.3912645386637
558.2442400116321
559.1880251834311
563.0853609375664
558.1924381165946
558.2381328035411
559.0943501753302
557.5613311949697
557.5613311949697
564.6854189653363
564.773852226966
575.282277677098
568.5906011830182
579.4612069380339
578.3535063177043
579.9252229029258
575.7565354784331
577.3628737565016
576.703843676296
576.3750332525677
575.8463562613603
577.4229026672052
559.8999191871823
560.0419755117204
554.4865484155824
542.9627152898681
544.4846743355407
544.2002860256652
544.1966705400682
544.224228632851
537.083773389142
533.9774181197213
534.1840063575286
531.6997841045371
527.2962427999182
526.3519492637764
528.4164554050187
526.6288762922087
526.5453099053385
527.6536955794045
516.6989175583149
515.9916792296099
492.58798167820004
480.5662470133685
429.9877636827103
423.70364713750183
399.93527047321675
450.34023211232613
455.0670429612882
451.4436375102144
452.0250540790004
452.0250540790004
450.6164600445017
449.9821709871113
450.07107950847575
443.5765645884384
455.57984747004804
445.9945309388099
445.95110334115617
445.95110334115617
445.5713486366588
456.315128710373
473.53053513678043
474.00527592487856
485.2791641190968
513.3902301528426
530.5624771607302
533.7841740841469
538.0584189725569
551.4653576900586
551.2509933778168
550.2566718600799
549.8578650655811
552.0177220514374
558.5191419672963
561.7257299001672
561.8108450485437
561.7189923335494
551.113848238655
551.3308349813144
552.6903037554187
552.7828835925129
562.8317679981714
573.3855122966603
575.5707632253992
576.6614796886229
575.228964780609
579.0375150961912
582.7931727901396
584.7727744620832
586.9756244887578
588.963720269739
586.7404384834688
585.124384941778
587.7934072936556
583.4153775515889
571.5620661225821
572.2334641625116
572.3604470726973
570.4338116944708
563.7741248591919
575.1043135092714
574.050763645893
574.996607890249
589.1754620333071
589.8225382853373
595.6530607410112
596.3408876202708
596.670997205002
599.9835783861796
600.1092894999184
599.0163415981006
598.9560649695824
593.9137859019717
587.7041474918287
586.5274962990386
587.0929119119254
587.150641735978
581.8044865551592
575.9192835179613
574.2981483080367
574.0626076805208
575.0049525590351
577.1153292049834
576.9269096726638
573.8779205325135
575.2596814244196
575.3493644063071
564.8637428846646
562.4354094191951
561.1864918526315
557.0256001367177
543.0615010005921
542.8851757247415
540.2940180859006


