Rainfall Prediction

513.6842473770178
568.2497402348556
561.6876405761665
578.144924384611
619.1543736264463
587.8134361979842
604.2715828258728
628.9172375951226
655.8129458527676
663.7768397606557
658.9298988609991
649.8505313340708
570.4303254484071
596.2834801059356
669.5158794214477
682.906856061588
538.445595929318
475.0636216660862
358.611215559862
279.0859793805705
187.781757337116
159.78334323810833
159.19648074730944
138.41805718327498
168.27523607389998
167.1040101822602
159.97561578407132
142.78220971753265
102.09666046732556
130.54310608411
154.22790176995613
150.0263944518935
131.92497519031969
138.4302885397932
177.80846810593206
164.11877949751823
164.719795297087
155.65765224841607
161.01888167999306
169.741176726637
129.94713879726902
222.59742234918187
239.7415492532771
305.2712583679541
313.89180060978396
370.46920167217013
373.2625059678995
391.1843532170983
401.8976079170232
395.7466568217357
388.88578607594627
373.8474558197287
384.2205541792216
376.4645970518883
372.1518085142534
384.4352688577956
382.7441415209198
382.4385451199337
385.6477175790185
381.67868613652547
401.84116916284154
386.6698811755859
404.6081091348389
409.76757437042
415.898434875995
379.45052938276774
357.63036292890234
362.65715007330743
377.08571701782364
367.9914826046387
429.5207573043853
526.568453291671
432.71863505043893
520.4022479963623
433.92300654738875
437.09190192624186
374.7053766851452
363.44323784451274
356.072832157754
337.12124065260116
446.9324363443985
485.8105885440938
610.6948935099889
583.300981329304
628.378760324503
550.9875510525881
600.0859377559342
657.1230355258822
627.0740399517952
641.4588017245104
660.632133947437
666.2710218773695
641.888286290477
658.9681338793831
649.4452995978302
674.296557398746
632.9477256653585
619.7031863403221
666.4348100668944
660.2609594587722
643.3549475259432
556.2041590536626
419.336525999594
462.5419732766901
407.15594865042846
426.84578823426216
421.91680777043143
479.83020265979985
489.03266755310983
489.86406819004617
500.6684496526112
406.9355605831846
282.42079818378807
251.90237480703004
257.98544464171295
249.99998823817526
267.09934714629185
281.8712536619194
280.38963617412594
263.75471505371496
322.8878652243428
322.417606817179
294.2258973075392
283.46083435432496
292.51369709555894
293.875092517733
250.25029835255447
295.99797000781416
304.12132789598843
316.2140982766425
536.3361495107312
529.5143747947409
549.6325327579574
541.1327667472201
535.3084387175278
469.87648980059436
469.28643123991725
414.05652901746396
403.21975125536926
381.04135564637505
403.6248423654786
399.85799466082824
401.2624287173813
374.2200537815329
392.37399967019695
552.2525884660455
555.6749068995106
511.47908606233466
561.8673638243756
567.7515624805822
583.8779665388961
536.5463584135014
537.7720931579903
560.8021778111587
591.3650720947398
667.6148392501123
675.5825875128807
665.3504356505954
696.1020709356139
711.1074048040618
722.3273488358391
474.73911436276876
498.82013248197893
517.8869987397565
516.6958712065821
496.6861526250554
520.7937599479692
469.14981282167184
492.12968249968065
520.8168957786453
545.4991144516044
566.5995612896559
579.4961351621919
829.6892144729311
1184.695821003463
1289.272544562116
1125.4030474242923
1113.4686010941061
1127.6247489403177
975.0852367821899
1009.3450674314754
1047.9522376615218
1066.8219375498902
1067.7308112375176
1090.9821361352463
1180.6857359722048
1190.9756433098216
1151.8701790769403
1152.017837100373
1155.2748619974873
1257.8022376248312
1266.1723992723446
1371.9034179490563
1331.2957567750361
1332.7200326718953
1338.0686938526405
1343.7223901935615
1344.4683539803846
1340.5623807828865
1343.240091393037
1320.0034450646447
1343.7786981710722
1319.1419058563752
1284.0655087534324
1118.99939048307
709.7620557534138
651.7085494140872
652.3720605590867
613.9532069219672
631.9239761617307
637.4093977648336
662.8953456492413
805.7663559512125
771.9689219612649
778.4035884135111
735.8420204817879
615.5906376194243
511.8809038589172
506.89247010805315
509.78254731525743
452.82138215084865
432.8125773437705
616.3357167590815
564.4491030202807
632.2920762827124
756.3491178023456
766.8110472816912
760.3525790121539
782.6083386004941
777.4473546934903
848.6219850497764
868.0775694966601
846.5556954504905
815.96626365351
896.3544784727911
836.9838416971257
829.2416852310239
841.9069378184123
844.4809524344422
842.8947729835833
903.6259175220587
917.9611571592786
1048.8918550006053
943.4673230132948
1097.0282564640793
1116.8719241488418
1157.9171101930149
1156.0814482487008
1153.817282738313
1149.4481805100302
1160.8876760607145
1157.5152639709265
1097.3835774576864
881.466554367148
870.8987259147068
804.6413276725953
689.2135655435586
703.6048613580367
700.1436164133518
706.6387513392999
697.1088396838417
636.941681798838
610.0912783408826
603.5384299222952
604.3564750214033
561.005029810274
560.1235068340446
555.8229368770654
558.0201190759807
560.9418554190181
565.4710712732442
496.6990863191667
485.4779694410039
327.1757609120293
310.0461395287416
160.87606603978517
137.49262103959614
103.6463371622773
185.8225191598076
211.86146788405293
205.9940618786735
211.70957728304086
121.44595725249367
214.62968730235818
199.66837364539816
185.60817960338147
199.6478723739996
184.07284265272855
201.24169346216644
143.21199962864813
204.072398574578
204.85552159853566
230.09380246515212
266.88846770799637
289.0
297.60468654659644
440.0171026129037
572.2468533976
603.3379364716596
637.1333557323334
735.6626673444719
769.1729421362853
773.5331494718995
771.579560807101
752.4973155714455
820.595420025455
854.7176325152636
851.994984381589
849.2198862482403
750.898886307431
750.5864647755479
741.108422134221
751.825949122003
840.6315113134422
930.5823832889904
970.7530602146638
1000.5614402056906
979.3292278144137
1040.4755587921725
1095.3602449523207
1131.8048457303505
1156.9616529957989
1163.9844501169339
1096.4259779281024
1132.9199629236443
1172.0786801213826
1120.2263703138162
971.3044889046046
967.8755674369069
968.5690352416275
910.5731904417935
857.4493622157353
949.067963601926
979.3439720332359
926.8942424246268
1155.0365859429996
1188.8053851851646
1295.6780834407916
1297.2563324179848
1329.6839400832578
1380.3801133248437
1351.9645448992078
1298.4511485636217
1329.6609108434347
1282.1381833749904
1171.4620084931569
1166.4380352431651
1140.2503773010853
1153.8452283649422
1075.018027978945
997.7329337335295
975.3733845011697
979.221557466971
988.8286735371161
1023.1148000819841
986.9138854822415
987.8504845153085
980.9166793467512
974.7620145964567
870.0869152389818
848.9211778426097
819.8803264516282
781.4442406953837
662.0320743260638
657.6989573168953
643.155344996459


