Temperature Prediction

485.8139294021495
445.2959760906543
399.3567061532762
447.6188317801143
409.5762470704605
404.4178124219173
480.75282313350834
521.4508816236246
376.44225571706636
376.44225571706636
526.4219353029551
465.37484756778105
447.5287791908039
447.5287791908039
373.82164999343536
442.405212599092
503.45230033426617
470.3807693039429
455.1277143843572
523.6836847237743
381.26807227460745
516.0847495302208
516.0847495302208
477.88965190818567
477.88965190818567
477.88965190818567
477.88965190818567
437.1915934180696
414.2495507156202
393.9005214705621
429.56506595827676


