Rainfall Prediction

548.9157271790428
534.1713640281816
534.0494902275556
520.8281007093883
525.4190345180491
526.2445201852574
523.7245085478895
522.8422367922666
519.3525325853611
543.5325620861317
545.1060946626536
548.7453507226304
541.9905399028886
541.7733456735259
537.7826154625866
515.1755596066183
488.22730386645964
470.3636211765308
442.92390989118036
451.6497924893465
440.95321110851194
528.0341770780523
549.2967036888151
550.93864616128
596.1940187939311
613.1265280990925
593.1910197344688
615.6250707154677
629.5426846270076
623.3016401338787
607.8707139418505
608.580505676762
614.0786786848605
613.995314790889
616.4277019541304
607.9626663731227
598.4271940822267
596.5964873422262
591.8821198996817
594.7523110639097
585.4896473886971
600.5782302889472
598.7156204590158
608.7953659686139
603.3391281952898
636.4980581425668
644.8401247713741
651.7722216562144
639.5481879104069
645.0322850905613
634.369415805984
623.7611588947161
550.2997469386853
493.9524391665147
478.7019604249907
444.1346741684192
440.0889908993699
423.22379260183794
397.7181448105744
370.4301552311046
382.9396141530135
390.8973012906489
388.2468576712028
407.8327897384123
399.18988093844155
390.59491266607205
395.4869964073224
391.9901935326631
392.1707721396377
391.41212658204256
395.1895482441529
409.94333275110574
391.9236885733766
433.9298598710814
423.7444539551534
450.2536186294929
431.5870607339413
450.9362942657579
445.481567866084
462.15942209011763
468.89863736223566
492.0109181665993
496.5151203757498
502.78863024236097
497.90104945234947
500.4159770573392
503.13093518511494
509.80575563551105
511.09089288367977
522.6708341264772
529.4708659808878
519.9494604442311
509.64297865533524
515.3062411650403
503.59704126695294
499.22981569597306
499.6945265693288
496.1175699173372
504.6039763549936
509.0708898082886
511.7014274478538
494.0297307079588
472.8938702339184
474.0876546239712
454.3379531619675
449.4603189683438
438.333533961016
452.9402586021688
445.23642719809766
450.6676291214178
439.30671225628294
421.97066950448544
395.17724849084806
391.73312267954043
395.5779435344773
390.90735335099043
384.17974813606793
381.278003094945
383.1277654857204
386.15056530948704
380.86818079619604
371.0964912100324
363.62300876353856
377.48468913185224
364.3435552207818
365.3392052442051
375.1696684998568
370.93235868425967
380.024369435157
368.07451226886656
401.43292890581864
394.37212688784246
396.031118263906
398.90952237522265
397.1273172957306
390.3359197525613
406.44901302631615
413.4036725767282
380.63349733582555
370.69650080124626
370.2179034786403
358.38618124116203
356.75674424993747
352.9904939185455
358.88627815594685
378.20841459718264
360.71381070440384
358.17565641181864
374.94788867455856
360.4150003011284
355.4758912984263
353.0488226386296
405.85198149196196
421.77183503727923
440.12082444799057
454.340728381033
454.18852132843153
465.1667488476961
463.5811482894031
466.00749605083286
469.2800748512305
428.4592198825943
436.3508950242761
438.43396519670495
435.29673516517886
437.8982878267644
433.38887851820755
437.78007465316557
433.81745155127743
437.81938171063103
437.8446244464949
438.01698605433126
439.5514675903769
472.64403469220235
528.5292125566822
538.6426261201075
516.6890321870872
519.3577096068773
517.040542388683
500.0738991991172
495.9276062250344
483.54744669266074
492.52130060647704
465.4585251169094
457.9130337389086
408.36107852523054
389.34776130149214
422.2565325895848
432.25538776843496
430.8205672407916
443.21250060756375
435.9892895527399
448.0131033584731
441.0823092854903
438.6574362126092
443.39895712607824
442.010353969404
441.2253190028773
429.25889178685543
415.3824631416263
409.1831806005226
417.27837684937185
420.3823073631574
418.6969124142801
414.9756035540249
354.2664318538658
347.34839353052337
350.197537672491
346.4108023205693
346.5311657336197
357.9036626223664
376.40092309138595
413.84600400886364
396.27868209735976
392.850321614112
389.49994419169224
374.11662998872686
357.01372092027844
380.23365681640126
389.3171345512426
391.50853391287035
391.24380839458325
434.22853632049646
421.813602634194
434.16243325982975
461.8861105524465
456.595304805634
455.70392229377256
454.80568258331067
455.8844440265959
482.91742268393585
488.3354720170395
473.47298409067105
475.6968653087414
497.6314414046472
493.1856898233779
494.1035525332146
483.065656838704
481.20781132461894
480.79157483373854
497.68241177461266
481.7497700719711
494.2654123454368
470.2193480831672
484.07280064334145
496.39537503474804
494.5907679838701
492.6718083227413
504.51383964338606
498.3424223488088
520.1350181737799
513.0718707286809
546.3413005867524
523.3660629819573
537.4111144582989
541.4273290785944
531.241303905118
534.1016349949665
547.1100674479903
547.2286577085907
549.2134973020799
533.1867517214379
529.3576070881937
532.3314828262957
519.5266365600853
508.07260214794604
520.1943441414384
519.3668028714955
521.7190839863238
529.7967637537655
531.0928918730455
514.3628397819472
515.4871679856852
501.2573235782719
490.1998589202254
502.89517573017656
484.435994684271
484.22922209388815
502.02411299366213
498.58279538295733
482.9621556157207
441.8785201145084
439.59732874287107
417.26058914192697
405.79130758383616
397.5356889368053
385.96518980559307
379.56946048820447
375.62077633692735
357.49896771131984
359.5881045956441
353.83882830652135
348.06415358591624
346.93295589960036
356.5802721271856
377.01343565320707
414.50453309019275
406.8876302551364
412.083934874373
423.49608750637907
434.9858021407315
446.5403459648458
454.634740025995
454.07762708050086
484.86977116498366
496.01564206321825
477.4087347073297
475.85256993457364
459.62218505484003
440.3093772135178
444.50948525040997
449.18991250314514
452.5757322977155
477.68650116875483
502.2864618003837
507.22636215351815
505.2021313303775
506.5992015615719
523.4834057120439
539.7851520143796
549.178967856341
555.5716320042111
562.9913405483736
564.7317356041275
559.4228642171531
568.2198938879042
552.5893061415176
519.5949311998252
515.5105479026505
516.6217641312975
510.10973084206404
484.05955323093394
498.76432094314964
486.56725443698696
483.20255417080153
484.90110854291703
489.74827812656355
506.38759291612405
518.9963925044823
529.1612178279522
544.5057953247309
543.5773455517286
548.7276257231782
545.3082534680271
526.0367059243214
520.0727850840383
523.7463523605555
525.4167805845407
523.0338390662153
496.794073030782
484.13352393364374
484.3095981029395
480.6524449155315
475.3407830808079
487.37065794105104
496.4406381573874
505.50776870595325
510.3944337302416
510.7842851357627
496.49953405413066
511.12590977470325
511.5656734132342
511.36711504328554
489.2761701056831
493.1013058194284
490.8011163376091


