Rainfall Prediction

6.479127092961299
6.4732117248671095
6.456397943535558
6.457386611806765
6.397969502045869
6.389682215746378
6.352402180645081
6.39832773166437
6.390718609946577
6.387749770395978
6.401692988665607
6.406868266748138
6.406295974169064
6.427861672292137
6.430102872811771
6.44037309884289
6.4607843321733265
6.446891815236571
6.438275280897655
6.427692079813056
6.420246398599273
6.410778911302295
6.42805427632422
6.426986754922676
6.440925396447443
6.473401260715612
6.468957046295541
6.437378978062291
6.4313856391189645
6.444343969015101
6.444929285976663
6.449659261488952
6.453375339372271
6.457137394853009
6.469446501155506
6.485379533077024
6.482362214933337
6.480258020858788
6.457977403525938
6.438577796341361
6.450318462978585
6.421404629568922
6.462834587144887
6.466024865520698
6.4958475441419345
6.4773159724179195
6.485572961782472
6.496955877171761
6.503828807178242
6.495519285328219
6.482926679827079
6.482899028231578
6.478443239491803
6.459141577690775
6.416794105711987
6.3696818447897865
6.329246579467328
6.320370012044041
6.320594972018194
6.307309891537883
6.269222901386176
6.282499212829341
6.281680868802563
6.276674417398937
6.344085564759086
6.371503014816181
6.336966643478883
6.327251078608562
6.307291845238181
6.359610493701651
6.362802658299415
6.368564877038809
6.3799590358956735
6.365962047306354
6.366657715664991
6.333953877631844
6.332206235128693
6.317091446707483
6.302418206899747
6.297194382231579
6.297546854910289
6.315307004649043
6.349575349532705
6.419941332638682
6.430558850474016
6.43517992744761
6.45191616511565
6.477827081129972
6.492221132948732
6.505454994106678
6.523019547921435
6.529096970784446
6.517551310139056
6.509522652128359
6.505157545104701
6.446947939603064
6.422408552929093
6.333051486622974
6.326543029410782
6.3177791014377735
6.36555429574029
6.369981987025203
6.369231068253333
6.389466197137413
6.442419927788974
6.468762443778613
6.470582817228982
6.476951178123182
6.48022015846194
6.491464769063768
6.4942687944251904
6.509248498260041
6.496817618814231
6.4730747709143746
6.456183640193515
6.477456683171297
6.473100321177947
6.486539249869756
6.5072065963394
6.519525240967797
6.511673475318382
6.510607271258726
6.51929926024242
6.5356307840604995
6.53366760782396
6.5333587191555935
6.543548930698766
6.546109656040866
6.554687720354846
6.558741221283288
6.559136464774136
6.589023888583183
6.587717627847102
6.590305637608836
6.578164103370256
6.539840916507261
6.4903554360397955
6.468835783196011
6.461744497779302
6.458354356995166
6.450023182988836
6.450541503977223
6.411272026938863
6.416776340354792
6.431100524316673
6.447978756791213
6.446790347000988
6.44538287594289
6.4156631234948325
6.410170949307453
6.407929032449093
6.415797530085539
6.408338048137609
6.382703189548582
6.374177395782837
6.380549668506621
6.390423298115707
6.381933772625261
6.374383386808933
6.348055591102458
6.349541013802658
6.3555316066212955
6.328984835029396
6.336162557700593
6.335568628929104
6.35886958404598
6.384984159470551
6.392441584235669
6.3953688398841795
6.399206478974359
6.398719503191012
6.398083873410943
6.3828986648149435
6.391736337120884
6.422190692554147
6.424643066222805
6.395873061545336
6.380885344957978
6.3814594996700595
6.380999000286833
6.372951972673361
6.34152136783214
6.307414897185202
6.2945079934781845
6.3333818162027065
6.29373813906324
6.300072587439516
6.3552386181821525
6.35048961080965
6.324490099217366
6.284648988303147
6.2885862559233745
6.315317122928953
6.308621015230528
6.334115238403622
6.358762125147227
6.38260901286521
6.397266647256172
6.380930830920978
6.368657582647742
6.3643367924619945
6.364813336852251
6.360158147364837
6.36291256533384
6.397785555652386
6.383388407547732
6.364827804829172
6.366481730056561
6.358152965496803
6.355879807071555
6.339430289699969
6.337012513285654
6.339272008255991
6.360715826349993
6.356299213041097
6.333211189582836
6.332233781936667
6.315112632624353
6.273562065342209
6.250849707172414
6.280796065733817
6.2877976241959
6.29454451573208
6.299374824110879
6.2995531888735385
6.350829494605012
6.392180693242654
6.38218236072192
6.34532291642987
6.3049823049783935
6.286972388714981
6.305463856050769
6.307168949797998
6.310721740991991
6.325437294413083
6.303867316587926
6.355367731188485
6.355556157834588
6.349576821179418
6.340168753351326
6.347311482976393
6.33268554705924
6.33008046981916
6.332139048630925
6.309876017126566
6.3125819841037565
6.334529106328898
6.336977199770879
6.336977199770879
6.373681261265852
6.390149620731897
6.390046805287066
6.388747457612674
6.381427227582867
6.370273100553625
6.389911898139519
6.385615290406746
6.3572372572491656
6.3666218438698134
6.381361727081492
6.390971348041923
6.39096448289655
6.382400930072671
6.380044578339685
6.3680649228753765
6.370611711500921
6.362848763232303
6.339071343810232
6.334427207499568
6.301490910814914
6.281519990489527
6.273694345853444
6.254274503400779
6.253237955761744
6.219976294707024
6.186900358751448
6.1408329038661655
6.135476813433426
6.103555404180453
6.154373141334897
6.179347830099157
6.188981762037847
6.2174817318787206
6.22270754923405
6.244383691829183
6.225121164464395
6.2006266044391545
6.241899841062175
6.328324843896035
6.304283795372807
6.239652914048344
6.082867573069851
6.175576858489295
6.348019773322646
6.382210435759443
6.429841860057746
6.425943875108588
6.446897070261985
6.459528096958007
6.4657512422205174
6.47121541301937
6.503716133450375
6.518531493199276
6.5214862331646275
6.538838414864321
6.550403582864372
6.560686049831036
6.563589945555984
6.559581356259571
6.56090871477349
6.554131431917179
6.53457193606423
6.525205626598858
6.547685825555725
6.561997498747033
6.571300787091473
6.574901083682867
6.57615259482621
6.605274202883884
6.598785099711222
6.610009210247908
6.610998071530853
6.61355700082661
6.615178379012897
6.590944115024319
6.585411300144099
6.563423645070691
6.573950475452627
6.567635278093803
6.560740078595252
6.559353754276187
6.556275064707153
6.528950270224518
6.510106472092438
6.505954742614367
6.4502652618380285
6.432610292450089
6.425971310340373
6.429311621252096
6.428667180197982
6.435261962766566
6.440905342724216
6.440629905761231
6.446594318230571
6.470560587681323
6.455527443976225
6.481428122568787
6.496694218354884
6.5090491803156585
6.521467780984269
6.517921816545801
6.531771957598995
6.553393020926681
6.555090648472447
6.551322300350014
6.554548389984403
6.554643704187619
6.54014525457263
6.55185581038688
6.561219228226825
6.558341768953487
6.561295093438375
6.562877739452343
6.567162286818298
6.560894264854719
6.555347900865561
6.584298034843498
6.559725070651298
6.548141675665311
6.518440879056232
6.5037157932471725
6.5212716112618825
6.524229534080934
6.526496970817375
6.53187989556741
6.554395792132674
6.584892508223319
6.604145975140363
6.589174546472826
6.597305871499144
6.580430704405112
6.597831128166523
6.582904742307596
6.553450125081021
6.544034378007456
6.542212038421699
6.551782762445313
6.552868586601825
6.5515898658349965
6.52863964685595
6.513690889359241
6.507729591426715
6.5054587533484955
6.505702700746977
6.499163077504298
6.490639719664088
6.479440827508883
6.3495537142364915
6.306996152674055
6.30811351243587
6.30445101215988
6.220953551650501
6.1953544638454225
6.20167500232467
6.211159341474717
6.216011320584855
6.301560558283519
6.294765727475654
6.2987813563872335
6.289296755543386
6.288595418092767
6.299228178919799
6.308075911249076
6.333333288651834
6.320595506080375
6.323542344894507
6.327472008393501
6.325716799841609
6.294677747306535
6.295538427896881
6.279015199800245
6.279416093581396
6.289234936303217
6.317547296001286
6.3124050193876595
6.292780908759516
6.275579267352512
6.2766422717453185
6.234887884562021
6.230111445464328
6.232428788900366
6.250118134002804
6.258824645807101
6.265515703673052
6.283574062328412
6.30949055911948
6.326407947260639
6.36902473410229
6.356678134427355
6.3720234796319914
6.401837578033012
6.398895285556237
6.429437687509344
6.436943916284572
6.436375762763649
6.444736580310153
6.469101445387758
6.498938315346116
6.4822655626107775
6.489620271318504
6.495186054117319
6.507629062432379
6.52021803212123
6.5099897420600215
6.470472246081693
6.47053337372305
6.496461123695745
6.4942771136181365
6.4986534877874425
6.5369286971470055
6.554812023391233
6.563082323996027
6.572544285551572
6.574098798345661
6.551874472803484
6.548079312065949
6.570074769111228
6.588939701405938
6.569937583596091
6.57192677622239
6.569351441822484
6.5558994413355975
6.539151491763125
6.510926695688818
6.513527482435573
6.501442554614838
6.497854745017124
6.483271148684693
6.454851738533209
6.444933574457653
6.418857885989555
6.41784202712569
6.392669861524948
6.367151153740673
6.362343263895221
6.364450081846446
6.365693662985157
6.354991019908235
6.3677424964026805
6.377803150891444
6.365657420197305
6.356151599001465
6.379870589885036
6.384615968547113
6.377117079081466
6.304764332797468
6.308444765127678
6.378731314751162
6.39802532251492
6.421731610398698
6.428739329480801
6.429672908852384
6.425575559239013
6.407731337188858
6.387503237102237
6.406905382468534
6.413832750216226
6.414187972401876
6.421842752131862
6.438059003740079
6.441079305193034
6.435797351228648
6.445617359618353
6.449934133496075
6.4466061644108335
6.437769851107106
6.421995593457099
6.430703326934397
6.4359693806426215
6.448607443131557
6.460061573855166
6.465213300447857
6.459835650475361
6.435802811784962
6.446075471513668
6.458900796731534
6.458958434655141
6.477683052138417
6.482621370610398
6.485936824987907
6.510695441864555
6.529400065433009
6.556337666851929
6.570445305441605
6.572767084703019
6.582247196901118
6.5929884247856
6.606098680381098
6.6155558336784885
6.629277329596636
6.6377406444968745
6.640689653983804
6.639167074575136
6.629334981574071
6.617540928378895
6.620209506727844
6.617986317799543
6.6195753510524
6.623934100855282
6.619294712329179
6.6083769616139865
6.593005475983263
6.601422411979039
6.617125005101784
6.61900121169438
6.617399108653615
6.622824088560028
6.616364511711552
6.622408475567724
6.615652678872607
6.626496921011867
6.617197172977269
6.601360978602219
6.598554457966537
6.588868820765597
6.604859741059514
6.610208880136983
6.602693501235136
6.58865490884102
6.581325092555249
6.565222069358672
6.548248813411442
6.5491518139099965
6.551226885629561
6.5563645839145845
6.557621921928282
6.572503166052035
6.568052233579948
6.558868836126328
6.563874948736968
6.548290850034039
6.547133717743295
6.553475644010369
6.54133974368191
6.5234744678457055
6.501625114187805
6.514908669696224
6.5061139487966635
6.4629568715169805
6.455971964720864
6.438516545400441
6.433961116216379
6.4536971283130775
6.451386073928489
6.447412049493714
6.447384939402967
6.4351690055506054
6.428244269898697
6.453118083856131
6.470352500912799
6.480161432339253
6.492422297054455
6.488606199427837
6.486285755751247
6.474656607653607
6.4553759783770825
6.451773547258716
6.390940172452828
6.372635622282122
6.345437268991871
6.331209074256855
6.348636483511955
6.3731772430761735
6.393701842794133
6.401356269718878
6.412947230556123
6.417893274395238
6.383745391603129
6.411270103219916
6.434273565208137
6.436534301717915
6.460122905781699
6.462976045688392
6.477664340368536
6.47792516010547
6.4892183258902145
6.4780655695866995
6.477454902020026
6.482325471343869
6.483332253815449
6.4782871942497735
6.50096131414309
6.492016429218875
6.489602975730808
6.490266030033459
6.483273381558401
6.480922270010211
6.478650968807083
6.4796200295593
6.481356210400083
6.4786410683871
6.474846389486906
6.437200456165362
6.422356091333571
6.300845772396949
6.243514703455764
6.326426540880122
6.363973908150456
6.372217902671337
6.365134712939829
6.348501744371594
6.356232763165832
6.3583604993662775
6.365994273652506
6.363488779529545
6.363299798594825
6.358806929607004
6.358279488319976
6.36637667557803
6.3660182222355415
6.370872012667347
6.381096278777621
6.365169392210229
6.426034953654208
6.423794578987282
6.422419178971062
6.419965456000361
6.428372087013313
6.429626751770175
6.453517998057597
6.487696331607992
6.508879342908465
6.499883229740463
6.496240032987082
6.449305793634601
6.450642643840405
6.441377018916082
6.442452917788411
6.426103535736562
6.432903294812595
6.450753005078122
6.42335517686438
6.401084855711028
6.341290378256226
6.331513256028249
6.352880675215293
6.354338582282793
6.3563997296484525
6.363087619156397
6.391308323390804
6.385833750876376
6.403612894260325
6.400873746613515
6.4014970528505595
6.400363940932947
6.4011053934632365
6.394870392773928
6.393060334792798
6.390104497124572
6.3861351690483374
6.3880197279793745
6.379747906024774
6.372291082815203
6.385828992673098
6.371095034150906
6.364835981109847
6.284941979645968
6.2721060132689015
6.324745865792482
6.3884832998128545
6.388891948042684
6.397869723686364
6.369184815660728
6.3548304590963784
6.35278185039552
6.368916582801039
6.3543947610597895
6.3808876184211165
6.390886510697694
6.402492852448008
6.39296870847488
6.387766047443273
6.364882505754627
6.34267456605602
6.341342105863003
6.3614629862278615
6.356370149906223
6.356604906037276
6.351428400560628
6.362105446589524
6.3664224909126155
6.391239810737737
6.450660471681264
6.4738635115226915
6.486544688164031
6.463295052930219
6.460454510571199
6.3504596261438415
6.2988021404254715
6.355319661688574
6.376247181208722
6.375749957091559
6.3726798891835985
6.358758146932505
6.356775224915565
6.35528401359264
6.331868957411234
6.330251913260229
6.30811926304567
6.3016544538761785
6.280747468733633
6.270754387799498
6.250438839675106
6.287181328832638
6.324204475894739
6.359115209400141
6.38563540717243
6.394530191321863
6.418099122963292
6.421632660440724
6.439198520656618
6.450927832089041
6.486148822329588
6.507547487506724
6.520044536754593
6.515141224327534
6.509038373727945
6.497451385595591
6.494971099260932
6.515676059433373
6.528216863900808
6.538731340441022
6.551498144190374
6.5704752717039
6.5703619437084555
6.571746634992104
6.572709043733257
6.585638042822957
6.584606092103401
6.5850979933813525
6.5872881701299875
6.590160015174106
6.600730577454439
6.6038010845149016
6.60309756209433
6.593844693705639
6.573291078604119
6.558903693973499
6.541895665386905
6.532817301932149
6.527398320856215
6.523035148979953
6.512557358844116
6.483953806864635
6.457817767918886
6.430246307816409
6.435579516013189
6.4348032509151185
6.434875505523905
6.4396150592983865
6.419802811450216
6.40945844382456
6.415141541109815
6.3903303307598645
6.402656496696302
6.415216527038304
6.411766367356702
6.416834826163013
6.413556914884232
6.412639946189021
6.432807750787754
6.427143837613521
6.426072169900433
6.398873096290667
6.4076111020767215
6.410809452501471
6.431326221283932
6.446803878283438
6.4410114997368915
6.477802479165905
6.500923670978834
6.52094230186121
6.534406286900159
6.550842403599616
6.559376915237259
6.561936693981627
6.556803023328708
6.548826060528839
6.544878577655506
6.5491120864829195
6.545464810192106
6.550370457389757
6.537931434890107
6.536837954054429
6.5396688071577564
6.511309564726456
6.500526059935371
6.492842306958229
6.491218895794329
6.46768859615705
6.475864475987451
6.470154121828596
6.466584302877628
6.448799360046925
6.419988735943997
6.376817963663552
6.40713663311608
6.424415303456097
6.44771360762639
6.417400179995564
6.396969880604724
6.412743881245692
6.433243944559343
6.448092065495808
6.461110101206598
6.453064511327672
6.4581235921075635
6.460248352366081
6.476770528620685
6.495607162169474
6.502256668534875
6.511184513584596
6.501666431171545
6.505031834406214
6.509424174837715
6.510407778769331
6.513795875911747
6.525504754565425
6.531935423922686
6.547638569559935
6.561748002825019
6.565821623780952
6.5642066451282215
6.577823932146751
6.579601796476324
6.573807222117989
6.584451994000007
6.576452575121867
6.581213967450812
6.564891757180247
6.560629180422824
6.592658063911765
6.585221577039015
6.584688096134934
6.5865726279836405
6.584451003261764
6.576298546612174
6.575446771971036
6.579034894192988
6.577381390358362
6.576061157908167
6.571537066224359
6.570284561275134
6.568291095079704
6.569908751311981
6.566369843892773
6.555830918538294
6.5581416032913795
6.554579682643521
6.5630207550805135
6.549255157236523
6.537289115547319
6.523018050879346
6.530567998699645
6.503193736805972
6.494093240401078
6.493914099510594
6.496753907563056
6.469532346498454
6.446201299995463
6.4574141784716
6.464332274267886
6.482573681117306
6.49473462565409
6.482251096425145
6.470859681856178
6.373111921423602
6.321644516517605
6.381326151701927
6.413799866254566
6.4093794326229725
6.403383254843639
6.378971106720215
6.369094172567985
6.378481114905538
6.388897175584218
6.399562046400543
6.406321848474946
6.418307804706046
6.413864260750167
6.404618176614608
6.418885913464056
6.419203498906722
6.4247236576254885
6.435176253109869
6.492564530070519
6.494616290418045
6.498385106479859
6.521704550019902
6.529173288998388
6.523922088461649
6.54142259252921
6.5674511830016185
6.569100784934145
6.554131531420401
6.543826152764099
6.54642245988191
6.535038538240981
6.534378659467171
6.544008848201608
6.545599918505985
6.544821261707369
6.561606453028154
6.5679991695744615
6.568981046486817
6.5566362103876195
6.538126430901382
6.528194155238838
6.519359104192184
6.499414998129426
6.511584141531711
6.553377064992661
6.535885799933858
6.531183266848469
6.522739454974067
6.508830231226487
6.50596855788857
6.5127793330406
6.518808896165365
6.499555436745654
6.488217560301605
6.496919164923999
6.487277360899386
6.472592551661942
6.47145266017144
6.463332213108403
6.491565276971535
6.497740024964469
6.510583417333054
6.51750351344998
6.511844597631672
6.52198290618955
6.523156535966665
6.526148102056034
6.522028990786076
6.530661000614852
6.530929868858632
6.549989006360884
6.549769964368467
6.560240540838869
6.553959702618085
6.545051879209423
6.529115320606668
6.5317111005464
6.534522289601963
6.539054565585771
6.54565267210959
6.538373484468373
6.532999976158395
6.523714128189228
6.525619008762931
6.530579609031754
6.524236914242671
6.516376714274062
6.514492742264729
6.508231739446824
6.508304928513916
6.478976532143043
6.478296551534649
6.47970287050382
6.476794757381385
6.4698102291817845
6.4518799349975255
6.450482964792014
6.434854708746217
6.436848223401807
6.426488416960628
6.422288588361668
6.387674221054741
6.397762497011861
6.377057499309273
6.3768332760428805
6.360655512296024
6.319819903959641
6.292925126551651
6.306701801205969
6.3542587643414565
6.360323179974171
6.341541890784077
6.341325144783224
6.387267318441904
6.402219814289587
6.402411128644189
6.413633053927402
6.420968732232179
6.420138051103445
6.4221506255945755
6.409302416092216
6.407023076805075
6.396644332047572
6.368504593782272
6.364523034515751
6.3823246875602475
6.38924472401302
6.392428919613982
6.390144980021189
6.388931837034582
6.385680636966558
6.387616799513436
6.3948617354946045
6.387542801941588
6.3891242847126275
6.397612152558343
6.403994996744035
6.3805788068749285
6.359131082417743
6.346513616806588
6.337953519544538
6.34871651993861
6.356687322925824
6.356894966497784
6.340038514662108
6.313308465880189
6.321598246086454
6.3574574484453255
6.3550071659675265
6.346570930382748
6.346251858924026
6.414923973872555
6.444210123753688
6.4496744019913885
6.457559570588825
6.453890865129653
6.457565871094407
6.464100614069078
6.457301370314584
6.463191543159121
6.470668572941605
6.471772749887325
6.472833118598799
6.460461954972002
6.470810403793455
6.475672714232328
6.467452165177628
6.445862788745911
6.402236117201403
6.4019407169348925
6.3864056988499955
6.4045204803137485
6.396869050844984
6.399301915451495
6.423953391138839
6.449460852946997
6.477005928054841
6.475169977612694
6.457312976151396
6.450571897069047
6.450184441203609
6.445215182476937
6.36938052078942
6.337054862924726
6.336744266016721
6.317418378914649
6.315918677134521
6.311120231581388
6.30030044949636
6.3024241735962985
6.2942710900039645
6.289567956020463
6.291298015881626
6.281275067889549
6.269573829312234
6.279032762005571
6.270130216512419
6.232834290600577
6.2151186751724
6.222687025973549
6.247631118690477
6.243416029914426
6.266817956120725
6.287317981325482
6.287238372634106
6.281674872792317
6.3074710771580556
6.308767293031644
6.318116672416398
6.321934912675591
6.3220985148258855
6.32513230777341
6.324935895548025
6.275493925763643
6.258804641624762
6.217630986163907
6.224399187497081
6.223000476664972
6.2512009052052955
6.272811372805295
6.273559403710261
6.2632076654091255
6.282631937045187
6.285724105805274
6.30365839578245
6.347962227411653
6.346519311006304
6.388083472098399
6.393590804993474
6.39989438722894
6.377124441397113
6.36501934930274
6.370123290856231
6.369876293022829
6.409466763696778
6.426275337069193
6.431265858214855
6.413663621105455
6.409697124383288
6.425236772139284
6.437236611020053
6.436427402880362
6.428773906039895
6.430413880564537
6.4245246165259395
6.447815692821205
6.449589836813114
6.45799884499027
6.457112391167579
6.444632414253774
6.44356143083799
6.4403248639893675
6.4456515289588445
6.459499448585293
6.468452828143998
6.456665843141195
6.420591213622627
6.392871825943837
6.353550494169028
6.351221310478733
6.429862247075963
6.454627176727943
6.483585641248873
6.518390089530847
6.517593890731364
6.501231423354088
6.4913405375385
6.488505935893704
6.488275428727665
6.484598943884455
6.48662646291789
6.479642481582051
6.481376498876607
6.488544207716066
6.490873633369262
6.47625752545618
6.454292831321226
6.44718538463316
6.446802258375981
6.44906153307268
6.468099960468946
6.463714823401139
6.466089157678888
6.45923962093741
6.441112952807808
6.432973152545198
6.438718703823383
6.456107206917528
6.465281616265893
6.464554252928304
6.471840964248811
6.454186248431734
6.440283889267944
6.4211760542729905
6.304112261976875
6.250736308708738
6.248824124211835
6.281208486960423
6.282768908208524
6.281250363609631
6.255619442817662
6.2374555937528875
6.226357191490868
6.225193350961259
6.286436680761824
6.2833503584902815
6.23315970672048
6.235858594122052
6.2276527514858
6.224610532444757
6.229232052078918
6.202965373982131
6.197901599525577
6.195928423530029
6.281861215288689
6.292123590716445
6.29471022557461
6.280267975778753
6.269703677394973
6.258476398913479
6.258998776647632
6.236989394844288
6.319306537761739
6.344630651936095
6.34773696294942
6.33903467878904
6.3445134363392235
6.348795994498888
6.348163918169332
6.348486864790061
6.352013400574518
6.349055434547016
6.3728908347258635
6.379039391081273
6.387429318914652
6.3745254466563885
6.384721114794235
6.37058253578339
6.356925596603974
6.352203703903763
6.336292132794517
6.324884866739541
6.324181873545841
6.322637543177786
6.323569278869137
6.2950506071490695
6.287164170695915
6.279029507870728
6.272981810443725
6.230461960672631
6.208608883196854
6.226507411340684
6.234318811122792
6.24123436398599
6.247165086178569
6.253111256527101
6.215066566285273
6.182798761390892
6.182259572792488
6.2015285780509135
6.207363018522095
6.2073802722357865
6.1982891150309065
6.190907773879266
6.178628323197562
6.177577496301842
6.225336581230177
6.2271088544853965
6.2250323885551735
6.224045427018462
6.222863968871243
6.21881809849512
6.22144770769903
6.212695932255487
6.231119660868322
6.228779078963267
6.291907232735708
6.28296026956111
6.260196217361093
6.260196217361093
6.269320337710798
6.297981275334498
6.263744156287341
6.231267498692155
6.221435803787207
6.23467491183643
6.225098343964366
6.066320184105022
6.027009726199227
6.037472856475835
6.036582245188237
6.008062338621389
6.008843053890446
6.127840592456192
6.107227655885933
6.092868736066868
6.099719277556858
6.186116076188484
6.207470411091254
6.203059633808791
6.206490513171545
6.205869168954504
6.202761230273541
6.20325931068102
6.1906290358220595
6.188709303348767
6.21271166284704
6.274965420907726
6.315339913720151
6.33843271435658
6.349907709694717
6.354408679746058
6.345317522141553
6.361751025128299
6.3762420856718665
6.3659826171260185
6.363526613059193
6.372864245468497
6.391829233404285
6.39624744556165
6.39212813260183
6.388760026644515
6.388191480714445
6.400758866642981
6.400704297560557
6.3983426153358245
6.405269729259054
6.398590101968679
6.379213645344842
6.354830888514638
6.353609741144351
6.350176235569569
6.350406902203369
6.34811169572347
6.363576623382705
6.373920673498718
6.388727094906148
6.354008551517643
6.325673419377701
6.309484521301668
6.297662458701067
6.284728670904594
6.294559303541513
6.283913213935276
6.2881435062468025
6.265882862902785
6.211134995127292
6.203440398608254
6.190011106022599
6.148997896078721
6.146365348195818
6.159271222549092
6.136364651725077
6.126236625897718
6.12386732265389
6.20255088206463
6.22894976274506
6.249932919593593
6.257956088489543
6.262453620981317
6.26412094996479
6.266268675729796
6.265235172832082
6.262571430326309
6.262003614929901
6.25438776694941
6.249964715383077
6.234612068959821
6.224668636845543
6.234272405343053
6.264457507504084
6.28425275444078
6.293282072433262
6.271997723081329
6.264982383616296
6.145196271183956
6.1063361537485275
6.088730568629458
6.098578695491326
6.138721035977961
6.13082277508559
6.147229649636428
6.159423426564245
6.171501036140023
6.168532813221448
6.137471349511506
6.22520834028596
6.2097531793898995
6.15739251791779
6.16074469792134
6.165870653194671
6.1749911368801005
6.153350494904775
6.226751932644435
6.241308363693403
6.271144432531562
6.28657513968322
6.296908112403541
6.302914676045829
6.308968093804234
6.31320611799602
6.339550561709741
6.346673442001794
6.367328384620781
6.388286699405459
6.389419526788927
6.386097601602033
6.392931135112664
6.392738170349604
6.398667610659654
6.3893526898398925
6.370775680951709
6.36696443991049
6.370564181959187
6.326036346845051
6.270508222068488
6.2398616609927124
6.196728223241955
6.131632219253076
6.143356893460471
6.143684291578954
5.860345031736969
5.854795397269649
5.858637915342872
6.197479514680676
6.290854691063986
6.334073759525964
6.348398551040453
6.331286003079281
6.328208504848336
6.303661400459422
6.302893102480016
6.376898342588005
6.381249501100992
6.389196479486443
6.418658384048539
6.4215692387649055
6.425370213300191
6.416068829377556
6.415754164241785
6.398087980895275
6.393503248431772
6.368687772657834
6.360925812630391
6.349690595093319
6.416285910250355
6.417251148946647
6.381438735146633
6.3787733870337515
6.377788876780749
6.358263019828535
6.371071763679308
6.3732455084801245
6.375199049602413
6.363679969518932
6.416226963904837
6.418453365520966
6.422450451335569
6.422718259125901
6.41529687386221
6.400891991579108
6.401215616636135
6.399096051273562
6.332162879507411
6.325696515296463
6.274048756784307
6.192782516254455
6.189920190119428
6.230612905507911
6.272346432731238
6.272980298672714
6.282540899475514
6.278510115304815
6.281673392309111
6.278199199874088
6.280320161481009
6.290591849641215
6.292345999409026
6.271404597660956
6.284262762143824
6.275729447361282
6.240010883702217
6.255882017114812
6.251325393410278
6.267671431985697
6.256853190275842
6.403304726347373
6.425236567871355
6.460638363812812
6.48029178663673
6.489590404822486
6.493010512263579
6.511106632550752
6.522822851605362
6.536234830754226
6.537307954905735
6.548218416992703
6.538134005045615
6.5278627367960915
6.50578281377762
6.529000654283635
6.545711330340339
6.548111510997622
6.567889267376968
6.567297838156996
6.563873300671746
6.5579008354562225
6.60282079858869
6.603011091349347
6.605986722163328
6.602409520548934
6.598719850635735
6.59430465311501
6.589079042951173
6.585856338268595
6.5779744545022005
6.574440227786331
6.519438753193208
6.505760448146653
6.4829679034028835
6.453509099864386
6.448668054130861
6.456470628616309
6.446504310306339
6.438402153180801
6.409937272977695
6.402128798389337
6.394009881840967
6.411873805380683
6.4108516664987905
6.408601692202238
6.354329789526684
6.296072531357785
6.234951321504272
6.213864712458571
6.175323934660154
6.192819011349991
6.18720817614328
6.215263571370027
6.210586900731846
6.199605921873383
6.214668866796461
6.224134477982844
6.231148245239595
6.252811309294689
6.2641754201047455
6.25832601144047
6.264776839669857
6.318574936137642
6.322753224472734
6.317868422326423
6.331564304240931
6.330989603596476
6.3069066981487065
6.298625180635291
6.293732113533192
6.275702051792388
6.287538906154469
6.2896840455763225
6.2212834217349755
6.224286669307377
6.233009578739305
6.21194046188598
6.1899456914518876
6.198843779627988
6.282301535761082
6.285182434613197
6.277086575384956
6.272009502675548
6.212739093722295
6.2130035529697
6.219770675795587
6.268639798576263
6.289258553868148
6.294841958667268
6.291273457127127
6.287301102005788
6.2942502982373565
6.297703585828079
6.328482184332641
6.383059051936849
6.4103528052786505
6.403545943693038
6.4029009168423645
6.407488990145558
6.403958528780828
6.385093109828943
6.38778423162681
6.384170631601247
6.386609391948195
6.404328729479548
6.412711623885243
6.432760377271444
6.435682124932134
6.435450499679966
6.44451811383053
6.497676942805091
6.521096326428605
6.531351522136083
6.533620566070486
6.534938380036036
6.551447391021636
6.553153350109155
6.541269589609892
6.529322890382172
6.524913733884174
6.522064783536526
6.519595649681522
6.518594185010711
6.518176839228129
6.4879153830072145
6.451410313092258
6.4299707722840616
6.422896073989293
6.441451792446329
6.437046799529803
6.427080890207715
6.428753450616178
6.423033518300494
6.400714246844133
6.396866116217108
6.373708499751966
6.356885694304912
6.330643294007743
6.299658442981652
6.307052429607701
6.291528904436358
6.287416227601861
6.274600136632387
6.275434426308157
6.266779165162511
6.266887651971249
6.25282152573882
6.248986873885478
6.261625017951657
6.261625017951657
6.261625017951657
6.261625017951657
6.261625017951657
6.266938095777021
6.2616932004519015
6.286891148923619
6.298431174324373
6.30605531204869
6.301902910287148
6.25101659094162
6.227963250318046
6.2508771325286
6.259631496309705
6.221689967531809
6.22237604274491
6.243838352852956
6.283324781487025
6.32918955152469
6.320285715039279
6.306523332273141
6.296301085645153
6.278634516850579
6.256935045390285
6.227978981102534
6.140787871106257
6.2027072360624675
6.186213449650452
6.171539170160669
6.135778273490198
6.218514770266941
6.233573999941465
6.25876433908533
6.2739067775185084
6.333121959980121
6.339037210848134
6.38871049860153
6.4218772402859905
6.44760520510604
6.467339610359316
6.486309957929002
6.502660714509229
6.5129721955708035
6.5125077170602115
6.509085742886461
6.511729893855216
6.515436254988998
6.520939926478804
6.516740787621753
6.494736711716003
6.490019966064359
6.523142143564382
6.522401869210343
6.522401869210343
6.522150874449784
6.522438410770963
6.507213727395905
6.478077941598976
6.468229227937821
6.498849130350308
6.511223094062348
6.493947232894078
6.4881352351154735
6.497107515499531
6.490081691112357
6.497593103375227
6.499127726290425
6.4768920673663395
6.467449774119418
6.465417005517896
6.4505161656398124
6.440554564171434
6.412295246920566
6.4300833707684175
6.420113455471539
6.428248680173226
6.417937821501948
6.415326845540732
6.4417663166003845
6.490778719055731
6.484440110341186
6.4290259767197355
6.400432822937091
6.39933082957211
6.4072115295041066
6.415478900133889
6.423516998856774
6.4018166647955095
6.434714365073902
6.436250014473108
6.437993266288009
6.43381376997814
6.4405130170353315
6.443609880464663
6.43540250575866
6.436028217134981
6.432212988504798
6.435934996256514
6.435994553050106
6.4420145717402715
6.436073076300989
6.454522525839408
6.450310526135876
6.421739295098436
6.344747259856581
6.339186390312382
6.317878981948251
6.302589389954208
6.327406677776718
6.399913381612434
6.466580803353826
6.4798201472459604
6.471952897337925
6.434283118237131
6.442411047138636
6.439995751652266
6.445087598575909
6.422929829092663
6.428197828042045
6.46300374244349
6.468648418036093
6.485280511967736
6.49694601859373
6.528103575303746
6.534828536557837
6.548192908918689
6.554390547611746
6.55039272733892
6.550505010189266
6.550093627173315
6.532100187359973
6.542406430648143
6.541675168834086
6.528171509527356
6.532429989482732
6.539345896692158
6.546362657523625
6.552260044823136
6.549477268458212
6.575021879315658
6.562544701294527
6.584578686442262
6.583229651511825
6.589843938195165
6.577410099222592
6.607604669550675
6.602183119412611
6.599760546656744
6.602674353704417
6.599611680424216
6.578129360102061
6.564560878522384
6.593483086281198
6.601273988229397
6.570376660026865
6.564604801193374
6.574505769728338
6.568046686082901
6.5767286088715995
6.581876836612185
6.578072824329896
6.56293602191753
6.5703296182836475
6.526850006495251
6.533508087432033
6.539640369383823
6.532900318962297
6.534521046590562
6.5490516493256035
6.556657348204748
6.55000636492197
6.566812570918271
6.542752681010432
6.540384110830748
6.529049080117161
6.541859099203528
6.4213918360983
6.423204650050993
6.425601472454521
6.410051020491519
6.411309818705281
6.516837530730754
6.540559184341147
6.538617301715895
6.5516566412965735
6.568630456203554
6.570758893104932
6.559964988162388
6.559130208806327
6.551638182693382
6.539533106956771
6.543875455619661
6.537412052619127
6.516338273559032
6.503415410311642
6.499659048520922
6.474615349213604
6.472414246058597
6.467222974483412
6.4453503586875
6.432691157344365
6.4469930459765346
6.431281355960305
6.43519255089759
6.435933719580376
6.438321685641013
6.414969994018854
6.4198394541277715
6.401165518421265
6.39190093935722
6.372488328641527
6.381308602616338
6.357192171553308
6.3351747585001235
6.302254410942658
6.2706697449941196
6.287057090056823
6.3066687657888405
6.324171887092816
6.338554660552699
6.309069589051191
6.310198084220367
6.321621507970642
6.274519774118662
6.27379977355572
6.25357791097472
6.220640709956214
6.221519294223945
6.231702093213089
6.247113177750331
6.2435356184266135
6.237034146452
6.2880670833834245
6.300506094654583
6.379766780195949
6.385318380647555
6.3850972447144425
6.382276152267901
6.328449777764266
6.318608455894666
6.312525685014885
6.300093574737955
6.282339219568417
6.358777019612144
6.371738096514351
6.360116954760688
6.372864029909416
6.385507939194595
6.378704957907735
6.376328372710758
6.368253180405557
6.454460266726386
6.4707339220921245
6.4969740320264435
6.502366880005956
6.507703819873539
6.512425045129188
6.512647849352506
6.511842937963191
6.503688780439562
6.477008826010779
6.45256676842995
6.452119605156862
6.43973006013039
6.43450469113273
6.391295587722845
6.3687978281496616
6.35046871178047
6.352208066625046
6.2553217593981145
6.2614079216775975
6.269286691172718
6.278538185217432
6.291906366037121
6.3722142410718545
6.387252768645022
6.396168706725702
6.392180085942379
6.399833211749716
6.410387683368891
6.403582846863185
6.403519987215252
6.342964785559499
6.3263265740732795
6.238856830459413
6.255603423115357
6.238814084732949
6.235047900832427
6.250275070111495
6.305540895497893
6.316838847197554
6.302483333741478
6.30146842442166
6.383171229555869
6.392351435413471
6.393790879629355
6.401676576797314
6.402708881037516
6.43755482006845
6.438871885416962
6.427946957806806
6.414154855323279
6.403361459435036
6.405037577620846
6.400424333765823
6.386797592996098
6.3797599145689805
6.385609674465918
6.399370337923999
6.396513646673176
6.386993126922022
6.392762789979052
6.3772776748026985
6.3422639393840585
6.357696906334007
6.3038569492078205
6.048373532381127
5.960354335253147
6.081629423819422
6.19722967515264
6.192161014240163
6.180157559763501
6.177615293127991
6.179106574076878
6.067570533983464
6.073769982967844
6.081277525323642
6.090093357909177
6.115554885775089
6.227360485052145
6.332503426715345
6.394517201794384
6.440215312821234
6.461743106285488
6.472964960383939
6.459211498468455
6.458797309370727
6.473078593377201
6.464075174470302
6.465497189054165
6.464558469500485
6.478113278399039
6.474357380375599
6.478185508128744
6.499894082440497
6.5051790841214
6.524242550353861
6.538964527413251
6.551426149414955
6.553273213066577
6.556539364845522
6.565500899468477
6.566835834832803
6.5679412639494945
6.568596911773339
6.568747879324749
6.566528679901065
6.564550813957394
6.5682148473074555
6.590159022439937
6.58310024923348
6.56135836727437
6.552161525746879
6.538329126062585
6.513805891826182
6.502187675231905
6.497968665931441
6.5178235546400165
6.5155077011174605
6.508193215639773
6.499823884780544
6.508552741861092
6.496092477425593
6.498965528908373
6.498107048538453
6.456833827547237
6.450019373283634
6.391905185699991
6.218235779827159
6.178451965576874
6.251853682678035
6.321539680965627
6.3147589379514315
6.308834142158807
6.332571578769379
6.329737813594932
6.328993573875171
6.370425977392243
6.367853629784222
6.345695500406462
6.353316562546901
6.4384762275700265
6.4300912579014415
6.430711494389751
6.431630295665002
6.427116518261502
6.417548268300628
6.406700558763214
6.393219700327133
6.376954583329774
6.377151834007721
6.376945983857171
6.341330346453005
6.335800281213647
6.314917438769395
6.287601144477686
6.262212770020875
6.2497970463940815
6.198131947645638
6.010097027410392
5.91943089118221
5.988150289213449
6.07905209432595
6.0898605037925195
6.100751078124286
5.98956558506981
5.981921097309115
6.032300839091933
6.069557970589966
6.069216199291317
6.075273577965037
6.124104839150926
6.2442332536866045
6.251177358809711
6.096558313194768
6.1281244098030445
6.144130752739388
6.229923054501954
6.239430470165774
6.246314437098143
6.247069733289182
6.252849676187921
6.265363939921098
6.2746750785899925
6.27336023338224
6.276435530350911
6.280331602441464
6.280331602441464
6.295077361348711
6.2956488436401505
6.313376526380415
6.404183494006977
6.424038374979272
6.425489950679786
6.424898117591778
6.426703297085982
6.41962977589799
6.427460053584734
6.311744792692255
6.310126798208819
6.300256109350062
6.317697969286318
6.341991777794615
6.4104342850715454
6.437011270655947
6.414069529555794
6.4191082896910965
6.4272103704537695
6.447873459591831
6.445195953120072
6.458120209522804
6.465183611961567
6.459444143912197
6.479712451740591
6.499870572528335
6.499872821621836
6.499093640629735
6.49623098172426
6.49623098172426
6.489133426152408
6.490238011587083
6.489309078972431
6.4779299549468305
6.472597042906127
6.47118352088547
6.458113560569704
6.473038238054105
6.46682416447274
6.4597532935863935
6.4902861829220555
6.497863011203273
6.507333133951228
6.503692977444935
6.487377378050521
6.48011944551928
6.473792248383877
6.484065678332836
6.470602846394648
6.469429866487566
6.4513840759596395
6.461794432834468
6.4499304950659475
6.446414141138309
6.445804677029075
6.413609107714049
6.351468030432418
6.361232494282042
6.358873392664629
6.349712312848104
6.3898403284136425
6.388432675738558
6.3828718002675515
6.407811373644092
6.407811373644092
6.411603311785633
6.4152126416258115
6.4034279582824105
6.378093569808042
6.371860377311377
6.382433449938087
6.368925575646454
6.40309295775926
6.4062998458998415
6.398567726332409
6.39015723240756
6.381366122917759
6.390710504499801
6.378637982882358
6.394849403905532
6.393121423445464
6.38881418608775
6.390414589493158
6.382425483469184
6.378728915371148
6.420302024015905
6.463312582786547
6.490299738551769
6.48448516145354
6.5073077284254595
6.511600115199912
6.509830754303597
6.510924898849153
6.516874001114116
6.513217433577482
6.514768164485715
6.5130708264429105
6.514510735724147


