Rainfall Prediction

1581.892049369441
1595.2168516845009
1587.91945946416
1561.7590012963733
1630.7590012963733
1791.586187348509
1754.1566333438186
1621.750969006806
1636.4147090640672
1557.0363232250663
1426.8413781472955
1233.9545689089096
1135.2881171434933
1158.6291228706918
1120.5658350974743
1038.5658350974743
1321.9673406316172
1045.9400359568647
897.8210567987667
474.0384757729337
370.8042970553192
310.6115092506235
248.4613556019536
212.33789975761425
146.43336592060024
255.73287914596273
1588.5110630300055
360.6886005819
304.63645622658686
277.8369410945852
172.3653019797756
305.01405151453184
343.774143694384
1025.1458587784018
925.9843987390028
947.3772558818599
567.4946339561419
518.2546121669619
693.1952382880434
729.1813178981049
539.337187026646
547.0363643875543
0.0
0.0
0.0
0.0
0.0
0.0
0.0
0.0
0.0
0.0
0.0
0.0
0.0
0.0
0.0
0.0
0.0
0.0
0.0
0.0
0.0
0.0
9.222912360003363
594.6362461899124
647.383776069275
32.28056939982527
0.0
0.0
0.0
0.0
0.0
0.0
0.0
0.0
0.0
0.0
0.0
0.0
0.0
0.0
0.0
0.0
0.0
0.0
451.69091007926625
0.0
273.35875318903595
0.0
48.07313088193462
265.2134419372347
301.3387320712192
153.41424932153487
366.90212942178186
222.80040096337763
738.901810630822
456.43416703856195
194.48844703502516
242.35193753151884
333.42037121706863
335.773655105643
347.7236181868284
748.067479436052
2322.6124491222427
0.0
0.0
0.0
0.0
0.0
0.0
28.562922165457955
20.216810714123525
837.8974646418835
173.13074989363847
73.75083655133881
458.17873075267926
136.32508351903454
3976.2515103757596
380.4383610306823
364.3530355963826
178.17609472095606
129.89204936944105
202.80935800544248
139.67799539653896
151.971440223726
146.54580419752833
279.54580419752835
252.0571895806877
116.08581949980783
78.14314988413325
0.0
0.0
0.0
0.0
0.0
0.0
0.0
0.0
0.0
0.0
0.0
0.0
0.0
0.0
363.83762166403784
3669.808455512386
0.0
0.0
0.0
0.0
0.0
0.0
0.0
0.0
0.0
0.0
0.0
0.0
44.65616928051975
0.0
0.0
23.0
41.77908284114419
556.6542066252232
75.25506605511636
137.46939248595984
190.63829773288364
61.391012370470285
118.5171273060906
93.31711263716645
292.31493420223103
1658.355197134197
1784.392118991506
0.0
2011.3727209900048
0.0
0.0
0.0
0.0
0.0
0.0
0.0
0.0
0.0
0.0
1984.2455130270043
0.0
0.0
0.0
0.0
0.0
0.0
0.0
0.0
0.0
0.0
0.0
0.0
1199.7339414288012
0.0
0.0
0.0
0.0
0.0
0.0
0.0
616.8975704079656
0.0
0.0
0.0
0.0
0.0
692.6354350982757
5.9251335660542
0.0
0.0
0.0
0.0
0.0
0.0
0.0
0.0
25.075525510403033
0.0
23.732780413459203
79.06143661805297
122.83357628817419
151.83357628817419
200.83357628817419
772.8335762881742
677.7848816886884
758.3825964409887
667.4252614175701
662.2381698761468
669.3720842474776
749.242409373422
224.13664300404113
1617.705203824131
178.97025179082544
349.3003793242389
202.3246098806317
562.2619089284497
0.0
312.03131034097885
0.0
0.0
0.0
0.0
0.0
0.0
0.0
0.0
0.0
0.0
0.0
50.0217442697094
61.85578663881715
66.14467701598839
88.14467701598839
156.6924953099405
181.1061172742238
171.94342642047076
173.35021367564727
291.35971124699256
287.33109624724943
428.5438342416571
408.8959461167772
525.0899505601406
433.9222893216614
429.82987434928447
449.56486676168856
467.2382092958579
607.8225720076939
1765.2642272504686
305.14306599877557
311.8980652112363
132.64414928298774
134.64414928298774
267.9717056657486
0.0
0.0
0.0
0.0
0.0
0.0
413.492905722553
247.99086039409366
1085.2652233044491
184.71812868862753
210.53637850940493
290.16692307753
35.46429785374521
0.0
114.20040160804507
0.0
0.0
37.66025682249165
0.0
0.0
0.0
0.0
0.0
0.0
0.0
0.0
0.0
0.0
0.0
0.0
0.0
0.0
0.0
0.0
0.0
0.0
0.0
0.0
79.72562733632145
121.82525446667847
141.3519638469258
177.87301800362206
91.63671168137668
0.0
1511.5708186117204
1513.5139826422962
0.0
0.0
0.0
0.0
0.0
0.0
0.0
0.0
0.0
0.0
0.0
0.0
0.0
0.0
0.0
507.9516317700457
561.208696284493
463.0776381697017
0.0
0.0
0.0
0.0
532.6794886386851
445.05359707720254
0.0
418.4402970304829
0.0
0.0
0.0
201.06848135471444
0.0
324.758403463666
0.0
0.0
0.0
288.9675551562964
0.0
0.0
0.0
0.0


