Rainfall Prediction

998.3405697665627
1016.4088912340377
1065.2425578340074
1134.3542433008577
1113.177636733454
1116.738151507637
1130.3240762903579
1166.0140492239148
1191.555420883765
1170.2177776906124
1118.519290331117
1065.8194748779829
1056.2796240113878
1061.8824196091366
1065.8974762978492
1064.0994107935871
1080.9929944253438
1050.1170977044078
958.2059444591409
836.9700207734064
766.9992721314754
682.3536307729713
480.7021824083828
450.11486126436125
495.26805506434374
512.3508006586673
456.9661698143391
521.5137938867805
519.7945891215968
514.6295695258971
509.46164067538234
509.46164067538234
539.3962156648196
491.86803485013246
471.1219323635254
502.27965308540877
555.9918573847476
583.6945722282643
553.4700454259561
496.45873478023685
513.2150735008591
535.3924491163361
714.7669177960595
719.2480806715254
704.907556196362
701.9367220044638
751.596044094897
762.8769867403066
976.0011046823425
1062.3413501827652
1284.3172201812317
1342.9124865348138
1418.573097122571
1432.2020875057583
1435.7580289726263
1389.7718973692927
1321.070529536422
1276.9063067186225
1210.0720875871295
1275.3768643635206
1331.7640684722905
1408.8005231434918
1468.4207640373832
1424.9433461663657
1423.9507513242331
1415.3085755138413
1414.3303128613215
1378.0845282752277
1365.3671127491086
1358.402960082261
1357.4257777443509
1331.3742916100364
1327.3910385388176
1153.0020321219527
1145.9845923885086
1142.0633125422337
1161.6139227774372
1116.4923394949901
1104.4003539661549
1017.2928498571601
1010.6940936493627
827.1098524198653
769.2761336872603
706.7518973902969
754.5471282684517
759.4538768085868
850.3447036523537
850.4232651393806
858.1116292135296
856.0118294174551
777.4157684081699
727.6052834974925
669.1260605884854
623.7907745271791
588.0074689910762
593.2130222030986
668.3692918000551
616.9740055259609
603.0022386397063
565.3707328439182
582.0054586506395
705.5337357512218
748.9985255188258
991.2646286459458
1003.4323759048551
1003.4323759048551
1002.6296161357471
983.9040682334443
979.2234095692808
984.8151054476995
916.2642896430231
858.1405426506819
851.84360885488
855.8771396786856
840.4062447900101
777.6296677999796
758.3091157227877
678.7762630500681
659.5528774235285
624.9182708956755
714.5378687187772
820.5483709352665
837.0199695115358
820.7608348975835
809.3937828354447
818.862920811166
875.1148931391297
812.9208948899576
788.3113911918106
860.9697230677476
868.7849787807903
815.6867801203912
710.0380592228744
664.9165489263148
442.3918056462894
451.67876778221
579.7546483449514
721.8411813337566
788.6586641635942
782.3524529785047
760.9907797847497
758.9645216176094
736.9111586909771
702.4058586163576
748.0626520743743
817.7441962006282
886.707506516717
918.2802249099883
910.1825799840352
931.7756935360878
932.3953202917694
1002.3270172159137
941.8114982596444
1029.7756655200353
1077.2739930487355
1121.6896344548113
1118.3451816490433
1121.1205548217417
1145.167235211574
1146.1749229638126
1094.432860112752
1088.8383546652426
1108.0637584137526
1451.560970374728
1450.9065330826975
1449.6207629608111
1427.1456784584564
1302.4461449675382
1162.5923723431647
1094.8404346578368
1201.9949526012335
1234.401296585027
1213.4761711345798
1210.4866242556307
1215.4691680499866
1166.6325248419118
1215.0094551633908
1239.101066244931
1238.0640717967985
1274.7866798845196
1317.5782253390423
1338.7060481366768
1273.3004623416743
1236.1417779670019
1172.5269671883445
1196.2999436044956
1373.381856867835
1424.6014430509529
1366.8439295251865
1368.4617260396953
1376.8654897837569
1375.5252372090608
1581.8189298719149
1568.8073990537773
1178.0864128487501
1194.1646609406725
1194.2446609406725
1194.8846609406726
1195.1246609406726
1189.0446609406727
1187.3646609406726
1093.5906852867238
1058.5480564443171
1097.378798312495
1098.3743146050613
1091.7292732252952
1090.9789474923807
967.2867425845411
866.8208892484467
870.8438780191665
822.6416070739011
751.3760243721274
730.0283087667614
654.6048632405752
655.6263894611799
622.9023315627876
589.2905270774385
390.0919770102441
355.2406314300473
364.7706208063641
399.21748710662143
530.3525516998571
569.498254831362
464.1736609327753
541.8228460511469
625.5479914883898
610.4284847414239
684.4275323030195
684.4275323030195
743.3125261865043
750.8101332662426
874.5281284116345
911.7782474365833
912.7806091745192
873.6270492332612
927.7688465717123
962.5918304070601
1324.723360612564
1433.3582637352233
1479.324986242291
1521.0137522768373
1606.896480910688
1608.195246521002
1608.195246521002
1608.195246521002
1593.290418470144
1580.6898598660546
1544.0535083405518
1508.103601495333
1484.8497583742576
1442.5822513695998
1384.7988251666302
1252.51134614648
1210.1491088592336
1187.831630992911
1114.2477624028334
1048.684379913969
1115.6742585796242
1043.229675613208
1094.4084808057598
1036.2014800684515
1037.2055646345057
1025.1552845865992
1027.5131542224128
1061.8495566657978
1080.5261657927374
1022.2356275753932
1001.2949221641278
695.5055992743845
765.2278657389819
754.9934505604967
851.9958083408363
932.6876898796612
1412.2017671625247
1520.7060653564276
1545.6979993476348
1627.9371825848916
1629.7312616973104
1628.577558740576
1628.4078965410563
1663.1178838106944
1677.375773509074
1679.5889477385963
1686.7554388445142
1689.4963965534203
1604.310977559963
1597.6754848333974
1599.2813946056478
1549.574606383851
1593.8129027992375
1545.7428074946342
1569.7803730321205
1673.8875550818516
1587.4588958962677
1622.8457866032
1595.2312969271302
1731.921142853073
1742.8906084821585
1732.0569814900928
1678.231236484031
1525.6546347686538
1566.5525027261701
1491.7322269351937
1377.4975746241303
941.4869361664614
1052.701143489032
1029.8015211609334
1069.8895561448078
1180.783683169924
1253.6337196396837
1286.5750199615368
1290.5811308233378
1345.1707469315995
1371.6546422947179
1640.6920093458866
1743.951613498296
1792.199138244506
1792.9125991451658
1784.7474489249755
1769.5612485238692
1727.412149066577
1852.662982468252
1857.5187719361818
1866.8135510632667
1841.7986591470344
1762.1246910508073
1771.9371169867727
1640.9675476229838
1743.1920390888108
1743.1920390888108
1746.7159550470265
1727.6837792606227
1722.6752244765362
1665.1153652800833
1656.643629914996
1648.6898942201692
1477.6800956702914
1526.6544660960685
1430.6163349292688
1323.701936206561
1299.7678308228467
1274.8101976010591
1290.7417169282385
1262.389087890461
1382.349507602459
1401.0061252145035
1463.83974055886
1442.7954022742583
1446.8424202392318
1445.4268099223827
1512.0534784460235
1633.6217106158545
1671.0915819999757
1695.6825052516954
1580.0511421608674
1588.4402486284446
1698.2633988066668
1704.8237804253286
1856.6581778182597
1914.5102025941553
1993.6726570543667
2051.3888803307136
2058.262712212707
2030.2048682174259
2026.7772899400038
2025.224139716906


