Rainfall Prediction

1160.7852890584127
1179.267442990216
1214.8016742451903
1291.0853111137587
1366.0036434811182
1389.4701909417893
1377.4347337215218
1340.4010930483564
1344.3922597136084
1312.9872436546716
1281.7620387945874
1272.5357790944781
1244.093166558881
1251.1129474095349
1239.9221539491873
1197.5963291854591
1101.8055902511408
995.3835903680381
820.0203717531367
676.7136431494175
530.8456808372172
472.93229075560083
440.2263265947254
426.49674079986
436.4548252985655
444.1326165835393
450.66229369590786
450.6493844997149
438.2312068858546
427.7462239308138
392.5658054407399
394.0083705719632
401.3453469596667
402.58238539409064
415.15981400410385
379.9259372864151
345.78010633149654
340.5181150906304
332.22683045137944
356.9009786033246
305.4903882416454
389.8754034890692
389.6706798543786
429.76425335061157
409.0495158458815
445.81711858790845
459.96514368817947
465.06531193678495
465.4378779180272
448.9666272478099
442.2163543836107
442.02486025223175
454.2608618783962
447.7543610451958
456.89927281223993
435.0970237352243
407.33933241937575
353.66202946900427
370.91239483143926
371.4742431626125
401.431992247929
427.35401730608964
423.9175660824541
389.2073100937603
334.3865735702049
312.00209561051423
321.8192378841439
311.9963723703011
318.4221162443484
318.7203181185699
341.6872254068568
398.77525864256603
366.38869924612675
437.2756127210587
409.2142607084948
417.87940335374196
411.3510363334407
443.7082518821856
440.7125541980089
464.2206815092281
526.8339159332764
601.8354723267413
641.0671553211556
654.6016922593474
659.065120417718
644.4035473153441
657.4071547854807
669.0466937245955
696.4260322869595
714.2474520269975
743.7178698811671
751.0934998797419
722.4086804544098
742.1105025405647
743.8741223008956
741.0237182077722
741.5165506722465
740.9011053484379
805.198363562796
799.6786980701897
819.4323531610241
750.809384814851
674.2962275541439
679.2013591579885
638.2328318729026
635.8885150280306
650.6841971593883
651.6354140573756
619.7469659465464
618.3271114433596
594.1839260811481
531.0577037200237
450.96718992589877
438.05877764728444
431.66988336239467
413.6551754633904
432.9550890926346
439.9990661825847
441.17218854200166
433.87688981847907
446.7221961188298
407.28301107536765
370.13247557381106
394.92214683674246
367.98184396086475
380.38006967995
377.0847404580343
399.00192387424755
400.3992502681867
343.57552945454756
451.06901466111225
408.4073637920098
407.9192393156817
426.2679652120652
421.9992052893564
393.7411657028086
393.728410178633
400.53588200602684
392.3667424486114
433.11535837431353
483.0719460448903
485.5817262936881
531.4131879779958
526.836694156514
514.726513897962
612.2426132594157
613.135927386302
595.6703792841486
624.3658577582925
616.9056388725301
624.8977889153492
597.2985446114599
656.3673293255765
680.6699293583733
740.8378803394221
797.3898594183936
784.2085120578085
785.1252694102093
765.6476873904451
773.8678249055172
789.111157037774
644.3250669332151
671.1459032967655
669.6490735895258
648.8186950529346
648.7624144913035
648.8019041207139
648.9222334693482
635.7467853237815
632.8430767686427
612.0357211294186
569.1202768356886
566.0348916947202
602.9363956092576
711.21695264413
733.5372023958113
665.4132284428142
663.088088512566
663.499014571925
640.5303708327442
640.9761377862734
639.8540975264084
647.1029234634868
522.8622128150787
494.76084470768035
264.2083189685834
209.97431302494525
277.57895170022914
337.541521595047
337.4312054009636
349.62874462978914
314.7636078254333
317.3578762424287
312.63316332440644
317.01092483532085
317.0062458444715
317.60549758149944
318.0855604648338
318.2270154346727
322.41693265851336
322.40217938610795
321.79640672811615
318.9263563955786
318.9263563955786
386.3331904785633
314.39154344955796
293.6906464181958
293.647392820915
304.5548484583688
304.5548484583688
347.6206220018165
427.87970973360706
533.1918395716301
523.8783681266449
523.896738598573
510.27509974261943
466.2382674473629
429.24060010150384
460.97666139902697
454.6592146093086
454.9375650952702
485.7097872440216
616.435494077782
602.2224521433649
635.4912369204081
707.161527671275
707.1183796009371
704.8995700952088
712.5833232321181
715.313120192457
852.6474230607334
868.3665966052087
853.5297692786113
860.526391199131
885.5387431930908
828.9144359647573
839.8536956101575
841.333956801131
843.168511390999
843.7982259465567
877.7740140875321
870.825009009544
876.3405067286429
783.8439474997534
846.9686006873981
845.6295099919957
860.058506920598
866.1821583447794
921.2896440590273
906.672478788724
966.4957122856272
987.6044780862766
987.9471315665729
853.2946255443254
853.7431005306942
819.9406288509565
814.9796383571964
826.3248692459558
827.9639694934573
826.6753103365697
844.2674032702465
760.0813561786517
762.4483478999426
762.8079867492718
758.9539520210288
729.1460486364743
780.9771216064727
774.0670334888198
773.3396816095836
772.9380385415371
775.5512774042575
726.183148956356
722.5204796320279
625.0226748157331
573.7876433414142
415.3194785935905
399.501696349568
344.3861747977042
470.0275670991821
459.87064597557986
440.48049454304066
409.0306983240326
400.64781347234845
357.32106768591945
344.6941736202067
320.8229293037482
320.82864359158987
291.9760621531127
279.812510596185
278.339924650352
273.10638904429953
252.9236160740183
227.38800871327325
220.6252735419651
262.8305578566481
332.5483791092932
448.3787048359031
430.6791536094158
445.93427935825173
497.9067017336302
545.5070502790038
591.8927952378832
670.6954415500574
703.0150819461877
696.7017063367088
724.6028644347263
731.9997140032351
728.0448706072762
734.6876800125614
695.825063688294
725.0267004532997
733.3497035907582
758.7693239353025
845.7742147175338
906.7749346850538
925.1284619241659
954.1252261776925
985.3785893334078
1014.5010676179593
1045.891356443001
1052.7983547183103
1096.6283504212822
1121.4502334299075
1110.4877679190427
1125.227863932418
1170.2324013554976
1082.5191331656602
948.0488006505386
919.333798454767
922.6293970477475
870.938455313843
833.417200770719
851.162488788186
754.5115730175496
710.0961909588234
783.6549235831378
805.5052160519011
886.5480606009739
916.1870180061634
954.1485008612245
974.67675188528
939.935585504652
976.3687018490577
945.2330591529802
866.1711363509683
829.8480311660468
841.5304121651606
844.1371602077969
836.0082198592401
759.2822233861879
732.7692339938945
728.7735902968031
699.0815028306608
682.9333203087323
691.4182110466818
690.9824169651484
593.4321765776169
593.4239452314523
594.2570632085152
566.9286947684178
682.164244293697
720.2186742060601
753.8313296726791
706.7193559956451
727.2336717823313
723.6252371835938


