Rainfall Prediction

813.3972517953143
871.9820798986309
1004.4061395859154
1064.1696305720059
1097.1854338135156
1089.2118651651938
1096.0306954708867
1066.4092318477053
1047.155535547195
984.3655985007467
972.7679493481228
1038.1025575590486
1033.3783785071755
972.0681701766714
970.1468627747536
962.4200393793151
969.5424536718438
1057.8035352784482
1063.891319548299
1082.4643953195523
1079.6213986729972
1079.4761287638557
1021.6148093414263
1013.290531657866
1006.9417842266688
996.0116609496466
976.0238600970218
951.8203832093674
971.7391755467268
922.5421101383372
873.5909261936358
856.0053276752714
788.1042931083902
710.5210279522524
739.3214179558557
681.6588903684657
686.138011070774
681.364260501345
696.265714753461
697.1187450094363
697.9603457544096
702.7763673996635
693.5991426076822
695.2158500920912
681.6586683615541
689.8336450260108
680.2448977403103
651.5441394232644
595.1560235541788
572.2065629459812
558.6853545600359
536.1250641443404
528.1259114320667
513.716895128223
529.3872481735847
529.3872481735847
534.1911075817067
523.2721239419207
515.5405715342489
494.27595247117864
560.9348048132745
582.1938045811157
580.5261284075623
578.0698775708711
514.0439580715029
536.5901377880242
532.4989934290936
527.4545180735578
527.4545180735578
524.7633472905826
525.3028679700367
525.3028679700367
525.3028679700367
525.1791551311892
525.1791551311892
525.1791551311892
522.8100032082821
521.9280121816416
522.3066248195292
540.6540400664298
544.902703691854
545.3444539858842
545.3444539858842
543.1254370136342
585.8473365367619
602.4226418947073
604.2895774082965
602.7059958869163
606.2163450905998
621.2200930149779
600.0535660144806
575.7762657666408
576.7904158674864
577.8582533358222
582.4029962003168
583.2344883164254
511.89215939192775
511.89215939192775
514.8747361583912
577.8397435588464
590.1138901300274
588.4340409441726
594.6797999915633
594.6792979843865
594.9944356325323
588.219157902054
593.8744298234956
594.1118617246132
591.786681693129
594.6592502953322
559.5748143872916
546.4475670921271
544.9748717075038
544.3208752617807
541.6235280533847
495.82680979617703
527.2328546545972
523.0696974025763
533.8156874916324
547.3474683155748
602.7550739963311
597.639596502384
579.8650837959669
562.9016970637031
565.8771692361767
554.2375676734334
600.9068885593675
629.3096825856411
649.6656567774306
663.5980330456745
663.5980330456745
682.3039385501061
703.7908258389572
710.3532747126436
726.7883480949499
729.6125784967379
744.1551688890091
786.7160454014074
883.1335265379854
979.2663532292127
980.8354165080535
990.2536688518057
1001.8607218928028
992.7574358655309
1020.8299610342929
1031.478961447835
1047.432715921698
1011.7895432887128
1010.7081329628201
1039.0564337800208
1041.3952238757524
985.517877010118
987.0799588253096
991.0164404503167
986.2123048990031
989.6487163093499
991.4700196801623
984.0657852023818
955.6937901075694
893.6234987940445
892.1037257258986
912.5163920206778
906.6951876935173
931.8940171373765
892.4565305125425
935.9366690320676
935.9366690320676
934.0940583065753
974.9858915723433
906.6582948182102
826.4726568104669
830.9237595648864
820.4488642836113
832.7512857940201
835.0651490754764
801.3390426982236
790.3060277004031
777.1439587975121
776.0314630601142
774.2649434136029
714.1491569245177
705.9369754543704
728.5977072570633
762.3646627008027
762.3311937081343
803.8825970200421
798.5187453194313
795.9083316734724
768.6428989377895
775.252193158404
713.0997271359471
714.0177348816025
696.148631395486
688.6507413779349
674.3482114908968
675.719158789126
584.2050742384671
587.1886545584505
586.3742853528667
540.9454491187932
542.3422427308985
543.5683594080294
638.1165272893247
637.9423960190982
626.3215430809105
625.521225938988
626.268016526788
670.6389084574455
676.995360399307
700.4346657745892
703.7256108466547
724.4226598493684
714.0738569361367
680.7807715836539
652.2468532980307
634.2000526978271
564.9057331131772
571.7241205871517
521.0409762208875
521.0409762208875
522.0718779786375
522.0718779786375
510.9962471494486
497.9806384858651
542.76101304164
542.76101304164
554.6188672216595
568.9342388730735
670.9981008323914
772.482342712348
839.0860696877472
830.6479501156064
818.5669176914213
749.5244988024485
647.2964781138094
656.6510488298645
656.8715302166352
655.9447875890392
684.3719462029379
714.3791762493216
745.4941355446143
810.4611548411959
803.5568306587886
803.3317774235466
820.9806631740756
816.9520713803499
818.7488181476866
819.9464126128771
815.3831900854113
818.4750368208627
899.3922308469618
901.9073604841112
898.2788698880893
911.2666369703134
912.0450995247779
881.3400148521634
875.4594578019825
863.7968667020277
839.3034424446789
752.8304282421016
667.2479971823616
604.7041694387428
604.7041694387428
604.7041694387428
604.7041694387428
681.9035077498792
695.1184705385388
711.3124523150569
701.8288745041989
620.2007364005106
586.5504100803525
589.4420068230534
501.0290455317168
503.1664443874013
528.01646796424
586.5663929885782
601.437068396197
601.437068396197
609.6815940942704
643.0545460541998
702.2608867944664
636.4111666025894
630.4967062469304
630.8240627339082
618.7246621498391
618.7246621498391
615.437283726621
615.437283726621
619.0725714310661
619.3040611089941
608.7505651557508
608.7505651557508
619.8812246850746
684.2668262344204
669.577281170504
675.400714547206
654.6106413168658
602.727950587984
577.0787022723314
576.9397209865347
575.118070794219
584.2384213489548
582.7518405645246
605.740811273113
683.5529625513175
669.1957281568864
638.4474334418217
688.9269192604396
706.2688941973801
709.0534489979613
716.8048721355492
656.566790062411
662.8644085297162
683.841511419086
688.6895321333764
683.3381302673652
697.4406381747838
705.5159300357893
722.372108419248
716.5097062900371
732.032565452115
680.1076149595613
726.1205731232354
674.774837535457
671.249018822585
671.249018822585
673.6242937346303
681.3887421132058
681.3887421132058
694.8734185294018
771.4751785589706
803.0795412505109
784.970823196209
721.5150639471917
719.2103238440286
637.7443906888361
633.9008614911359
605.9687943346134
593.0827975255704
591.7835328626893
591.8921696226896
580.7865281459742
584.4578381481415
578.4483162204417
567.4534862462426
563.4738943629602
550.3055612068424
598.7326392426
623.4946700982105
608.3871714471472
692.0756004546889
686.6109172053434
677.4360074353709
670.405772088626
717.5947628519563
734.3862952480869
751.4765382895125
774.8203538961077
777.1705230395744
777.7388139251032
763.9334441226287
773.4107374505126
767.8539506180108
768.8541597324127
761.8285377838628
746.7721867383896
750.5541285347425


