Rainfall Prediction

578.4642141801393
555.90751695682
546.2097466692293
506.1830024774598
481.11155161573066
477.66620919350277
479.64556414468296
473.126317900795
467.5976668907662
480.8250763394965
479.5089403015152
487.14344279077903
463.90799545388313
467.44912468894165
441.63769633749376
456.9938661985079
400.8546545542725
419.9615284716203
463.6492493890806
380.9797463859901
330.2319152015485
280.81950349404076
17.944773447250146
10.374639643140636
62.070013080718674
111.11988325393153
105.84870378521495
97.44668224669226
113.32697791956224
89.5090658917764
57.7518415912765
64.75503264007021
147.62653045756008
124.56456397797885
135.16130657684582
163.94621368577606
178.72440073849125
162.75580664364864
187.7647190635651
204.72144819910247
208.46635783624933
229.25757620496063
375.0733762537263
455.8860777925751
488.5664483808976
492.226192988973
533.1321006677415
550.2753049409273
694.4319185950452
691.7483798851919
783.3203205242753
780.7518012133879
765.7122159991346
776.5169841457174
833.0304721504064
960.4889294096777
1022.136242210213
1017.7210330416906
1013.4158667860669
1029.2912841415052
1045.3799126101378
1071.651511218624
1066.4197344951651
1035.0416232418122
1026.8601202939208
1011.9692898225982
985.9472208901756
984.6915026096526
975.2618576416365
970.0888787786205
946.4438199043433
912.3363357012021
917.6197958185293
744.5941645208295
683.1148146124631
645.7601520196858
650.3005334974142
649.5589180797543
643.7622916147926
514.0634804139918
513.5171008346042
387.43115539209737
392.0740253456703
402.6476055957748
424.78312262795697
384.2683727776685
301.94699722821986
226.2423353465243
230.0682221619274
260.1518452924133
255.62467577942044
243.975220942526
187.2304486528438
180.88764524021
188.85074662782603
194.24565452855606
197.04870844726076
185.92347134801471
197.1193170970681
176.43681762102574
180.09385894342816
186.7839753275766
187.54654931943315
178.7471682420765
175.98700583492953
181.99954762471063
168.47293170372689
169.66180509006065
132.35799888530687
110.77203805202208
55.46141861759711
5.237107624540742
6.456498809090455
9.847015248099478
9.155131577974025
3.229265828265655
5.1412605068285036
3.310483631868384
6.446040500459463
2.2408048812109858
6.14583613420681
19.127420991560513
34.515524738125904
119.28458756206894
191.10935657946413
229.70400935144704
282.94783688045015
295.31050693852814
321.29961215408457
335.906059551137
359.68812951512064
353.4984595680976
387.18357222113167
405.6177188976207
418.74022262296944
455.54970126673
553.5255286284743
682.7662902950157
724.5431876533221
750.3187498651569
824.5018427359804
853.3441094895546
870.0374604685331
868.4646536431097
899.3164474761463
920.7089882113067
922.5634644097962
892.1889212070498
873.3747589389217
869.8135238694305
862.1394864857587
951.0051793516202
906.7912506314324
905.4098921057148
909.0208576283867
787.6265745958293
727.2836192676585
824.6375737955599
878.3251212378934
836.9233859313869
840.056680966716
888.3053732756044
867.4940174370963
941.2121590743133
955.2154130063399
923.6211256273666
913.6849636685567
889.6012073954679
767.5439929873073
747.5806011991959
830.2262336446896
820.528806864654
835.4072261464472
876.9415846496443
898.6958272036175
869.3056641133376
846.364529929559
779.1291265291353
806.9561767124283
815.2512401252635
804.166298139922
842.2511817142347
775.9402574781766
796.3010446384483
900.1098217455851
977.8613619580868
999.9521553112528
1009.1155983674169
983.3865385663905
975.3623382681412
975.5248999628294
971.7705592187442
944.2932267842783
936.3149325663323
905.9118600898933
900.7411317595473
886.2690218418425
905.0779026920864
866.5055321151978
876.3399794613617
856.13248546131
724.2666939939179
685.5545840607402
699.0501496225633
657.5983183926201
626.7135850860238
600.2840975705597
562.692388859593
537.9084975224628
532.8262407637345
533.904922142127
537.6829464983839
523.2990706546874
461.02800984994917
427.6840417765149
316.6048325165847
289.46111496923356
314.72713248509933
327.67061909778494
315.0344543082764
297.3248056478484
407.85928837466105
423.85637583527307
492.28571824075783
556.0411640267064
498.00369533634955
508.06846517462213
514.0623410022515
440.19470165004464
422.99052616060663
400.7288277079634
401.39216322440643
403.95790300839036
412.7166177847842
413.67114951454965
403.6609318974063
399.42440977827795
454.887772521159
513.6152554137711
624.5407942801195
638.3229705803277
690.9122832296745
661.0980027152076
820.8625376790078
769.6567066356664
754.7506669913353
760.871064864708
730.2418561746266
728.3781258987399
726.6656517469346
709.3053627549089
708.2533747268934
682.8132956711542
674.71039613464
656.9983522597698
624.889950706813
618.169169602314
629.0928412808992
641.2862561130712
640.4793952257445
630.767689442915
596.0280985646369
560.1629509050881
540.5945479515539
561.6790621496789
549.9799938502609
515.6254818802408
507.8896902099765
467.3260772567399
486.9428082311608
383.611166350592
371.41720734289436
293.54032006823627
529.7979681790589
266.08636136038996
276.28860848211315
294.99229817903546
290.8200680419133
301.6134353426663
475.41465972082534
535.8623129033917
530.9427216180136
571.0667775398914
666.01250611666
717.3197570649306
671.2160542804743
667.4312439380503
738.7193863977135
728.788783083778
747.5089785781116
762.9348356037202
781.9242312360706
804.940559780916
785.5598581240876
786.6254175754864
775.1741473058307
736.2878867129621
735.9420442663605
743.0385479542585
735.1744748891463
636.010908046098
673.3394169139129
671.456249718984
671.3416618409913
367.15359085340697
373.3132777906521
370.9807390538533
463.6395692876443
566.2822581741991
680.2559458027348
653.8012167732046
626.1601624497878
691.3650778841745
687.88905169342
761.3533010715373
800.4636207803245
813.3633850151115
797.394606533519
742.7403814953751
736.9847073591475
715.835293113523
773.8692613521273
780.587429421773
829.0407973939397
808.2058028168925
822.1801303337287
838.5559905121946
870.6929107838816
921.671544442242
922.8625748122826
953.4581849386944
1011.4778181496266
1089.8218921814382
1105.7875536800013
1116.1932767943256
1175.1845504690468
1217.5495857144308
1228.7940920202707
1153.368629859513
1073.711537799393
910.7399650090347
906.6036214329903
888.5630700639136
844.7579931006649
906.4840871026008
816.5736955106526
760.1801883055275
734.183025128356
725.2191119080003
726.0795393465821
824.6680137923278
850.246896030299
792.2569968029674
857.3918963505348
819.7806784379426
833.0618191694183
895.8542361088395
913.3126157108991
953.3856639197453
886.5283639023789
888.4036292468471
890.0629011121267
855.682355476092
805.2860987659807
770.6696519777755
771.2042786026117


