Rainfall Prediction

542.7441470388467
533.0905199265467
530.3364043775144
518.8350488941093
521.0895877933965
524.1876027165566
526.7668793676049
527.528351614673
528.2641468372062
537.0387165215113
547.985844778561
553.5609443162219
555.2353666535804
556.1142482167734
554.2660179418419
543.1643335257145
534.162282356633
522.4641246907012
516.2313916106361
534.1310999076172
532.0646539564082
537.9827521598562
549.6186963901191
553.7380519509571
555.2455084194735
556.1910745551726
555.1797539709219
555.2895744880043
556.3171137769609
556.777385999551
557.1300721157486
558.3734694162918
556.6115499163905
556.8571293326916
558.4112624500546
557.9766190430496
557.1498836515104
555.5465503079859
555.1169355473495
558.4886279235278
550.190025435841
554.0060264567485
550.7876530972446
554.3490069999715
553.445550397976
557.0050610339789
557.9758675775792
558.3055822778706
556.8149432627
556.5759107876884
547.1918125216081
541.3903552654261
530.0317713520143
486.3390079600994
468.2684494924816
466.3761525830922
476.5370511867495
477.54721223671805
475.15555893543024
472.09527819923056
470.2614399966379
467.5738609484309
465.1678230959562
486.5751219388753
486.76273248892653
484.71201186808656
481.3460165225046
480.3455317831884
479.7154825379944
478.0931714848132
476.15230725154635
482.6651428954935
477.47004487515386
511.4870329369253
511.6588587962997
512.8658595033804
509.9191692621864
513.5997078538264
514.7517611384196
530.8808585791072
539.0756473924812
554.4954321294387
554.9464168442292
559.9260150432402
561.230272682877
561.0767278611265
561.4460250985557
562.4967615691726
562.8104990881993
562.8503134352892
564.6591553678215
565.101923927005
565.101923927005
566.2947144829367
564.6012300839343
564.0880078539632
564.0877879681764
564.0877879681764
564.2044806193372
563.5095345062891
564.9261319470694
563.5958504734126
558.0173430872469
557.9410509091566
544.641374650542
542.9168101012149
544.2342165207789
545.4511799635504
542.6077603506118
543.3589546920842
533.8284750688458
528.3846224286361
503.3943322215578
500.1371069309065
494.9700179930538
496.390673724326
497.1325649670216
498.10049024745064
495.64208913702754
495.90505005676346
500.3708853979898
498.7935194328443
498.0589713153656
498.06143241025853
495.2202755731516
493.1501169112852
498.7484400692903
499.68173835942906
504.8795465733779
507.7075697804719
521.4614672479489
534.2478992806671
546.063311969969
545.9222649746778
545.3865461898914
542.7922778171098
543.4699909086883
543.2335273983155
542.6357076367528
544.4234616753974
541.9311195041245
531.8447552536367
523.9078773839019
521.5694191054115
523.4509917422532
534.3751792216059
526.2828187253424
527.5529265938543
532.2640873482583
526.1101184575281
521.2786457004722
521.4750227218017
551.8370917204645
556.5179872870234
557.6629134124175
558.7979942885148
559.4424635706227
561.734788197584
561.5928191852213
561.0861757644207
562.1037146074402
553.1857393821434
547.132890577958
534.4805402106211
535.0909574124694
535.512062158919
539.1299159963422
552.1943520962418
559.2405367650515
562.9814828365081
561.7976070986673
566.7319447088954
568.6024836582852
576.0360289742997
583.400770406768
587.3216739822284
582.317777150844
583.1800085261718
577.1899524897657
575.5377207370858
574.1365637375945
572.7020692247795
577.7628533852903
570.7885073362977
569.1203633911938
573.8168759079053
573.975360301513
573.7887876513221
572.3220875017283
572.1501619528512
575.9742206930928
573.8759663216579
576.7560674009497
576.6368617793077
585.3041270053673
584.967602252615
585.4150086367267
585.434764074142
578.8804775453633
577.1530902210256
573.6352886420452
581.0356457306463
576.7604281823378
575.9413638253137
573.7658723600798
566.7501830281057
561.171455046884
559.2674417145731
555.6267362100288
555.6974921537316
562.1830782960569
563.5889906979595
568.7286678959739
561.4995789771804
561.2221196416909
564.5142299668521
565.3842858777061
563.1757567378918
563.9033095412558
564.0955171322832
567.0595407778042
563.7610189466288
571.3052077782187
566.832887890311
568.0243215650615
567.4841801819884
568.9922718525614
568.0057516377774
565.9969971553428
566.1249862073734
563.863300696564
563.262183036949
555.2414360017491
555.0110881739593
558.1277475277857
557.0911089921703
555.9654134041051
555.4531190189215
550.9933879461609
544.7873406785616
547.1825018024255
534.9073406284505
535.095570921132
532.1669657466946
526.6082214180153
532.4321181055178
526.1104749164471
511.8706013602953
515.7023667951373
516.8076832002655
522.8966965806836
514.0511389502539
539.9968766632937
545.4051777859182
556.3410797643554
568.1851424188832
566.5582652625578
572.2560753957025
573.8620694894928
573.8620694894928
573.6846432123161
571.4588375751009
577.6274106741824
580.7358593087318
584.0095711419874
583.177583266061
586.3629299241182
587.5086484230798
588.9722284848359
592.7624296724855
595.5044980436835
594.14407007589
595.9863530747887
590.8788697941303
586.8964616997513
572.9799442224343
568.6240988482504
570.1977052816316
585.4378626703359
585.5966961042299
585.1360918886182
584.9826753519658
584.9853448654296
579.8168412102094
575.6255872621169
575.2716831593566
570.494101363082
570.7349846691488
564.4846313323934
562.8983076091575
562.9050721492572
562.8701858490414
567.8041522216666
570.1128694184781
567.2070683146629
566.8797094387111
571.7743322948961
570.8775260569204
569.8162889160338
568.4898088011026
575.7146800638913
572.1155802254975
568.77937892045
564.1518045421028
587.8940761032055
589.5309758078613
590.280813713343
590.5374342246836
577.8574651396303
568.2619342246031
567.2063656500095
566.5139913996868
561.6850144571503
564.0236478535431
566.9738872074367
565.9618251798078
559.6288688064918
556.7520281085701
559.06004602754
561.2628371121978
563.5351727007935
565.9839814433042
567.3928295574343
566.9172133781054
562.940733031966
563.5374730732652
562.2337972904902
559.0273018169463
558.9415230547728
559.0865954337082
558.8217081123001
549.0162790763519
558.4650263933113
566.1255866445504
568.343634123729
546.5315036564144
547.2771635420672
561.1319954787148
570.2262035704215
574.7994953878784
581.5241455870688
586.6678170775137
590.140130810736
595.2064644551576
595.3481708036604
605.351605436938
611.1794574002836
613.1423870624944
612.6167716028746
611.5505761489372
610.8050441743433
609.2122534534687
616.7812318200412
623.2194916481812
624.4462038901656
625.2969316278524
625.4343267946412
626.7154889191443
626.8468738567586
626.9237993658043
626.3806680268873
626.082408260633
625.5445488089241
621.8552307271926
622.6254267789633
621.6116889058677


