Rainfall Prediction

577.2977537228097
585.949827266676
610.9208055084313
613.1091951136718
646.2894121051942
687.7091889685069
678.5241000031137
640.9596087570183
635.5209591238173
589.6100741305951
576.8824683341727
571.8892026573309
547.9077795495926
553.9051024126112
544.408788345548
521.4639032351744
507.0359897331111
503.36352733100773
448.4750783927959
342.26136798575953
318.62632173973924
290.17257797430796
287.94637556565567
270.4705286336182
283.1370104470387
294.2200558219582
318.0363474776701
318.0363474776701
300.8629925817411
286.708380194196
241.60595288794153
243.38425508032958
252.52231322615197
254.00844936584653
245.8666124497014
214.91063249740006
175.98264991394592
176.09466638363676
171.96223414371252
179.03312949708493
174.56485460930608
181.11486046949048
167.4016509211887
154.482500800575
141.45494312855936
143.28518877327616
144.25483479004774
139.66305733498947
139.66305733498947
135.68025837549257
134.28178411006724
134.28178411006724
143.43887164148106
135.93018675684272
144.4333351769523
130.26038417374596
116.32028888783016
90.16881512878834
97.42453539550846
97.19772323073093
105.71901286965382
120.19608866346023
118.49217619430654
100.53605671995223
75.06206556655101
67.47343504892635
78.63907835827267
75.60192103058746
74.31059728877561
74.64579569621347
74.7283979525922
81.08425773292609
83.9115047474951
99.02745021796409
101.76644953108894
105.8449323177768
116.30522007348436
142.74991399049057
141.00106023957187
155.71090295284972
157.41198875423575
160.2316687858188
163.5413084879739
167.99007542720773
164.5400633469974
160.52276569596094
163.7048941427464
159.04763835168447
151.96961904595332
164.04165438236342
186.34185792480324
180.39666325850493
168.81532427747953
194.6373938546656
200.39283499215637
200.8320822963856
201.09271743817555
200.5713495090151
235.28292382833527
237.30145615318426
254.36712211810666
248.68239960947645
249.1135808540986
249.76649663916265
234.78454390221418
233.7851793562696
228.77271316121193
218.50836886186147
190.9192452506436
197.1434123295455
179.369255836176
175.10579654547556
181.70558596061875
192.19291505379618
181.18594802933748
180.7214999738895
182.91229118382745
179.74142646268146
181.08958110956053
180.4841911992121
159.81506027835687
135.30938567796636
125.23440706759246
140.5012328570852
123.51586132087881
130.61353849410023
129.3943124557104
143.1018425331726
136.34634418593237
102.5013055145546
99.31904075771871
83.77399295351981
80.21503326018818
91.0605381544193
91.71882481799663
92.55313648152074
91.22660283154974
100.85494636139747
98.30880328543309
126.17679040563314
154.04131472673427
150.2355324535096
178.4745729021368
183.40699666539766
169.62108977103364
170.16984270363147
170.85172365870355
166.32675232035382
169.63730361964178
169.1146826559471
166.38238545246008
169.73074541700942
208.91292818746263
207.52488559671448
236.46055004169924
240.43253099075588
229.98170048802137
233.30030437623597
221.0337666668379
221.59200265183011
219.60412848240915
225.83211446822037
227.67627454038046
226.19806917264424
213.34547567251096
213.34547567251096
213.34547567251096
213.34547567251096
205.15924566722705
203.42043218675363
177.12220817497487
147.7755105300939
146.50965980058274
112.07395668606644
114.56001105699171
113.86029821507721
106.65203388915796
107.22253651953314
107.22253651953314
107.61853966628621
107.61853966628621
107.56321829122406
103.72152446834014
72.460372958558
63.25573038859094
20.832328926899137
12.788903511983737
19.7216501669651
27.000916986081116
29.844132816111856
31.148476188348432
23.80069531322514
24.804646577581742
24.76660058276221
24.325525322270803
24.325525322270803
25.292945443622816
23.728103750377773
20.969208094223895
24.625141853499095
25.394109465518703
25.10087497832199
25.86110385002504
25.02278492025254
40.28540237638812
40.805286490606036
40.555644513304806
40.555644513304806
42.43981980726531
42.43981980726531
52.23840757534011
75.55582140040187
94.90752099479988
89.84093797448108
94.81249443496439
97.82357727912674
93.88830196494767
96.92499830843417
105.72041929789657
102.84379230303048
109.04162332242147
129.5105050441944
147.80277256933823
163.1531616529322
162.56863920945878
162.021315906319
162.021315906319
166.65673421411972
170.38913774166951
169.56976515670027
220.99403334047867
221.4121211713011
217.00526233498394
216.48690324525796
224.25109458721042
206.73874515832404
212.37281751676264
212.88597551789414
213.56364606255462
212.54533178005892
218.96114335512567
206.98616533717453
180.51331231286323
164.6307607033909
164.04731169025524
164.94067524682234
165.7013618948915
168.1669142497213
188.6515943709014
182.8775959545414
209.39526811076047
218.19728368471186
230.721380460297
213.7120838684399
217.02472588395932
220.4533793231824
248.68635085560476
253.4865051932296
254.48483550992222
253.73609699652502
263.9678704885608
234.82475080282785
249.38244502155305
249.63056235323796
246.48217978513182
246.46633600127126
281.4722233447304
277.1506862086022
276.68537015179675
276.45217813915303
274.5975910503007
276.27699565745536
277.71277437682676
276.11145046701955
275.22596744374425
273.59408610560746
274.0325055902368
275.0690205652295
272.06731786648135
250.52421253726908
233.2380705406567
206.71074185311596
199.09379243179308
156.4822755934739
158.41367226041555
138.77556162937765
138.77556162937765
106.60338068869166
101.74901726834656
100.85777048227106
97.64768155452407
87.72026597007061
63.080985610946165
50.578236866637226
69.19336150401863
84.26692907770887
114.6199187515625
81.20832380059285
79.51250103696302
103.84830933273103
106.44379185977971
123.85713067582978
155.51092209163477
170.9621693391598
169.9355900091295
168.369908486242
166.78548734901614
165.13288442954314
165.13288442954314
167.1540387611769
181.02988600185213
181.25729972890548
189.92924003076155
207.14947600416232
209.72558731003653
207.28033294505505
209.89903986056962
215.66651250559283
232.34103017364407
229.24979610683326
233.02876541522213
245.1478311631048
252.30648550167905
253.00538208618843
252.8642867755153
262.7221259372563
238.57315209046124
217.76371175385978
208.68934594898084
207.79743900302927
193.30626310561667
191.50854916845645
172.77989426824274
141.45553665329592
127.78755238317872
125.18539510305453
130.72242240847473
147.41783853788627
155.89422000307317
167.96812991479504
173.5066415150233
166.30844064790654
181.55915478952033
172.82619017350916
154.13014569530807
153.72449211147725
157.51294594430863
159.17237587783615
157.5735659275604
143.6914196801665
142.29834716610094
141.61301142951538
132.91691047802504
127.99518679712416
118.60866817292931
126.0469761044696
98.18662572142658
98.18662572142658
98.39690219098792
100.65109202502121
141.46588274553258
160.12867254461324
188.1214938266902
197.07202573235298
210.418666759335
209.9756472353876


