Rainfall Prediction

567.3960780543712
545.3960780543712
544.3960780543712
620.7477528019277
629.3789163825627
632.4522591289103
632.0723498639908
630.5457962367176
647.9104466542644
631.5818857853664
625.6573964192547
616.9983955261043
607.1959126892469
587.7675596823948
574.7386337537059
573.1300670124408
569.570385790781
564.788294228056
566.5426385841741
439.9582607431014
364.6157731058639
275.0
84.70820393249937
66.49137674618945
72.92844953645636
94.16601048851672
94.54065922853802
95.56102834535696
95.56102834535696
90.56102834535696
85.56102834535696
85.56102834535696
147.37211521390788
149.475478405714
149.57342370508883
150.24880949681338
149.94438717061496
144.0
149.0
140.0
150.06888370749726
153.86636904613616
328.49603149604724
335.87475490101843
341.34666400106613
344.18010503025107
388.59494346111535
413.7631094844953
568.7131099154195
603.2344855372473
757.0440890610984
758.1283361405006
758.1283361405006
755.7962261911692
747.9136645896019
740.8174242292714
758.3179778023443
762.698484809835
765.5777697028414
796.218580612484
784.39142590123
776.5734237050889
776.5734237050889
714.8537208837531
712.6715680975093
719.4499443206437
716.1572440606681
716.1572440606681
716.0787840283389
711.0787840283389
711.0
681.8113883008419
677.247806848775
496.93725393319374
482.0
478.0
478.0
433.0
423.0
339.0
345.0
205.0
205.0
205.0
239.0
240.0
240.0
224.0
236.0
234.0
218.0
218.0
218.0
229.0
229.0
229.0
222.0
222.0
222.0
222.0
228.0
240.0
240.0
240.0
240.0
240.0
240.0
240.0
240.0
225.0
153.0
112.0
106.0
110.0
110.0
73.0
72.0
80.0
61.0
49.0
53.0
160.0
183.0
183.0
172.0
177.0
207.0
207.0
207.0
207.0
207.0
201.0
189.0
189.0
190.0
212.0
329.0
430.0
495.0
495.0
498.0
528.0
531.0
523.0
568.0
641.0
713.0
713.0
705.0
705.0
705.0
840.0
749.0
726.0
729.1622776601683
726.0
721.0
699.8881944173156
702.0453610171872
705.1067359796659
703.6885775404495
707.3095064303001
708.7763888346312
708.7763888346312
708.8605710994917
707.8605710994917
685.8605710994917
568.8605710994917
468.68154169226943
404.4164878389476
499.7989898732233
503.9248588451713
470.4807406984079
468.7132935525514
468.2360679774998
419.2360679774998
344.0
294.8910462845192
295.8910462845192
332.5753935305413
349.94127577311036
371.5656300056009
306.1808647370989
304.24516888898955
344.262252939418
424.74269359515483
455.3525085654806
482.11882588863034
449.63839669380866
471.4939691434315
479.59750004077756
481.35563250360644
483.73444238893626
483.1134593137364
483.81945265203007
483.00555115638815
483.4570910769553
483.5426049376421
484.3053143082449
484.0252818249426
482.35557180292045
386.1839233459516
371.1380949975707
421.71393190036093
419.9719180096765
425.2368322706301
420.03501206374926
417.7857258683858
417.22287796984835
439.1512119573414
388.9280972999681
366.69817807045695
335.4913767461894
259.40967364599084
251.7484176581315
204.606816861659
116.0
131.0
129.0
129.0
105.0
220.0
258.0
363.0
438.0
438.0
438.0
438.0
438.0
438.0
438.0
559.0
624.7616630392937
607.0
575.4161984870957
629.4161984870957
622.0
660.0
763.0
804.0
846.0
900.0
973.9000083291648
976.3898403823728
981.3173020297094
958.8007718574817
960.0416305603426
926.0416305603426
901.0402890012966
948.5602709339255
951.9457350441444
951.6802997301069
826.4199476003089
773.6540744149117
750.0961740428025
668.3154110151603
652.3372546306096
650.6458251889485
650.0384331325831
649.5929677841394
648.5967477524977
648.2280828791714
592.6431808350737
549.6643191323984
572.4415055962496
546.1992063367084
492.1725046566048
493.29468812791237
455.47726332806815
511.3861278752583
470.3861278752583
422.9284800875379
369.0178514522438
813.7671453348037
813.9614813968158
815.6969384566991
839.1554944214035
854.0
852.7648230602334
851.6381816969858
847.1651513899117
845.1414284285429
845.1414284285429
844.164414002969
844.164414002969
761.164414002969
752.2462112512353
752.8994949366116
777.8660687473185
822.8429795177549
825.8429795177549
849.8429795177549
941.4596248337403
899.4596248337403
894.6969384566991
880.0
885.8743420870379
884.4403065089106
888.4096736459909
900.2480768092719
833.9958672089828
914.10355949163
909.7116016151583
924.1660288681749
476.8108384659775
503.36097030671306
515.9286970431815
609.8817989768912
676.6301181180903
746.2829674797991
782.5473306768808
815.797399428925
816.8994740350913
826.818986799676
1099.9678874965327
1206.4001806821202
1258.501136483498
1267.117503007122
1256.8092297580843
1233.6985682081254
1187.951970954427
1321.1975034232164
1322.32597095458
1357.6877188181425
1333.3929623373856
1333.7802789122152
1343.028721750499
1352.4728079289728
1454.9247599413418
1453.7335293919812
1437.4524677103389
1383.2181471754845
1353.7999979298588
1363.754651966183
1349.6340885446496
1360.7438907637486
1419.8376732642755
1473.029537869335
1377.8245212059003
1298.379825145788
1231.0097628656679
1197.0097628656679
1164.15244834463
1173.4891522319922
1164.4827621450972
897.4315098407989
836.1449514137998
773.1509402150174
750.5932010527889
740.8046493343667
772.13796715222
771.6380112106557
655.5205832509386
696.9499687108763
560.6619037896907
561.0
665.0
655.0
647.0
544.0
542.0
542.0
570.9346898823594
532.5563491861041
527.0332963783729
523.142135623731


