Rainfall Prediction

543.0422261956822
503.73188701954825
498.57582155372995
514.0086902183507
541.00755345993
530.4241452662117
539.2699388804623
540.4094199804937
523.8802365826286
523.9440772576459
522.0279242695995
521.7998632546539
503.25216113329316
476.39170614618286
442.0582295149186
431.2948879111929
405.9411732899064
263.45088499986025
244.1363183011345
369.75709581818654
417.140407176518
498.21031941320547
644.1680840512835
726.3459956820166
687.3178897958558
518.0030466028334
525.440346763435
521.3554135185384
504.70418137263397
517.9567849031681
486.91132000732875
237.37773320838366
302.1996790033918
367.7520479309515
395.54028304269696
346.8014325105993
370.6480894144632
376.30371030032757
397.4000127225273
414.7501661905508
585.7725293511999
0.0
34.98341542940335
62.52706788310991
179.54507893971754
246.15479009902862
305.78341588540843
335.47161046980057
383.1022519499263
420.50601783908974
280.63541848599516
202.96917746860913
132.93932648335254
0.0
0.0
0.0
0.0
0.0
0.0
0.0
15.008001966019265
14.522450521635506
10.90358082094474
106.10343513601984
129.70453546278242
130.24010483283968
136.48647712176344
126.79014677437905
118.60533400362357
121.89370906267399
111.41695843873543
85.57028125975472
75.25467342628394
204.50808826904722
220.11047168731562
196.7230068536245
211.6001404207678
258.44760275073406
273.16538939841007
404.1551395178207
439.0414592480441
630.4322083272192
591.5526651999714
658.8936514115464
713.3985068374792
727.5145328028966
891.2564916195777
954.1812786421287
924.714673994149
981.7331088501888
978.1811801309484
916.4863457567109
943.6330090001378
959.7537399444834
905.945792444523
905.1381241369759
930.2064129798383
932.3813728981619
939.2542848259341
890.487848932043
906.9793014678568
976.0697615760828
921.7492865125789
962.7440658153043
789.8603769785827
612.5699622033273
674.357427347978
665.8256267481015
676.1383289246622
723.4264080686953
639.0890629338701
519.0477843616145
420.36894864347437
353.5497921026397
322.3698195565765
365.91522085302006
358.4702572725611
312.20447282488385
276.7055167383338
240.36011263387843
166.13388249469472
146.5346723645054
251.6922682977077
288.548128852642
294.0810389664441
310.78160366643317
305.93845609842566
272.87549211823944
251.55545547820284
257.1720181390175
231.62812881806647
243.76541652250637
317.2506309758589
353.20878835169765
248.88596197676702
389.21797759436276
380.3349191726836
394.26108171111537
401.1743054121168
403.7902455187666
367.29550134348256
169.17580248920564
257.8916041880336
316.03398050611514
319.3060402339769
335.9482777075908
301.88958109838165
260.9344618786815
315.16233885468586
346.13165027426743
348.46140322643674
336.1503454675069
383.55013289361125
440.341973810466
439.71035453944427
427.37587066444013
462.833544111396
522.5255188371675
516.3866380643678
524.828675327042
520.4806163632113
504.5599739505858
496.01035076484044
485.5729982435503
451.76383592577207
483.7461307712587
516.26835907417
620.063039460124
586.3224155757532
808.6115533723527
820.6724314122521
808.5419874293477
877.3480559183116
927.1735729017621
946.1762902907889
986.5974440443729
1090.1556055894414
1136.5291930168821
1135.1962402697468
1110.1592449070552
1107.502553807371
1090.4935404632054
1187.6194820275675
1075.81663803106
995.1112940058683
967.7270684387938
977.9824994742717
1037.463579469933
980.8349868792988
980.5673599956608
977.3916271815684
991.486143427423
970.3518874341493
952.1694751956516
882.5153987180446
882.5153987180446
816.7802583677777
833.5929409101558
689.618385445772
603.8671151591843
560.213820969719
647.8835731326
658.7538856270753
638.9721870219468
601.3929894280277
602.6362042942033
542.7179123699532
444.7773644894514
355.28540155181224
367.8317068833185
435.39185303986767
441.8764936289465
482.44050085951784
438.51624023843146
493.9027229930912
184.27170617569806
529.7692143869834
508.4395067468186
478.3221270958755
481.4175948639059
389.08843499586965
477.05563512503977
385.2312602308833
476.2834340361914
452.15989966324673
471.70059355244524
481.93721438220575
602.5318407869305
550.2815594756725
615.4897351885471
612.1843547539206
566.2485970826665
423.55648161893356
394.49372258302
453.3588787606647
571.339049351597
551.7553308933958
602.6734211521945
606.9136073259002
636.5851305958408
599.2127599380492
535.6732845370791
263.77631681663354
210.85149396494035
49.96170668225341
0.0
0.0
0.0
0.0
39.88061801977699
87.05031152722245
0.0
78.89942688352119
120.72619839811512
95.05193783482412
599.8659474729369
661.3843861640636
670.6417711344245
572.1690350839926
514.1063153547901
739.708615119871
685.9892140779093
816.7180307285844
897.2555972836421
829.3735290879739
834.7713686269057
491.393677453347
485.8931520775076
506.24581394485347
592.1311228243246
628.8512357759432
663.1905804714892
712.9731507941342
991.0296259055456
990.6599262090831
1027.4333501079768
1024.2301595104916
1020.6702028907894
1090.579855096272
1067.70619069234
1086.7459060199437
1067.5170382351048
1077.1093735583363
929.3043727193804
952.3073574954291
876.1227529451257
883.8754941817076
943.0234489855934
911.273575769781
788.4386974084562
558.722620095871
683.9009453583938
933.1198282483696
859.2504564144919
863.1801153704674
762.812029841728
727.0060498637527
578.7926748801156
746.4637969345334
721.5966927300976
719.8577470915681
488.8629269184412
474.9764888574301
454.94880982777124
998.4290702816674
988.428450583925
1020.3443355657474
1056.9060127816317
1067.1715789788918
1023.2808179957476
1023.0508921616984
977.5283981934232
976.6340832353702
978.9028861817461
915.9178312430407
916.9445958541887
863.9153317021692
182.12510060505065
53.23592729210759
170.89277052733507
209.87141715101188
215.54935826294593
277.0057538485893
459.54271518289465
503.7542832183516
674.4934585965228
649.0588601307251
640.8256450376899
722.9648290816272
713.7955019995586
735.1166443474209
614.6857906118954
675.9808640955939
677.447113851786
718.4386046052986
175.44061697794677
125.94442547285303
109.25124764765019
121.69991459326593
39.96523203938534
71.06374286264474
91.3464402679482
0.0
0.0
0.0
380.0760814637896
516.827725651075
592.5850295092436
897.3639301025387
945.734199750726
911.4373229220218
874.1634002337571
917.2098369562773
920.148024095893
1025.158508560021
986.4328343204104
834.567118699155
827.6296326362651
944.731573292564
956.6883822074941
998.5498905218153
991.3622142473213
1065.1033867513142
993.1594012787124
1063.6485873823162
1068.4000355097248


