Rainfall Prediction

1547.736782609692
1638.376649886947
1673.376649886947
1679.4680594979834
1695.376649886947
1522.1938306648742
1643.376649886947
1665.376649886947
1630.1938306648742
1518.5594691090198
1404.4680594979834
1335.4680594979834
1186.4680594979834
1025.4680594979836
1059.6508787200567
978.6508787200567
789.4680594979837
676.4680594979837
797.8281922207287
495.1024210538379
623.5539633876193
312.0969153324372
518.4570480551822
763.1828192220729
879.0914096110364
776.3656384441456
753.2742288331092
836.2742288331092
878.4570480551821
863.3656384441456
782.2742288331092
776.2742288331092
865.5484576662187
991.7312768882916
867.5484576662187
903.5484576662187
952.5484576662187
1047.2742288331092
884.5484576662187
1037.2742288331092
1090.6398672772552
1220.7312768882914
1297.0969153324374
1654.0110114428016
1389.3711441655466
1556.462553776583
1701.462553776583
1629.7367826096922
1600.5539633876192
2120.3766498869472
2110.199336386275
2169.1993363862753
1508.1938306648744
1293.2907459973117
1191.2907459973117
1082.4680594979836
1410.742288331093
1520.3766498869472
1592.6508787200567
1825.8336979421294
1612.3766498869472
1719.3766498869472
1748.4680594979836
1718.1993363862753
1660.1993363862753
1575.1079267752389
1573.1079267752389
1553.0165171642025
1637.2852402759108
1528.102421053838
1523.102421053838
1564.4735652193847
1506.4735652193847
1456.55946910902
1339.55946910902
1379.2852402759108
1113.1938306648744
896.1024210538379
873.1024210538379
862.3711441655466
1633.3766498869472
1544.7367826096922
1486.6453729986558
1418.5539633876192
1548.5539633876192
819.0969153324371
842.0969153324371
790.8226864993279
493.8226864993279
319.8226864993279
354.9140961103643
323.9140961103643
291.8226864993279
443.91409611036437
413.91409611036437
355.8226864993279
268.8226864993279
294.8226864993279
254.82268649932792
246.82268649932792
411.91409611036437
204.0969153324372
152.0969153324372
228.0969153324372
326.0969153324372
276.0969153324371
291.0969153324371
342.0969153324371
396.1883249434736
432.8226864993279
462.54845766621855
483.27422883310936
550.3656384441458
486.27422883310936
534.2742288331094
375.27422883310936
380.27422883310936
415.27422883310936
394.27422883310936
504.0
622.1828192220728
585.7312768882914
469.00550572140077
388.8226864993279
566.5484576662186
479.54845766621855
381.8226864993279
390.8226864993279
624.9140961103644
735.0055057214008
751.0055057214008
634.9140961103643
434.8226864993279
997.6453729986558
792.27973455451
413.8226864993279
441.9140961103643
683.919601831765
647.1938306648744
645.1938306648744
690.1024210538379
638.1938306648744
602.1938306648744
528.8281922207286
544.0110114428015
523.3766498869472
559.6508787200565
609.55946910902
645.4680594979836
585.55946910902
585.55946910902
441.0165171642023
762.742288331093
935.1993363862751
1030.1993363862753
1089.1993363862753
1105.1993363862753
1393.9251075531656
1425.0165171642022
1402.0165171642022
1283.016517164202
1277.016517164202
1279.016517164202
1091.3821556083478
1143.4735652193845
1168.5649748304209
1126.5649748304209
798.4680594979837
1181.4680594979836
1180.0110114428016
1084.6508787200564
1047.4680594979836
1189.1938306648744
1198.1938306648744
1295.2852402759108
1260.0110114428016
1330.8281922207289
1410.736782609692
1375.6453729986556
1633.645372998656
1828.4625537765833
1774.7367826096925
1759.4625537765833
1639.4625537765833
1501.2797345545102
1503.6453729986558
1506.6453729986558
1677.8281922207286
1457.7367826096922
1525.6453729986558
1320.919601831765
1302.919601831765
1489.2852402759108
1575.3766498869472
2076.1079267752384
2106.1079267752384
2106.1079267752384
2106.1079267752384
1262.919601831765
1276.919601831765
1317.0110114428014
1380.462553776583
1394.6453729986558
1309.919601831765
1282.919601831765
1445.6453729986558
1489.5539633876194
1379.462553776583
1832.1938306648744
1241.6453729986558
1163.3711441655466
1010.462553776583
782.3711441655466
1232.8281922207284
1281.5539633876192
832.0055057214008
759.5484576662186
479.639867277255
597.0055057214007
615.0055057214007
389.2742288331093
433.91409611036437
356.1883249434736
271.27973455451007
471.5539633876193
528.4625537765828
535.6453729986558
657.3711441655464
760.4625537765828
836.4625537765829
902.4625537765829
797.8281922207287
770.1024210538379
785.1024210538379
813.9196018317651
794.1938306648743
827.1938306648743
812.1079267752385
858.1938306648744
831.4680594979836
774.7422883310928
665.925107553166
1448.016517164202
1435.016517164202
1489.1993363862748
1469.1993363862748
1415.1079267752384
1425.1993363862748
1486.016517164202
1418.8336979421292
1432.8336979421292
1661.199336386275
1674.742288331093
1704.5594691090203
1546.1938306648744
1526.8281922207289
1298.0110114428016
1296.8281922207289
1023.0110114428015
1010.919601831765
1031.0110114428016
1192.1938306648744
1029.7367826096922
1168.2852402759106
1572.376649886947
1401.1938306648742
1536.0110114428014
1573.0110114428014
1494.5539633876192
1567.736782609692
1479.3711441655464
1594.8281922207286
1605.5539633876194
969.6508787200565
764.5649748304209
832.5649748304209
945.5649748304209
957.5649748304209
957.5649748304209
1103.6563844414572
1049.6563844414572
1015.6563844414572
875.5649748304209
1049.7477940524936
907.5649748304209
1052.5649748304209
1003.564974830421
910.3821556083481
914.2907459973117
1267.1134324966395
1210.022022885603
980.4680594979836
985.0165171642024
869.6508787200564
932.55946910902
428.6508787200566
476.8392036635302
412.8392036635302
418.8392036635302
556.5594691090201
1078.2907459973117
1511.7477940524936
1365.55946910902
1584.9251075531656
1547.919601831765
1854.102421053838
1594.919601831765
1498.4680594979834
1519.6508787200562
2038.747794052494
1950.0165171642025
1423.102421053838
1438.0110114428016
1714.4680594979839
1763.5649748304209
1811.9306132745667
1782.2048421076759
1912.1134324966395
1753.9306132745667
1681.8392036635303
2017.8392036635303
2016.2962517187123
2048.2962517187125
2370.479070940785
2380.479070940785
2238.570480551821
2270.479070940785
2159.8392036635296
2663.9361189959677
2645.9361189959677
2053.2962517187125
1464.3876613297487
1242.2048421076759
1393.1134324966392
1304.6563844414572
1310.7477940524936
1133.1134324966395
1148.3876613297487
1140.8392036635303
1274.9306132745667
1046.382155608348
1178.1079267752386
1331.6563844414572
1205.2907459973117
1237.382155608348
1146.2852402759108
1276.6563844414572
1252.3821556083478
1142.3821556083478
1129.3821556083478
1253.8392036635303
945.4735652193846
996.0165171642022
1067.9251075531658
594.4680594979837
750.5594691090201
625.0165171642021
1033.1993363862753
738.7422883310929
779.4680594979837
1071.925107553166
1005.742288331093
1286.6508787200562
1698.8336979421292
1519.6508787200564
1575.55946910902


