Rainfall Prediction

592.8919797982965
574.3112393688814
609.070667250238
611.6248341260031
614.6520750977229
616.0744597452418
613.9742974840258
614.5011231229604
624.0413747916739
640.3163023756908
607.1410113192787
607.5695532173376
607.4282987607666
607.4282987607666
607.3193452755893
607.3193452755893
607.3193452755893
638.3616819194299
641.1651064313802
520.7101453219376
448.26487544296515
365.4984499717635
175.7479796744081
147.68509670325187
144.04009490182528
162.80192325268283
161.7179430659336
161.5840340419778
157.73109129663817
150.72027423886587
144.77178501846296
143.48258114505737
195.57380900402265
187.3211979712108
182.69228796129593
176.9200280818403
175.38255243895495
167.40671918239272
171.57214434865347
159.83013738801176
164.74230903512552
147.39905401793894
320.3990540179389
327.3990540179389
331.73012744404184
332.7114352854489
377.7114352854489
402.7114352854489
558.7114352854489
593.1317893707994
747.1317893707994
746.607034383108
745.618207455786
746.618207455786
741.618207455786
741.618207455786
755.618207455786
755.618207455786
759.2889272049916
775.2889272049916
779.3349782764786
779.3349782764786
779.3349782764786
719.3349782764786
718.4237530762233
725.4237530762233
725.2755343538726
724.8838981969826
725.185971818616
720.0356240873728
719.6381731515295
693.167065871484
689.0085177764599
515.0085177764599
508.0085177764599
503.8353788245333
502.93630277719967
465.8368352341886
456.2771734478293
377.31549446012343
383.9235241981504
243.92352419815043
243.92352419815043
243.83226739248062
277.8322673924806
278.8322673924806
278.8322673924806
262.8322673924806
274.8322673924806
272.0909481214261
256.0909481214261
253.73139003609023
253.73139003609023
265.4426466788233
265.54260690240926
265.48267873012594
258.74134061075614
258.74134061075614
258.74134061075614
258.54260690240926
264.54260690240926
299.3234180701498
301.44171044973103
301.3411019668331
303.96459365501806
303.982821141009
304.38473406530835
305.664267525607
299.5829999759234
285.20618003891843
209.36617595231394
172.32102850304517
167.54776448821795
172.27415401360335
172.28723336002693
141.05012176535485
143.10306832467333
150.51528770408595
132.357059282546
127.94356901298502
133.383605247694
238.5492525630299
262.6921596403254
255.15792990482117
241.40057025876695
246.10469502708847
268.8754139600187
266.8878421401445
266.50807215613196
265.4875955054202
239.04964253132908
233.04964253132908
221.04964253132908
223.74082051959394
243.3953423130402
245.18521314433664
362.25421978720317
463.13908655783365
527.4826787301259
527.2672884209525
530.2672884209525
560.2672884209525
561.9506010640578
553.6920514424245
598.6920514424245
671.6920514424245
743.6920514424245
743.6920514424245
735.6920514424245
735.6920514424245
726.4325531011922
858.9659935036739
767.9659935036739
744.9659935036739
744.6241071586688
744.6241071586688
744.399054017939
716.9048838319819
717.5823476006674
718.1351545726245
720.3991515972948
720.3991515972948
720.3991515972948
720.8129815099493
720.9488640427453
719.2309180794248
697.0040941980611
581.4299740516224
480.6138051998349
415.87339815979124
513.5053942756712
517.5280864151746
498.67750573961234
495.67750573961234
501.2524073781354
452.33639961387905
379.7107616092974
308.6620353541543
309.6620353541543
322.6620353541543
331.6620353541543
352.6620353541543
287.6620353541543
286.6620353541543
331.6620353541543
402.6620353541543
419.74134061075614
429.87070985717895
428.4143909295872
451.95358928370985
458.5539862358314
456.6660048233768
456.6660048233768
459.3687473583652
459.45993970596186
459.11598638290985
459.02333795866394
459.02333795866394
458.1708395957031
458.0009632588091
457.7558136628392
359.8608259271087
352.83203030302343
390.2624125681854
391.3256582478808
389.76998025211185
391.672298830543
391.26728842095247
390.1040956004745
395.1040956004745
387.2213124838319
378.2213124838319
357.2213124838319
283.2213124838319
268.2213124838319
223.2213124838319
152.2213124838319
167.14033474200184
165.30202602210767
167.46415385659003
143.46415385659
258.46415385659003
296.46415385659003
401.46415385659003
474.3221634268744
473.9367172514009
473.9367172514009
473.9367172514009
473.9367172514009
473.5450975611579
473.5450975611579
594.5450975611578
641.5450975611578
642.8957899615933
603.8957899615933
657.8547939440339
654.6013908120688
690.5876519046687
793.5614627584648
834.5614627584648
876.5614627584648
923.1873786408455
925.1873786408455
925.3570208171639
925.3570208171639
925.3570208171639
925.3570208171639
925.3570208171639
893.3570208171639
883.0152413247968
876.0652544250818
876.0652544250818
754.0652544250818
718.338333330527
696.338333330527
632.338333330527
642.338333330527
642.338333330527
642.6937812810539
642.6937812810539
642.6937812810539
642.6937812810539
587.6937812810539
544.6937812810539
544.0984518359899
540.0984518359899
485.8492789954667
491.26672748221614
457.1141670327259
512.541400839358
504.56864362216743
460.46907091748324
406.7950206563545
835.2861872321087
876.5862977789794
876.4774273831612
857.198312113327
874.2818722654005
876.1660068583786
876.1660068583786
876.1660068583786
876.1660068583786
876.1660068583786
876.1660068583786
877.3753300920887
794.3753300920887
783.3753300920887
782.3753300920887
802.4111588176638
847.9445184554384
852.2560438369842
876.3533768109922
968.4826787301259
926.4826787301259
922.4826787301259
922.1094643923531
916.1094643923531
915.9129268395318
915.8728178632828
922.5566514714877
824.0341024116171
896.2615050833846
894.2989889675584
910.8555832562071
482.706103351257
487.8484387615292
479.9675414701977
581.1131648395283
647.3593875527256
714.2312368446374
750.2744358521526
787.1812844965282
787.6154158889955
793.0792076497697
1049.6663509733733
1109.6818850668342
1163.6251732890664
1164.9614846760933
1156.7151116457878
1136.6820164712087
1091.1008547726342
1215.8728178632825
1217.5825126167106
1235.5492714868717
1211.5492714868717
1211.5492714868717
1221.5492714868717
1229.5492714868717
1332.5492714868717
1332.5492714868717
1324.5492714868717
1305.5492714868717
1300.5492714868717
1307.3155465104785
1295.3155465104785
1287.3155465104785
1342.6784230898693
1388.1593837363218
1290.3154944601233
1207.9023683573716
1139.9023683573716
1104.5026707365193
1068.1258595651996
1068.0198833220054
1061.0198833220054
805.0928615151003
751.8602370565579
696.8031868058147
694.4158632531941
693.5894147097919
751.4237530762233
760.4075375752972
646.023337958664
688.5824299723677
583.1321820359382
595.785039125588
700.2524073781353
690.2524073781353
682.2524073781353
579.2734332368666
577.4618363466896
577.4618363466896
583.4618363466896
552.4618363466896
547.4618363466896
544.4618363466896


