Rainfall Prediction

914.5948471714258
965.1302068678721
1050.7420891477057
1144.6897152304532
1243.4531822841925
1247.2580869829994
1273.7257734430007
1270.202384895287
1259.455260528331
1181.0370819653685
1036.3784847157224
975.2143238913146
972.7824613143739
971.5752564557106
998.443183665281
1072.3188607966258
953.217200097091
988.3908350183901
1060.9462072362116
974.7770356279372
857.577637123402
849.7577373812387
847.0159283986186
796.5632901572264
692.1055959232212
645.856957373585
633.0971482921243
632.9800602518794
604.2004079613431
604.422229600852
596.6160951819558
587.0951363260102
448.99255011154565
368.53917516290795
298.3793620953345
200.9715766612446
184.60032683890836
152.19339640759225
162.63035815403236
165.1422708371335
170.9932216222463
181.96456295873963
190.97799099699972
192.21656243396725
190.5085641101425
155.63750164658344
84.29281542234644
79.96276727423687
0.0
0.0
0.0
0.0
0.0
0.0
0.0
0.0
0.0
0.0
0.0
0.0
0.0
0.0
178.01986416284333
223.8600275608439
263.7218400714528
390.3616223213473
510.33871337564335
514.0603447660048
512.118952069791
517.3354638565603
517.5754614132916
519.5086851450072
529.1946701424012
527.5649860520865
528.2005200349481
534.783748168452
529.7193285067168
549.0306161166475
551.0831613755679
546.4862736110495
538.9041177339424
557.8542844207666
552.4371968070034
528.4288309327825
528.400804331219
530.9979372297473
530.7980636946813
534.0310717786678
543.001572870731
522.2340824186371
506.7656891383762
547.2814446708345
792.5887811047617
698.3137750794916
708.671271210734
798.1794497799575
769.7755921344287
648.1021572377495
698.6402977163402
728.0215259011474
712.7247682038518
704.1221501595145
702.5778841439491
703.1274831667146
807.9625737182967
808.2624224581996
855.3047224077083
923.8512187435407
923.4535330906825
1001.3170533822972
994.5874472894257
996.7606078105864
977.5096033235997
997.1478013202152
993.57751956947
1129.319172237675
1270.145511113931
1308.4751210411002
1311.5597766491726
1312.6994493604032
1339.2407644671162
1408.943272874444
1366.1295413840141
1099.1039697962349
991.4784727547873
967.6585169585005
827.7277149286053
730.6291532789726
727.3620469045655
679.2439756672345
646.1756158988064
623.3617875749152
603.3049150064331
602.1228171138927
596.9343452290542
490.11964977186585
484.17328499714154
433.68827220070244
364.1027109262457
363.5995265105586
282.5658215838949
264.14478362185054
264.8185563675929
263.4504753796457
279.8495711037164
279.89201457637546
192.50791712871182
279.5724810321309
246.54241331140094
245.32213637239772
368.10575414712696
343.3644366961698
327.3872993951786
325.9880879014958
328.31476020068857
327.01446238263657
326.5860775045679
438.5793778484594
439.28623020688633
450.10100851915195
445.07462755229926
461.4680195938106
514.2667094944832
527.8882385873495
579.0962495395656
601.9611524932184
615.1338658215755
624.1801773633265
628.0945940464409
627.2198130414686
635.8834867138635
636.0811964260222
642.217648326499
635.3036725570317
637.1206867702779
617.6785957029907
608.0350088669327
577.7138372739452
351.9363037298578
345.62602675738384
381.34417062534175
277.36066621157
276.5211278063856
227.23785927062036
231.08774942491465
224.98148503718954
227.55233608577558
284.56681386520495
178.76723693679878
192.94423409537646
211.87774717628784
237.43258237096205
239.27175563627787
304.0522150473176
292.6581135884319
264.32927425306696
330.54944545062534
421.3164657038822
419.88565626814307
406.5900672312515
404.19383661132434
406.6399429100559
412.1814581908682
425.82094834446394
426.00009834563264
422.56777877137904
423.59670182483916
422.83295174699805
398.6303174693213
460.73600272757733
457.1464134392984
426.54469494831073
435.60980383617243
482.0957110166145
488.61326503707687
488.7068475959245
488.154759644089
488.19593772136096
426.4414292462072
414.4421872775147
402.3441431444318
374.400443836891
349.9630737796965
324.25172514758606
229.95351792579612
237.3553171135605
210.62429783675336
110.27717874555783
5.8654998400570975
2.2842971558866836
11.141127685407291
5.061119231678717
85.31439686166222
115.38220368365657
103.76917281992314
185.1789653129034
188.05059676901962
188.8415274519292
189.93481584277646
200.52653885826243
138.10525563946607
161.81585322150173
166.0207012631888
139.0207012631888
279.1297192010087
389.4561200132044
395.4395492876069
423.0300405698539
435.33339235801634
492.9858779655235
489.85928502001696
519.4179402892427
536.6825569404142
531.464780418418
889.1691783179813
885.7292480244789
986.8157925790687
996.3056160593247
1022.4046387269818
1022.8763663997981
1011.0326119653467
1008.61768137713
1007.9557725272147
927.0850024534058
901.6341902017381
893.7015745360957
809.0089110185846
809.3185280402807
824.2651100422174
877.1748054098198
943.4087446220776
943.7517998952121
975.5048481264662
968.3322360543871
1028.342105650305
861.4420277014367
758.0898835733152
728.3865539495703
777.8691118199548
772.6245751157064
724.863317926793
725.4637367537196
764.057784974502
789.9895609556397
793.9568912478709
434.99090227703846
494.8946482111293
413.0029605714423
407.09409543342184
420.7384291241733
438.266599439543
441.7122410877205
442.87688948825894
441.6245468995076
500.15209906142775
730.8547062671978
1048.124381827779
1221.4573575900959
1286.387766873111
1315.2145466770228
1632.75086760443
1664.8052683839646
1724.3258823156782
1903.5490617337025
2005.419473280022
1963.5020729464632
1959.5684649755037
1957.7361501486519
1974.1301553760684
1897.951971713048
1891.3525087020366
1927.0103303887308
1964.0741550186153
1909.9891713403872
1863.3062214699896
1860.6348940726778
1869.020201631711
1844.394897182919
1857.4806812855338
1885.3721439358371
1855.868025541886
1839.426081906607
1842.0317895141964
1833.0768344554344
1838.5386656661879
1782.0890428964094
1561.472227636056
1247.6771753217895
1081.5839239595518
1082.6771753217895
1037.0945337896069
661.0779002941027
577.4231503936139
517.3790639295353
306.3233711636345
203.3431336905361
178.0354833045674
147.6878204672002
169.68701544186004
171.60490218230436
162.43763973180916
156.43206518676757
142.3918135769081
111.1214135687359
131.89208867706446
178.58464334367184
190.47718353365855
199.99378019027
161.6809499281162
141.42644087259174
110.43741379297543
136.1538836182084
217.25886671628695
207.14615898784214
216.4590980087235
212.63198657691976
209.1217019739968
213.79557507285242
215.89900975748267
302.176109849483
332.9906880487323
348.79296600282214
342.1498849009402
333.11596332683575
326.4186052697944
326.0173474113376


