Rainfall Prediction

940.6392224176585
918.0631675254119
869.0847385709338
843.3315822073996
806.1129323843342
999.1484788569016
1000.5603650176674
994.3795209330247
1001.9461974714288
1007.5914456399843
993.5570437717254
830.5130465656896
888.9725106480511
884.1168209889437
874.5675380580448
894.7323078827911
932.7287528018794
964.4180756802209
966.8293464732051
974.8311072834584
949.4592752707287
941.4853297214357
911.2442598492881
901.0219282308846
904.1633694938762
891.2956394311382
911.2618804440776
884.4884689841024
874.4280574849608
875.5583923518717
531.5643532734734
607.8765396590575
780.0042303750371
587.9484545639845
501.90099999504775
748.9321745476774
748.6425366681278
729.533217241274
745.5812344533755
729.6903005337922
712.032400172565
700.3343383586026
443.99711362038386
742.2242347378392
673.2874031679338
620.3830985381286
586.2268075160083
480.18520283353496
781.425158514003
699.3288631747637
680.3370201679355
704.8885244375787
430.8150709764419
548.2861870396539
536.9074056906861
500.6185406399153
548.2128303786359
572.2098956354871
557.7620312031557
688.6206873868491
606.1239619559175
516.3001424190778
745.4918218116132
711.4553149277607
518.1513804218632
744.9598883122628
501.6992351946701
496.0398364066562
487.773935387997
730.5292123672122
693.7475395282596
476.1631300586933
463.18142950892684
462.9479367299369
462.9479367299369
462.9479367299369
458.46262571530883
456.7857707147284
551.0542542596836
637.6369054665724
678.9797048228558
716.3942842962234
649.8978194637576
714.1478323634885
584.2313236670645
602.1945254183973
602.9578308450432
538.4739017873443
543.1680369880728
803.6610409272876
712.0688558018542
733.0287639296369
604.8606050362796
609.5484806622422
658.7015453793337
638.4144969190102
519.9566718021689
490.6602800369864
532.6544327793387
528.9482544437979
508.0751366787812
521.2545131801994
664.2214124691116
665.1796624471368
665.1796624471368
665.1796624471368
665.1796624471368
671.3591203628797
692.200920306978
506.49907483138304
675.6825523676933
619.7673679937691
467.50500511053974
457.3378812127308
457.3378812127308
598.1909589108695
407.9875248695774
457.55797425101576
675.0482130086529
616.4253290344639
575.5070516209702
568.2110944482054
665.9797509757618
653.3854047807993
577.1640524813469
624.6806055073939
642.2555482293993
761.4126394159964
637.6329204959817
617.3874735942676
617.3874735942676
728.6828069731702
664.8634419940688
648.2358226745056
566.8509879613028
566.8509879613028
549.1060896596869
841.395919312478
668.0680377566445
937.3899660236293
914.3962305470282
908.8854471745808
902.9588667839373
854.7908206487407
835.5549895258265
860.5149609843329
892.172020023507
912.8881893516917
910.3260094407677
914.0960936260245
953.730807681459
976.5778894122144
974.592837956818
960.9936980294309
932.3529877966243
942.7638592096367
939.3305595766524
915.8688197548713
834.3660865320043
755.8089823228529
759.5790830649318
817.9262420862055
751.2770588341594
817.5704627704313
815.4967551536522
798.2935330587911
798.2935330587911
799.4485527770356
800.2107550095418
845.8451150087863
775.6570353578801
776.4675250167136
793.2266956773026
854.4882824074766
854.4882824074766
890.5485269491618
873.1846141987633
838.9006459867807
837.4877161433357
831.1699462676509
609.2311439434499
504.53629536345704
528.2650971035805
629.9837227968072
624.4453750337168
569.4780328321267
503.85169578791283
551.3824844753083
652.9039762788477
692.3428945532472
638.3738269028088
654.4707760592732
658.5416144133759
631.5257988078731
636.6418373811296
637.7877104327604
463.7407881295027
492.7885822578319
496.6966207725988
506.8880430945557
563.7724333430004
521.0724817853555
537.9704105154522
538.1018230169094
683.5210890936535
680.6543777651534
680.2414766322321
643.0029058663504
620.3934482062399
676.5809724365402
683.8830272317871
650.5042381676226
674.4000557942489
673.1156929563346
630.6218636278267
647.4041743150311
664.7885820342858
687.4327558672325
687.4327558672325
651.1912852849299
614.172393731591
590.3861763397077
653.978406767641
688.7837155479879
711.6911294679138
600.9408841082578
659.6037227427222
641.5226525475126
751.9037768907256
830.867615400644
862.3917969819875
830.8339132200573
879.6091230082762
742.2399906759904
741.5989670854319
691.338672733623
739.9141370141692
792.834517756083
630.3387613429422
758.5843121658594
774.8321124460597
881.2540348550457
875.5240578226327
874.7436762109742
874.7436762109742
868.6510436480775
865.1100954546041
843.1510472305513
823.4518194007667
816.2895681478949
704.0878738662774
625.631778783692
625.9935908839888
993.8787525077365
987.3318617662906
874.7525783128444
828.0552529028216
912.1140466523156
896.9928004261428
808.2919925229943
827.7323072523892
541.1793272297774
541.1793272297774
732.1766012874467
715.7619371868386
763.5289967901243
815.6833064173733
770.1423080659554
727.8822615082127
748.7383037453391
725.4931990209241
631.6955168371035
453.82186352437293
529.085561077572
708.6395473263087
705.248544694909
670.1951403612645
670.1951403612645
710.2580986871902
621.2698842571814
840.5209342002535
628.6866339190385
630.9249717685378
629.4831070156805
450.3991795162792
775.4329605085808
459.6036697715321
532.8406722246385
577.0645587623467
661.5791069692061
694.7160782826422
708.6294504283579
714.7958189130451
715.3316794006688
708.0502101760013
706.0044636083217
744.9939951354046
672.5068614848385
702.6913050016569
677.2031526949679
740.4487713949101
725.7808041548594
746.0867722827622
720.1598125199473
602.4468775106068
656.9428680704477
686.3027677631949
740.0286472753622
749.2590024037967
718.2240384568031
732.7151508616148
615.7019609100005
630.076683181694
687.4765135960457
711.3675677049431
687.6833207147209
729.854944483187
678.8243734011672
614.6589026701886
569.0629954461627
774.526548120786
661.9306275525332
726.1059275567628
784.2051932470972
667.3379969146466
680.6413426334237
693.2955503424304
665.6499527477845
623.0467628039938
571.745954144823
515.3302576537262
899.3057134401889
895.5076123523456
763.6589866609207
886.6806386341141
551.5450861986479
560.9239826919107
579.1532532974545
800.6546933123032
793.1554602407016
793.4291317678146
742.9361852038194
753.0222953003364
735.7883273407889
670.3716389424372
732.8612763012391
683.8849567745328
645.7556141764046
715.3686485505629
714.1701755214506
750.925577879825
711.8973107564868
516.8753768377277
762.3700872452422
750.856067518403
773.9233679998594
813.168631339126
841.3589713631047
785.7448595367358
792.5276753214215
806.0930077589077
778.5931536121059
798.0347578145464
798.6989908156431
786.938632073031
815.3129398633973
833.3291475928811


