Rainfall Prediction

524.274027777682
549.4577764485458
561.2461881116174
597.0000747166534
623.7229885762129
621.7970617388316
622.5417076884677
630.0614836287252
655.5797810791356
699.1444170502282
660.4737412563449
623.1690305214566
598.156358933692
546.7077547423055
424.41607431492486
277.42992719087954
0.0
180.00144899113724
242.54458130135458
361.9653574602519
0.0
216.96535746025188
0.0
0.0
0.0
0.0
0.0
0.0
0.0
0.0
0.0
0.0
0.0
0.0
0.0
0.0
0.0
0.0
0.0
0.0
0.0
0.0
49.47757010211032
336.52074942060256
334.35346254465
352.43511195534666
296.5676444921637
286.58840541734156
370.75192377892364
418.9653574602519
368.4573441568623
349.5897274603831
331.9015384123639
334.4075517423208
361.74776932751115
398.86047002557723
399.7114334140016
399.03042763172454
386.5428971981249
398.09285978711586
410.0601867095398
427.31722355501506
415.43291795888905
427.06301755924284
435.4025680490444
370.16656883054844
358.3182527765596
359.56383118118
374.0708796926149
379.6473776846938
425.3886623145597
518.6424149909333
441.113127205894
512.7937795894381
443.5474727741853
432.23291318319656
371.4356326753245
347.91615049560244
348.427866595482
346.78485816179995
431.2851415818193
537.2498111346347
578.6626013999968
579.160949437679
660.7595477694754
662.7537268792844
672.5621008184909
684.3637214459459
693.3276524170356
692.363616897374
691.1249162002131
708.8532939564416
709.9653574602519
709.9653574602519
703.9653574602519
698.9653574602519
698.9653574602519
698.9653574602519
698.9653574602519
683.9653574602519
678.9653574602519
581.9653574602519
478.9653574602519
485.9653574602519
459.9653574602519
459.9653574602519
487.9653574602519
513.9653574602519
526.9653574602519
524.9653574602519
523.9653574602519
429.9653574602519
155.22261208298164
203.40925785955062
197.08651124081527
208.86030400945737
230.02999112431877
228.10353284771594
224.62503135779582
222.95401430621155
0.0
0.0
225.320757709392
0.0
0.0
0.0
0.0
0.0
180.93187512208655
255.82294572105093
583.9653574602519
583.9653574602519
582.9653574602519
574.9653574602519
563.9653574602519
493.9653574602519
493.9653574602519
465.9653574602519
439.9653574602519
426.9653574602519
426.9653574602519
426.9653574602519
426.9653574602519
408.9653574602519
426.9653574602519
529.3082831948799
579.9653574602519
529.4868371285744
612.9653574602519
0.0
606.2847419205814
560.1694886381221
558.1142308340081
571.7567498309883
593.023252057252
649.3453224650323
655.7077996312141
695.2450908289627
706.2278152750899
720.5718194272723
729.4271598874188
150.52959486996497
211.55521777833104
326.38476803980154
335.97319521327455
335.3155493207085
350.96129143582095
371.45372748032264
417.47805526774755
429.1564891789062
468.6104765371579
441.39509124045065
458.08831574612157
852.0789329706874
1204.8927146117817
1269.4457565568787
1130.7990936120525
1130.1727618660848
1145.2079513777376
1071.1608492312319
1074.2804141294032
1061.7728919046988
1084.5302691926222
1092.7249137786569
1113.212734881836
1202.2616932845424
1211.1624495352698
1198.6422103021089
1199.543433577166
1188.3669859635722
1274.8023211896889
1286.957642979274
1393.9503727604877
1359.007182898659
1360.4203545598425
1357.615332834537
1354.608623075034
1366.0619355254566
1367.6304075257067
1367.7480370176704
1367.438923102504
1362.350442586532
1338.5302583284174
1339.1855070874062
1151.545108706776
764.6483613673227
670.6097076385753
668.1677242678785
664.3404699743204
670.9425451696274
669.6858134035554
673.1182401715798
800.4404404599662
786.128103319085
786.3913615629131
751.137701349393
639.0426443276085
545.9653574602519
545.9653574602519
545.9653574602519
547.9653574602519
486.9653574602519
689.9653574602519
547.3543277564038
660.9653574602519
805.1632582975396
794.327788677012
806.0051520251262
797.5926695468722
800.1545754384367
845.54066636133
868.7651036621619
842.1891394229735
873.659213870447
894.171987953165
832.532188858708
834.526853960946
840.5860711814485
846.9033416550541
852.2275424667328
926.0559398988631
936.8961904113678
1061.2949421310113
974.64665511721
1120.1921611458968
1140.1888822066176
1177.55666501061
1179.7638844687451
1179.764603588267
1163.5008003633834
1151.0000291924764
1156.0668683268073
1095.9073500954817
891.8809241281673
785.4867933664005
687.8865869820203
590.7313028447073
568.8452312407474
466.527730516195
445.1115863636129
390.8586371773164
411.82933464202864
391.93331974183945
365.20471184619095
462.4808004388556
437.36465503609224
414.01059921590564
406.4115926927293
409.0604385257358
397.18814866999617
414.27396786972724
369.3236117943312
368.19421356051873
176.98123222792034
160.74950114258456
13.145711198203884
2.1317490380499464
0.0
0.36260840149662954
2.839192063595192
0.0
41.04212927710023
51.20893875109394
73.24582368065768
79.24662477598824
0.0
34.66318534206155
22.46194608811487
53.71493890167781
84.24275918573687
83.80402930637297
83.37885264704812
103.3513834257923
130.88063411218755
148.08284995342567
354.9653574602519
505.9653574602519
620.9653574602519
643.9653574602519
679.9653574602519
704.2247353220826
740.6527519161143
741.1312552279046
747.7881681530508
740.0119645117562
802.3292758899316
847.1260325367706
848.076495699312
865.3120588402024
771.4433882809792
764.1089889050124
781.4062616824297
784.5018603755749
873.1917963492403
1000.6551252581144
1028.1606564241674
1034.5777556243922
1036.7615517050058
1062.8124005724774
1127.3868672680505
1144.720674394947
1176.9342022940157
1193.5374440649277
1171.300634824193
1153.1655815413749
1188.4777588380398
1137.268518283793
986.1709870039823
980.9768496070378
983.823944689146
959.675759899154
897.9269536830802
1019.704969833752
1021.3447551348529
1036.0192955725563
1244.099593594769
1260.1630979328556
1348.706621734229
1350.53218845731
1351.5154837346156
1399.4887096562672
1397.8866985692227
1378.224406573615
1381.389231681849
1305.9092480144782
1200.3888666277887
1183.7177757989678
1182.0164335418983
1172.3511043587
1094.3200067159303
1025.880209291865
1014.1749466481871
1005.0586328480929
988.856962113285
996.1983992360782
979.8489194166666
924.9631839457468
924.7480583379037
929.5256709042753
683.0027599550997
741.0978975261042
746.7310995964365
735.9974990323192
635.1003545675925
628.0148855661531
620.2961336630323


