Rainfall Prediction

1606.811587263503
1612.9559671027253
1568.2430676107524
1634.4882546703552
1667.5385318236463
1678.5767530364665
1709.527653705499
1703.4691223722741
1676.4291170376605
1577.209902764486
1505.8010687593119
1286.0798093733367
1142.405618757448
985.3896423816872
855.3876631628323
778.3916255256192
631.3827321863716
604.2619477023106
586.2002466817128
299.15497558275854
289.1317457344794
165.9166713912136
255.81967912522632
410.78607640437724
638.6693773796671
648.6101857379136
661.62598457826
706.5727315161117
706.5391655422532
706.5431939585989
706.5508715394978
706.5491603091338
791.5558077014682
846.5609845896478
846.5429815316198
846.5431939585989
846.5465989416715
849.5681468557508
849.5714194669404
849.5895015472547
962.634327616225
1009.7423550417918
1092.9363073657305
1139.9896404110802
1240.005705013584
1444.939775759559
1444.9407237766943
1451.9353635242257
1452.0748424877752
1452.1150470542402
1449.158900234578
1449.1436804285934
1449.3881576004196
1244.4244153484422
1079.459378471343
859.7366703825231
1072.9629723853138
1347.0568775771806
1420.4179748611073
1445.6810318862535
1478.5622483502636
1478.5062461601483
1478.5400955456225
1393.4179748611073
1338.3825970220255
1338.5199554380733
1338.4867698890878
1338.5017178505236
1335.4618601762322
1335.4069554658577
1335.4124499851753
1232.3166390542337
1185.3852743997963
1102.1414349652086
1050.1155133479572
941.9403823717087
711.9638515062495
711.8199301256972
726.8563823972959
726.7035867312261
764.7444087257463
764.6867796129097
764.7366703825231
764.7269074040005
764.7847600212699
764.7366703825231
761.7172388203944
538.6961567747223
251.7206811645854
133.6216162870033
108.62036784739044
75.67682928205653
105.61476907693343
110.5812191172492
110.59876873558699
110.60489245343751
110.60121372458005
110.6036647061992
110.61601054202148
110.60612170989225
135.632922940119
143.60121372458005
133.65270029925682
143.63166031368863
223.65012629526166
253.68013507019103
256.75577248439663
309.7479460481472
309.80256464590343
287.7636606572457
337.8070657787842
319.8070657787842
322.8070657787842
322.75505845366297
322.6814604514321
322.6398960270108
332.6901185141752
327.7310798718063
327.62036784739047
327.5551667261078
327.6360864985942
327.76150315910564
327.7788949018175
297.8579634252932
292.89175586026846
292.90079825644693
292.86192696595566
297.84460369810324
357.8391540933357
427.8414860026707
427.8651091484341
407.6297693581929
399.4300723447573
399.3961020314781
389.38766316283227
309.3656627643717
279.33847291864146
276.3436628335698
223.47220601227855
223.47705908192762
223.5027927767967
173.5195716939258
153.5240940306326
150.4765186874265
150.5229615276803
150.59450433680053
150.62286628716603
140.5878396650548
140.56397218364816
140.62349187367377
140.6728767077407
140.77016122184875
305.6247442219902
450.54123730761904
498.53491726360045
513.5150697167103
543.501684129233
713.5150697167103
781.5246607634333
758.5389344856458
688.5050137660495
688.5094705979393
683.6656706496995
683.9369518366118
683.9700270882936
683.9869842103603
684.0143581823608
684.0115868180004
714.000577532492
741.8909378643128
757.0568775771806
761.8168882982567
791.799575107055
809.7973388034768
809.8555928196788
809.8191688009555
809.8063141816049
859.8010687593119
859.8508684014425
1062.873109191101
1300.8298804565504
1363.8611330000545
1363.8025646459034
1316.8836058559066
1171.9533527221513
1379.0199240594382
1378.881173750938
1439.9386656330896
1269.9726854859603
1241.9987543779305
1209.9446871566602
1209.9833903161057
1209.9395236340001
1210.0491852315574
1209.9082578849047
1209.900798256447
1209.915773577902
1209.9507451587442
1210.0060670247767
1179.9429630183022
1151.9620940365528
1136.8619269659557
1124.033975812894
1094.0753876039514
1076.0704832292363
1076.02645698048
1075.9284266357884
1075.8003216543088
1025.698177657862
1198.7124393596903
995.5794210945892
757.6475588997564
694.5842230245846
694.4331715207917
576.4378383687744
576.3347152815287
321.30971397932325
306.42134314940523
215.27026466861494
215.22977679584122
170.09751256283715
165.14794979273412
165.16442075333003
165.22598492274926
168.21303299738514
328.25197147556764
328.2209513550744
540.2209513550745
565.2259849227493
615.2264055326398
615.2924878053997
643.3685683354231
665.4041100822815
665.4036076959358
665.275995343324
665.2589009099646
673.2729055152201
673.2632563175465
696.3531686085695
696.4352429870943
523.3714823734249
566.5100291011652
1208.5263628915038
1211.5475975487764
1211.6907876343073
1211.6073524792785
1216.7687129956723
1216.732474572172
1221.7165517712433
1301.8787475467554
1321.7131235882493
1321.9429630183022
1331.7774339811779
1331.655927149427
1331.636086498594
1328.495057931604
1168.5128263057863
1168.4274970149795
956.3871689695926
931.3861813151914
881.3314388919841
881.2593355980828
853.1715636408425
854.1394292144613
1237.1082953406699
1242.163235216736
1292.1161767851079
1297.09825248148
1297.1226028136466
1274.127544849936
1274.1222236667227
1304.1691770048647
1309.142132440668
687.2902431355458
684.2641296800474
732.1229821043776
777.1656076970895
772.002673177002
772.0158780412971
769.9515312563311
689.9774310530117
670.0611977518455
670.0640548966463
660.1124159683397
660.1569359833079
660.1041916229168
660.1660036582905
660.1961566964612
690.3230628541819
710.301517212119
710.2897948055675
710.3531686085695
710.4668411925444
710.4862907521602
687.5055697849684
304.59572088196273
299.64435889702577
267.7529194154142
297.80181642289807
407.86590627880713
967.8314201027359
1192.7097071175533
1177.7083437908254
1189.6110539023816
1204.3886522825965
1324.4111701216923
1276.5704791572136
1242.6578682694153
1243.0273937486982
1243.1320255910298
1240.3706367465625
1240.189857549885
1240.1268361657874
1253.0217862573693
1443.2749663578331
1443.45897000081
1456.6561195658737
1572.710284429091
1617.4503492577662
1594.3719586238205
1602.5214903577914
1687.6232730521015
1712.5783777321935
1969.6318128136495
1969.7271229934538
1969.7233565106583
1969.701050753144
2029.717733253104
2019.9132252730876
2001.9086901179223
1891.8885326604973
1331.9362147913123
1155.7270004414363
1140.1564555829686
1088.5794650007276
1061.2100398291027
941.4127513415998
941.4393183689845
935.1055971657352
934.7538932345184
934.3987698812712
934.1165374135869
934.1658912611862
1117.0803161501526
1107.1403850963459
969.8587548776495
982.624117851785
969.5441233125082
863.5669246511014
818.5981584212561
811.6166318530076
783.6303992794736
698.4879287541645
686.2425212334158
477.1328944996833
505.04247259776923
504.9547322833922
504.8838815683906
504.8814949324129
664.8238896577626
732.8041146086852
742.796422263062
1017.7806739060939
1082.754353099126
1100.7467723544182
1175.7446911882143


