Rainfall Prediction

502.92595207944913
484.0850293194077
471.8361818449794
432.97887921570873
425.1510112809157
414.0746620422067
409.88425031043124
406.8993327703433
397.18207822495367
397.0405000621409
392.82469134149545
382.6974832309259
355.48963458084415
323.9991322979671
287.55895430647183
265.1454515722303
235.33377834091723
185.5280917136746
168.54155316492322
122.46635468694787
126.09701897738735
95.50934619225
125.43932745719285
161.12006083287395
187.91226172596367
189.80001569360405
193.99187838962547
199.12428425302315
192.48306933503923
191.57388081025482
178.12762864268456
88.61150782914237
78.47618800994543
85.20131947318407
87.32738947573866
55.07671727747812
64.13735903524035
72.36903340295828
76.80268895807556
80.52655469773613
172.66938456402386
222.64632379758055
250.44072956111262
260.69621008994864
322.93715544347737
358.66569819830164
372.6088391574525
380.0287939272334
387.5088261610501
399.5673096468252
396.9819895201425
396.3731921216879
413.5977681861753
386.1892744132405
361.2884836348839
335.4096747021146
390.94088072879043
517.6380973844438
499.2614550985402
547.4354721616264
506.6579087314946
513.0118361960715
513.0118361960715
499.5338116278775
488.01213519449686
488.2290355784272
495.2411565331425
489.49274108151286
478.66527211192255
479.84030908842595
485.80332191040253
439.50716725598846
430.64735413558066
400.348596746067
395.73379630588465
344.01437766720346
326.1065489503533
269.21768982835727
264.58351712919404
242.17473835912227
250.6786825380258
278.3137189946008
289.60139308138423
309.7754188640896
307.5366061191125
322.47552961488356
350.24776897664094
291.3387184866673
181.48778589830428
135.17170110709603
115.23627922928831
98.98351915313704
114.64219676953789
115.67675847431214
116.51953102322842
118.3249316448592
126.59198412476206
125.57190788299623
126.29921457733883
129.03006423808318
149.26143685699998
163.97686132799655
159.84032224633455
165.71280077632323
203.97030198318558
214.84098519593712
214.10317417362106
220.30387064148925
245.07311438078074
246.3930756178757
352.08568772358956
332.2920296105112
309.35682399935445
297.4824881617498
279.6734297007958
294.2287641804177
281.10427724091454
236.31006076136154
237.38652901668377
184.7394120346986
179.79776973896432
171.51289290732709
189.7331077285936
211.54120558398367
213.70373158672288
212.56400918500134
208.36938840556024
194.9103924199856
214.28204522656372
232.73339279885386
228.3393676437233
238.13884164860403
216.51220020373847
240.32716455135966
234.95369907396912
208.05725691995423
194.03293256048806
198.39587415388314
180.73019102035306
179.45845712015893
182.84923822398613
160.14298925779755
153.01452336467432
152.69271321702587
152.1343984424548
149.35551696273535
150.3742040336593
145.5377497537744
150.44320039234964
150.61492423949755
220.78147961163643
252.65063921995412
369.8985327368251
462.53980667349015
488.2987357848395
498.6553129391988
418.5420430554258
445.7682337726456
457.6496892195069
441.09850644117074
391.41575988030837
394.1752255388765
383.76554287448886
434.8759644439144
408.5954369822461
465.9259608285728
482.8212863253687
478.5577134298213
487.8627939590499
513.2207174903651
486.66737168739024
477.36662377351183
501.4425972614822
525.796728486323
530.008604211362
534.6162250660967
559.0176254999816
558.8432151365233
558.750589659436
612.402837834789
676.4503101457195
674.9780461748502
682.8560581145417
670.5479584908708
608.4494066020832
623.4546829883087
619.8215630342231
715.1280172127553
693.1035773934956
690.7625648090136
684.5507814139247
716.3192923780199
706.6491383087754
636.8436755916044
565.8060361801281
570.2862436634854
510.58607453938146
551.323270447975
556.6769064591525
583.9376029755355
612.2099771108349
677.3389687949721
681.6828825190594
685.3656138303365
650.6757729299061
586.5582166478013
557.8086392907185
555.2624960244177
555.4243094697086
608.4222648260385
527.5490120226405
460.86233919545504
454.7299990311693
491.2846122816519
460.4377287254183
465.01829280404246
355.60525356079995
348.29998259104747
264.3492489735025
252.62787593446865
240.21699457670547
229.2659387234033
227.68734539691033
224.21115939765
233.615282806166
325.31984008519504
325.31984008519504
416.0940556736753
392.96171513170594
424.78416320349714
401.540381634742
369.96039420567325
359.2080255159423
352.0429475981933
355.9745662834444
356.2329523969772
380.0180013621762
410.2415602121437
393.1303527198984
392.33909366926423
334.7759230637368
400.5336704947778
582.9306999411878
558.5921845956796
474.70611402958116
438.1278306765994
479.1281771758764
497.3259052896878
498.19161283668336
596.0665035516364
971.288409481726
869.4938045656795
893.4146063885872
740.7104036464077
739.7844395747263
750.6100658838952
712.1327475237622
724.075606940493
615.6647262793305
607.2837103962992
544.3028869460004
547.0599366816971
540.6061699467758
542.8797557408354
643.3497355856477
766.2881831469671
782.8781660975931
603.2324323321093
535.5588045588324
511.97770010046247
495.13204059121864
459.82408982353417
457.5733003651739
318.2925758089839
312.35197157914985
323.0033779743877
332.338218071638
298.30590485185877
324.1394086580459
335.053163566585
329.23792334807763
311.47426932976236
311.47426932976236
306.70877127623237
343.9973449441014
387.52125600233654
431.18630051023297
454.33480100958076
459.8303584777732
452.20542405691566
442.38457560139943
441.06236514319903
438.6878808351381
440.81022723779256
434.1264839353198
299.22624249607816
259.14565271949346
240.41179793060758
260.2276582082491
310.6657415926131
503.63826086367686
579.3278309926882
620.3480090047404
634.2062305242935
687.0078437641964
698.4747841451467
678.7025387871713
652.850862861046
663.4332623186541
644.3097437034708
605.7851646820579
535.5013521693545
533.8331254817424
540.5837854652509
551.1223737789202
537.8000560655044
468.9935181575717
392.7122521410057
343.64161571721326
380.4102909350213
395.98534505563634
406.6209443862245
415.6716578684364
451.1170284009697
474.44216385764537
498.65667870133933
481.4796079923771
488.6305847877046
504.1570431446464
501.09805455816974
487.27429034826037
406.1243247618498
369.5964839548636
359.57502971966545
349.6965334962463
329.32371131431125
297.57650713535753
294.3153394010384
286.7193678279025
261.58073890628094
260.72914641865435
268.6008274290777
173.90495322412426
190.49158991523365
186.57532861471813
325.5608343336685
327.69428205960287
347.63588961079716
362.1140224041899
371.8759582998414
310.6740814695431
337.83812374750164
309.28982547855514
307.5711212225181
239.80125256603822
226.1705543659351
203.87500215627074
192.08099585267522
192.63039978995192
202.40260298569035
211.56533964129164
212.9881219122171
246.61350074935007
262.4186611518001
265.7965157860053
284.46062988883466


