Rainfall Prediction

925.4791195704329
967.4791195704329
1044.4791195704329
1167.5208804295671
1327.6473539130438
1297.4791195704329
1267.4791195704329
1267.4791195704329
1258.4791195704329
1191.4791195704329
1060.4791195704329
1055.0
1017.4791195704329
1018.4791195704329
1045.4791195704329
1118.4791195704329
999.4791195704329
1036.4791195704329
1105.4791195704329
1015.4791195704329
897.4791195704329
897.4791195704329
895.4791195704329
838.4791195704329
743.4791195704329
699.4791195704329
739.0
690.4791195704329
713.0
661.4791195704329
648.4791195704329
754.4813801896544
498.47911957043294
416.479119570433
376.479119570433
245.479119570433
285.2395597852165
230.479119570433
233.479119570433
237.479119570433
237.479119570433
237.479119570433
244.2395597852165
233.0
304.81124355080385
256.23955978521644
175.4066032217525
139.23955978521656
73.23955978521644
0.0
0.0
19.437358711298707
33.95823914086582
0.0
39.197798926082264
34.156038066948035
38.0
38.0
59.0
60.0
61.0
80.0
281.0
322.0
364.0
496.0
625.0
625.0
620.0
625.0
626.0
628.0
629.0
628.0828709245661
626.6236780076815
630.5141644241639
507.47911957043294
564.386853101797
547.0417608591342
572.8022010739178
553.0
589.0835217182685
558.2395597852164
546.4791195704329
564.2395597852164
606.7604402147836
552.2395597852164
553.2395597852164
551.2395597852164
520.4791195704329
483.47911957043294
526.4791195704329
771.4791195704329
732.7604402147836
723.2395597852164
768.4791195704329
732.4791195704329
662.4791195704329
658.4791195704329
689.4791195704329
689.4791195704329
691.4791195704329
689.4791195704329
691.4791195704329
859.2395597852164
852.2395597852164
851.4791195704329
918.4791195704329
918.4791195704329
995.4791195704329
999.4791195704329
1036.0417608591342
1095.314634479636
981.4791195704329
990.4791195704329
1121.4791195704329
1261.4791195704329
1299.4791195704329
1299.4791195704329
1299.4791195704329
1373.0417608591342
1395.4791195704329
1351.4791195704329
1136.0
973.4791195704329
945.4791195704329
813.4791195704329
776.0417608591342
715.4791195704329
711.7604402147836
679.6044021478356
626.4791195704329
623.4791195704329
623.4791195704329
620.4791195704329
566.1670434365369
562.2395597852164
458.47911957043294
391.479119570433
445.2813206443505
425.6199287558676
430.0
430.0
430.0
443.35217182684585
445.1077930766679
294.76044021478367
385.23955978521656
306.479119570433
419.9274836513206
429.479119570433
402.479119570433
389.479119570433
389.479119570433
433.0000000000001
388.479119570433
460.56264128870146
555.2813206443507
611.8374778019061
544.2395597852164
504.47911957043294
644.0
676.0
680.0
732.0
756.0
771.0
775.0
776.0
776.0
776.0
776.0
776.0
776.0
776.0
764.0
749.0
716.0
485.0
477.0
514.0
410.0
410.0
354.0
354.0
354.0
354.0
410.0
301.0
314.0
339.0
356.0
360.0
424.0
421.0
391.0
454.0
543.0
540.0
539.0
539.0
539.0
539.0
552.0
552.0
552.0
544.0
544.0
526.0
587.0
587.0
549.0
560.0
603.0
604.0
514.7604402147836
481.47911957043294
481.47911957043294
421.479119570433
420.479119570433
407.479119570433
490.8022010739179
357.479119570433
451.23955978521656
282.23955978521656
363.6356424090874
272.8022010739175
131.479119570433
70.479119570433
73.479119570433
81.520880429567
85.520880429567
165.20880429567
134.479119570433
223.76044021478367
202.479119570433
248.0000000000001
202.479119570433
202.479119570433
263.8022010739179
179.479119570433
198.2395597852165
139.479119570433
148.23955978521656
252.479119570433
445.23955978521656
367.479119570433
410.479119570433
410.479119570433
474.47911957043294
516.2395597852164
554.0
589.2505651548054
584.0835217182685
942.2813206443507
1042.0
1138.0
1149.0
1164.0
1164.0
1164.0
1164.0
1164.0
1086.0
1056.0
1055.0
975.0
975.0
991.0
1045.0
1104.555506363853
1100.4791195704329
1125.5033909288322
1112.3450922426628
1132.4176085913423
977.4791195704329
806.4791195704329
800.4791195704329
844.4791195704329
904.4791195704329
907.4901249400218
789.4791195704329
923.7232005940923
972.8205284135429
981.0
621.0
664.6469770399826
568.5451517879665
561.2355786591452
556.6681737461477
590.1357212460571
576.3437248029968
470.47911957043294
471.47911957043294
527.4791195704329
855.6594289957802
1063.4791195704329
1229.4791195704329
1293.4791195704329
1321.4791195704329
1641.4791195704329
1671.4791195704329
1785.0
1961.6461630069698
2006.4791195704329
1964.4791195704329
1962.4791195704329
1965.4791195704329
2006.8022010739178
1933.5208804295671
1884.4791195704329
1914.4791195704329
1945.4791195704329
1893.4791195704329
1941.6571683765587
1958.5804285159547
1876.7604402147836
1876.2023201645252
1885.9384890209094
1862.4791195704329
1868.6044021478356
1815.4791195704329
1938.6791791157366
1940.0
1939.0
1883.0
1661.0
1347.0
1181.0
1182.0
1139.0
765.0
683.0
624.0
415.0
316.0
296.0
274.0
293.0
293.0
291.0
291.0
281.0
255.0
279.0
330.0
343.0
355.0
311.0
295.0
265.0
290.0
382.0
384.0
384.0
385.0
385.0
390.0
393.0
482.0
516.0
523.0
523.0
513.0
512.0
512.0


