Rainfall Prediction

606.5965891435613
591.9699313433788
568.6125706950952
496.3693086526436
478.7066578447676
481.1479500616602
482.4523101009213
477.380268047751
476.89573169931947
487.35897641746345
488.4684573451327
489.38051770771375
454.22475210581615
459.32312891565385
460.2523205506006
461.07147930335475
419.99106453480266
434.8973470171531
487.5854966476553
392.9201132656989
357.3586165663744
330.15059574262614
155.5118932712926
133.22571825297825
135.16413528319225
152.2553227615966
152.96617194168158
156.24687032931445
161.18815911706886
138.56517931879372
131.37027363051828
135.1021310490261
175.54021084855393
159.60049533106422
163.68632390873287
189.7534426179776
185.92826090041711
180.39040202812453
182.61753627948252
176.84930460449047
191.44228521255488
199.3664127231029
352.977723172
432.3960525117041
474.2550614280671
479.99879038708616
508.93893422793457
527.7260849720502
690.2697647850594
672.3108426214643
755.4236862747717
767.8247912626645
751.2679236077091
779.3969158468196
925.7019449186472
1108.3850291051317
1014.4218887615343
1022.0110972551175
1373.1774253735537
1111.3622261734022
1111.3622261734022
1120.1587214287301
1107.5939646549814
1084.2056948994355
1101.4268945360832
1139.677227306169
1164.3887840247119
1261.667095768064
1427.9239194840375
1321.62527720263
1006.6570605859806
983.2900111679685
974.4106093151775
848.608634863236
831.7313960946308
733.9841595766599
717.3175490763424
708.7396807491513
679.0160904170605
533.3880557427041
535.6387300881698
430.56122544089015
422.38413490793886
425.9782754844799
452.84692174791616
399.55753730940097
296.9683570113533
232.83731051580264
237.0150679045565
236.1677267414665
228.06905316395125
227.9324861423034
200.0318784210644
193.08824313484502
191.04837194522963
202.5866650303235
199.5885294709407
199.7127186182608
407.180032090706
249.48915009142894
370.0240469875731
221.52866452825643
219.41496907060608
209.27117015209495
207.24376621860156
201.96468795303105
203.12801557630917
209.9191910232604
240.54536558160825
153.40749672294638
129.09639917048725
111.3708919241529
97.05015701520475
97.50342568292359
292.739023546638
173.44922038284386
192.4641164840471
175.53937056732207
140.71570233407354
129.54200324725394
132.99005661477867
203.5989931697194
216.4742377479104
215.79019564615948
308.05925925527276
354.19023596536056
379.5922761452264
383.12821823061296
417.03435668502607
450.89694031785837
484.24195489676714
488.92414700339947
480.32705087439916
474.907846319131
503.0699819391334
597.8962715258541
818.8439736458981
936.0646952444189
770.1787764946206
779.0284735038144
818.5423884574371
827.3371169778765
828.599895664192
823.4960759437229
944.3069033356163
1023.4461983407596
1089.8764025956673
1322.8540358778396
891.3467167788904
1104.6809739408975
1262.653019718196
2023.9745052812682
1091.7416012979584
1044.202800888433
1099.839650927255
1683.4312667997995
4164.409748303595
1609.1197020436566
1087.8465992278877
1021.9046160188706
810.840276536179
876.7931683341191
867.8228824091406
994.358428731472
1062.5837880333795
940.3336435100822
917.8774961459493
2017.0338356921773
802.5738542417503
750.0368228195983
1948.6864329649916
1877.1571794605823
3635.8210741196795
894.053934585705
938.3550261335332
931.6984223578617
907.7782042706739
2016.9314430210563
1679.733517496317
1361.3835824849887
1348.2891086275902
1304.663580263603
1222.5856526503856
1275.8084061540012
1477.1647396868295
1264.7766531070247
1176.4883750701363
1242.597068878286
1222.215798929963
1198.406576056037
1204.9191898657984
1364.8508147625882
1258.2142664486564
1079.3618843673987
1007.9340314826034
985.5885540608591
1083.2770341193823
1132.043236521444
1055.5695770712027
1004.7759968216074
1012.4166208912419
913.6962685234594
877.3627704876956
872.9553777554435
790.3799012928578
748.9117435700448
711.9637726757006
657.0910252074019
620.5855162083076
626.2489843236054
610.7486885402847
612.433101441353
598.6972918203661
554.765894594543
520.8455667930809
371.21398195557344
305.36995973677364
324.9607966225412
298.5704571125466
298.5226313283979
276.59657587033587
381.2086176148729
405.73706060675994
468.62535187584086
578.8742195628901
1027.1321149966768
448.67279067829816
612.5742762838316
369.46145836313684
367.97532814770113
335.32897227038006
348.98914305552034
362.59539706210614
362.87934905506324
353.5920026113321
352.92953298580517
341.1031747892684
407.0211239583071
461.4883839023777
592.4562164382129
616.8340769674564
678.6048791568282
634.8421762793288
813.803566947089
763.675967662284
750.3723807476064
748.2776948403881
750.6739368066972
925.9497132177578
739.047501492721
736.1499816949067
734.579905037436
785.0464767146287
766.2199361667206
807.3111333670777
701.3059952201244
703.7147561840363
693.6656407075977
694.8316802982727
692.5347881448093
683.6043666999718
667.714432690445
640.3422559557557
620.3746022906802
620.0040704740102
619.4647081160693
595.3543625137867
595.5249326167753
546.2534547022552
618.1519146472389
506.65442249763646
416.2559579240262
352.64556443150525
642.9089536737745
281.15216821160686
279.92654121257254
284.5860286429083
288.07906774027094
287.4812980853245
526.786944607154
626.9491649107563
687.3918677092507
765.2137142704563
696.8876536943708
752.21259231308
689.2249442624727
687.6260474805696
738.5840080004448
758.7173633757752
783.7560235149624
780.0147178798317
790.5434587099897
828.8636177880254
1380.2716119701572
985.601942735575
1051.099373698191
904.5431372439438
854.32897199799
868.4873325722448
1180.9213462148427
770.7983332993299
800.6326724276901
3033.5977791072833
1237.9877259041807
582.8209577810522
850.8231152143192
642.9475297011134
704.5734552623305
825.2167038588259
954.025343084639
877.1929467080088
785.9619401161002
850.7919212713836
824.7372752490957
944.0733298646909
971.5497075708658
977.763203309538
961.570137107204
906.5588390649548
1326.7990904550704
830.295687418815
881.8911163895438
893.3434395696576
933.7457934513918
948.3396437903174
998.5354448576448
1004.5591121900984
1005.4676747723698
966.5661705290687
963.7851057956105
972.6871768082249
1000.8452086321568
1965.8210634769355
1159.6996538990743
1167.9441332213519
1264.0352814691032
1160.4409274294783
2567.152890887282
1358.5563873222575
1138.457890014089
859.4351639841797
862.3053498556171
848.2529115828553
800.4428445109322
928.16033697945
860.5656723785776
879.8728853990948
1056.6157188872141
3428.298532376152
685.3074006243072
1710.559473737532
1085.717141880559
945.1690391007294
1030.9838490371087
922.5393677786375
866.1567201613467
943.9452038435951
962.7070969898255
943.0369709059503
1142.7781718257284
976.1249536655546
1201.530500710781
907.6912253082901
907.498195462836
1292.6453589638345
803.6371815426063


