Rainfall Prediction

1122.6795865604627
1123.617326907087
1121.9189687269277
1248.8017507164452
1258.23082473549
1363.0
1363.0
1363.0
1363.0
1282.2760167031788
1277.7702705150748
1219.1453994501205
1121.69805660383
973.429614209219
859.6833752096446
786.0
533.856194499637
508.947371369286
511.13931188595916
285.66927099229844
275.62244167356806
164.7263815045043
245.66969722017663
390.87527777914954
555.3098953318456
564.197065845197
576.4255137140948
618.2830002961746
622.1929415363896
633.8959225277464
639.4428196641067
639.6688308697201
726.1366481914306
769.6486257746832
770.9114256783771
775.4973533101951
772.7715793297326
763.0832602087336
763.0360576319611
762.8949385220394
866.6589587359699
915.2208330279274
998.5783893665955
1035.059110057101
1129.1825886286995
1322.9572241414442
1312.9162315025342
1323.946450850452
1309.8664513406904
1304.2482069940734
1302.3395997895293
1319.792489159057
1319.7199714141684
1123.176749596864
971.8390644333244
759.8890260845259
940.8568660106406
1354.0
1408.2650060048047
1418.1030974866435
1336.5411153854027
1329.0208597855276
1327.8139035572774
1263.7315219223924
1262.4366961377723
1318.6751068378237
1319.2124060835447
1319.329004694013
1317.1202893907505
1316.0
1315.4858528328743
1214.7306778009768
1060.742100909855
975.3628336861576
861.3757882453915
667.8313042347247
462.83254159629723
493.41581834079074
479.00430575646317
509.73492699164143
549.159494543371
537.6762850948209
509.4379472905125
502.8567282290743
506.4967908610528
501.04771438372677
515.921995325263
316.39134190842697
67.93433909696944
0.0
0.0
0.0
0.0
0.0
0.0
0.0
0.0
0.0
0.0
0.0
0.0
0.0
0.0
0.0
0.0
0.0
0.0
0.0
0.0
0.0
0.0
0.0
0.0
0.0
0.0
0.0
0.0
0.0
0.0
0.0
0.0
0.0
0.0
0.0
0.0
0.0
0.0
13.00277483114013
60.13454248247842
113.15633618951162
100.49637487628095
79.64401345520898
127.40794336784569
159.7813246573201
162.05063603651078
90.1672234149392
63.30819724334842
65.58717634200636
18.549382359888938
25.952033943809965
26.100766978332842
10.093626724306588
60.57724842893791
62.59747568901716
61.4468098195387
74.16177970973503
144.21595124790977
135.43019491002346
135.43019491002346
135.2328546651963
135.2328546651963
134.43534003374947
236.2848972746498
330.91041271541053
400.8470668255262
391.97487923700174
408.548378602649
721.0
773.4115427318801
751.8225531212422
696.0
696.0
691.0
691.0
691.0
573.9408953480824
691.0
691.0
715.0
741.3188542521314
753.8019609728144
769.0
778.2153903091735
793.740593300774
793.3145614353459
726.1776208090097
728.6174587067981
770.8282848764748
840.5803103727542
1060.2020410288674
1308.0
1357.2522729151324
1361.4606079858306
1319.0
1179.0
1296.1710906160522
1253.1475840112746
1305.9049828868533
1067.4242033619275
1024.501841032404
999.9613687080181
1002.3916034349407
998.069624446209
990.9856989708302
1005.2064273111039
994.1592736346984
985.7068499279432
970.8591177020767
979.4387712488553
949.3281042146936
916.1841926747217
903.0088115739215
848.4871975377389
874.5633309862136
870.380538724319
870.380538724319
853.494868703513
875.4479583148284
799.8241521708268
1002.9433285281898
782.5907163131416
574.9764767732975
496.6108144826444
535.5065524059421
384.95845516827114
477.9198462049624
231.9925398069601
189.4767674896858
48.11248352456235
76.77630394642956
53.82157989807041
41.74349602679605
38.66629000000094
39.786107864882695
58.27730477752689
193.26928713589382
198.73045786800867
385.1351907082246
406.64755930982346
449.72501641000474
449.94191566695747
473.90567211539457
492.8866474260545
539.762883273751
588.1920232334877
657.3795006481866
591.460092907856
562.2317673306054
572.0598219180013
567.7683042629781
370.25449781965517
412.6394018105744
1038.4513254443398
1034.448231042003
1035.358818375182
1053.3283130711768
1057.5904015074204
1007.354639023268
1029.8314215533887
1192.2359096848768
1181.0334995066157
1184.0727072161171
1212.4451752221244
1217.5522550122691
1220.1539694316568
1216.7210134576992
1068.0113470415558
1031.06600893334
964.0
802.0419012299116
755.0625428136348
751.6053536364226
725.4329424677065
726.3668599257187
1155.866295194082
1077.5913937390037
1123.7304187915731
1147.7154520726071
1149.707289486403
1146.1062008454671
1138.994897454688
1171.7500656926195
1176.2273718612532
531.7009595398118
530.8567729352378
577.5267717055244
619.2086406533579
614.6292666956492
608.4226151598391
601.737788627572
504.3637501823912
482.1428505683027
480.0681784160181
465.207697286814
462.8851372670764
460.2687531210938
521.107653087641
529.1765158716203
575.6742907474513
566.818058550463
554.3377347793512
554.1013378708252
551.2908265089227
551.2908265089227
541.5482446959018
143.0028885439094
227.7763392049191
206.85275887743708
236.09819137019747
333.6256221348705
914.4323704445222
1103.920047389572
1058.0199872385851
1062.8118906109084
1033.4988063973872
1107.4909961938145
1100.530169591333
1070.5298426370493
1074.5649116288705
1090.064142075743
1094.0412094525254
1073.8301772884447
1078.206024792271
1143.7705728031303
1299.9527430138066
1300.1982979778065
1444.834097875415
1558.7268650672868
1603.8009901232758
1601.0
1581.9260272586382
1692.0
1719.0
1953.4611446608308
1953.4611446608308
1951.7306778009768
1951.1202893907505
1955.5239160260903
1915.1811510994041
1904.850087903263
1881.2071443762534
1325.9584054212078
1161.0
1146.0
1094.0
1067.0
947.0
947.0
941.0
941.0
941.0
941.0
941.0
1124.0
1114.0
977.0
990.0
977.0
777.3174589754931
713.5330730066863
669.3874807310592
633.3987476590424
546.523675322438
451.8864501338031
228.5023034654698
238.61753900012565
195.4483452874645
215.86588929994463
255.85828335831192
525.3426523212536
594.6041354479463
602.1614622636091
880.5765257624669
1091.0
1109.0
1184.0


