Rainfall Prediction

556.4216186556228
583.0346728213522
378.8081571176676
342.1989688141138
286.6544849353996
225.96528008239517
212.32946131735136
206.7111456016399
165.5100040032032
718.3824337041779
743.7265385264249
943.4098551289247
878.466956586192
720.771366819847
566.1734652279476
518.9634976715412
534.026330915588
245.59304272707857
338.1807927315436
128.0
38.12701665379258
125.51565866313136
187.90458680276174
159.06449181572748
147.6175275056506
153.51041047839522
168.42005152910033
150.22756318750248
20.837722339831622
143.61018466174082
104.4705972370586
121.41241701489459
101.2879601458543
102.77607422987202
97.54381560880157
52.6148351928655
75.59687576256715
45.68995696316323
49.534268046229386
48.38435220794823
12.83772233983162
71.73566996151855
1.0
0.0
42.71989011071948
9.17157287525381
27.868617393905815
7.354248688935409
11.52786404500042
31.757359312880716
42.71989011071948
47.16823913367215
47.16823913367215
47.16823913367215
47.16823913367215
47.16823913367215
18.16442319900146
70.6002378022632
0.0
0.0
39.27718688896401
78.25315737956807
59.30585675236347
123.9460062691229
122.17416704917774
75.74224022356921
56.59687576256715
93.90624480227044
167.25493968107284
115.98797469587053
7.328725621347161
150.524440581519
195.9476313440513
87.23237678452422
185.5973202379431
9.320555552305876
102.23719302809728
284.81295848302733
282.1013066370499
278.080308916898
199.31017272224673
179.21767001687473
189.2582122136978
280.5111795380617
192.636308793692
211.8423037709953
359.56387840685386
380.44291686527737
206.1449368981604
122.7019990655038
18.683375209644602
50.824800677216516
36.96309682986764
0.0
34.20073183026227
44.290391568178855
70.5028191715004
70.5028191715004
85.241476220118
122.98895293167203
180.93722868185304
358.9756345235627
89.63125670590136
166.9009804864072
131.44951789359274
153.24782286780564
1.2761449428242067
366.0649449998266
360.7634589867758
23.663639345680345
13.157580109592253
51.309013312456294
129.18496669668394
31.683661788997583
5.237336214726497
139.91716153876206
47.822040150386755
6.7042187511598765
142.59238887054295
151.44542324557221
126.84092434071546
144.76949315910048
228.90975608576642
83.82080613582056
96.9669460401864
130.02094707642922
109.17115746951892
352.70323385085686
347.7650977289642
272.47180334219917
203.90213701406503
47.50809722855602
124.42758503330202
107.92955341353768
134.60846646153144
174.06545624219802
192.55870564160102
350.20600622054906
316.46274455510024
308.33456591598724
309.0752572456542
356.68773128260705
318.8719929867416
344.12732359009914
316.8719929867416
242.4571305542416
241.58241372202113
267.89931492843687
243.47007831149395
266.26708740605807
9.622441937094052
0.0
0.0
0.0
0.0
23.488972958537158
10.794604672302626
119.88827615056744
67.62206085492642
149.25792072593515
20.8960584136121
123.00608153597395
0.0
0.0
178.82719196498667
158.58932517631143
266.05113637839895
129.34314575050763
16.535898384862247
172.77912445495525
130.788897449072
18.92027831918891
0.0
174.42502732781057
153.48602772659163
104.75063858345952
248.55493155733842
122.293923156767
156.73576116719616
180.45612292397442
182.2920478547863
76.42336297843775
66.85529173729682
46.04624431975219
25.247719802246074
347.6176429020125
324.1496560901885
19.375203616185217
84.40549735684415
123.99392777836067
94.70189732273768
122.7411014262913
62.17445443753566
225.51746527314978
343.11919679304606
372.53307305158796
90.21216460447991
312.92131311246754
371.24577333616503
113.56056353678477
336.5035493557555
0.0
189.77257894006004
192.95768976501918
43.11571445383285
231.5923499066007
40.51126617686948
22.35424868893541
10.641101056459327
69.12154581128706
318.2459436310949
471.3295409233797
538.2474386965812
582.4865917705325
439.31572092302656
30.77278702637954
244.59777691523638
573.250337370407
43.91723746970178
94.67544467966324
183.8985104300495
490.250076430753
87.71125129547342
460.16431714814803
403.2638988339493
385.34389555525127
370.92776123487056
542.9478684994756
128.41564065237054
177.1538757512515
31.29742610786758
359.3226786231505
239.76924503296755
485.269259901253
449.860565871466
482.2197225075153
43.5427863086806
115.7172082754821
323.71059737209276
211.26611872308328
92.14387169702047
101.42654888560942
25.42654888560942
0.0
0.0
81.80868764516543
50.605462566595264
79.5657368117791
64.59279425650911
60.5770852913265
0.0
0.0
0.0
0.0
0.0
0.0
34.19304803274926
25.328695886758272
16.94823391109826
0.0
15.34390184512073
30.504131593818627
3.4104619270901786
4.006487758540782
0.0
0.0
0.0
1.108848280240231
56.744803020935194
2.267219893369923
214.1993894101716
140.89657916705846
123.8169426892368
365.2484191061102
266.1419669879242
160.83597345358498
122.98189438976213
169.35794356993543
115.55571280852578
175.21297471052716
232.30848177975858
146.8279675593871
148.73386679520942
115.68494299367943
156.12599212598818
364.4027329066526
79.2384831797666
291.3711627226199
110.81464722812755
110.81464722812755
110.81464722812755
99.50641468891446
286.448376138508
158.41673139880092
95.99103325037032
228.26649900401344
187.33879950447817
174.26008969638355
71.67544467966324
684.3621353036034
436.68666148086817
464.700868373625
434.25784722344696
445.10225742715886
149.1092100627138
332.69623316939
264.20568938761653
452.6854274869514
368.05965310892134
346.1192438539182
260.08291131467274
119.47800949774992
600.1415815519371
560.6161252087883
421.494676541378
238.51854113014912
129.34878121758598
742.7967604315514
575.4286921695671
705.1283758458344
712.0713290299568
706.1376242725461
768.973525259385
800.6092596351441
14.361831127032964
149.567859948049
31.167572461769858
45.915454405625844
149.43223563716998
13.641101056459327
120.06862781800423
101.55229698426164
47.158094969092794
2.7106387745332405
2.1435666824213584
0.0
91.53724348094427
114.75272586590707
158.1823422434457
232.80494580247375
179.1432778236279
258.388207846392
457.7683617613426
0.0
466.98653084584987
50.95536746829903
311.70604767217213
0.0
152.14407290833856
51.36441247406313
231.3267859335693
0.0
275.2069298683663
249.81431319739642
101.91573405202773
5.343415351112579
472.59464502730043
407.74389028216325
413.2409511852409
355.90375570242355
355.5236623992993
355.5236623992993
343.68541309687714
358.0362337867932
366.3281629189175
388.9965357943851


