Rainfall Prediction

960.1247807110044
962.6501877338119
1063.1150967026429
1142.2556577780379
1263.9944130193314
1297.205260269671
1299.0487350634849
1241.5592103223291
1264.1830734729838
1171.9591450556827
1066.685946257069
1012.0939237704054
948.3002864869334
940.2597314385569
950.1625622725587
1014.7638937923618
871.4034778917222
428.8219455887702
1209.276917076684
1121.083527132831
1003.1394289005083
1002.3989247622617
1003.3795006481866
946.2519842519764
851.2519842519764
807.1886116991581
799.0940262794131
798.0940262794131
769.2837663544983
770.474160953666
757.543167705199
748.543167705199
607.543167705199
526.6209118397403
454.3985294912646
353.9003311294585
332.9003311294585
304.9003311294585
304.9003311294585
304.9003311294585
304.3156128586419
303.90652306056893
300.5064113103821
289.8051729905136
282.96003194890216
255.780959574163
182.780959574163
178.64255533378807
85.89306135488961
0.0
0.0
0.0
17.69410712406819
17.485852832874297
10.896735578289505
4.399404767177117
27.85110843490778
26.864471274339955
39.635083268962916
35.26136624629404
37.14627911624687
55.91681084241541
256.16051530325154
296.9201275920311
339.34234398812407
471.91681084241543
603.1139313717607
602.8640563788214
597.505556241596
601.9782711335573
601.8753238363704
615.6711719940621
618.8511084349078
620.183346173608
611.0250156445618
619.2953000892803
618.0
619.6862915010153
618.5463759529263
635.0
622.6711719940621
636.3452418938224
635.6559195672114
613.3397459621556
613.0716117228159
611.8244359626823
621.5166852264521
613.7684537882722
613.8672540495785
592.8672540495785
591.9003311294586
634.9003311294586
881.6958653043499
796.4301949100235
787.5501004020113
878.8090940417271
842.8090940417271
715.8090940417271
768.8090940417271
799.8090940417271
799.8090940417271
801.8090940417271
799.8090940417271
802.3904797870815
913.4301949100235
914.4301949100235
962.4301949100235
1029.630683123147
1031.5119115182986
1108.900495061638
1112.900495061638
1112.900495061638
1093.8895664208558
1095.8895664208558
1104.1005050633883
1231.035759956231
1369.443650813896
1408.1676030258086
1407.8672540495784
1407.8672540495784
1434.8672540495784
1503.8672540495784
1459.8672540495784
1195.9334808266806
1076.3360216802282
1046.262365998196
914.2843666167989
818.2623659981958
814.7719171208286
761.1605153032516
739.47582530374
724.4461353216387
721.4461353216387
721.4461353216387
717.9615668674169
604.3541748110515
603.3541748110515
552.8623954313331
485.82809570837037
484.55332530472333
404.53463383850413
397.53463383850413
397.53463383850413
397.53463383850413
415.53463383850413
451.7639320225002
338.5040986360462
430.28468408379274
400.4703538795332
401.6571984977576
523.6571984977576
496.6571984977576
483.6571984977576
483.6571984977576
483.67424340276966
486.3679887640474
488.3991525575881
592.9629883308085
590.5721220608757
599.7865280406683
600.3232949938039
614.2510504387129
646.5042375924947
663.0
714.393183138341
739.875484503403
753.6218528030172
750.8132267551043
752.4415620212205
752.2513158259242
763.1937515251343
754.366692347216
752.5479212008828
759.3867522741639
776.0
764.0
749.0
716.0
485.0
477.0
514.0
410.0
410.0
354.0
354.0
354.0
354.0
410.0
301.0
314.0
339.0
356.0
360.0
424.0
421.0
391.0
454.0
543.0
540.0
539.0
539.0
539.0
539.0
552.0
552.0
548.0
538.0839202169004
537.7550020016016
509.937621595791
570.937621595791
581.4322356371699
543.3431457505076
546.7335008385784
589.3618183030142
592.1256579129621
581.6333571089042
581.6976396045379
581.8051729905136
522.0
521.0
508.0
475.0
458.0
438.1089537154808
342.1089537154808
343.5305105095413
321.5305105095413
234.53051050954127
0.0
0.0
0.0
0.0
31.230309355612746
54.858780435903896
16.10592926457744
312.2159512479098
312.65833593587365
33.667135105400746
51.14690413840458
38.38458521005924
0.0
0.0
263.0
236.0
376.0
486.0
491.0
534.0
534.0
598.0
603.0
626.0
644.4606079858305
643.86447127434
1002.5100040032032
1015.9423715584093
1111.9423715584091
1122.9423715584091
1137.9423715584091
1137.9615668674169
1138.3679887640474
1138.3679887640474
1138.3679887640474
1060.3679887640474
1030.3679887640474
1029.3875030502686
949.3875030502686
949.3875030502686
966.5459614787251
1021.1253272273733
1086.2153903091735
1088.5794221433378
1121.3720639898029
1121.3989247622617
1190.2020410288674
1031.2020410288674
920.2020410288673
914.2020410288673
958.2020410288673
951.3867522741639
899.1585563185832
893.7126984780141
936.9524348201508
952.3779763779646
955.5834699457223
596.4846986557375
640.5664165542588
546.8466063387559
535.7511905031866
551.7511905031866
567.7511905031866
567.7511905031866
567.7511905031866
568.7511905031866
624.7511905031866
846.7511905031866
1160.7511905031865
1326.7511905031865
1390.7511905031865
1418.7511905031865
1753.6862915010151
1785.4606079858306
1843.4606079858306
2020.704369859013
2118.510874706924
2074.0357599562312
2075.1833461736082
2073.9003311294587
2089.0
2008.0
2008.0
2038.0
2069.0
2017.0
1971.0
1965.0
1966.0
1940.0
1956.0
1986.0
1955.0
1939.0
1940.0
1940.0
1939.0
1883.0
1661.0
1347.0
1181.0
1182.0
1139.0
765.0
683.0
624.0
415.0
316.0
296.0
0.0
0.0
0.0
0.0
0.0
0.0
0.0
0.0
0.0
0.0
0.0
0.0
0.0
12.779043272975116
60.704564462022574
0.0
375.81464722812757
378.7084973778708
353.56753270899657
353.53573455489544
357.5808698451053
359.11785130780515
447.4746469967359
481.3589838486225
488.61977312465785
488.9118789018814
480.47308806541884
479.7354683901966
479.6117305185967


