Rainfall Prediction

386.0
389.0
339.0
295.0
349.0
265.0
356.0
365.0
449.0
532.2752152582143
699.1376076291072
914.0
1082.0
778.1376076291072
387.0
423.2017220657144
537.4128228873215
5.0
47.0
203.0
229.0914822769646
280.68803814553576
221.96325340375006
229.8256457746429
144.0
145.0
253.41282288732145
224.96325340375006
109.0
38.0
0.0
0.0
0.0
0.0
0.0
0.0
0.0
0.0
0.0
0.0
0.0
0.0
0.0
0.0
0.0
27.0
51.0
68.0
94.0
109.0
110.0
114.0
114.0
114.0
114.0
0.0
0.0
0.0
0.0
6.0
90.0
157.0
210.0
214.0
227.0
227.0
295.41282288732145
250.61454495303587
382.13760762910715
289.13760762910715
529.0
187.0
68.0
0.0
0.0
0.0
0.0
0.0
0.0
0.0
0.0
0.0
0.0
0.0
0.0
0.0
225.0
317.0914822769646
176.0
180.0
114.0
69.0
59.0
29.0
0.0
0.0
0.0
0.0
0.0
0.0
0.0
0.0
0.0
0.0
0.0
0.0
0.0
0.0
0.0
0.0
0.0
0.0
0.0
0.0
0.0
0.0
0.0
0.0
0.0
0.0
0.0
0.0
0.0
0.0
0.0
0.0
0.0
0.0
0.0
0.0
0.0
0.0
0.0
0.0
0.0
0.0
0.0
0.0
0.0
0.0
0.0
0.0
0.0
0.0
0.0
0.0
0.0
0.0
0.0
0.0
0.0
0.0
0.0
0.0
0.0
0.0
0.0
0.0
0.0
0.0
0.0
0.0
0.0
26.0
0.0
192.0
337.0
399.0
382.0
631.6880381455358
974.3573187792863
531.0
453.0
742.1376076291072
1069.981626701875
1146.5688038145536
2457.137607629107
2560.4311961854464
2543.5688038145536
2431.137607629107
2512.4311961854464
2067.0
2067.0
2070.0
963.2752152582143
695.1376076291072
1218.0
1198.5688038145536
1054.7064114436607
959.7064114436607
982.7064114436607
1221.5688038145536
979.7064114436607
974.2752152582143
452.78889917839297
452.78889917839297
188.0
300.0
274.0
395.0
571.2752152582143
661.1376076291072
843.5504305164286
1664.1376076291072
1421.5688038145536
1473.3944495891965
1959.8440190727679
2055.0089945422324
2246.137607629107
2351.5688038145536
2729.5688038145536
2738.5136839201787
2931.844019072768
3704.0
3391.825645774643
3535.4128228873215
3850.137607629107
3896.137607629107
3050.7064114436607
3127.0
3307.2752152582143
3307.2752152582143
3307.2752152582143
3307.2752152582143
3310.96325340375
3378.4128228873215
3378.4128228873215
3306.2568419600893
3119.5688038145536
3034.788899178393
3050.5688038145536
2462.0
2148.7064114436607
2108.4128228873215
1596.3944495891965
1611.2568419600893
1736.0
1707.1376076291072
1463.0
1463.0
1493.0
1084.1376076291072
477.2752152582143
468.7064114436607
118.0
9.0
95.0
149.0
186.0
481.8440190727679
479.4953106220537
117.0
50.0
37.0
25.0
20.0
10.0
0.0
0.0
0.0
0.0
0.0
0.0
0.0
0.0
22.0
99.0
87.0
19.0
14.0
14.0
9.0
9.0
110.0
80.0
93.0
121.0
35.0
215.0
263.0
319.0
197.0
361.41282288732145
709.0
1579.1376076291072
2334.4311961854464
2878.0
3175.5504305164286
3228.4128228873215
3204.807272476518
4003.4311961854464
3248.0
4031.4311961854464
4041.4311961854464
3538.2752152582143
3950.5688038145536
3318.3944495891965
3766.4311961854464
3272.137607629107
3543.0
3426.0
3210.5504305164286
3269.4128228873215
3501.137607629107
3587.5688038145536
3283.476168896608
3485.5688038145536
3436.7064114436607
3248.5688038145536
2753.5688038145536
2692.2384686619644
2655.4311961854464
2295.3944495891965
2430.844019072768
2844.4311961854464
2555.4311961854464
1893.4311961854464
1145.4128228873215
1317.8623923708928
1419.0
1570.4311961854464
1557.4311961854464
1720.4311961854464
1741.4311961854464
1821.4311961854464
1976.4128228873215
1846.4311961854464
1846.4311961854464
1911.4311961854464
1659.8623923708928
679.0
490.13760762910715
475.2752152582143
385.96325340375006
359.1008610328572
295.77014166660774
295.77014166660774
295.77014166660774
295.77014166660774
292.0
291.0
289.0
242.0
217.0
197.0
194.0
21.0
0.0
0.0
0.0
0.0
0.0
0.0
0.0
0.0
0.0
0.0
0.0
0.0
0.0
0.0
0.0
0.0
0.0
0.0
0.0


