Temperature Prediction

360.5443775319428
362.32799624503974
335.7393779826904
339.9606778549511
332.6457357191178
322.958058309301
322.958058309301
326.81602295614096
310.9796430687254
305.1316348278665
305.1316348278665
310.97250116852194
333.99251837254997
332.2518686903989
334.2822402003462
334.55624618566924
333.99251837254997
350.8703125108346
362.89971461583514
355.2919148790856
389.4583325635837
389.4583325635837
389.4583325635837
411.846565670853
412.92883502861514
412.92883502861514
412.9467219441507
412.90092804645667
389.0670227682777
389.0670227682777
389.0670227682777


