Rainfall Prediction

651.562729273661
661.5407190022011
805.2237710931767
777.2853998532647
777.2853998532647
737.373440939105
615.6419662509172
521.8488628026411
521.8488628026411
521.8488628026411
523.8444607483492
462.92343387471004
665.2599999999999
571.2688821752266
635.7821552723058
788.9770992366413
788.2816901408452
783.1421568627451
779.0454545454544
781.2899022801301
840.4242424242423
863.8448275862069
839.3522727272726
856.8210023866347
898.8129829984543
842.1369863013698
842.2119402985073
842.4503496503495
842.4503496503495
842.4503496503495
912.1566433566433
917.1356643356644
1045.06625
948.6596491228069
1104.1122807017543
1117.0666666666666
1154.9333333333332
1154.9475524475522
1154.9475524475522
1156.9405594405594
1157.412976313079
1155.5844793713163
1096.0054495912805
884.6820557491288
868.9062500000001
804.335856847901
693.5650378527187
705.5472602739726
705.5472602739726
705.5472602739726
699.5566231983529
639.6801647220317
609.7419354838711
609.5359424920129
603.3302667893284
563.044982698962
559.4416666666668
559.7570162481537
559.8206026629291
559.8409090909091
566.8525252525251
496.9939393939394
492.0040404040403
368.2092857142857
310.30631970260225
160.64089219330853
147.66988847583644
109.7546468401487
206.53725782414307
213.52160953800296
211.52608047690015
211.4866828087167
211.4664429530201
215.4156898106402
200.4295175023652
200.36459430979983
200.16133518776076
217.09040333796938
205.15803814713897
205.15803814713897
205.199481865285
204.2033678756477
234.08678756476687
286.8808290155441
287.87694300518143
330.7098445595855
481.1157347204162
594.7142857142858
613.8069498069498
643.0212765957447
748.1379310344827
746.0240963855421
753.4513274336284
754.3220338983051
740.6779661016949
801.1016949152544
833.2627118644069
833.2627118644069
833.2627118644069
738.7288135593219
735.2447552447552
753.7218543046356
753.6170212765959
843.8940397350992
976.1558441558442
1004.3218390804598
1008.4090909090909
1010.347003154574
1039.0725552050471
1104.6508474576272
1125.1304347826087
1155.3027522935781
1172.2454545454548
1147.4727272727273
1127.6545454545453
1163.3272727272729
1113.0911764705884
963.2955223880598
959.331343283582
962.3044776119403
939.510447761194
868.1552238805968
991.0447761194031
993.1344262295083
1005.84
1213.7400000000002
1225.6199999999997
1316.918032786885
1319.068493150685
1321.8206896551726
1371.4758620689659
1371.0168674698793
1352.9533169533167
1351.960687960688
1281.2443324937028
1175.7665615141952
1155.7909407665504
1151.7042253521124
1148.8831168831166
1066.9610389610389
1000.8311688311687
978.5082872928177
971.5527950310558
970.2215189873418
1005.5379746835442
1004.5569620253164
970.2215189873418
968.9527027027028
968.9527027027028
860.2027027027028
834.7297297297297
821.9932432432431
792.3322683706072
658.6572052401746
656.086956521739
643.2744721689061
434.6206896551724
361.4895977808599
231.11787072243348
232.08746736292426
274.8103448275863
281.780172413793
290.7322720694645
317.6150506512301
462.9811866859624
752.7178002894356
936.9146164978292
996.6541244573083
1006.7933425797505
1006.950600801068
1002.0497382198952
1006.0598179453835
1048.050062578223
1034.1884944920444
1018.247246022032
981.3831089351285
992.3427172582618
996.5397923875432
1057.3287197231834
1065.0056074766353
1073.5321100917429
1082.6258205689276
1093.6017505470459
1123.448640483384
1123.134860050891
1123.5627705627703
1123.5627705627703
1123.6655148583277
1123.3547376664053
1123.2954363490792
1122.2267871815943
1084.320460147905
1028.4585045193096
1019.480690221857
992.5472473294989
846.9071487263762
536.6737880032866
324.19884963023827
256.366474938373
246.37573715248524
246.3606557377049
243.36013986013984
255.3209549071618
213.41689373297
222.38227146814404
235.3462603878116
273.24099722991696
239.33518005540168
239.3030009680542
178.5547263681592
171.4855433698903
173.31764705882355
188.19230769230768
177.23931623931622
147.23972602739724
147.23972602739724
146.65045592705167
146.58598726114653
146.00896860986546
146.99551569506727
146.4887640449438
146.41618497109823
140.5202312138728
139.53757225433523
139.57954545454544
140.7321428571429
140.7321428571429
141.2226277372263
141.25654450261783
141.3162118780096
151.26805778491175
151.2995391705069
151.3224368499257
135.39375928677563
146.34472511144128
160.28231797919761
154.31718061674005
112.5022026431718
103.5568181818182
106.54403409090908
106.39548022598872
106.44076655052264
96.76069078947367
72.82034454470879
72.82034454470879
103.74405250205086
103.74509803921568
103.74509803921568
166.5923515052889
211.5141329258976
224.49209932279913
224.49209932279913
224.4958924570575
226.49141150112027
226.49141150112027
282.3645209580839
349.1071428571429
354.094387755102
364.8609958506224
364.83067092651754
364.76490438695157
354.79865016872884
356.75261324041816
356.75406032482596
357.1373493975904
346.1672
316.2684615384615
309.287356321839
309.287356321839
309.27457098283924
300.29563182527306
300.3117378048781
300.3143507972665
299.70071942446043
313.6343930635838
317.7067567567568
286.8993630573248
286.8923076923076
286.8923076923076
224.13239074550128
196.15329512893985
274.77876106194697
296.6814159292035
321.54940119760477
319.55838323353294
333.4955089820359
598.3008982035929
905.9131736526945
917.0415472779371
913.1685236768803
913.1685236768803
913.1685236768803
953.0013927576603
951.0097493036211
1039.4935251798559
1035.9423076923074
1035.7785016286643
1029.6436363636365
1030.7606557377048
1033.474698795181
1126.523076923077
1190.0175000000002
1252.8202531645568
1252.8521303258146
1290.7970297029706
1277.1171171171168
1273.0186915887853
1361.7239999999997
1387.6615999999997
1387.6615999999997
1387.653568564555
1370.694466720128
1277.918203688853
1256.002380952381
1231.446896551724
1290.3248275862068
1279.371155160629
984.1266624445852
618.8546798029555
636.8044971892568
644.7955251709137
660.8276269185359
667.8324607329844
628.0450404858299
628.0450404858299
539.1801619433198
675.9721659919028
676.0024557956776
675.997532082922
675.988545816733
675.9299262381453
586.6816143497758
530.6253229974159
467.7722513089006
467.71389396709316
429.788191190253
429.6346356916579
429.6346356916579
340.9096705632307
314.9925611052072
318.97980871413387
318.97980871413387
318.97980871413387
319.14590747330965
319.1382405745063
379.8300921187308
321.02424242424235
372.8515864892528
349.79104477611935
539.0351089588379
510.12454212454213
508.0657395701644
491.900849858357
485.89048991354474
636.0412371134021
678.0116959064328
702.8654970760235
564.6783625730993
564.6783625730993
565.4680534918277
605.5384615384615
623.4993342210385
760.7690058479533
897.5252062328141
897.5653742110007
1109.1824324324325
1136.6121593291402
1136.8455233291302
1137.0271362586604
1137.2015789473683
1137.2109947643976
1133.2583120204606
1133.3084947839043
1133.3754770992366
1133.3676893576226
1188.3601286173637
1138.3898305084747
1138.379914732354
1084.4566556134532
1081.4535935268923
953.6363636363635
1026.5321275583055
1013.5506901475488
1013.5609640831757
1012.5534950071326
860.7495164410059
818.8104448742748
793.8467117988396
793.8467117988396
794.8107569721117
794.7021739130433
754.7017744705211
736.7253886010361
599.766757865937
455.9836916234248
455.969947407964
244.41105769230765
217.34138972809666
217.2195704057279
217.05491329479767
240.61450381679393
240.62239089184058
243.4751037344398
243.28671328671325
266.7520891364902
370.3880597014925
323.0281690140845
409.16901408450707
523.6971830985914
535.08
773.5085714285714
787.2685714285716
978.9257142857143
983.8399999999999
982.2312499999999
982.2312499999999
980.5714285714284
976.782258064516
1014.8387096774193
1174.8709677419354
1256.838709677419
1344.661290322581
1407.1129032258061
1415.6219512195123
1415.6219512195123
1426.7676056338028
1426.7676056338028
1441.6091549295772
1493.0598591549297
1493.2264808362368
1496.1951219512196
1496.904255319149
1911.442379182156
1945.849462365591
1950.4087591240873
1935.4942528735633
1899.548780487805
1889.744075829384
1797.0805687203795
1716.2464454976302
1766.888349514563
1636.4198895027625
1577.5526315789473
1306.6947368421054
1304.541666666667
1304.780876494024
1304.780876494024
1304.780876494024
1343.5895721925135
1304.7459893048128
1148.375668449198
1064.7125668449196
975.0735294117649
911.3302139037432
911.1228813559321
911.1228813559321
910.3316326530611
910.3316326530611
895.6661316211879
843.9490445859873
843.9295999999999
841.0266457680251
816.1442006269593
398.1191222570532
362.26114649681523
382.1656050955414
381.170382165605
309.51433121019113
317.4761146496815
326.4331210191083
292.5955414012738
229.89999999999998
185.15197568389058
217.32397959183677
217.23860589812335
213.8671875
214.56081081081078
214.8417721518987
214.8417721518987
177.56329113924053
179.5253164556962
172.6582278481013
171.6772151898734
171.6772151898734
173.77336448598135
174.87898089171978
174.87898089171978
174.87898089171978
174.89075630252097
189.70068027210888
195.64449541284407
199.61697247706422
241.27659574468083
241.27659574468083
241.27659574468083
296.8794326241134
403.12056737588654
452.76595744680856
644.5034642032333
684.5356371490282
745.2229299363056
880.392405063291
910.1407249466951
880.9659863945578
919.5694444444446
982.1319444444445
988.0902777777777
1205.382585751979
1632.6178861788615
1723.869918699187
1830.0
1884.5528455284552
1958.9430894308941
1958.9430894308941
1971.837398373984
1932.6060606060605
1901.375
1968.5714285714287
2029.1428571428573
2185.4117647058824
2171.2941176470595
2287.6267605633807
2396.923076923077
2399.013157894737
2528.65306122449
2695.570093457944
2659.9065420560746
2529.140186915888
2471.732142857142
2280.75659824047
2228.571428571428
2208.2084690553747
2116.1671309192197
2140.3114754098365
2103.0851063829787
2025.3938144329898
1962.8086419753088
1958.0204460966545
1763.113382899628
1340.842477876106
1249.3778558875222
1146.1124361158431
1120.6719242902207
1051.9984227129335
1101.761829652997
1147.544164037855
1247.0709779179813
1247.0709779179813
1179.3927444794951
1123.6577287066245
946.5
953.4952978056425
988.54844606947
987.8004158004156
961.7006507592191
833.331081081081
689.3342391304348
668.5054347826089
672.7599164926933
676.7701863354037
676.6346153846155
676.5969827586206
621.9525862068964
581.892523364486
527.2161520190024
527.1240875912407
525.7251655629138
525.7076411960131
524.6024096385544
500.9402390438247
496.95967741935476
497.652561247216
524.3333333333335
509.00259740259736
527.8545454545455
479.63725490196083
420.9264705882353
318.4313725490196
349.2794117647059
348.28431372549016
388.0882352941177
438.83823529411757
431.8585526315789
360.23701298701303
264.9038461538461
251.95741758241758
281.8337912087911
264.9038461538461
264.9038461538461
261.72123176661256
267.6505016722408
296.5050167224081
296.5050167224081
358.1939799331103
364.1036269430051
381.0155440414507
423.7927461139896
523.2746113989638
523.3523489932885
579.0704697986578
591.0
594.9708520179372
614.9041095890412
632.7417582417584
620.8406593406594
596.0467032967034
600.5547445255476
601.5328467153283
599.9574468085108
630.2978723404256
727.1914893617022
718.3829787234042
668.4680851063829
746.7659574468084
767.2932330827069
674.5714285714286
675.4285714285714
673.7142857142857
862.2127659574467
871.5744680851063
932.4255319148937
928.6808510638297
920.255319148936
926.2884615384614
867.8653846153846
861.2692307692307
845.25
804.7307692307693
710.5
715.0
661.8965517241379
656.6000000000001
670.2473684210526
714.7528517110266
674.9690721649483
672.9733727810651
688.6687499999999
675.9763313609467
675.0826923076924
675.0523255813954
596.5116279069769
496.0988372093023
457.7560975609756
520.7963483146068
451.09129213483146
479.9691011235956
474.99016853932585
531.75
503.86797752808997
369.5694087403599
359.6079691516709
295.85475578406175
295.85475578406175
327.7346153846154
327.86290322580646
327.95776135163675
327.96432318992663
360.8699271592091
367.84807492195625
462.5515088449531
575.1545842217483
581.1353944562899
695.7386609071275
715.3275434243176
652.3192360163712
669.1404255319147
670.9270516717327
656.2641509433963
656.0636182902584
655.9591836734693
656.6153846153848
656.7752442996741
790.390909090909
820.754716981132
920.2839506172841
932.9569892473118
893.6896000000002
895.7142857142857
835.9999999999999
836.4853556485357
854.9417322834646
860.7272727272726
860.0207134637515
854.1870897155361
802.3519736842105
802.051282051282
802.0037220843673
802.3344370860926
769.4380530973452
762.4612831858406
667.7765486725664
555.1515486725664
549.171460176991
434.55309734513276
414.6194690265487
414.6194690265487
389.70243362831854
386.712389380531
386.69213483146075
386.69213483146075
386.69213483146075
386.5358490566038
386.48041775456926
252.94166666666663
222.04154727793698
58.74641833810889
36.82268370607029
64.65116279069767
95.48014440433212
96.47472924187727
96.37687366167025
77.4879649890591
72.26999999999998
72.01793721973092
73.86934673366835
74.21602787456446
74.43324937027707
74.51508620689657
74.44306930693068
76.54970760233917
76.5745856353591
76.59115044247787
76.59115044247787
76.59115044247787
131.3003533568905
131.3113043478261
131.3113043478261
131.3113043478261
141.25913043478263
141.25913043478263
184.03478260869562
274.55999999999995
350.16347826086957
350.2252100840336
350.2967741935484
350.2967741935484
350.2967741935484
350.3211446740858
404.1432926829268
393.35416666666674
392.35833333333335
505.88333333333327
566.6291666666667
629.3666666666668
629.3666666666668
627.2961373390557
626.9067103109655
626.2275449101797
641.8650793650794
641.2743362831857
840.5892857142857
839.8092783505156
838.122093023256
838.122093023256
848.9302325581396
794.8070175438595
814.6296296296297
816.5925925925926
817.5740740740739
813.648148148148
813.648148148148
771.4444444444445
682.1296296296298
607.6073619631903
608.5674157303371
608.2034883720929
608.2034883720929
619.0116279069769
695.9509202453988
677.9465240641713
775.6350364963505
813.9013452914797
866.1280991735538
808.2038216560509
824.0509554140127
825.3083109919572
945.7984886649873
956.8768472906403
960.847290640394
957.6893939393939
1007.172236503856
893.0591259640103
942.6735218508998
943.6658097686377
943.6658097686377
932.7506426735217
1077.6246786632391
1058.771208226221
1056.7866323907458
1055.7943444730079
1050.201474201474
1050.201474201474
1050.201474201474
1050.3147699757872
1050.388489208633
1062.5890052356021
1069.090909090909
1069.090909090909
1058.5317460317458
980.2610966057441
908.6162790697675
784.5085388994307
751.8966292134833
587.6034482758622
587.0599999999998
508.58666666666664
508.07161125319686
387.8038147138964
376.83333333333337
372.87534626038786
359.61318681318676
310.39726027397256
218.93030794165318
168.17828200972446
237.87617554858937
331.43906250000003
414.08000000000004
308.59516616314204
318.56929955290616
375.31445603576753
385.26974664679585
450.0262008733625
577.467248908297
634.2183406113536
634.1938325991189
634.1730769230768
621.2307692307693
614.2618343195265
614.2618343195265
619.1770045385778
677.8856707317073
677.345259391771
711.2894736842105
784.8812095032398
784.5766590389018
784.5766590389018
797.8193548387096
810.020366598778
879.7321428571428
883.6872509960159
886.6586826347307
924.137592137592
948.2905405405406
952.0152091254754
952.3394833948339
989.9759999999999
897.8358208955223
816.223404255319
776.7077464788731
779.4036363636363
724.3545454545454
714.4454545454547
649.3513513513512
522.6486486486488
466.2263513513514
466.2263513513514
487.01351351351343
547.3952702702703
581.4095238095236
625.0283911671926
647.5187165775402
618.6737967914438
677.3517857142856
644.4782608695652
572.8059149722734
572.3312101910828
599.15923566879
604.8758465011286
592.7050359712231
526.0643564356435
522.0940594059406
525.0717821782179
487.3539603960396
467.3393782383419
462.5396039603961
463.4901256732496
354.08258527827655
354.0111731843576
355.1847457627118
364.09374999999994
543.2284263959392
614.5666666666668
706.0701107011071
748.9732620320855
796.9408783783784
805.4150664697195
816.40350877193
796.4912280701753
735.8192252510762
702.0294943820224
662.2444751381214
635.9999999999999
653.2168905950094
610.464491362764
678.0729366602689
706.9059500959693
742.6986564299424
715.8541266794626
706.9059500959693
707.9001919385796
705.1744604316548
705.3327586206897
803.8206896551725
804.0901442307693
820.9645507007418
851.0162790697673
1383.314437555359
1504.9902568644816
1520.9477413640393
1810.8212927756651
1915.5218631178705
1756.956106870229
1924.598880597015
2047.243925233645
2018.4344637946836
1970.9847715736041
1978.0050377833754
2017.8741554054056
2016.8766891891894
2029.7865072587533
2030.1470588235297
2031.1829652996844
2031.5674891146589
2003.4943904263275
1992.5257654966395
1962.592979835698
1987.5535714285713
1986.5689910979227
2017.5033358042992
2014.5100074128984
2221.04966641957
2265.930803571428
2314.727272727272
2215.952272727273
2291.893711248893
2315.675133689839
2301.3782542113318
1769.8315467075035
1707.1209800918837
1724.042879019908
1457.274119448698
1349.864253393665
1315.0929368029742
1075.8408215661107
870.6341463414634
931.2043301759132
973.2447325769853
957.4760994263862
964.435946462715
988.2982791586999
975.3942857142858
996.5150862068964
993.5112443778111
992.7748691099476
974.3965517241379
970.3106060606059
930.4621212121211
874.6531130876747
884.5977011494251
880.638783269962
1043.3003533568906
948.7508532423209
1008.4240282685513
965.6315179606027
963.7873754152824
886.8439716312058
837.0212765957446
820.0815602836881
850.9716312056738
803.1418439716313
831.268558951965
831.2833876221497
856.5433746425166
856.2930672268907
915.5144404332129
907.564674397859
832.8386540120792
789.9499568593616
789.9499568593616
732.1033591731265
709.1627906976745
709.1596203623815
687.1191992720657
686.6696730552425
728.4822043628012
728.2791563275434
727.8446043165469
727.8981612446959
727.8981612446959
720.927864214993
697.0042796005705
606.1497659906397
679.6464811783961
675.6661211129298
715.4347107438017
712.1982300884957
712.1711229946525
712.1711229946525
712.1711229946525
741.0160427807485
767.9225352112676
706.7168674698796
682.819472616633
702.2439024390245
718.9967845659164
654.5714285714287
652.5
647.8363636363638
656.3478260869564
656.6635514018691
656.5754716981132
655.5896226415095
655.5896226415095
655.7638888888889
655.0746268656717
613.7014925373135
613.7014925373135
614.4266055045871
613.9271844660193
613.9271844660193
643.4902912621358
745.921951219512
795.7106382978723
614.53125
514.6020761245676
469.71686746987945
470.0621118012423
470.6270903010034
470.71497584541066
506.67579908675805
447.24609374999994
419.3682170542636
436.3023255813954
468.1782945736435
446.2315789473684
447.36131386861314
470.34385964912286
510.2035087719299
550.0631578947367
596.6292875989448
607.5632490013317
607.6202860858259
642.487012987013
642.7526132404182
643.0434782608695
644.0925196850393
644.1
656.064705882353
687.0295519542422
687.1478494623655
703.1365638766518
647.3301886792452
575.5367709213862
506.6839378238342
504.66608084358523
504.7069846678024
531.5761353517365
531.3549382716049
531.3481404958679
531.3532440782698
495.42721518987344
495.2979452054795
485.53899999999993
468.5942173479561
436.7066929133858
407.00163132137027
388.05735056542807
399.09774436090225
383.13383458646615
358.19083395942897
311.3222302679217
300.34612599565537
300.3374908290536
265.41409691629957
265.3818745158792
265.3277169334457
271.30136986301363
272.29639175257734
260.3273195876289
229.36170212765958
267.20710059171597
251.2402010050251
251.23636363636365
216.34175935288167
157.53756097560975
157.537109375
157.52072800808898
208.36602628918098
208.36602628918098
208.2858769931663
208.2640845070422
291.95232419547085
348.6875
356.3800904977376
356.3727272727272
356.34003091190107
355.54233409610976
355.0413223140496
319.8103448275863
296.1373390557939
281.90217391304344
281.9787985865724
282.07191780821915
378.4075235109717
440.141935483871
441.2420634920635
441.58767268862914
434.6933066933066
434.7062314540059
434.7062314540059
434.6998011928429
396.8178217821782
396.8650190114069
384.8843930635839
384.86692759295494
384.8243654822334
384.83734939759034
384.8419999999999
389.89443920829405
470.67415730337086
537.4972118959109
537.5096774193548
453.7545620437956
438.82770870337475
437.8303730017762
472.7371225577264
472.7371225577264
472.7371225577264
472.7371225577264
473.734458259325
579.4506666666666
579.3965041398345
654.0911736178466
654.0743639921723
618.1306532663318
737.3851590106008
737.8624535315984
772.8000000000001
804.498054474708
810.0404858299595
852.5182186234819
852.389344262295
854.86328125
939.6401869158877
942.152466367713
943.8474576271186
945.5328467153283
944.05
944.05
858.3687150837987
778.186046511628
787.1896551724137
789.2698412698413
789.4662921348313
873.9189189189191
867.060810810811
832.7702702702703
832.7702702702703
883.7162162162163
884.8187919463087
1109.2080536912752
1021.0201342281881
1056.3636363636365
984.7464788732393
986.7042253521128
926.992957746479
749.8169014084507
747.8591549295776
710.6619718309859
677.3802816901407
671.4802631578947
629.3289473684209
629.3289473684209
625.8823529411764
540.7346938775509
558.3975155279503
557.0064516129033
552.9203539823009
551.6153846153846
552.0747663551402
552.0747663551402
552.0747663551402
478.72164948453616
472.73972602739724
479.4520547945206
402.0576923076923
443.8173076923077
443.8173076923077
448.7904191616766
462.36320754716985
461.76000000000005
292.0533333333334
276.2666666666666
239.78854625550662
237.8149779735683
236.46643109540636
248.84857142857146
248.8788732394366
248.9426229508197
248.9426229508197
248.9426229508197
248.88483146067415
263.7709497206704
333.1843575418994
365.9078212290502
400.5072046109511
381.3564668769716
394.1483870967741
407.0225806451613
407.0225806451613
406.9036544850499
406.9036544850499
406.9036544850499
404.9235880398672
407.0857142857143
421.0031347962383
376.04166666666663
333.48958333333326
333.48958333333326
332.5066666666666
290.507614213198
292.7826086956522
235.60402684563758
235.78947368421055
235.77570093457948
244.7880597014925
245.76705490848582
234.22527472527474
234.23452768729638
234.23118865866954
234.23118865866954
234.23118865866954
234.26332288401252
219.3089005235602
149.5689655172414
116.66443594646273
85.75334608030595
85.75216138328531
190.44956772334294
248.2824207492795
330.12123893805307
528.6672254819782
559.6600318471337
559.6600318471337
559.6993817619783
557.6898437500001
535.737460815047
535.8197802197803
540.8310567936735
545.820273184759
545.820273184759
523.8537117903929
522.7728337236534
522.751389992057
522.7260940032415
523.7819025522043
520.7784711388456
520.4117647058824
528.4306451612903
546.4184952978055
546.4504643962848
547.5075528700906
547.5336322869955
547.3767885532591
547.3767885532591
546.9444444444446
547.5627769571638
543.5805022156572
543.5805022156572
426.10339734121123
355.4180206794682
273.5969387755102
77.56015037593986
51.66737739872069
51.66737739872069
72.49187935034804
72.49187935034804
72.49187935034804
72.359649122807
67.35443037974682
62.409375000000004
62.409375000000004
121.84687499999998
122.83749999999999
122.83749999999999
123.0236220472441
121.85403726708076
116.06149732620321
120.95726495726495
112.37338262476894
120.291015625
123.2705882352941
295.19635627530363
302.13114754098353
306.55625000000003
306.6451612903226
351.5021216407355
376.0035211267605
531.1795774647886
565.9947183098593
719.4325657894738
719.535143769968
720.1572739187419
721.5866666666666
716.6033333333334
717.0602517985612
731.0693590869182
731.0693590869182
733.0640913081652
749.0219490781386
749.0219490781386
749.0149779735683
749.0149779735683
689.1735682819382
688.1762114537445
695.2428571428571
695.1657894736843
695.1657894736843
695.074585635359
690.0831024930746
689.8261780104713
664.056420233463
661.04039408867
487.5546798029556
480.57396449704146
476.33642691415315
476.2512195121952
431.36603773584903
421.4037735849056
337.7223618090453
343.69974874371854
204.18650793650792
204.16666666666669
203.97670549084862
237.43107221006565
238.4245076586433
237.0612244897959
220.91743119266056
232.75229357798167
230.77981651376143
215.297520661157
215.297520661157
215.33061224489794
226.19591836734696
226.44609665427512
227.1728723404255
219.98181818181814
220.40669856459334
220.75514018691592
220.7802197802198
227.130876747141
239.10112359550558
239.27710843373495
239.28071928071927
239.28071928071927
239.28071928071927
239.28071928071927
239.28071928071927
239.30769230769232
224.43936877076416
152.64363354037263
111.75616835994192
105.77947295423023
109.77115117891816
109.77115117891816
72.84812760055479
71.8502080443828
79.83527796842829
60.87872763419484
48.90258449304175
52.894841269841265
159.68274950429608
182.71598551474395
182.7208947635994
171.73833671399595
176.72880490296217
206.67706708268332
206.67605633802816
206.6593527153044
206.64330844342334
206.65365309537088
200.63762019230768
188.64294710327454
188.56882129277568
189.5648854961832
211.51450381679388
328.24656488549624
429.01526717557255
493.8991845811712
493.86641221374043
496.70424978317436
526.5182413470533
529.3728294177733
521.2852459016394
566.1377049180329
638.8983606557379
710.6622950819672
710.6622950819672
702.6500000000001
702.5058962264151
702.5058962264151
837.0177514792898
746.2597560975611
720.5549999999998
720.0164835164836
720.328125
715.3524804177547
684.3344051446946
684.5015673981192
684.6798780487804
683.9489795918366
682.025974025974
679.8548387096773
681.5342465753424
681.5342465753424
680.5479452054796
658.8493150684933
543.4520547945206
443.83561643835617
378.6187845303868
472.13114754098353
475.75
456.0457142857142
453.0971428571428
458.01142857142855
409.89204545454544
338.1363636363637
267.3636363636363
268.3465909090909
281.5078534031413
290.507614213198
311.2835820895523
247.90123456790127
246.91358024691357
291.3580246913581
362.32775919732444
380.16995073891627
392.40131578947364
393.1741140215717
417.17561683599416
424.29600000000005
424.5575620767495
424.6048034934498
424.5591882750845
424.6198704103671
424.70778564206273
424.71557788944716
424.94814814814816
425.2235722964763
425.2646720368239
425.3073170731707
330.47736842105263
323.5078481012659
362.4486075949367
363.45070422535207
358.45960863020576
358.46391239422604
358.48221153846157
358.4976679104478
363.52971576227395
350.5435630689206
341.56097560975616
320.6040296052631
246.69518716577542
231.72812500000003
186.7938257993385
115.87039106145252
130.8460634547591
128.84482758620686
128.83181225554105
104.86
219.70403587443948
257.63730084348646
362.4953660797035
437.3801886792453
437.3552502453386
437.3346835443038
437.33265617064507
437.2588832487309
437.02522255192883
436.9538216560509
557.5442708333334
604.385435168739
605.2771996215706
566.4607046070461
620.3816131830009
620.510774142059
658.4197924980049
761.0683544303796
801.8635961027459
843.3312302839117
897.1816283924844
899.277665995976
899.277665995976
899.2045454545456
898.7747318235996
898.106474820144
897.9851632047477
866.1447562776956
856.2114537444933
856.2114537444933
856.2114537444933
734.4632587859423
696.4163822525599
674.1694915254238
610.5310734463276
620.4745762711866
620.4745762711866
620.4745762711866
620.3076923076922
620.2634730538921
620.2634730538921
565.7670454545455
522.9239766081872
522.0394736842106
517.7572614107883
462.6950354609929
461.63124999999997
424.34188034188037
479.85142857142864
439.59230769230766
392.31292517006796
338.64285714285717
794.3618784530388
791.966165413534
791.5019762845849
814.2756183745583
828.5488721804512
828.5488721804512
828.4410646387834
828.6542750929367
829.5637583892618
829.5637583892618
831.0166666666667
831.1311475409836
749.0861618798956
738.7605633802817
738.7623574144485
758.6482889733841
802.8402061855671
805.9090909090909
829.8230383973289
921.5193548387097
879.8432601880877
875.782747603834
875.6073211314476
869.7296416938112
869.7365853658538
871.7128874388255
879.8819875776396
740.9959623149393
812.6648501362397
812.4158125915079
827.7326343381391
396.4789808917198
400.4675984752224
401.4657360406091
500.0839694656488
567.1465798045601
634.9473684210525
668.9789156626507
703.8649193548388
703.8453713123091
710.8240081383519
963.8501628664496
1069.4781181619257
1120.240802675585
1120.0515222482434
1110.5636604774536
1090.6432360742706
1046.4828080229224
1170.8571428571427
1170.8193832599118
1189.0456431535272
1164.8533724340175
1164.8306332842412
1174.8917748917752
1182.7588235294118
1285.2960235640649
1285.2960235640649
1276.585
1256.4008016032062
1250.7891304347827
1258.7380497131933
1245.6953642384103
1238.244813278008
1294.8050314465409
1341.4213483146066
1244.5770750988142
1160.5390835579515
1092.8421052631581
1057.2121212121212
1022.5656565656565
1023.580547112462
1016.644376899696
764.9604863221883
712.4437689969603
662.46408839779
662.5691056910568
663.6810344827585
719.2409012131715
725.2487135506004
610.3653295128938
654.2548746518107
546.4854961832061
558.4955357142857
662.040059347181
652.0227272727273
644.0590909090909
541.5272727272726
539.5363636363635
539.5363636363635
545.9294710327457
515.12
510.3412526997841
507.37206823027725
486.369710467706
455.47666666666663
408.5357142857143
401.56071428571425
401.5925494761351
401.6006944444445
401.5990730011588
401.58926487747954
401.49813664596275
401.49813664596275
401.49813664596275
348.6956521739131
348.63989637305707
348.6274509803921
348.43283582089555
293.4111310592459
313.2849364791288
386.3233944954129
318.6850961538461
316.6995192307693
343.34526854219945
242.1134020618557
246.08247422680415
246.08247422680415
248.06701030927837
251.0438144329897
251.0438144329897
244.0826771653543
208.1614349775785
198.3728813559322
192.05405405405406
199.35384615384618
173.40624999999997
179.27835051546393
220.9484536082474
219.2307692307692
218.63013698630138
218.63013698630138
218.88000000000002
236.16
248.64000000000004
364.8
516.4800000000001
602.5714285714287
611.2207792207791
611.2207792207791
617.9480519480518
759.2207792207791
692.8863636363636
700.7045454545456
714.3863636363637
676.2727272727273
688.1478873239438
829.1056338028169
1110.6918918918916
1230.4782608695655
1233.397727272727
1233.397727272727
1234.3892045454547
1234.3892045454547
1287.928977272727
1309.741477272727
1324.1428571428573
1323.86835443038
1317.8883248730963
1260.5118110236224
1261.3145869947275
1261.9810126582279
1261.9810126582279
1261.9619047619046
1244.047619047619
1247.0333333333335
1127.7465224111286
970.4791344667698
882.8802816901408
878.8980070339976
921.7467760844079
922.7432590855805
750.3854166666665
745.2262051915947
756.2566265060241
742.3137019230768
754.2737094837936
741.3075995174911
593.8431845597104
345.67557251908397
230.99856115107917
227.89014539579966
227.89014539579966
226.89499192245555
226.89499192245555
176.15714285714284
157.33145275035258
154.32510885341074
173.34174022698613
173.3672727272727
173.40478905359183
173.36029411764704
173.37259615384616
173.37259615384616
173.45225603357818
173.45850622406635
158.50723140495865
157.5088082901554
157.5330049261084
157.47333333333336
152.51684210526318
109.65299684542587
101.67823343848579
101.67446808510638
101.71823204419891
82.76663542642925
82.7661971830986
97.72368421052633
194.4470699432892
241.31379962192818
219.37618147448012
228.35066162570888
228.35066162570888
228.35854341736692
228.36270871985158
228.36270871985158
226.36176194939085
425.7034412955465
515.3049180327869
514.0380228136881
514.9511228533686
584.020304568528
613.8680203045684
634.26171875
649.173828125
647.9897698209719
647.8447368421052
672.590425531915
704.1160220994475
703.173076923077
837.4227272727272
835.8934911242604
915.3640167364016
1044.5045045045042
1046.3990384615386
1043.7999999999997
1044.1187499999999
1045.6127320954909
1019.0387596899225
923.8274336283185
878.4327586206898
867.8932496075352
856.945054945055
856.945054945055
856.8605769230768
856.8136142625608
856.8136142625608
855.8520900321544
654.1057268722467
554.546255506608
727.9371508379888
862.7113924050634
792.9772151898734
763.0911392405064
881.6936488169364
866.7975460122699
1073.3491525423728
1112.233970753656
1086.3340807174889
1088.4812030075188
1305.8977035490607
1167.352024922118
1174.3302180685355
1140.574850299401
1094.3722466960353
1175.7090909090907
1404.6114649681526
1510.2284263959389
1599.4090287277702
1739.7309292649097
1834.5716463414637
1832.5284090909092
1859.0828025477708
1898.8280254777071
1909.2865853658534
1978.2097649186255
2048.4770017035776
2302.998415213946
2306.3225806451615
2310.8006430868163
2320.7312775330397
2129.0972222222217
1992.567708333333
1992.567708333333
1993.034825870647
1858.7980295566504
1858.6130653266334
1756.0037735849057
1717.1501901140687
1717.2060491493382
1809.8737270875765
1617.6305732484075
1668.1909871244634
1690.0493562231757
1645.0196629213483
1564.7022471910116
1483.4285714285716
1272.4836065573772
1182.4670329670332
1093.6650485436896
954.9478873239435
859.5617529880479
859.7677902621722
844.8553770086526
862.8317073170733
862.7525
866.4682002706359
797.5914893617022
543.5368421052632
540.4546874999999
535.5433789954337
526.415309446254
526.6730205278593
526.7679324894516
526.875502008032
526.7958333333333
521.7890295358651
521.7921348314605
417.22708039492244
417.22708039492244
417.444306930693
290.9144981412639
286.95018226002435
236.16647127784293
205.5544340302812
205.5904572564612
205.59475409836062
206.6580396475771
189.70327954190526
177.69693530079456
235.63316062176162
262.6156843643449
400.40563241106724
415.36842105263156
472.28441754916787
415.3830944142363
655.0267062314539
583.1390663390664
582.1405405405404
582.1409626719056
582.1409626719056
582.1289840637452
585.1196795192789
585.1062531774276
585.117469879518
585.1170266197889
585.1305637982194
650.032689450223
678.0849056603774
678.103038309115
678.1219827586208
678.0828455650607
677.1148825065275
656.1522580645162
656.1474913494809
655.8914510686163
655.8507288629737
655.8620092378754
654.6557377049179
654.5486725663718
654.5090909090909
596.3388888888888
568.0434782608695
430.6139037433156
415.7208588957056
345.91900311526473
344.9298969072166
95.7102615694165
95.70642201834863
95.71286141575276
95.71142284569139
95.71142284569139
275.1542390194075
353.90657084188905
370.8051391862955
441.48633257403185
556.114864864865
643.8076923076922
599.2779369627507
595.1186974789917
681.9723320158103
686.8668730650156
686.862461220269
686.6775280898877
686.5392857142857
686.4884568651277
686.5796252927402
686.4354838709677
686.5215827338128
686.5215827338128
686.593713620489
686.593713620489
686.7483660130719
686.7285714285714
686.5245508982036
686.3901515151514
686.3901515151514
686.1839237057222
686.0928270042195
686.0928270042195
714.8737300435414
818.420899854862
1023.7811217510261
845.5157318741449
775.8030095759234
895.3105335157319
840.5362517099863
746.8922651933702
731.8500000000001
713.4679802955666
689.9560761346999
608.300441826215
612.4339360222531
612.423184357542
612.423184357542
627.3603351955309
670.1801675977653
672.2818791946307
672.3769430051813
672.1518987341773
672.0524017467247
672.1398305084745
672.2107438016528
690.8785607196401
739.6531531531531
843.1846846846846
873.0495495495494
874.045045045045
972.599099099099
977.5699248120301
977.5699248120301
948.7007518796994
845.1699248120302
641.8940609951846
640.8988764044942
637.9133226324236
568.250401284109
682.696629213483
710.7197549770291
639.455746367239
641.6029776674937
640.8888888888888
635.3134615384616
748.23417721519
800.8879492600422
827.7167019027485
909.1966173361521
984.165029469548
981.3986636971047
982.9453681710214
1043.8013698630134
1140.6723404255317
1184.0178571428573
1191.9821826280627
1174.4872881355934
1155.19140625
1052.2499999999998
1035.786310517529
1043.8409836065575
1085.6344262295083
1162.5674418604651
1234.2325581395348
1332.7720930232556
1353.6842105263156
1384.5402476780189
1384.658054711246
1375.9825834542817
1309.2743105950651
1178.9617021276592
1129.753466872111
1135.067590987868
1135.2559055118109
1162.069169960474
1234.6363636363635
1116.6791744840525
1153.4709193245776
1222.082551594747
1132.5891181988743
1014.8370221327968
1014.8370221327968
1012.722792607803
955.8595744680853
861.0616438356166
816.9485294117648
808.7146529562983
807.8950000000001
778.8671874999999
778.4401114206128
764.576923076923
755.3953488372093
615.8006644518273
533.9097744360902
462.72180451127826
364.8383458646617
344.16176470588243
316.4835164835165
316.3218390804598
315.8260869565218
316.41791044776113
316.1904761904762
316.1904761904762
308.6728110599079
302.1518987341773
275.6645569620253
204.05063291139243
201.07177033492823
112.36363636363636
17.741626794258377
10.842105263157896
19.795221843003418
43.622857142857136
43.631284916201125
39.66480446927374
37.68156424581006
37.68156424581006
37.68156424581006
58.453703703703695
59.39999999999999
60.35789473684211
79.15789473684212
278.04210526315796
319.47120418848175
361.5349887133182
492.64108352144467
620.7674943566592
620.6995412844038
615.7339449541284
620.6995412844038
621.6926605504586
623.2663316582914
624.2587939698491
626.0958549222797
626.0958549222797
626.0958549222797
626.0958549222797
626.0958549222797
627.150895140665
630.9639830508474
631.4656771799628
651.3543599257885
641.7406593406592
617.759090909091
622.7152619589979
625.018987341772
625.018987341772
625.018987341772
625.018987341772
604.1600000000001
603.865748709122
646.6437177280552
890.9070121951221
805.3003048780489
796.1290322580646
888.3837837837839
852.5390835579515
726.1961538461537
779.117936117936
810.0256097560975
810.1738122827345
812.1668597914254
810.1803468208092
812.4344176285415
923.0910994764399
924.0910041841005
971.9403765690378
1038.7301255230125
1038.7301255230125
1115.1546391752577
1118.746212121212
1118.794007490637
1098.8740648379055
1100.8717310087172
1110.2533632286995
1240.779661016949
1380.111764705882
1417.9776470588233
1418.267184035477
1418.2724252491691
1446.1572438162545
1514.626679462572
1470.8989805375347
1207.3886679920477
1093.7351190476188
1065.613516367476
933.3302872062665
837.6976439790576
835.5330578512395
782.5924855491329
751.6934306569342
746.4953271028038
743.5093457943924
743.4984375000001
739.9565217391305
627.6731107205622
626.6725352112676
578.9260563380283
512.2799295774648
512.2799295774648
434.6919014084507
427.72887323943655
427.3886639676113
427.3833671399595
445.31199999999995
450.7101449275363
366.57768052516417
456.98030634573297
427.1772428884026
428.24307036247336
549.4551282051283
520.6689189189191
507.50357142857143
506.66666666666674
506.61410788381744
505.57322175732224
505.8804780876494
612.589641434263
612.589641434263
620.4940239043824
620.4940239043824
636.3027888446217
668.3759398496242
673.9285714285714
726.0487804878048
750.3861386138614
764.9922077922078
769.1582914572865
770.3357664233575
770.3357664233575
770.3357664233575
770.3357664233575
770.3357664233575
770.3080684596576
770.3357664233575
758.6070588235295
743.0868421052633
709.626112759644
480.68249258160233
472.753709198813
508.7728813559322
405.8445945945945
404.8319327731093
349.53781512605036
349.53781512605036
349.7004048582996
349.7004048582996
404.7659574468085
297.1574468085106
309.99148936170207
334.6723404255319
351.4553191489361
355.404255319149
418.2181818181818
412.58
380.9743589743589
438.16279069767444
524.0581395348836
531.5183246073299
532.5060240963857
534.1148036253776
535.9490566037737
536.1176470588234
549.048128342246
549.048128342246
549.0375670840785
540.9608938547486
540.9608938547486
523.0885608856088


