Rainfall Prediction

600.9039717921515
578.9039717921515
605.6852625328714
614.592715786771
620.0543754223723
621.2674003601018
619.6250540444148
621.0443456329648
631.5164213087019
648.4104015842087
625.9257006585942
625.6755128492288
625.3748823457354
625.3748823457354
625.1407323737468
649.7151900847962
625.1407323737468
621.4214065835015
646.2601200830383
532.474459143316
462.7500450331146
389.8079437540148
202.86145405803612
178.7376400898822
176.1661769504282
192.3552936977165
191.18328999070584
191.05516889687803
187.3498545469301
180.43027640928776
174.87430780260982
173.62309749572418
220.69374697387101
218.3538770297411
209.13058038152894
203.5708645674686
189.47377688212808
182.34949493441113
183.8412257253453
171.3761077471511
174.90397179215154
177.90397179215154
350.90397179215154
357.90397179215154
361.90397179215154
361.90397179215154
406.90397179215154
431.90397179215154
587.9039717921515
622.9039717921515
776.9039717921515
776.9039717921515
776.9039717921515
777.9039717921515
772.9039717921515
772.9039717921515
786.9039717921515
786.9039717921515
788.9039717921515
804.9039717921515
804.9039717921515
804.9039717921515
804.9039717921515
744.9039717921515
743.9039717921515
750.9039717921515
750.9039717921515
750.9039717921515
750.9039717921515
745.9039717921515
745.9039717921515
719.9039717921515
716.9039717921515
542.9039717921515
535.9039717921515
531.9039717921515
531.9039717921515
486.90397179215154
476.90397179215154
392.90397179215154
398.90397179215154
286.74180512821
286.74180512821
286.5270275984101
315.5861736798362
316.33910214566106
316.33910214566106
303.2922217364553
313.25509375970614
307.32119478932526
295.74195198329653
288.393482754947
295.2236618326367
299.72372124902967
299.72372124902967
306.6906895897861
299.3945644535618
292.5143291571257
292.5143291571257
292.5143291571257
298.6939679741687
311.04759952353186
311.04759952353186
311.04759952353186
318.14872263814505
318.14872263814505
318.14872263814505
318.14872263814505
318.14872263814505
307.82994481600076
235.67228573594403
194.70535819907226
188.17975399107146
192.53122906491097
192.53122906491097
158.76667372304894
161.3869214711384
168.6190369098978
150.45595752732063
154.80742568565176
160.3843563341854
249.72887696652583
271.3208260783985
267.68734209445284
251.93687242532062
257.22339267059135
283.7470876825966
283.7470876825966
283.7470876825966
283.7470876825966
277.0564939417154
270.869684171878
264.94502311880797
264.94502311880797
265.99034640602383
282.21053402311094
382.90397179215154
483.90397179215154
548.9039717921515
548.9039717921515
551.9039717921515
581.9039717921515
584.9039717921515
576.9039717921515
621.9039717921515
694.9039717921515
766.9039717921515
766.9039717921515
758.9039717921515
758.9039717921515
758.9039717921515
893.9039717921515
802.9039717921515
779.9039717921515
779.9039717921515
779.9039717921515
774.9039717921515
744.9039717921515
744.9039717921515
744.9039717921515
744.9039717921515
744.9039717921515
744.9039717921515
744.9039717921515
744.9039717921515
743.9039717921515
721.9039717921515
604.9039717921515
503.90397179215154
438.90397179215154
533.9039717921515
537.9039717921515
517.9039717921515
514.9039717921515
519.9039717921515
470.90397179215154
397.90397179215154
343.9567824262925
326.90397179215154
339.90397179215154
348.90397179215154
369.90397179215154
304.90397179215154
303.90397179215154
348.90397179215154
419.90397179215154
436.90397179215154
448.90397179215154
448.90397179215154
472.90397179215154
479.90397179215154
479.90397179215154
479.90397179215154
479.90397179215154
479.90397179215154
479.90397179215154
479.90397179215154
479.90397179215154
479.90397179215154
479.90397179215154
479.90397179215154
384.90397179215154
377.90397179215154
416.90397179215154
417.90397179215154
412.90397179215154
412.90397179215154
412.90397179215154
412.90397179215154
417.90397179215154
404.90397179215154
395.90397179215154
374.90397179215154
318.2505556573439
302.812666945597
263.5664817484795
204.585928919585
218.79724123562653
211.56091723060757
214.8943565928054
197.05354191736944
282.15018304338685
311.90397179215154
416.90397179215154
491.90397179215154
491.90397179215154
491.90397179215154
491.90397179215154
491.90397179215154
491.90397179215154
491.90397179215154
612.9039717921515
659.9039717921515
660.9039717921515
621.9039717921515
675.9039717921515
675.9039717921515
713.9039717921515
816.9039717921515
857.9039717921515
899.9039717921515
953.9039717921515
955.9039717921515
955.9039717921515
955.9039717921515
955.9039717921515
955.9039717921515
955.9039717921515
923.9039717921515
913.9039717921515
913.9039717921515
913.9039717921515
791.9039717921515
753.9039717921515
731.9039717921515
667.9039717921515
677.9039717921515
677.9039717921515
677.9039717921515
677.9039717921515
677.9039717921515
677.9039717921515
622.9039717921515
579.9039717921515
578.9039717921515
574.9039717921515
519.9039717921515
519.9039717921515
503.8562831008077
537.9039717921515
519.1953147708092
470.0913258457409
414.7761627079049
854.9039717921515
854.9039717921515
854.9039717921515
876.9039717921515
891.9039717921515
891.9039717921515
891.9039717921515
891.9039717921515
891.9039717921515
891.9039717921515
891.9039717921515
891.9039717921515
808.9039717921515
797.9039717921515
796.9039717921515
816.9039717921515
860.9039717921515
863.9039717921515
887.9039717921515
979.9039717921515
937.9039717921515
933.9039717921515
933.9039717921515
927.9039717921515
927.9039717921515
929.9039717921515
937.9039717921515
826.1511658438118
899.3981063241589
899.3981063241589
914.6513073332071
488.72396521116855
492.88656114682567
493.9270985560603
589.2477559742791
658.1999764326814
717.1890240422832
751.8280125697197
787.4703275867093
787.4703275867093
794.5970028973259
1020.9039717921515
1126.9039717921514
1177.9039717921514
1177.9039717921514
1168.9039717921514
1148.9039717921514
1104.9039717921514
1229.9039717921514
1229.9039717921514
1247.9039717921514
1223.9039717921514
1223.9039717921514
1233.9039717921514
1241.9039717921514
1344.9039717921514
1344.9039717921514
1336.9039717921514
1317.9039717921514
1312.9039717921514
1319.9039717921514
1307.9039717921514
1299.9039717921514
1356.9039717921514
1402.9039717921514
1305.9039717921514
1223.9039717921514
1155.9039717921514
1121.9039717921514
1086.9039717921514
1086.9039717921514
1079.9039717921514
825.9039717921515
772.9039717921515
721.9039717921515
721.9039717921515
721.9039717921515
776.9039717921515
782.9039717921515
666.9039717921515
710.9039717921515
602.9039717921515
614.9039717921515
718.9039717921515
708.9039717921515
700.9039717921515
597.9039717921515
595.9039717921515
595.9039717921515
601.9039717921515
570.9039717921515
565.9039717921515
562.9039717921515


