Rainfall Prediction

1127.6012033565676
1130.9028235667952
1188.6514142853475
1303.1926182475406
1308.9830992961004
1307.7376733496706
1311.335142235574
1311.8008563494814
1310.649171623314
1304.7849949941194
1297.3302241111207
1220.2075740797766
1076.9223992251154
923.1244922974972
796.0265572564847
554.9097399364243
395.41039958994185
491.02357314705523
475.6809201682566
201.00240535620307
185.90499700860641
124.35583303312555
96.68206303514704
252.38086977030719
558.6899466990362
579.1261117179869
580.5779922367971
636.3579519952347
638.2892703366465
582.9673258719961
552.0401870775094
572.4653378215004
584.6722481513847
778.1908362462212
762.1841701332986
566.0067176847424
722.1073361030162
759.8238652160032
715.967533386618
735.9093156825661
799.11271843535
896.0177336727902
660.8956796836875
1019.5538569402985
1113.0768702732287
1246.2929309311135
1283.5040072179897
1294.0257763376294
1230.550607898448
1277.9949796949365
1184.5646166725417
1221.9300359243807
1188.1364832656905
1093.304324444779
907.7745367141864
509.5493891716846
865.4422926010423
1024.0399103464224
1277.6248649181528
1249.375589133499
799.2570025960486
1197.1538227261387
1160.5733803457392
1216.8813338192213
1217.3413100977716
1233.346180011344
1180.7455947834144
1231.7948160477279
1215.7564711774314
1222.0810783783384
814.9644903048726
1009.6948231010917
1077.0088189359815
993.8642347554204
947.4939164289254
851.047148486354
639.9894285601083
665.2600315003252
663.3266966557323
690.338529226726
724.5065431628415
727.4776443881559
722.3816728932331
725.0032612232517
716.8682424753936
714.9390927397336
702.8012437764922
496.24328605540234
229.0293989744274
76.87232127610595
68.87890366492479
71.84467242884082
99.84505602360862
101.65305073433369
59.967576976482775
0.0
91.18979751849444
94.13466487482071
94.57543873633139
96.09699729447915
115.88339142123978
117.92954485957024
108.14562201969227
117.0650985293165
192.8053382416691
220.12168545660845
216.92872691669268
192.91026129438086
247.84527112515315
240.32170621481922
258.1156637556215
55.75495856786928
87.76552228220109
225.01041414561115
149.10539229309978
197.23968427523613
177.0833820743715
102.50007798920313
229.95479650887742
260.77247326080817
272.1325027145524
273.4167524343818
262.62461914212025
235.73061356003234
0.0
252.49530562751
243.5859812567193
234.94775830646756
263.2442728599088
318.04865249126294
389.7923729525454
360.70560074589395
341.8790376333527
341.3692994308217
331.4017034373833
254.98678016164695
123.71682123109846
98.2636298760545
175.92535116976353
165.58705014483223
161.4943771790008
113.26187345533667
93.80872157639837
64.84062935875886
76.7170519695918
78.82313289554017
69.13554629663827
58.5144822383587
62.31053189939093
58.149642356853356
37.94000883324613
10.910899554347012
175.07871152114646
276.10200076520266
286.97852790867364
353.08333592763347
420.22617585124397
568.1286687578352
649.5242324350166
633.8854730802345
569.3826503188113
575.2147203582381
584.8068313916452
596.93228441728
592.2307715311244
607.4037444221832
539.1052606825173
568.7794308443629
521.2632200049982
605.1362016861101
636.472411361697
660.3624320709919
626.4043872846513
641.895580209399
732.4025211237222
733.6931800010673
744.2996077267767
791.5884759375672
798.2479225309294
989.8709802747202
1215.829708785124
1270.8505326906643
1283.6243814110076
0.0
1096.0831032368692
1272.0733912961384
1230.9951579228934
1323.3378920208697
1151.1797283322533
1109.1437897831024
1080.313931175428
1122.318232455289
1115.6106818521275
999.48486687053
782.5811444403419
1019.2399134049965
1006.2495706819357
1095.4623351249263
1087.5598339580129
1059.4944366339234
1021.6767355363515
937.0533164668338
913.2056758507715
954.1063448807685
936.3759751893494
941.975176416645
961.860626654756
965.8935987903076
906.7184981899481
960.9498996608515
858.6955498508964
638.2984368215489
594.5357369264273
580.0001347201505
465.69303290640823
458.5080191269559
225.74168927635114
214.36139391958682
145.37527086083816
150.71260085739877
107.37986195295996
98.06526906681418
102.68772445279677
89.88383104262134
99.43243784931288
258.0178984784552
251.16630048631856
455.17495238502596
478.00315527794515
191.58956679571753
247.88282089515303
251.21961511318113
290.85032263777566
600.3541989296743
517.5798164038323
575.0831816077347
604.8839886828398
567.8188671141015
581.1794542881703
569.0202186008949
449.65579783259466
473.76492240538346
941.689384946659
972.9377416901912
975.5442698529581
1007.4217455060871
1011.8917465660838
900.7168597433488
906.7680663134131
1090.8596280717065
735.3098165555926
429.6434667108199
731.7821872518158
1070.4656097956156
678.9730078041046
948.9888614985832
799.2936122343285
894.5120650541885
329.980180962444
707.40147873622
662.2294460617503
660.5625025947575
639.9919402136595
641.0460556462078
861.9741031640024
718.4284560166285
894.372472633572
908.5860089549249
955.4223612142208
1104.4383655775903
1022.3389623319239
1123.877060328008
1133.5172972706862
552.5819220607624
548.3383825889911
600.5591830390999
609.2527130756653
634.6384589818226
606.3170808890059
604.8409552633519
497.3791303136998
482.1761659924004
488.0041142907062
481.48637909285674
480.6962983429568
428.0019634204803
457.1109671545517
462.8004353064241
510.60901980341896
554.4738992088118
533.90259890541
531.0757767662336
517.3896244949085
520.8889247915541
0.0
171.87544356964582
176.09521008831655
81.4904227129978
117.75663332464673
264.8931528385283
586.8757341578272
952.7078283258969
988.8066705476895
1003.1085956176831
1032.7888776747304
1123.7958355931376
1049.1965674469825
1052.1617227934726
1079.8171278349575
1138.278597423857
1124.835092071119
1129.8443413666084
1135.0739640498332
1150.2020184155203
1302.6683564385526
1309.8800027196125
1355.2414173989416
1472.4253460624277
1529.227609201803
1512.123716282721
1524.9764555301936
1598.5787982745662
1624.4528234622005
1871.732898632514
1874.9269476427444
1869.96195336765
1867.6735259820737
1924.7079020648318
1902.7294677019147
1885.8232420726072
1784.3138885923183
1248.7172423913971
1078.5568735782686
1063.7102977980396
1014.9849060446336
984.9328219283002
865.2983356049718
844.9313214802497
839.8568687141786
844.8331079774466
849.0772909869912
841.7490739891205
713.8964630385037
864.2613707137978
908.8222571164109
841.4308397981779
849.6018506705757
822.9097514988397
711.5042362584205
619.5954725059145
578.7024733818741
553.4448674722004
463.674733893721
504.0554857956395
334.92272558009347
376.66087583105343
349.80766654536353
392.11628084046043
351.4214340838698
516.3586447102421
583.517182341269
590.3328430117951
182.98582130413388
794.6093587672668
874.221718043742
990.0374788117439


