Rainfall Prediction

570.5218210679833
553.3112118173179
592.6034644768988
595.7375202116717
599.1809672083248
600.3809816048492
598.2862632190701
599.4225099214609
610.0157811190061
627.8206839964125
615.5276278184623
615.6802789062643
615.4290505698717
615.4211496716946
615.3964859397827
615.2698751356281
615.0318613205444
611.2777950051077
611.7487472645843
493.44251053159496
421.63233691218613
339.6403359742644
143.08682373784364
118.82970271346207
119.90954437473277
138.41252310922135
136.227023087142
136.3437456248384
125.75984813379485
119.1193863478567
108.08417585723333
107.68889963671663
163.49510550060822
159.43614435075787
158.60550774211669
154.66630194871928
153.81375519945604
145.59579706815623
153.07307755677755
140.65245254003298
145.1917342915595
142.30882525448652
316.124603869446
325.17536578457054
330.00922545280724
319.39992861285657
363.33816368997356
387.9835422252387
543.9080766964871
590.4267190758403
744.634537034529
743.7009284262981
744.9889543147307
745.9889543147307
741.0994821447817
741.1655431046491
750.6969214928913
751.6123586721957
759.8180792009133
775.8180792009133
762.5131790976571
762.5150972879266
762.5150972879266
717.2973371114052
717.1965284318259
725.5793908804103
725.35620640063
724.8869647914261
725.277966067527
720.6490026255852
719.6057726716822
695.5922899591739
691.5013444017932
515.2727333341492
509.4845622647097
505.3149041511854
496.49655573142957
469.6165853855613
460.3834155039194
378.14663187605174
386.5936655586459
246.6321584354677
246.6321584354677
246.4633979023332
280.4633979023332
281.4633979023332
280.89357409255183
264.94564102581955
277.63056448271584
273.30843736368263
257.30843736368263
252.39176776336487
252.39176776336487
264.89575109301876
265.56013283632257
266.11869066013645
259.9272107235855
259.5014498242705
258.7683824417292
257.9133356998361
264.42863192434976
277.12544718569075
277.12544718569075
277.11104121171167
277.18302532596925
277.2692562128639
277.62161833195006
278.770523735291
273.9690202418867
258.12149865321203
174.39944275378573
135.1853448529385
130.2789180875835
136.08201648279191
127.93702844286028
92.4035005179121
90.71661771659342
106.76168890734347
86.11675518257404
84.45629286275651
90.28606057057281
197.25545931312644
220.2229728998697
220.38380514136816
182.55685905996933
187.28144718029938
217.28144718029938
216.64248865933368
215.603152736832
242.1623096596337
222.9021760873135
216.90456469223034
204.93716430513356
205.79984804497664
208.81440226648445
232.98015329467248
366.29927397297195
467.09610094984987
530.9264296809758
530.5456461372265
533.5467026727969
563.5482902191009
548.9124575807472
540.8968624196217
585.4548196299547
673.8691894600817
725.4006703708841
726.1759118060716
715.8060766173771
716.4355276161891
723.1584920614358
853.9378719447307
760.6325931256259
736.9725348945591
740.5737045824873
735.4243847011697
741.3473985203436
714.3317866321054
716.8960515061724
717.6277143545805
705.6961727632146
721.6900314479357
721.678449423634
702.1409014248396
702.5043169877686
719.5453445378931
697.4867410065901
582.2232889850394
481.44960422948907
416.459433475214
499.51445670722546
502.9220878257408
485.51781911320785
500.7691975266242
487.2170679772248
436.6277346065694
385.59568267152713
315.27938693287655
316.28755826294116
329.3292041861552
338.3292041861552
359.3292041861552
294.29935735447833
293.29935735447833
338.3024536297755
409.31003943770196
426.44837268669903
415.70499068325734
410.10900148504555
455.8025940191829
462.0975251713039
439.0851748886358
433.8096973494785
463.5100197486478
463.71196119675074
463.130668311728
458.0449380987649
458.2638953929941
456.3881348046487
455.29109602334694
454.75143503889535
360.7500194802566
353.72051199454665
375.43017898748695
391.111250625288
387.75610813431115
386.99449156734283
386.06079355274784
388.4506534061989
392.814400714998
385.7313930425949
376.02400738324604
355.02400738324604
279.1198021826022
266.97443154204467
224.4838550248945
152.80483579930984
166.99240790138572
165.31180498390103
169.32082059086906
145.01584404826082
260.0158440482608
298.6633239628536
403.74203392676696
474.29457625676724
457.26429219498993
457.26429219498993
457.3936317840148
457.4964856775253
456.33033137617224
479.2971750091117
600.2984826734468
647.2945671473043
648.8973364489192
609.8977551169078
663.8256008662016
658.0850035982656
692.4285269396714
797.1259854460554
839.4553068528301
879.9793853910123
916.9655517154528
920.7417912279361
919.0711563933983
927.4838062425506
926.268667656465
921.306939203154
920.016178980441
892.043266712553
878.7335053078988
865.5598921258177
867.0906716191034
744.0230909016849
712.3105931179373
688.6470314162718
622.8627434242217
635.9336804588419
632.896642873106
636.1862915754594
636.1862915754594
637.5832876124343
634.5596260521911
579.0252532318198
536.1227904662958
534.9736291562763
533.266755012917
477.67150828755223
494.04713094405827
459.7501933880927
510.19345743000986
451.8441165751974
415.87544166330724
379.6838758569334
840.2218215660645
840.0674213615566
840.0674213615566
862.058280482129
873.751805741516
877.123228553307
875.140594734594
871.2238216397542
870.7960209832963
874.0484031357196
873.8145686575764
876.4953588288506
788.340969712131
777.340969712131
777.7018692261003
798.4443820003182
846.562412581881
848.2026248390769
874.4955689967377
966.7924062821584
924.7924062821584
921.2120608611225
920.3616246710051
914.3616246710051
913.910702932049
915.41817312376
930.6051171911083
789.6889243992056
860.1087008121797
855.4835118185814
869.4363582842291
435.921786881459
443.53447664177935
445.57587345021057
546.1838375124756
610.474749278776
674.7956216085693
711.5738966985841
749.0023987656874
749.182188320216
748.6112668680339
1006.2344436723556
1108.9411174135969
1166.020319003551
1168.699480092583
1156.2250911565322
1134.203983095379
1088.5049835914824
1218.781891151045
1217.0333638122574
1234.9342547899282
1209.8221809046086
1215.7261340620837
1225.236124701288
1232.9305910121923
1335.9188051976964
1336.130557168826
1322.270217242721
1302.7891563366445
1296.5193405871316
1304.6999231189525
1297.9675289900254
1289.7627393966172
1351.5403897248693
1396.6212163400062
1298.1183208657353
1215.3922133435349
1147.3922133435349
1089.4954258995754
1049.6298852502916
1049.1871238518447
1044.2471364142025
806.0111112071319
752.8455766841895
699.2164381509904
692.8007799732586
691.7539941638997
754.5340213252402
761.5480918863116
632.1363417214789
689.1936206237909
587.7800385120107
600.9506309831743
705.7576374248123
695.7718381328258
687.7134068150149
558.7085549434263
558.1561181909533
558.6159390393448
565.7632373409734
538.2979624486813
533.4308184699478
550.2220808067465


