Rainfall Prediction

769.8895327660708
837.582797651195
924.2260238875302
930.9665459314058
964.4007889497728
986.2162634607827
1029.41809912608
1022.2563623383855
1072.912654285792
1088.4320599919902
1104.3477078895949
1203.8443728000434
1255.5880469328163
1244.9792370021241
1231.3600150872321
1244.6639350563125
1253.06760867025
1289.2820991728015
1301.5537397069488
1337.7925716148218
1308.8440825471728
1299.653315140676
1250.2628381757127
1214.2233558206135
1215.561510090659
1207.3468162643826
1200.2640249272351
1162.2834731515836
1168.888673570755
1099.7546423463352
1041.7244257039404
1022.1190018789089
907.2373451398468
781.2966805847275
784.6900333766314
691.9395783480128
698.1727907770066
685.3749577157511
702.8335875062403
732.1684485757971
746.6740355106513
736.8449755896609
707.0157777108338
666.1384639490343
633.2962055085217
611.029828370211
587.1341978316004
559.4420219569703
536.6639058277581
531.1264180703586
488.7384525721774
468.99791236597366
462.56011582732157
462.99682831670316
471.01966771192997
461.82455483770366
474.1065671532859
452.2245643334515
444.31104470850346
433.8825765601009
492.9139658465968
510.6353667111164
493.02868037998235
458.3682745063021
423.1940710355731
452.60921358267075
465.23725550381573
464.128031486729
462.136600901613
438.27856718705794
396.72416042759147
453.1567134251471
452.275477655421
451.5043950542459
450.28877090805855
448.50326802991856
446.06165097637285
449.0057290806215
473.5700043130032
511.4643081791907
527.4299166686795
550.7974859659571
550.3044067278722
550.1802804003578
580.9183238323178
594.2391973518879
590.0519282166118
570.2835730400196
566.6261214965974
573.4944697587136
537.6573984502145
517.6546545064358
552.1170416413754
546.6275701435071
567.8881697528437
595.2592562308515
530.1543216523869
522.8299901748054
530.6457136183898
527.049035864904
532.1479081036092
530.5914343123333
504.229354729285
504.07297203281877
501.7767556570986
503.8534606907194
503.15015836900443
493.44480343299824
478.1720488704249
469.1581318644876
429.9777119811231
412.78839578011707
162.65205121602816
180.52665781381165
105.272004294407
99.97915022565121
115.60811078585499
130.46979621605965
33.5171894331653
286.2608045806739
202.7952010580833
0.0
0.0
0.0
255.39468530944305
288.8346759805878
290.93312987609966
495.58090379724865
579.8072519128821
630.3784432782336
612.5634154251645
630.6222296436672
654.7983038935126
673.816640558442
683.9856757337928
691.6833500026446
742.4476347733917
795.7956985965947
939.275952590943
1049.239567099523
1034.0364467328327
1040.4467113327232
1055.1899709856316
984.1613257445694
1013.2930733378578
1019.814223416026
1034.5906714643024
1000.3545488939202
977.8399756811976
988.3368960602947
973.1105678889921
914.485267398586
921.0891799775843
951.9817404888082
938.4529288390758
951.4656919950534
953.700608998941
925.9440603110461
788.4646974051611
625.1664807330616
621.7500422931652
703.4311119226306
611.2381170269971
698.1003321727344
686.949980772634
721.9513185116285
705.5895926732156
698.2626723300461
699.9475691788431
655.9439588300966
604.4364005151508
598.7469137332067
593.4778491523991
642.9820653027618
647.0203431424062
627.7942185110993
627.1316042124658
625.2439911219622
623.996865885153
626.9220329234538
589.3284760254029
593.4087674757881
633.5461854238881
692.4554606007982
691.1740459669659
740.2654777896564
704.9424041560682
695.0396631334636
715.9608179263448
738.8075935497441
703.1183423642808
723.2025547903925
680.4879456916618
673.6484889894792
636.3858505734948
636.7241678986801
549.262533416298
560.6228239175231
558.6193450986362
556.5724306290039
570.0474518656815
585.3362182800139
707.6963152262235
705.468433501093
665.6066128249307
662.6087682968623
662.5297127982661
700.7214672617844
701.6953619791509
703.9375694617216
702.338700585878
721.514746513175
711.4637886013252
670.9388372597056
611.6323396342183
578.661025603962
527.814536177191
519.2031349707098
546.3612952474684
531.3460022536817
510.7096811744833
506.7420156413194
539.2491294927646
537.7269191745248
561.6462082599513
570.1763694154673
574.9580698745349
579.7094879802926
618.5224060983321
737.8651735907914
828.6290681918874
818.1144511133441
823.2525237307739
739.7951072653891
775.4245256605197
787.2947882294224
801.8390834495344
818.1465969446349
777.900797410332
777.8801509526544
804.2042089252768
927.3739063634658
910.9563856665455
909.6151854119967
904.5577859179073
896.9142770050632
899.3631131103798
886.3158804583433
886.5643298591446
861.7755510452009
944.7546974152586
940.7605388707649
920.2141604015324
964.3608936357587
967.4935633990945
948.8554267207219
940.9415240808281
926.5638801251421
920.1031935816281
856.9710307859624
757.8664618276587
626.5425001254137
622.5377887140337
583.7624197022831
569.4361446497361
526.9669312031433
548.691648770641
565.0828110862128
555.2653345903868
547.7038710197173
575.7667250958488
548.967572692741
465.87589647247233
471.05170529670517
491.3387552564635
537.8313537762025
551.2117335920323
540.4067824714114
561.4324348225887
587.4059611295423
636.0310755434157
601.8440804387299
607.4224990779692
610.7475349412723
510.12518901985146
506.15963478258857
510.31719136985873
519.9505125699052
542.8880865892231
582.6606421993278
611.0966959843662
592.3803316023532
578.5306271922625
603.3920268688189
636.6406724300975
659.3772324977806
634.2561022544155
611.5857585139565
609.7640272587959
605.5185624585556
635.3238423551883
493.7490509936519
674.5729040451399
687.0286166699493
748.2732075975566
740.4356890421875
744.2355921832245
751.557327936209
734.5892643907215
733.4274769060273
746.0560168469088
660.6672490058035
661.8271241396737
682.9663891854985
687.75342766789
696.0312870682252
709.6751864378479
712.4444487180248
726.6302096055241
719.9290223285938
731.4768899414513
728.2479419502533
765.3385513818438
775.5900833499759
718.1642466168469
724.6808675737208
727.3350313242267
738.3913855126278
721.1179592849035
728.904767834603
758.1674208562519
708.0296668052675
687.3459351094331
634.4775393372564
631.7753922138617
595.9077137294696
609.2860964935634
558.0216073461831
513.100293392269
510.3208724408457
512.3104427752194
487.0091459172071
487.7132455885212
485.6325973963751
453.42558951277147
443.8004263950556
447.6165634461173
475.89921009036175
494.88197027292176
487.43872800296674
527.0853961092877
555.2519032068506
581.9303038046731
535.1385004953589
563.2765882251181
567.7417846249789
566.7091093608275
583.6075930628408
599.8786666654903
610.4192549329865
603.4739503439482
601.3856786230721
608.9040918234583
616.1128060733818
619.1459909607695
612.7701926974355
616.0044561298984


