Rainfall Prediction

949.7367280618587
979.3041780157321
1053.6187221214636
1118.4617809682475
1224.0401319086852
1242.3595938363164
1265.1639240500992
1254.255169654004
1247.2924392364102
1181.7968176147306
1059.4693951056336
1016.3305802261225
1011.6460181800651
1008.9486346846546
1034.6409029514746
1108.1922938721877
983.3210191950204
1026.2802294788833
1112.1693283235143
1007.7973191944965
883.8482882579168
875.7904063281452
865.6484654923344
797.4147864825019
694.2091307004187
647.8142506774108
650.9819673086519
635.7139065524849
603.6683980601383
604.0717844592641
587.3872065870329
580.0462537478151
449.2805126658177
379.63244979173083
311.8653019986322
196.96237860345818
153.36414394565145
112.20756003997465
125.07439163624632
143.38775398986627
137.79091155916007
137.39780659589178
132.76554240607805
126.52700170912487
115.94356717715024
88.71962118574274
14.067113655248463
14.197314783644245
0.0
0.0
0.0
0.0
0.0
0.0
0.0
0.0
0.0
0.0
0.0
0.0
0.0
0.0
0.0
0.0
0.0
112.13413198871157
248.2252523746975
259.60133928993866
265.5593083462402
273.73794364034234
280.50626036217693
299.78751165929
302.2041608093188
330.47992544096115
338.0342851345677
349.53745448029935
356.45239642899406
382.2472928559186
383.74060026205086
399.34343935070564
404.4425686059897
438.944644308965
444.4191794971521
436.3989783002531
432.9672506821583
430.23545145679714
405.61726438152715
405.31015141907733
405.7008490787513
389.9292133719232
413.96807627440757
469.55329468738324
729.4230552419926
670.2135393029383
667.7222421348566
756.3411886960427
708.0769520087448
593.5063261525473
655.2977289207655
694.1057746269412
692.1332750735438
667.6710788115113
659.2890290447359
613.1616777208222
705.2644171913145
706.3022467829862
756.7911452162468
825.6791297662202
815.2336710384646
888.2542931290433
885.0057037541993
887.8374289471022
866.9159271573876
877.1029542466327
887.3473729356162
1029.5915642692812
1183.7597813629789
1250.2254426146283
1256.6563563824857
1260.4390452207213
1256.1714350427458
1304.1305216705357
1252.2781037834043
996.0162171824813
860.7760621547891
839.4073971068999
697.5447180722442
639.5082634218663
639.3181940643997
538.2763330601165
499.1947552446587
467.554041828065
491.6722953105913
519.6991761049097
594.2586278717931
489.8058190453216
485.1749550813945
421.55841446448096
352.13566858344143
367.55134681704857
300.431171553156
290.92283058581825
303.70502801359885
308.72023589803996
321.08942011632644
327.40022427929665
243.83919621180638
326.6322369922928
290.2244642308014
286.60390070148964
410.9854183723502
401.37294349154604
387.3379528084048
361.98748017676246
357.76689035193226
345.25365369380404
341.1815179356317
442.5051539916418
434.88575647732654
446.4709360101109
456.4497581008474
473.75000644855845
507.4600069481964
438.2808333093806
485.603202102603
505.8657319464315
526.4074839875639
531.8480626783287
540.1796556012845
539.1928903274994
523.9681091033408
496.9264881526328
502.20138711528085
473.0800296117223
468.4470906439005
441.13787878024965
371.83361966058516
302.1605749794477
78.11536391434763
60.153559452381316
75.5676341038646
0.0
0.0
0.0
0.0
0.0
0.0
0.0
0.0
0.0
0.0
0.0
0.0
0.0
0.0
0.0
0.0
0.0
0.0
0.0
0.0
0.0
0.0
0.0
60.00976048445644
64.02051913558697
63.94690478870716
140.6130466311875
193.82276379467518
260.93240838094823
327.0518691061197
403.11957329103745
439.6971432028381
487.1058382034642
544.4628901851713
507.4895521105788
493.4393300533697
573.6459556663825
523.8200324716355
471.92479366591465
433.1123887104031
411.1276604283267
377.04806538622125
418.3586484456011
317.0586526019224
295.69747817212817
276.49055366031587
143.62032852016128
37.06573695039993
17.09911092906779
30.56504325147769
31.041995814579778
113.85141904775747
144.70934408549363
132.9705210542735
212.36156146421953
205.89047016277124
143.16031533826504
144.91356786873277
144.36597151143297
81.04771883001352
81.16525602529204
90.58859347769939
54.54547878138249
197.85196477041626
330.92744969656906
332.81781128207695
384.11452435528315
381.8142942896945
447.7096243601658
455.43766190009
492.1421561809214
524.0213754362422
521.4173523130171
888.8229455762984
895.0376076426726
1006.7499197430966
1004.1901194459098
1046.5436228558842
1036.5629648718202
1050.9675005142738
1039.03205080981
1032.4574110544156
942.7045556918362
903.0433998340347
894.4298143859925
822.153884833003
824.6393500465714
893.8384535125284
948.0289107424024
1007.0604290709014
979.7695178836551
984.0110060926238
980.6325152674217
1019.8891214834583
852.7834134767434
724.2204405876371
716.8216482116732
758.963480065651
753.2471199013683
676.0786684725465
654.955111169718
696.1263610767204
682.5320802286165
694.3330557156764
308.61704482244863
360.38121926239614
227.92104601790297
240.67573202196584
265.6042072620347
298.4652239193045
279.2357413420178
216.37830912140728
186.18371153187252
293.7356864874329
593.5231326503847
907.9123280251324
1028.9022249906698
1107.3013313528966
1186.1784076178026
1530.4700190319668
1595.258375240915
1707.5389659987231
1934.1919044924844
2035.180765793546
1962.7867914394203
1966.032018557573
1969.1485438981456
1952.9032549591657
1874.4405748927863
1866.3691396668069
1923.6605829226023
1949.4261916406595
1893.4641960033239
1843.690861911864
1836.2988228288207
1839.5299557776607
1802.608351344211
1829.6757056038048
1850.1246937428102
1817.4941768574436
1806.2350531487411
1813.2832043411465
1790.5922935516305
1789.544933873924
1750.8218104116613
1518.464305972698
1223.438581180099
1051.8875810925804
1053.1013006655396
995.7395833828683
614.2878992538682
525.5457920423333
468.30690913586113
248.8869034733389
144.52925299194982
171.1954785979085
148.64800138255924
174.3230761733107
185.91655133553436
172.1597407082159
174.06297188353662
157.33398015712933
135.0445785520061
122.00631788572386
101.78929998469567
87.939297601236
93.22952367860579
45.29107350144097
14.65351766274599
0.0
0.0
8.422890180952379
7.072504700463128
8.88580616298816
8.897038568096857
0.0
0.0
0.0
0.0
40.45465969000992
60.52314723279355
90.26973449601672
90.98204003501684
102.25986660117964
102.58375184225974


