Rainfall Prediction

502.31650176813463
465.4539774380351
462.9570102355435
434.375181670285
406.2036969881153
421.7090559786982
416.78198832483207
414.33946845791854
383.2361078434536
380.6263886901575
379.4873726316737
372.00295275638484
367.01130383687985
366.98934239463534
361.4420540095044
357.26472842014925
355.97622209114667
357.62735478572307
303.4520257280439
283.27415874230303
147.34865921854254
225.67622107587016
227.06776334720385
152.42254327836488
152.41352789593628
151.67300587289165
214.85637077715214
213.13221144325087
206.2166822479806
200.53459939897505
187.10088258728038
147.40394092712847
140.41426918295346
139.59270411203508
93.85128778667607
181.95617944818628
166.12497186707014
170.52920577204614
169.21892242145287
167.71607652162928
188.81704888990728
193.74472808119566
185.38321794585687
198.44738770490287
207.41867945930247
218.59594063226083
247.54287890784303
247.76388297241144
293.46176165911925
314.4200076317508
322.5078784393623
274.0995960169396
266.9210239121051
278.7248692300011
287.77265669737835
86.14434280867755
152.39209191021587
174.20843765693428
187.87160057239177
244.10724194632587
366.5912521354726
114.09899367752016
120.24232981378097
88.80608601402386
422.923926992895
180.03228452585512
315.54526339994084
315.4635143850033
292.3899647596145
299.5888730775191
245.386817898506
478.5096233694361
232.83209123813066
82.08192135032378
391.70239872128457
398.99534587430026
208.60417896922198
239.42399366712297
246.62806663548204
200.79900514518027
307.24479740360795
500.21800348716664
490.0566591294462
502.66955077529593
474.69845723820004
470.6278218917175
380.78145999441927
343.26992521310467
311.7612622613567
301.77650233973867
310.41573407208745
296.5821683555972
278.9815635579176
296.1665440199461
369.5446944584333
411.7396310013511
409.63390528919723
318.60380700754075
322.41812279277536
353.2869054765484
382.3569581749296
297.34963398438913
246.82051138838358
268.0665724855495
282.12295238344774
400.25173545030424
364.9748144586291
334.7321880685506
334.45215179256905
335.5718774794243
396.2179353377316
362.9019135405456
205.67646896846628
299.4883148530673
329.2976775968025
109.97785381069843
300.9026917986543
141.21941004219258
163.42475025259793
304.46604278311577
280.60070621374166
95.18755080860309
350.0702339449752
335.8754828369683
319.9055762750075
244.2214220165067
145.23892783006835
141.06527467282206
203.46701483993013
220.0271217184296
359.8155142168782
376.80705380197355
156.333369900189
440.9874503192908
411.1008970987043
98.74825862801958
99.63206991717081
164.36767527077978
186.217379259119
181.68276719437347
189.7532188973497
373.86823133935815
252.67874483841393
264.40697861695116
251.08459353428077
452.4249269733823
338.86149284140066
336.5043165851753
337.30468757207365
338.7091152245457
338.4303857870775
337.7657928509291
341.49902997115714
428.66088406286735
431.84027767751877
458.80238362218915
489.81532846444617
522.4109830101006
537.8967482888247
479.6299024350503
462.31908914042776
401.50830471229204
368.41910555065095
375.00357297800696
369.5656581595204
374.3668174402957
374.526033469908
374.6832383903447
372.14166040444434
374.05719531649925
371.8700771494411
369.7196524213973
246.5319465936912
660.6361216490998
663.1512005678567
662.4393885996748
676.0389608126694
729.8892034435682
738.6532633444622
765.2798029423343
769.0674226506644
806.7269020497525
829.1386669060055
865.8974990757405
899.0624847490043
1155.3295405018582
1238.908324150341
1045.6400442471288
1086.5022120452
1094.7809500121618
1081.8916810529531
1097.8442291958988
1113.5369773465409
1109.9717279697293
1096.4916624415757
1097.8915074428478
1093.8466424904439
1094.3179194029494
1092.4015286297251
1085.4317220589212
1086.6508553390863
1086.9002955948706
1221.3470603674077
964.4328436397335
828.9227558747917
216.39729144605627
297.5715775575003
295.29054618580085
234.2777503152895
234.62988299871787
224.92446026996595
211.6311799719433
664.0738617645311
648.3855175432035
648.3617552188398
529.9947559594447
504.00589914834245
200.97050532837503
248.8459100603049
235.59432884558174
212.55276499703635
274.46611257438616
574.0889048206501
223.51097703970112
187.7892653890766
594.993895013471
595.0457954924799
227.8898347499264
247.3313327730847
246.91123035061872
146.1487428129577
706.1627668490055
166.34960302624273
616.0202848335971
575.9125456555445
585.7678462998302
617.794620758457
612.1885690555574
611.9444921978688
612.0077900859286
613.4656698167948
590.0063639237742
592.2718642800876
565.0397716398343
556.0064997176702
539.4246550984632
543.899365790871
547.1884225675797
496.5643934874669
462.8350004727994
374.6031419742494
369.28930251164047
359.2583236899937
356.65927446348945
348.3189399641042
377.449583266421
391.93990392073516
444.92925880993744
336.92937773754153
336.04786945576757
332.6538141184302
341.93296544004426
343.4024174447008
344.02261187758745
340.935767380005
192.12772143385757
207.87532413229147
497.67357839834466
490.8135449922894
485.340396752786
479.87967860202855
193.08655291422406
195.92425898999892
269.3754875049486
299.15329761814564
212.41432633675083
249.2867844884351
237.88876764240194
266.2640224427683
271.67296272963006
282.01139572316225
274.9688569814905
273.37044849889
262.13168535572083
159.61947443939428
159.25392832849352
271.77168621650594
227.37837360214866
181.04444803112222
175.40861622142444
173.4708465798227
170.2750312943776
104.37419439525627
254.1618491189127
253.43711520753175
227.32474994134532
244.45376243307663
235.6445702403478
225.86506348925752
229.90654769714723
282.3998440455559
325.0485598114474
361.3192419307813
375.44546713544656
485.97701440760994
580.7326046482049
586.2807559112082
608.8132033979878
636.1894682829801
618.1864587274442
599.5533412007436
605.9749217147887
601.215510856028
600.8409318397992
599.8182163150204
597.2559563497915
593.2415772425636
576.9726092168216
577.360389577422
586.9244978811553
591.5344968702182
583.2523980624578
586.4421119533328
584.2687963134617
587.1630677466104
591.6564105131783
590.1090356154976
590.6033480352027
592.9387241181889
593.0855608878612
595.8714102607796
547.5640811300952
494.30649980080364
446.6143258173849
433.30439806950466
314.39865627046385
213.413431407483
192.05147885855698
169.9875952913802
144.47607684208572
144.68666578283612
144.14056125804257
117.40072672135821
115.27174314572135
110.1468427102565
163.70265244168658
253.50177677384303
352.8589781313211
448.9996121195263
498.4554231452273
593.6289594481372
616.2314042034185
631.3033974968865
180.4463394811734
165.7948479984258
246.5901998608693
347.6618184953295
353.1991177906831
353.38450956899857
425.08485131235983
433.0298813893148
438.5709253719072
460.2795511141856
144.3630527270193
154.65197064050926
172.6787859486359


