Rainfall Prediction

565.890583854079
587.9373652993672
594.9486013051041
605.7749789386128
617.2747700207998
622.0940838235744
619.5328476503444
606.7128082497302
604.5217536566787
635.0283105133403
636.1055735691327
622.0080508172491
625.7200942291086
643.966832568269
639.9279327429175
639.7676949423487
644.4091458044674
776.9431051177992
673.3186949273054
780.8996030624359
807.8534326034661
1355.4130241785429
1505.3183470783388
1523.7745642238187
1798.085854213262
1886.87186273921
1737.0323245827497
1913.418972318481
2014.937359731515
2023.3845857140054
1942.4719858680808
1935.0672117694303
1998.2449427832878
1913.9217844664663
1987.85388200214
1959.3528573682313
2035.3907334041626
2005.2422850669154
1952.8355676247618
1947.7136638685524
1859.1298902683072
1886.101343516455
1927.1648146134764
2022.0
2019.0
2223.3696282235646
2262.7573275090804
2318.9130992368273
2219.9316832427203
2298.0
2325.0
2312.0
1777.007227906935
1713.6777497394426
1731.542795190437
1464.0
1356.0
1320.0
1080.0
874.0
935.0
978.0
931.9032205283869
945.1620865216521
991.8261038213159
695.8566707469653
987.4723478698202
993.0391628098946
716.5849686190833
689.6008645833078
890.2377505203177
840.8173506538778
744.7355164704957
499.0766677691587
840.0117695318058
1018.8858378443541
885.1445149494772
933.1353063700464
908.2438905336492
690.0728405666632
676.5614175387469
648.4109355538394
666.1077465067744
778.9803313715834
806.0
834.0
834.0
856.751872444643
855.5184407168334
912.5080593982894
898.4395879313083
828.2060259912078
699.5863436298141
730.7259246117707
505.16422953559146
505.38474212136697
710.4287776441631
487.8924372036603
487.8924372036603
709.118585628163
727.3354976925943
524.1488293165769
528.4100152354004
523.5518748195536
538.2813151463603
526.4136974647209
531.0123965813374
523.6755051374942
512.3947173981002
704.8340409713884
625.8299038578008
600.399786781536
696.5610796204024
678.8365193062066
726.8365193062066
720.7072642521463
652.0201825229015
682.8291748347006
681.6851242949629
699.0670845928112
656.5813302510004
519.6588661660738
595.6974749800148
606.6953978938203
550.6095234106372
572.6539471621887
660.1862751842269
657.3810254795633
656.3641271241911
636.6199971745239
476.0249605480666
431.98009284244597
599.9676312696225
599.0390008904777
607.5506250849312
467.5842884625576
700.2194166659135
804.2871591423348
588.8754616719939
490.92159376260787
382.18881560791624
462.7478060454802
469.8725389230377
344.1068673702041
393.2170985940187
431.50561325066315
353.22777853346827
437.1708072862085
462.1616215637837
370.15630520975407
447.56495412613555
472.0
512.0
549.8392096720265
552.6662490102962
609.9837553330204
590.1209928286894
638.5189497736809
625.8944925097418
608.7701263429301
645.7721949555722
488.43085963028534
614.9241079096173
619.7968983299717
635.9150848775307
604.653996212726
541.7584327278361
537.2647081262073
472.317330316639
411.77532449258325
502.95038331913554
512.4628679049929
492.9098793777788
532.7090531667743
520.430562977701
441.67763016515397
374.01422321208645
304.7595851954486
426.03630543622995
428.1019384584488
408.0
316.45608156940375
393.0306584062348
384.0
359.0
274.280265284095
288.7345174271987
270.1163110191428
146.51832543376688
266.0
215.06175308506883
247.87502706585394
159.76214862734867
245.29683938353517
221.3509254256195
151.09092784287654
244.2662363497727
204.63031099698404
186.60081244397387
20.397516648994554
19.91301506588303
99.5080953562661
206.12522886330174
176.1385585011963
209.0
209.0
252.56926113869918
346.37133518101643
332.66557765291054
343.79799259419127
352.32499914079204
342.9948835131726
327.73149027944083
304.89406982770674
259.90537084188543
246.4672847262874
285.0
197.43326858585013
312.42517101738247
325.57868461064936
387.59863186627604
270.1051766022574
406.37448154086246
383.24163095216187
407.0724189371442
436.0
398.0
397.67788949779
383.26570788896305
386.0
375.1023525351176
385.7244716650283
377.79557119307964
390.52590552320896
472.0
440.09354256660436
528.3348875955701
318.03432604976354
381.63773547915497
420.97159771719095
450.9417357755225
399.56666666666666
431.17933460885786
474.0
255.72230959146322
517.0578974394251
579.6905065945812
613.4718996337923
653.2120327595218
334.43881849121493
663.6187558257707
714.3107616870432
642.0430108666321
752.5190122941367
680.4908373253693
616.2377197481436
626.9829289750429
626.647998484599
626.2320396003815
627.7536575014637
626.3047289396302
954.2029319740989
571.9510467743552
529.3622937503736
528.7968377486649
523.6303168381501
470.99711431163246
477.63328601938224
447.49976881050236
499.0247143418372
462.4985029066659
823.647854802515
709.3967901781039
871.7889510021373
698.5049269758803
1132.0
997.5104998666047
1075.2141616398876
971.1528065602049
957.3430114742242
873.6940611673064
661.8512426008587
661.8512426008587
653.5414062560744
632.5409050500929
653.639018577901
637.2693064899815
545.6622054553811
605.1189633027564
513.8124415016933
502.9462080626769
536.3060869484705
530.1853816623499
504.0087063915795
556.4676614562518
307.0040336965563
452.5760155323062
340.5530462361197
321.5812014789795
292.5754681592275
406.0105863993815
386.01846026295686
436.65890330815097
397.9820039090484
425.13871797996336
443.7725304093356
30.585518557144496
29.457241616711826
24.44063141516358
19.256021097532965
21.54135107785291
23.522185296718163
23.710362779091923
23.593685417603865
250.3729426164225
227.15837031671424
161.37991775051694
183.2322705276915
269.3500802102598
365.0381186728971
25.26286165257727
334.3008860519328
362.97485203937373
348.22974993257566
408.95071653802614
384.74392274567424
347.27659864124615
284.5914327498918
387.8383882967353
387.5689379469911
398.55678638764465
353.5524860710664
284.69705529361755
249.27428548023315
294.549508038536
284.07702688955453
296.0
176.95278074056387
237.27322140693752
207.56306324897577
200.84545597275536
164.69697082020988
212.74270118480862
223.28632669893
233.5961055276305
204.95033367089593
214.42963071236247
234.9375154952732
167.57119250624385
7.699541163714656
10.673644847435384
53.90190814349521
86.0
185.52544163886785
185.90808051941326
324.50020432494364
457.21547818304936
550.3798244559919
486.524195991473
486.4101021672257
469.96951340300876
508.8293037000662
535.2164076341896
541.2647041872979
547.0
508.9633955908032


