Rainfall Prediction

597.1063992135188
572.9995081940934
540.5805379362281
486.52654574879534
474.34377393231534
475.11223281480875
476.6334552323594
477.35372182481217
478.5897828041373
485.19221619385485
486.36484141724736
487.29998232948924
440.81271423413705
444.80961949676185
445.46829466008796
438.33586396812757
387.29869372594953
401.0532016147832
465.0798449900551
384.7603635606909
359.89558185851627
376.0480576662834
252.02979841853423
253.18188787046302
253.3740596186062
257.36341464617493
259.99527433894434
260.1316153172868
254.28615981002793
217.78505682197806
215.27923737597195
215.98681803041833
222.5241399542416
192.04271860869852
199.96545358239143
245.36023640145126
243.94200073988281
242.45361783444707
242.09287737621975
242.19855846693375
258.8236538903977
276.64886866698487
415.8842843493054
579.5499494322727
627.0
640.4075755913576
659.2119262276485
671.0871941733766
802.9013229203306
710.8900135834078
718.3791965713876
731.5481202414857
695.3238506406665
706.6146913359806
854.4270840372816
1135.5322042165596
1246.1647235341165
1246.2258639066006
1248.9785739064755
1250.2715910960092
1248.3170336185183
1304.2504302827513
1349.9850926149545
1341.6577046021405
1385.1248989551289
1361.2968750210205
1280.634995968672
1281.2559484940712
1282.2764936041353
1280.0178441167902
1279.6107114185543
1256.76220868526
1258.617668641323
1213.7761819524503
1052.4755667730471
962.1287555793533
953.3477655115347
989.9798675107988
984.9367632485522
796.2224723210377
794.0810556763674
787.9998352749942
773.6981164965694
785.5817570490866
777.4893854567969
635.9483368080491
381.96965975390754
266.2181290594787
264.86686311559237
265.0553200233681
262.14435632114044
265.88490940846003
211.88294634725838
196.10103587453227
192.20460327685151
208.91436467981478
207.96157002743482
208.36171912874065
207.72268467711189
207.72780614912654
209.2220317862504
211.17561975119816
207.4990842131894
191.91451079688048
190.48513158224137
190.35909139968888
191.3448043965833
189.15913148347641
145.8476207899947
136.83702098837273
129.0632150709584
121.16668209677431
100.26950950652102
98.29269535350126
112.57715641382872
204.56888466336497
252.0810115272615
231.3409201917654
237.21546110260678
235.66689864748375
236.41373488264435
249.1245964960728
251.07110687748198
249.23298678366098
447.27913173350885
538.1723501357544
541.3478593549787
542.8150050849379
613.4804941716163
644.6876125128607
669.939000034975
684.0633074902103
682.27410236001
682.0909576592936
708.3634995257455
743.4270525887116
761.9508179575755
914.9793258344789
923.5691884513001
998.0759062716876
1063.5914472499624
1069.246368408267
1069.6985419707446
1068.381028735371
1076.3842203541437
1062.4490531323254
993.6895311715165
932.0607115426681
929.4696692710991
947.590959790643
911.3899440490829
963.0865257205792
2623.650244585382
1047.4856060671868
1137.0481984105588
657.0
557.0
756.0896710316553
889.2262032549228
816.5932464738479
780.4983094273017
896.056719872297
873.5927297951101
1079.6944652019415
1259.1908010162063
1199.1952855324937
1195.9691251973825
1392.9620425199437
1239.2625545266098
1236.9980869848405
1217.046530695963
1172.3878936526626
1251.522608156581
1482.9594158604864
1589.9319704440695
1671.848957300592
1801.5250884587938
1885.9707634799765
1885.9779770330363
1915.7077377609216
1956.7723738226057
1969.7329886900554
2028.0975397024674
2097.9188879601857
2359.742398824865
2318.894522610322
2326.418967741192
2388.7933688027774
2153.3442294591814
2019.0494561249855
2016.2389276901606
2013.9541204577506
1878.2067851630288
1868.2973717597588
1766.7280378895584
1732.0979603433623
1789.5319504211739
1883.6698388352586
1690.4196015392517
1740.1737118040744
1762.1489470128042
1706.8941667256272
1625.3175051070198
1548.7076442051286
1335.87810057547
1240.324379271328
1150.3635787556643
1011.1841241310294
915.7769013156246
916.4732116439709
899.6610904224152
916.5049516746977
914.2085240458416
907.1507859928917
835.4009708196361
577.7369962808508
564.1643311118247
557.3019623390433
547.3960259276962
547.5510113516602
544.1854335928323
559.4628078793189
571.7920700932248
582.4437985213466
539.799699257993
433.7953566477744
437.840582306426
452.98691636270087
320.2316419537403
316.80432394818615
268.966167438356
234.91899890049456
244.93718166672178
231.739484193563
229.16863992212942
259.86829133713553
245.96929974387223
238.30808777943997
293.48949144213634
441.03131724974145
433.02361056099727
496.2458831272746
442.679106574236
697.484978595385
614.5411909740965
662.5667765568238
659.6144842421488
655.361706340643
645.6869239119846
638.5867092729443
639.1490591401974
633.795140017829
604.5205144479058
597.0320098630962
785.4842336194997
795.4986819065723
797.3902038779029
792.1730723015951
795.2561815722628
794.5375999835013
775.0960604894339
748.8074213137005
740.5472582220398
734.5983365132066
733.419260329506
730.119299323438
722.7862648116069
722.7956134685805
657.5815823226842
637.6048117855239
499.63000001206274
475.46053537247843
397.42092230182794
443.39145386033937
180.60448824275744
154.12854553701524
155.53935071779676
147.85661343269518
171.4764116548544
357.68271482073635
436.658062722699
453.4981599165101
525.7886013456102
641.4224541104503
726.7192721189722
615.4937876944941
606.3993516296565
704.2438374042655
713.4682926526378
717.0050739382234
714.9428802465687
717.5725594329992
739.3596514542224
735.2336650156043
726.3510179391525
690.232964796766
822.1035534181827
822.9970925452344
823.7103275530699
831.5764532008311
821.3389345032462
834.0409943171046
836.8312337840289
837.1278273289356
774.0698739965692
791.6820331628245
782.4535772226318
829.7561863659524
946.143233328344
1141.9372087624017
959.6803043606224
888.4707875383002
1008.3572395985747
969.4720131085572
908.3518525243917
906.591090942168
895.3075408547343
872.0301046747837
791.232302297759
793.9151236576721
789.3314414697094
808.9403037851679
824.9640934779707
872.6134689818169
872.5378769434711
866.5689173807243
871.5678296014606
872.1069528302111
697.7938425843174
696.9737353071497
722.9242019884634
832.6355069015706
945.7650432601778
881.1474027413121
880.0745175158775
1030.3142177576335
1004.8044025926116
1025.8918613394974
967.4539010312079
897.0203857351465
690.0183171839201
684.3288626223803
682.3376416415964
573.9272220072545
719.2179926268922
734.6559998156034
648.1721228345942
698.4624219942124
652.5390737799905
653.2638558456603
788.562801463553
834.6539195842392
876.2318676525313
969.2030410197917
1027.621697681011
1028.7361381978897
1040.2745612811511
1099.141886521033
1192.933699987064
1203.6538355238888
1204.9686686371342
1185.3936480904606
1166.1908811589392
1058.697587102466
1041.0
1133.6584455248708


