Rainfall Prediction

2359.61047464374
2438.087547243744
2494.121375326401
2511.3563748169236
2542.8462263975107
2508.8801613711667
2521.922591463672
2526.5754549007697
2485.9408681851155
2322.7109014368543
2335.275934660941
2272.4131568760017
2161.2057999767153
2080.916252784088
1905.1657860437206
1864.324759683059
1692.22241148651
1376.9997731321243
1315.2198817942703
1008.2164190689052
1002.5564648630037
850.0510848635962
950.7501231531604
1117.0632458391126
1266.756766042514
1292.829097866598
1304.7461307704646
1343.052492550947
1288.0638888006406
1276.9627750336645
1221.0714813670356
763.3685482217348
745.766032042492
804.4783043690268
803.5472389185599
571.8333576669311
644.5148047203588
722.9570165353487
770.2789899166321
795.956836097309
1313.7941234786233
1691.0309602533785
1845.828795554074
1872.9511193705857
2035.8816391280143
2270.861272094504
2235.696718439593
2250.379337164736
2250.845988390852
2250.845988390852
2247.845988390852
2258.068397148051
2261.8866055347935
2023.901045211449
1836.0956814383712
1617.0484867299515
1835.1507593268575
2251.4644964931417
2327.416035844477
2386.0033725904004
2453.4729285039734
2438.052373798413
2409.45953765677
2315.4617624234656
2210.5072170550557
2208.5809855449734
2193.486168488958
2040.260655944237
1994.951173943843
1915.1270824410049
1907.864371727589
1771.9497889709342
1706.23563933069
1603.853195996227
1551.853195996227
1410.2946897910274
1199.297538369482
1213.4560000394208
1221.6424954397894
1225.6645454876175
1271.5892764025425
1304.7644637885855
1313.597108926218
1323.7517689613587
1361.3637017075794
1445.106825028789
1533.8395373854496
1282.1098013172864
879.5599622209528
798.0133376171733
810.3050195026588
730.9156827871764
761.3444803271883
768.2251149930988
793.7593016704382
842.6337232974316
888.1331570972975
888.1331570972975
900.0300748046214
909.9694019002158
974.5203524954509
1022.1679861249448
1014.228033156891
1024.228033156891
1113.597658595284
1143.597658595284
1140.2932611187562
1156.5632940925025
1139.99779731342
1135.890359513783
1180.1226020390245
1153.160521810109
1115.350372915194
1083.895909541317
1036.9910417961678
1027.8209292153683
961.1880595710213
854.5541193597386
838.5527369414236
814.5658986778988
804.355447358692
732.4183534954657
798.6553675393556
819.7387271516322
847.6344111780285
813.6606242782257
652.1282180896541
622.1555594955034
682.8621036077758
755.9329531557125
794.3346678648277
763.3596734830368
728.44066428616
833.0385265911573
829.6484926363171
744.9689308115073
719.6063335611575
734.6014862053751
741.3998326551446
736.3661730212257
783.2173787533505
739.0360409326212
755.0683405020574
792.8556731894646
806.9237333615554
822.139428689844
852.4651418934063
832.5728716288088
885.0656710676524
906.0713526553723
975.9792443405144
1002.0290833142348
1191.573786912551
1330.5109030682722
1377.3872926523793
1410.0590331994877
1495.8070816484294
1690.524858176602
1763.8750327359032
1751.732230360063
1682.9179448231773
1680.6395212390305
1841.9312045475976
1984.4007935509658
1871.6832580322434
1986.7266862770189
2017.270835790468
2035.3065914627764
2056.6257000810347
2045.5088790809446
2078.0400333507555
1996.7034009418087
2029.1811087696792
2021.5226496782127
1965.334240068559
1968.533045986513
1951.498050316511
1986.117483503355
1999.4817139509832
2134.524604892727
2307.3577561373313
2371.054302072874
2322.292497247675
2203.5983291406033
1959.0769021251103
2059.4972376147116
1954.9799868245848
2050.343763355371
1838.5521300326982
1811.1978815424113
1773.2116877674998
1959.1383763898602
1853.0877742141963
1827.7608697084663
1891.5883115326963
1912.0344789937935
1837.483563376996
1889.370945310613
1882.9955975497717
1879.73186046079
1887.3616674571902
1887.7709762463705
1994.5855150137372
1937.720246207189
1926.1987975849622
2065.6512737283115
2019.3026533336931
1905.7947758004352
1838.319320867078
2018.5982973298937
1849.9952478862588
1614.2677353016647
1520.742417787585
1578.0991083062027
1604.2716895540923
1642.12476543995
1421.6466272019145
1419.0714273468905
1240.776993959755
1252.2186619954314
1253.751142006108
1253.98071833193
1160.8772259823988
1166.915224823502
1170.1287141914233
1225.4908420467623
1196.9591261061098
1412.8768733766963
1372.5363947507126
1445.0843246539537
1414.0798987375192
1379.0268966100139
1361.0078231396997
1346.153804293387
1358.4045000191354
1401.7329854000332
1289.3862309251283
1334.3838503592917
1319.3772471405757
1337.1463480448506
1154.4608500761128
1281.2231198732788
1919.1059771280802
1903.6722070447167
1808.8470700093658
1673.299194835058
1714.3262506653339
1686.5016174716377
1787.7263650290404
2023.9028591228487
2090.405529088353
2053.138191550687
2067.3788398100073
2060.5932958082403
2059.7922075800943
2029.4871734199903
1897.5005042327043
1878.0527445689722
1661.887984170569
1653.359926011755
1532.8479279791468
1534.3468501095867
1507.6432794456737
1505.0888594442715
1904.9764905877537
2045.437673304239
2129.9860776852224
2122.4680779723567
2074.238763595225
2048.130233040962
2048.9701144134838
2103.287716413911
2121.6889857987694
1596.4113911061222
1590.572763645491
1640.5623627973605
1711.0411828094595
1552.883552192397
1693.5013552964556
1663.3515761399474
1593.1813612377655
1508.2569572828143
1473.4919170282797
1470.858720495599
1631.2627524478924
1768.2534151320633
1920.4399964971794
1951.1824643231985
2006.8870341442314
2024.633234459573
2070.1513188250215
2170.0506227555966
2201.377148191157
2199.9073163949906
2234.609138775893
1870.6930065467784
1756.7064406178802
1812.5014941078148
1856.2717950810572
1958.1600389580894
2519.6616747676803
2756.955683201787
2706.562651167912
2690.457964338092
2511.136314307698
2597.1036983394574
2562.0448838274556
2466.979118962131
2584.5689433797447
2488.477727724239
2467.0918021821662
2332.386414496258
2327.5033776112905
2346.2179743971146
2530.8871340140545
2485.291260830584
2426.8409835600783
2399.6938719634663
2377.3304490451164
2427.8170537472274
2450.766416724808
2480.8287279649403
2448.077005164991
2738.9970402010044
2851.7759834298345
3023.248899743503
3060.1798926062074
3124.8003852933657
3035.8583660967506
3015.3871284720526
2905.3871284720526
2348.3943315223587
2156.7606203304103
2127.4391772528575
2073.9943138514027
2039.734398589479
1919.734398589479
1906.256426956194
1900.256426956194
1900.256426956194
1899.7338526443423
1897.1162347109102
1897.1162347109102
2080.1162347109102
2060.5267520675147
1755.6322694334397
1660.7803463111595
1566.9519814433797
1463.8789683665118
1400.0647168030137
1328.5709564752224
1477.2557140815427
1380.99045844407
1282.3287335170098
1026.6052767854158
943.5215216146275
793.8340902177604
730.4549379098552
729.1000840888117
843.4370249173847
911.7010734383949
923.8811199831316
1191.1308166992571
1268.8874778297604
1288.1844621417658
1389.3827893011216


