Rainfall Prediction

581.2061326138657
566.5403971707988
525.4920625376212
511.44830637175903
494.67936776609145
525.3964024001173
490.08878741968977
490.69579613466686
477.91202637903183
471.8957777276439
469.93339482590784
469.2950764581185
479.05367333818066
479.9659928232711
482.1881530367704
490.8298868384859
487.52709246798184
473.45108698373303
515.0672661240728
449.02834551440526
367.6101477115641
286.8655507873568
89.00128287409727
69.35908521467798
63.71180466586595
60.85074256464761
61.925442214181444
57.16593616694755
86.25946036001754
67.48067584543314
83.24841976795767
60.22047242801625
121.72614601570659
104.08010607168166
134.55409101029045
126.66894198653782
107.47729874627015
131.06483257934372
142.9182189622025
115.65093695373042
156.65093695373042
156.65093695373042
289.5987259569257
316.34848449233425
333.54361096999537
309.3360987150737
376.1590286898908
379.0106433553875
556.5926485254373
568.4095010042345
724.4547295616223
720.0797776097619
719.5358983848622
747.7093935208477
716.8403665276633
722.7369795149066
732.1126301017025
735.8032690767166
727.8714899304042
758.4958884427692
768.3136398698191
762.9267723695261
757.2062589520482
714.2303217976272
674.7682997037849
665.2718477583788
678.5151139431117
699.0842264444215
683.7099300094164
678.3842588883822
690.69243376134
692.8230787767942
646.4253376886941
491.07520170964915
475.7979312627899
515.9680895416578
494.84903862903275
411.9809637580656
411.9809637580656
317.3907841063914
344.7752815618259
218.20299240632806
182.68339389525084
213.09910060002932
251.94168343827874
223.65218807701652
248.00951148322414
253.17534296264708
244.79242155669112
248.46546746670572
318.0516004058482
245.17232122050305
193.81725863864796
204.88482698466834
220.81581687557542
226.73378734212082
229.25858533428303
225.9580208955149
324.9867402798469
227.62571005492995
245.2299321638512
260.87011870760796
308.3056308011505
316.75893689462487
212.84072648015058
215.41553870066045
235.95728368298967
226.45416759120656
252.78728607764532
229.87633546364364
143.5826123346136
120.69308518539287
101.48699306808643
88.64160208310919
96.19874875717392
47.48965281885236
53.63554170194344
68.5981527886342
51.78597549859039
24.43200940010138
40.528177152403345
158.80132811820155
170.4680057095194
168.88519926944423
167.19541325635913
180.26951411029518
198.35918586264927
187.21167555717037
203.85207469130282
206.70571403876323
201.83025351583268
199.57713849417087
199.21542323267508
184.37010620087082
190.59934270075377
214.60591520597367
315.8304141263908
412.5603127047245
463.0604792733528
471.7604058886429
467.23840741441603
496.056571083934
506.0283686248249
495.0220359243177
561.5990740408535
609.1985403189295
700.2213417784493
687.4706452086355
675.4955557663317
681.7206940534469
685.9038978301908
845.0697857838127
720.9536430849374
708.705908476719
684.5797485737253
754.3964024001173
724.540548579114
717.7747413795387
711.928227449808
710.966122225077
713.1686067115826
713.7933874773154
709.4250741399854
719.8885459925433
719.078513190806
737.3964024001173
691.3964024001173
575.3964024001173
438.8208114731405
377.92136992364726
478.3592118768325
465.92110589350597
448.4076645764447
443.9829256526716
476.70989066166743
409.2245661530585
332.3483361103141
282.5040923620127
270.14042330507044
271.4626521711362
294.9691249253966
309.53698234019157
236.01511411594652
254.2423593106557
307.14064120551643
367.35158903967266
398.78514306580365
435.48325528386476
407.2995112353325
407.8433133156848
459.50964447058846
423.4916610019046
440.0165608808863
441.1008326986488
453.6436186431002
440.3788816192418
445.69044861477806
443.8775621469425
444.203083725493
420.6803253074892
420.60043158045767
326.603155078906
319.603155078906
340.28446023847266
344.7381266571897
342.39375743225935
337.8852176397021
334.2259952559199
338.3218057521724
346.3459286741108
329.3091241238117
318.539661560453
280.0580980793331
240.45428167432283
232.12828671467986
177.09570578914642
111.12442586975405
126.61033639047783
109.72740903264642
119.65741118380323
89.01665842741785
220.61766488778093
268.2680091204464
381.39640240011727
440.66980908931737
453.7574673124156
457.7352195266286
440.17726300530165
463.39640240011727
459.39640240011727
456.25568703924694
554.0570545868077
569.2370220575851
549.3347800937828
540.8845967877263
585.8728610219551
583.1773501238519
621.2360024976824
736.0669104156447
777.4693699046817
834.6771049412077
884.5639853608046
889.6459162133301
927.1524141014226
910.052052580802
896.043923545112
910.6247995940619
938.1289641757971
857.5666814748396
866.35018912929
825.9428403846239
831.4497302330027
690.6042001690676
651.6893384152163
616.8820788981408
549.9235769792388
562.3928544698947
562.5117555364077
561.9986010632185
562.2146620722939
562.2633528506195
554.8553659548919
499.9717130414175
462.27860224568826
454.467483172315
453.5612894836775
487.39640240011727
489.39640240011727
466.947112001621
487.8073680703031
431.06136297521755
375.5058259703504
336.8711863133992
797.2267919853956
784.4079451263248
804.0983600028964
835.9322469416153
908.7491505387088
889.0588263122894
849.3964024001173
810.9584094081181
832.8614368088843
814.8523969726543
844.8014478811174
844.0227110695497
755.0817479489365
755.0817479489365
737.2180121234511
767.5588124177289
809.2356089947058
818.7577450236267
827.9283838072091
923.4987292657992
911.338184800009
920.4903514682835
901.3683432753884
883.9809695440238
857.3436271502732
896.8640810474907
905.3325958912333
717.2214521073874
797.7792869413845
771.2837501013507
783.752101732526
377.4969905805045
377.4969905805045
378.3166071309622
447.02745213970303
515.6259234485684
598.6951072614928
629.4991766429143
669.4767858327239
672.0475204367663
653.9861162205957
919.1783027986263
1021.3329831885089
1067.3169281948105
1069.0386889487688
1063.1383687086598
1055.8272850336787
1003.0944537968586
1128.9440830072483
1125.4082007146526
1154.8917533718413
1120.0203793526136
1135.4457546958831
1130.1759295032766
1150.334132607951
1249.259275610802
1290.5531044543636
1261.7514459663112
1242.3074911157455
1245.8199465712835
1268.202459268755
1281.7751692987122
1332.8245157600284
1326.0849433714536
1351.6583340690654
1252.3964024001173
1191.5452305427125
1112.3446631007212
1081.0905795645415
1042.5931438967232
1076.307069244058
1041.1746191404627
778.7947354245532
727.5676819066011
714.0122344228407
692.3838782776323
696.7733990291651
786.3472710026015
835.7807492430687
657.1396347677178
667.8224964412627
614.6942790072694
599.3773780444574
683.0509831801418
680.7959656901941
676.6294277021816
568.0473312298013
564.9326167401484
629.9357702768455
604.6742350427273
525.3837125500766
512.6571305412316
551.5325430796084


