Rainfall Prediction

1539.4593632460753
1519.0510855859
1687.0237960416287
1682.2602916254693
1682.2602916254693
1708.0
1661.1810730128188
1648.759613353482
1614.3902089620947
1645.1246761636296
1536.8859391958867
1213.6007424594159
956.7076362092384
770.4134761870088
637.5763904953211
560.5763904953211
400.3317920845775
259.36516581840476
87.97600310153985
0.0
0.0
0.0
0.0
0.0
0.0
0.0
0.0
0.0
0.0
0.0
0.0
0.0
0.0
0.0
0.0
0.0
0.0
0.0
0.0
0.0
0.0
0.0
332.6322675532658
502.15742875064484
635.6708998575566
845.436604875459
889.8798743430963
939.6605437206263
1204.6213646587676
1389.8856564947757
1538.023704472117
1524.9384898476983
1517.4545606157528
1320.919264925014
1177.1734868383635
1124.1519790953857
1498.115129714401
1849.8035085019828
1982.94993734326
1942.832750575626
1967.2074368738204
1973.9165214862028
1980.6220236220354
1820.289915602982
1764.289915602982
1843.9284495364564
1843.9284495364564
1842.976176963403
1813.27105745132
1757.5356882927706
1756.576411454889
1552.4898204030055
1502.6625610262786
1232.8435245119015
1154.0265691705058
1032.9988308125135
740.4612071453091
630.4406529043415
633.7638188680198
442.39955864903
476.8839947276473
338.9890284387439
352.20511055026685
359.7532219610783
395.12996252551955
358.36750699319157
328.9030671451307
90.13044464551757
0.0
0.0
0.0
0.0
0.0
0.0
0.0
0.0
0.0
0.0
0.0
0.0
0.0
0.0
0.0
0.0
0.0
0.0
0.0
12.619072117341204
79.11561378785024
44.24844383893566
132.4564912534587
84.4446795490739
80.63393659984968
14.813818723519717
0.0
0.0
0.0
0.0
0.0
0.0
0.0
0.0
0.0
54.0576670645616
28.929403300839226
13.298535478404347
42.77466250861579
47.77466250861579
124.57261683573472
195.50511113765782
197.36986502312573
114.4636101832458
66.52718897807767
13.869077273316407
0.0
0.0
0.0
5.596475850551201
19.42915062792258
16.598793201354283
19.551996073159785
0.0
0.0
0.0
11.670146704607873
156.71243913988053
235.75818754892975
247.21501080091923
239.37791626951753
344.9619129416933
403.36794595399124
554.843161408923
636.7970394987592
714.6766875189263
795.1873491987392
788.5571472023792
780.9494518108946
918.0956546607961
981.5072971705857
958.5072971705857
888.5072971705857
885.7522784469913
857.7395732573871
884.4253059158314
935.5231887018123
974.1114955485735
963.6323006460973
894.6371526450309
808.7641602927487
714.6243672175444
825.1998993578043
722.068965955341
729.6572845373404
744.7144960168787
815.620911971028
736.0459064560025
633.5984521163966
611.9083713399078
597.8909855294238
797.7229529848546
920.2197221931117
1003.912540163044
939.8545931109231
891.8688880979936
778.929175602431
1018.0656008314094
856.3141731083701
983.3972542719368
817.1995998377697
817.633044644479
785.8882240433527
777.3342784789355
780.185871407725
861.8069891723392
862.7545679381099
862.7545679381099
862.7545679381099
886.4318921862625
906.3021571038014
897.0993581009841
929.4780902891805
820.9560812800528
912.0300226393815
924.0984697249471
901.4640181163387
895.6149292537508
888.1207574738303
919.0065453766277
869.9413047424136
1062.7953967096132
862.896784509458
751.1948018118861
592.9339603115391
303.76378679543456
170.9843369571622
0.0
0.0
0.0
0.0
0.0
0.0
0.0
0.0
0.0
0.0
0.0
0.0
0.0
0.0
0.0
0.0
0.0
0.0
0.0
0.0
0.0
0.0
0.0
0.0
0.0
0.0
0.0
264.575049425492
303.3034247813615
526.0188889718127
526.0188889718127
763.5741895600974
789.4616982777301
771.4525141015705
1048.1592034207679
1071.9750546489
1315.187416167432
1241.9710744711933
1215.9047888590853
1201.8076996531472
1238.6868819819824
1122.373966230488
1158.0241927127436
958.1986134458741
933.1986134458741
777.0276789205635
625.6411325385061
394.87545210192127
353.40309454235864
735.4152845483425
879.3547482432047
905.50225177541
926.6477665263485
987.7593026893095
1063.3744815282328
1041.8784326963287
1150.619818182345
1102.554924007153
931.236403649586
874.5595890277299
815.1542937950416
880.8110106029657
885.8433995697337
885.8433995697337
706.5644646216632
631.3005402682586
638.7499912948105
638.7499912948105
628.7499912948105
628.7499912948105
537.5449644940788
526.7079745343452
525.7227546877969
572.5835468486305
461.1016149792198
452.6254743976335
582.8673224899314
799.3194852371936
868.0367301234288
841.1134317070787
456.2398774471138
445.35417597188894
410.5428164908774
442.50493637021395
636.9154157864714
1069.1378228687038
1179.7405718303153
1162.8517122368585
1018.9949916924252
596.993315874622
759.1223629760826
821.6371840998232
886.2654729938444
907.6982550606797
974.7710692079568
1183.1399900445385
1053.0905238888472
928.5344671824166
847.3142304914415
1283.3232094866896
1387.898253649871
1460.7090486729833
1576.7090486729833
1567.1243833519197
1520.5810546165421
1660.148487802041
1791.4216232476647
1803.1297654399964
2103.4827008264874
2116.8220282365364
2116.8220282365364
2099.1812651220544
2167.0579344174
2248.958741733326
2230.958741733326
2126.341930752512
1542.914993986805
1546.566963776392
1390.7263823766666
1464.3716897184988
1308.1268800144064
1251.6958983041784
1244.9746700482779
1137.8950972007622
989.7603434728323
839.8318931895892
711.682563813464
791.7707123256278
1079.5553598714964
1163.2752884947158
780.7410923304268
603.2969236359105
490.22366430947466
379.44176835637666
354.5221404165536
406.63836567288706
375.9654405994868
265.2005099709834
280.4309859376375
0.0
0.0
0.0
0.0
0.0
0.0
0.0
0.0
40.28431344512069
75.54517784661869
241.61291598818366
294.4144115046862


