Rainfall Prediction

2281.71554850232
2469.2953872323515
2432.182809464069
2469.6539225724664
2505.3889400921657
2700.824674373314
2600.736873643721
2480.7989737658118
2408.585389900138
2325.3132013157547
2372.208193745548
2252.450277531299
2100.865975631933
2023.6011032308904
1979.331427241388
1895.2674574727673
1767.9807343824511
1393.0
1250.0
572.0
552.0
538.0
816.0
1083.0
1482.0
1513.0
1514.0
1733.0
1773.0
1747.0
1584.0
1920.0
1810.0
1767.0
1713.0
1634.0
1433.0
1402.0
1679.0
1840.0
2138.1621870166787
2237.8205648433695
2397.040864788233
2473.9703006395002
2338.9629472511233
2524.0963437853698
2560.633968759277
2566.73510537439
2487.513528262318
2583.104132384901
2957.877844358132
2964.7988027457677
2849.649857159021
2429.5031737894305
2103.3011506643106
1583.6571496358508
1592.0734074551676
1755.2694546982082
1598.6437506493037
1582.3747846326075
1611.846321202098
1794.859220528438
1454.3375733042378
1446.898916967509
1454.9266756635177
1465.9261926192619
1448.9864061172473
1384.2746539430086
1526.597481933642
1440.0123561994035
1353.9868881118882
1251.9880782069624
1113.0068426197458
1142.0626850937808
1217.043005181347
821.3715391770047
598.3760857940874
684.3825796789351
777.1841040277568
1061.2251280414837
1161.1577103071488
1322.1861750723858
1724.740654003715
1988.8440238941118
2074.55858134311
2132.651621720124
2242.4877340391795
2200.768228373828
2235.94622770368
2340.989854153456
2313.9656490265725
2241.432989349465
2260.209210526316
2166.7108896605223
2177.01884540697
2216.628992628993
2208.3672991434455
2179.41054316819
2210.0164002664
2230.803643867331
2249.2417959915224
2232.2002613083437
2191.3088025063116
2289.129230596302
2272.3930758388706
2254.4516282776513
2315.839602763325
2328.28242147923
2287.756304712237
2435.9292266457173
2645.20650553843
2611.9590729783035
2592.2628986696927
2699.0146931719964
1691.0
1645.0
1577.0
1496.0
1395.0
1182.0
921.0
905.0
1196.0
1182.0
1080.0
1068.0
1008.0
1055.0
1227.0
1360.0
1510.0
1425.0
1468.0
1462.0
1327.0
1267.0
1298.0
1298.0
1673.6932276456682
1506.349259734406
1600.4357053682897
1070.9597865902215
1065.6983556792309
1194.8978998619286
1185.3963614311704
1426.4281516309138
1568.3669240327413
1828.9443015496515
1917.9852024824866
2048.950589222469
2248.4146273443494
2524.0818414322252
2719.9554525231424
2739.7705545305917
2773.0243555482466
2889.8291870631238
2922.060168595472
3141.245921514199
3106.3589958840344
3001.605250832609
2868.270060972388
2704.203122668225
2822.408402766128
2768.569111410804
2722.329998967879
2718.6956666336346
2682.161242090624
2594.6269238489012
2529.8536174861924
2441.7873550894233
2410.519032017253
1994.6340178183398
2307.644428720644
2208.5707431960923
1949.1505259062649
2078.4885701008757
1655.1992999666327
1635.722209009167
1407.0759493670887
1591.8653846153845
1757.595744680851
1752.712765957447
1622.5989304812833
1434.6153846153845
1171.4545454545455
1419.87922705314
1423.247619047619
1554.4642857142858
1332.394117647059
1372.955947136564
1338.3115577889448
1173.1764705882354
1217.6222222222223
1388.0
1527.0
1683.3640878919662
1687.8902912621359
1784.0339335049307
1105.5980906110171
1681.256646639631
1672.5044034320867
1795.5788330763016
1904.2076557064302
1869.4978012065835
2397.077767657751
2434.828219592349
2435.790044162751
2475.035328507075
2342.0284673388937
2494.6033954749387
2238.3728095108604
1939.0839003844699
1756.3973124548763
1713.481830842562
1736.4904601962135
1778.544809955077
1506.9634115793056
1450.0140855064126
1258.9790642603227
1240.1799065946757
1190.4207626570594
1225.0579846132773
1189.9187670142007
1247.546309232789
1145.1125992400835
1173.6950419315262
1141.899945054945
1319.5597343351474
1240.746200162796
1299.4919636443158
1395.3680033026972
1423.8615608376842
1457.3033464799166
1604.4655341428095
1267.036054486569
1815.6929621272184
1834.0040947815794
1913.2361144662268
1994.2675601776718
2000.6514669305448
1860.7253953166853
1868.1060255072168
2431.0688140556367
2412.057346844772
2400.9281853281855
2709.9302678781464
2711.8219799917783
2768.609738012852
2781.9450824317996
2811.2882165474302
2823.112900759751
2822.517189531071
2685.1098637380514
2626.071670617433
2924.9852419074136
2980.1151785714287
2920.8214617123367
3041.962284144427
3247.6556544434357
3381.1369088403917
3322.3027145365795
3037.4472196544125
3006.8024846178555
2992.26080608365
3243.3311212191506
3186.491803599406
2748.6122934273476
2731.3783026247174
2617.739092938312
2533.797619705595
2639.0177041867382
2636.6893345109884
2676.102190419059
2141.307511737089
2154.705182005228
2167.0125784111397
1912.9314344192394
1986.7137853585227
2199.415317662712
2176.264657980456
2156.4587680785125
2090.470057103077
2074.096168485156
2022.6337617304675
2083.152932298201
1557.8722404161047
1549.821485914465
1355.485543451552
1284.728589398936
837.4467592592592
686.0658978583197
706.03125
1522.6726752071513
1576.1468829711255
1979.0536493243962
1661.5701079738583
1606.0327802916038
1419.0
1442.0
1555.0
2780.6137047506154
2335.0
2320.0
2365.0
2540.0
2720.0
2659.0
2618.0
2498.0
2216.0
2230.0
2271.0
2340.0
2375.0
2721.0
2721.0
2853.0
2992.0
3145.0
3135.0
3160.0
3461.16112566026
3451.697176856293
3481.9038581157592
3496.3644017076967
3147.646240234375
2975.0
2969.0
4062.4408449741522
2942.632183908046
2773.0
2119.4375
1933.392405063291
2010.6772151898733
1894.455497382199
1727.9583333333333
1549.3080808080808
2177.9877715717744
2283.5196099865047
2388.2172460545858
2402.1897476343547
2336.6911869627834
2373.2287876958208
2347.638840890979
2455.1828417822635
2358.6538289958153
2413.0357133954317
2400.209746942412
2376.079389967157
2331.926011088571
2353.702604343681
2675.9042323780013
2634.9318645228186
2524.0560986423234
1946.069264807603
1914.083946442444
1804.6214269196353
1868.903090765588
2002.2441437509094
2182.861907207042
2212.2134868421053
2285.7607375805064
2643.9310965622412
2725.9293978680494
2716.349748082539
3120.538949073605


