Rainfall Prediction

540.3543621101112
532.8529166299708
532.1467460295128
530.3020248712952
526.9297135529031
524.6646914353148
527.9665124112173
528.0633640829226
528.5675564262509
541.8571707123394
540.7363268699428
540.7277567922387
540.6391844901012
537.4696824943314
532.1478980735978
511.9226783063948
499.433778210703
475.6867228334708
467.39206072956796
490.10385493655565
484.5142388755412
493.7863181783875
512.7140020691801
516.6133454697683
515.9715010925778
507.50840659733024
504.48823995010207
512.6838110790039
508.50006151920877
504.35204919309757
514.0821398686815
503.46620676607597
513.6339262498361
509.85053693650104
509.9110886528914
508.14844358446885
511.60971730995266
508.0555619196414
502.5507972150842
514.2251672972272
506.5481066391215
516.8252769499557
528.0119567332331
534.2533944442285
537.2822852094478
546.1425001429277
545.4349347808432
547.0503068929364
552.5974400029414
553.224871700971
529.9504632783047
533.5609420654284
512.084021346439
464.29076412939907
450.84247902296266
451.40431823757854
467.80405697774336
468.0518171952737
469.4329254053275
456.812298158249
459.07147734264663
459.3338335367153
461.12846873496204
480.0751539146782
483.1377933714966
481.3689932217293
483.51526726928375
481.5211718450836
480.69471016412876
485.03872198434505
481.9468994655875
493.06859113096726
487.82258247468667
534.5493071194047
529.0790474683226
524.8397878115767
525.2410581977676
522.2314268901885
525.4910575316737
540.1970875379384
551.5209282264952
575.0804762938293
577.9287518180583
571.9000408536384
582.8564388167126
572.1059810046588
584.5002058141745
583.3809285960432
577.5881986609377
581.9623604638651
587.9817701320485
586.540071612229
586.5412806683448
579.2709143886381
578.8922757431137
582.0656420720901
585.3136671496294
585.3136671496294
585.0240293292965
574.1974849646352
578.799266176083
576.0928634371795
560.9748439451384
558.4494946692989
549.6895596595375
542.5288487927758
541.1827045509962
552.7101112602622
549.0965298644065
545.9083488886577
533.087435987502
522.8846818452369
488.8493960654911
489.80147037902015
486.4190383619557
494.50248341894877
500.8013400249893
501.5152576922986
492.0960073083464
492.27909231741415
508.37482594408607
496.6207709921439
489.7473218413104
489.7376766237925
502.00137125309
502.00137125309
502.00137125309
496.80569712034867
500.5876674300585
503.3077201460017
518.1549531308308
518.2390499998386
532.2093991396982
520.1396562824846
519.9942260016893
517.2832410858998
513.4089717637436
513.6646687245278
509.07809701599723
508.8262823888376
506.7167445111895
499.9396004489026
480.9707138095
478.25867162914756
476.22104476013385
491.82122837975874
480.33942618792634
474.8490001788683
484.17820947188187
475.3022901523557
456.18759838703926
463.86029471838435
515.1731033301818
512.3685226282996
513.1955090656919
519.161624339765
516.3804547595477
526.3769332898198
526.930293239213
528.9826642726222
532.0218901268665
513.0754587015841
514.2141987717237
515.0740970040629
515.0740970040629
517.292843277427
525.3455804168699
534.1018839054119
544.1799291866689
548.9718001083412
560.8638409405858
552.399702047744
560.2888051986112
571.0011150525107
585.4762199255114
590.8671651782608
590.7884178231662
608.0752480438293
601.2480613482128
600.8104951064614
601.3035255072089
599.8676751988177
607.1563998405096
603.7271386961899
594.656497745365
607.1210539230144
606.6594529425287
608.9174060454918
601.6209043613553
601.7871898093803
597.7664098300223
611.0104944428095
613.0052900319464
604.1445030058791
600.6215726412726
609.9804688645752
603.868629784534
603.0700804826637
601.93637581738
589.9142206172806
580.9698632896074
595.997878619879
590.6144277883141
588.2164693172032
577.8626101285752
569.2709122660556
550.1866008752766
546.3261877870762
532.047481434131
534.3942459975325
536.9293759569356
545.2915433096106
555.0539936231432
539.0196439096145
537.9239528604411
540.9492264795449
543.077855942936
542.0479069627296
542.592609583745
540.8495958365014
552.7966106286697
544.0666877777377
563.1250884295796
552.9359139420865
560.2485155750227
559.0020243698868
564.7573600585964
570.3879379396863
568.5534960914205
568.3807977504429
568.336263570825
566.9655224946798
553.5480332193949
551.2192515180818
565.7612433893231
566.3653303941826
562.2630800431937
561.0288559484884
554.9625707686549
554.6893961176992
562.2975294805268
560.5716863041348
566.2932295643218
556.6336953553196
555.759254708213
559.3114314849836
542.9890531541748
531.1789969590196
538.5969577940285
534.0121729387446
534.4551059679376
519.2490245370088
544.9845830941078
544.1153300614694
562.6509892093536
572.516103337724
554.2607700131352
565.4489085804576
567.6691920837094
567.6675157809647
567.817184004059
558.5518692923657
568.4436810792048
572.7646993858955
575.2669552478176
569.0942267869518
570.66085251578
570.9969203294834
571.8828887515336
574.9130566958532
576.9810000849898
580.4289012163676
571.9017185906248
560.3950352037384
555.8423448266453
525.1661123005644
523.1659384709882
509.77590184016725
535.7608646209499
534.9248860693447
535.471124364376
541.8356164381696
540.2354156591697
528.9483088743452
530.6169647610852
527.0573160274212
521.3052686816699
522.4780552376264
527.4905266012252
522.2377564544713
522.2377564544713
521.5528184801319
526.4757215856904
532.7178933543031
533.5208807807242
540.2551541008471
555.1112196645444
554.8568005666298
556.14152859723
556.2329242124102
572.2205112195819
563.4633090239126
557.6312701524604
552.0222960124457
586.594061358822
594.6837972526899
591.9301741436369
596.0866837968778
589.6868220508577
588.3894340987388
593.0912883644087
590.6276609617562
596.7275944838624
590.9679893827782
595.7487451898153
606.2989502030132
600.6672936558709
603.7342932360098
599.7449927837023
597.7937732814763
609.2659578453462
610.9488764432679
605.9955673712308
610.8901539794512
616.3477067726898
605.3347118280238
609.361294013003
609.2264477713651
596.9331257784025
600.7467147549344
607.9917213607913
596.9676036145462
604.2370640005663
607.0204819672431
605.2281083086551
585.8455890294966
580.5917240562856
582.1135326862802
597.399504567666
592.4520388557063
601.9498004046712
614.3776219032537
611.1494285753462
611.0491004834339
614.2206955459142
619.7753688866268
622.4479131725587
626.9470672623728
626.6088127354919
616.3258165931479
610.9138130659163
608.312113982341
617.7992643800158
618.1476650997758
617.7395186763072
611.2960709335423
612.7378796275391
617.6948377889917
621.219203081146
621.4697233543868
611.1244149664294
610.8599149700548
606.3544978053111
604.2779015824054
602.9948219547297
599.1896859442079


