Temperature Prediction

442.5641630391294
442.70842370322595
442.70842370322595
441.84799756251965
441.84799756251965
441.3832755149433
440.6282372672091
440.6125618754642
440.58019873032595
440.57642427178547
440.1523336579838
440.0549699887891
439.8715693992589
439.9272603976366
439.9717013192653
439.83424455888604
439.7861583750687
439.8996123953233
440.0151264377388
439.8946540331463
440.5368599701242
440.5842211512307
440.5881710448794
440.7683828899916
441.28739002472406
441.28739002472406
439.8156958597502
439.71850656720716
439.7207684299063
439.7207684299063
439.47163573675084


