Rainfall Prediction

901.5996260270323
936.2903796500167
1007.9856603870439
1100.4408762588823
1319.2808895682356
1293.8151734515804
1326.4621097896434
1201.649339145893
1228.2707745298396
1138.576523764681
1029.2819744296448
979.5483550841958
982.5741771490892
983.8538351511983
1006.759127938532
1068.1686063337834
971.5766665305412
1027.8409457259927
1125.1337584765624
1061.493007802522
870.0173441701826
869.2945628464753
867.622855675323
820.0898324781377
749.3915311999472
713.7924368882849
698.5576845470539
733.0660272882559
706.7847666152653
712.5483899042489
702.237823129531
695.1489091032785
581.8463918328383
511.88612135561516
365.6259464737179
283.64875948854433
257.1261035190434
241.5456970036999
249.20681074906832
242.56565794829123
246.34882841273242
249.19530883862686
233.54211278218563
231.38491653663672
233.6252070477208
211.94148261749797
152.43581104586096
153.92057897635658
84.93232801204198
18.0
11.0
20.0
36.478832321943294
36.24716928233521
40.0
38.0
32.12420007548649
31.587635858731264
39.48576505657658
39.20492221418229
39.80021875568477
52.41164845172689
213.53087671355863
234.337039728937
280.5087057190199
375.3246457323662
481.3039048219435
480.84398081161635
477.2250522625095
502.2744470520158
482.35112121608114
483.7549995027421
485.29232966564956
504.896632395244
484.9047152359958
484.8323052510824
485.0029806667046
484.7636543420811
507.18262914133084
489.3467559958138
490.38471966072296
524.1254974493294
610.1909498994731
584.1013372337743
573.2168518455344
575.2443965906721
484.4983587270617
483.22323590988606
502.7731929175933
465.98935947282126
464.859459326842
584.6814157649891
762.4632537993234
685.2348053172936
675.0926494299296
750.4450194190008
755.5480173035762
622.6747526052111
666.1630864062756
683.8617389013357
685.4949946782183
706.3914214661795
710.1171452899738
644.5789331762911
853.0597325478951
852.9987156930007
884.6985791215205
930.4878374345298
929.3003665095353
993.8233582182788
997.9008081763559
996.3052320543773
980.7706733204261
1009.9654004772657
984.4345989507572
1088.6187826319028
1203.3055915237046
1337.2160766059067
1337.6344160917631
1337.0906717390433
1253.9831721478017
1445.205721745249
1424.9866290247912
1048.0173088537297
956.5324336114405
932.9801871301021
836.7783953453993
746.9180685917416
747.0847169770248
724.2581387074756
710.6589175534723
706.4042694311679
669.9733498888352
658.6151303158654
619.4703379268383
530.6454528986884
531.2273087889415
499.7515668146753
449.8330870898801
447.2372133947544
386.2502601622715
372.11854785056926
365.9650807205233
360.3852542585538
389.6418623542564
397.8801524182596
332.44517981687005
409.0049435398181
386.0646959036342
392.4314440572145
486.8119574678462
454.1124069568668
449.3934266714779
473.17076726320244
489.6342877294151
408.0632037474209
408.0632037474209
583.9824426171754
592.8629171529387
597.5060518146888
581.8188685906138
592.1134393710269
617.9805644297475
527.4137569515094
570.8614813247925
592.2566286011795
601.7867215405774
605.0569624717879
607.9778248318421
608.4866904896775
610.3110980778985
609.7005708595412
614.8897452258569
615.8107652006962
617.4252411852056
609.6984776047367
584.624775585127
558.7154094978144
373.4251530949217
375.09172573175937
389.33594952643193
304.8451226749295
304.23983080181165
269.2285454712799
259.45407511522154
257.93290551334303
258.46088179463663
304.3706571719343
219.36937179080564
229.463844949509
252.7202021260779
262.93655782110505
275.0225298634223
324.096146351402
318.0639917823844
295.9387406054541
347.0849919555782
419.58954918430925
417.68122773953536
430.215010649739
430.215010649739
430.215010649739
407.64106079083604
428.34351515754133
427.16286093062615
424.21698906372205
424.3811645158127
419.92702297285024
401.98742488621644
452.1052552793134
471.18403930765226
513.4253825723179
517.0237937015312
541.8541129884188
549.7107448400848
555.0451376544974
464.2919483490399
510.8971993163558
481.60767477760584
482.5076941142543
485.1941494040693
463.8602816081236
452.7760001984104
442.34565261221127
314.62621953997103
330.4289753577632
311.74316648392164
194.4634785503818
111.12811291573806
110.34205730391164
110.34205730391164
110.34205730391164
172.56447445798042
196.89185214265052
187.27045524115067
252.79860734525755
252.79860734525755
252.6849035302762
252.66358313159628
252.6621496113313
201.0894711915566
187.0894711915566
190.79384105056963
170.2842258338174
279.3452690602984
366.2443345549939
371.0099268846097
406.25141125296886
406.25141125296886
458.8914555334319
465.31109531187053
601.0534779190928
603.2638155084013
607.353271861071
879.6266400333959
901.677213609996
1068.2513935692828
989.6168902157251
1092.5739777052997
1005.9181225442379
1089.910264843152
1090.1764198547355
1005.482258426205
947.5140874151753
929.1497856239689
932.21034302251
869.2228306557342
866.204455429306
904.3568174029244
950.6307588484385
1011.2617253788368
964.4819954481096
1008.1186016752968
1010.7250375134141
1075.5789626785902
958.894504021072
753.6260914915862
747.6337811371328
939.6022821198974
947.3574052698656
755.3919222088671
742.7446119631644
778.6184333204011
794.3529074718405
793.5766152438407
500.4269961255071
537.851780409984
459.645404478803
450.32838147596766
463.78714353533786
477.37485570196293
477.3737833317795
477.3737833317795
478.2224079792204
525.8432157271392
850.1567472258486
1091.5207779989414
1221.309771913893
1270.3095674498627
1284.2496743028069
1549.4804112135453
1733.9075466650415
1722.5941506415732
1824.6661483636265
2055.560976762514
1931.0605334784739
1923.800242900958
1868.275028344994
1875.9216818515968
1810.5107234180089
1808.9882338608031
1827.1470252392558
1856.865376880271
1818.8781684852086
1826.4167772100243
1780.976998105016
1780.7865693411393
1761.1727715467464
1774.3008236209798
1800.3398543219496
1776.224275608076
1762.7524320288917
1764.916619258939
1804.4924204211272
1761.224361165307
1690.1423817476643
1509.3386876254485
1207.5403602239478
1078.9146093267152
1079.6497303552437
1056.2331172534437
659.9429301178861
596.4565744386447
537.8730804895691
307.8266274847334
228.67572689571787
254.83362897514723
251.31310284015697
253.7611959394523
247.21862932809933
270.14654519903985
216.51123888385365
200.6081821042616
194.16816467193757
213.73779871409357
255.6252127996828
266.3604299482665
276.288810506634
239.94602237046558
226.65026206787604
202.02862775518201
222.37165570835668
298.3483159404051
300.2673620217503
300.378387379778
301.34713348641037
301.62378628480076
305.8194018551013
308.3151294372183
382.75895969495815
411.3790485636506
417.2582058507883
417.2582058507883
408.8306217796786
407.99341363298004
407.99341363298004


