Rainfall Prediction

544.6242820944489
537.2930034826824
537.8707394073767
523.3476860999189
532.9271085728963
544.0866006321243
537.8435134335153
533.8949640741077
538.5216200555881
546.2972511807493
541.7836753938489
523.0913683803034
482.6487245096142
1136.45713172296
499.2506329740279
483.8789079719676
516.9997659006808
488.46756553927503
475.4688650184895
463.278711309671
448.63167558244425
576.374301817541
550.7024262645568
432.0784159437633
401.7988569940514
396.74362309780446
413.1959382365127
429.9089145088889
471.3187888125908
432.7039842972109
595.2047763109124
514.2019501330019
385.9614035281831
393.88399271230406
392.5903637334036
389.48766073394415
403.92612551509956
413.2062253045298
428.2159106432541
430.7285453572037
296.3204621580089
293.05584638643245
292.90404913916973
289.12310986844847
308.8413939520517
214.17990979361298
211.52376172367354
211.52376172367354
199.7619322649229
182.28078440441698
181.46019651434958
178.30803941957
166.00747924333456
137.96587450973044
124.70020561701028
110.53554455960526
101.08572913319706
84.94692156907443
87.81222479052298
83.18547764157248
89.55322391631518
97.53298700037064
95.82409921837602
93.95237351824025
92.70009738792375
90.65731057962554
94.88922718907939
92.2295550332708
92.2295550332708
91.75849404871398
92.70009738792375
96.9123200687257
96.9123200687257
106.44207034463574
107.35454288402377
109.93113094374483
116.39335876920651
298.22751921820935
401.41198624832157
212.11752274606704
231.29254278743184
209.29348178501735
205.64715824417803
210.98138384651577
222.28388306594488
228.32069531661458
237.1342468872825
269.8531221055383
359.95708819090413
827.9479735915766
443.7490733296358
3005.300997735655
618.0275968289305
469.5592924935626
512.254614731639
515.1038057496725
508.50991324518066
512.7930776639938
508.60816974711787
813.3328273294368
665.6331087238897
596.3289216550642
573.099475939304
719.7943050952337
502.7445973615979
520.935461954026
537.2707358085073
463.1190534101878
472.76851300608405
530.5582059290266
485.3054679965087
693.4182368599381
485.4181953732025
420.7325363539241
927.16067102038
419.48003745048743
444.7246189018703
450.510412170411
510.0742102336958
369.3315089160758
294.28006552732836
299.6427737236663
296.4088706646573
338.9715363215455
349.02663878274893
339.2199901092698
363.88636908536023
346.17104096731424
325.0832484794336
288.07918678540216
291.4509643353994
279.1571733948288
280.49002745777665
508.71338052240685
270.9735058785832
288.4879933308176
259.90930828987547
395.06243660154803
340.7019006513359
325.6369401972727
319.3403380542618
365.3346978662397
307.2194766126883
323.0882182265394
346.2027184669959
548.1777806561465
283.82931155410427
309.4450043434562
296.8896925970801
382.7890407855897
381.82744559599496
335.3414068207225
343.2114216245817
298.1766719333742
325.0146215406848
332.85487886038425
354.9397844414782
315.2601585883653
333.40592333185754
323.025286687299
299.9421552631803
318.7490653115676
316.9638513906106
314.56383064428223
316.48872995619445
316.38469948108514
317.1233528116366
318.1370321184878
343.16856477759677
555.9652874343452
238.96576421587463
223.0542339785473
225.82310498723606
218.41585304533206
206.77062446719023
207.53265466553387
206.15065258585182
216.84439029035286
218.8077596596079
154.54556745500787
143.13892867937693
130.62252275562923
131.77396135973783
108.5424403158494
101.08572913319706
76.70856272787196
78.33880404474291
86.38216748089161
81.25449671315384
81.41579536609024
81.41579536609024
85.90433557911696
78.98878579194218
81.89926933205328
82.22123588400632
82.22123588400632
82.22123588400632
81.41579536609024
80.60859273416494
80.9316870544158
80.9316870544158
78.82640200118871
78.82640200118871
119.22500800323999
126.61220531777252
129.24995165811634
131.148214347827
131.148214347827
132.60464289233914
132.60464289233914
138.83129721277018
209.09081339392407
196.27217872109287
196.27217872109287
182.7319113599849
184.36166334082387
186.5829843804126
178.27490136535272
185.36206593971548
185.6289671164331
200.06671511814963
236.27256158334308
234.6768744253941
319.8119622666085
510.3659958448088
290.8985234463124
284.249709402693
196.84748963710632
174.57289684393166
184.67647122121167
301.67291590146226
346.6138892984493
478.7051643328929
317.9134364525414
369.53451326155397
309.8267950958581
318.03034414818126
295.4508381251405
310.6421134113647
315.34534664746275
344.8209773131525
414.56826099052387
282.23545672772156
271.99323238604507
277.90327326412347
271.0872121790755
294.91795234318016
293.1294073298395
301.0875237265252
307.27096445342966
315.5582833885969
317.95519298659065
319.05743729451723
312.5319833489319
344.0106315150036
348.93894730300246
355.6587195860078
572.220328771462
432.26161263346114
883.9089506105506
539.0572250229862
733.4984364369394
531.6921378191054
538.9192608693212
533.3016375638695
352.6803469939818
349.8607901838748
348.10894851969204
339.02532358671033
333.62271948164806
331.6887448341936
332.1271057637873
332.1484834139651
336.42870809702214
336.3388035517381
342.38716460279966
350.9083637711227
349.37330871189266
351.20285822161503
346.07462737372055
322.6795113485803
313.1435795730773
312.1203350213621
307.584306540921
307.5011173833364
179.62956476796597
199.67367476221008
189.81293328761706
193.62810351568356
107.96195392770964
81.09312735182183
83.18547764157248
336.5575569038347
210.7499825671731
197.6396712936754
289.1315869382913
278.77171442810976
336.96125683798044
278.0034222686738
282.9090818109373
262.7793865892856
286.4879194080137
297.45833234591095
306.92124911191496
325.48816409750975
338.8810180341796
337.66832428037713
335.30096907264425
336.45157654549627
337.03397075675394
344.2713156385295
345.35326992353896
325.46797050051845
332.63178275410473
351.53368504183294
353.5309130590138
360.737926590188
373.71723673288625
379.25565568235515
376.91188685113787
377.47619704027716
387.39868576389506
392.0210748159266
405.27426115262125
408.52528856269976
491.2635214435104
254.98335386522515
270.1325044633519
254.3467236034268
232.70341827959004
229.61505171240424
307.6744481034477
280.75606317553104
272.2236876393659
261.88957908536804
249.44173229170863
216.89877994396556
223.4780454715132
224.5529820918099
238.74066784278622
242.90814157332136
239.36266551532856
245.12730240512138
260.9143920525862
256.4749415227739
237.22562432455052
245.2434790700431
248.65863459983106
250.8674229443178
250.0415902266097
253.46423749071275
332.83143471165823
310.09608780116844
320.13457569467806
330.98202536486747
503.1108192099233
264.0874953716712
262.30206013018454
266.56385007528934
393.6464645088611
390.8464298605431
348.56391233368424
283.3983028735659
293.25655113973414
307.14254213171716
345.5944140557831


