Temperature Prediction

374.2152384710555
382.2095390430792
412.2075600425537
403.69231073587406
410.72123618246235
413.3578995978374
407.74470554255936
402.98623738623826
398.7701132334457
473.94480146701295
470.81869622114925
470.97783128893866
468.27275496203237
464.15890580269377
476.1903014064469
462.9712329884006
460.96699198062345
458.9698324679697
384.5210822306943
377.6855376553166
370.68543482709623
365.9020422459028
362.0225425370259
358.4805679031594
360.85522927910415
361.90607495402867
328.0448303856745
387.6305460878259
390.08836764880374
341.22666409441166
338.15393620188235


