Rainfall Prediction

910.1385463766507
943.2123044980649
1031.1982859088773
1120.3944231675616
1244.1823009294835
1259.3957326047648
1265.4857205916421
1251.9228761746028
1267.454951238889
1213.7068963648771
1074.2570769605798
995.449194566847
1025.3012853895334
1034.509946386519
1059.7598389640798
1097.0218673891966
1014.8831244976043
1050.2592521020074
1114.3862133153875
1016.5300997505236
915.0236789202355
918.0945022404878
918.7645227786095
861.9816712628856
764.9369969919379
720.5219871634235
712.6883337940305
711.8201458158335
683.3835381516611
683.2246441428995
669.9749868166845
660.5684304821202
513.585591120532
404.9219844227469
352.78859619468955
250.6893721654006
230.80303271864742
175.97102077689684
191.1433830237419
202.535688091164
202.12365399633705
200.56740921359795
202.26002812939018
194.54262842392885
189.20886412783176
160.79115624100285
83.5035273787837
79.28209083202357
0.0
0.0
0.0
0.0
0.0
0.0
0.0
0.0
0.0
0.0
0.0
0.0
0.0
0.0
156.11575707939136
200.6074353084455
245.00378737151982
379.3452529741697
515.601573654025
515.6336414857103
511.5175041346252
516.9102544534942
517.7060729164999
520.2442266179011
521.5983543721285
524.6722378294315
523.1817388069874
523.5654677454247
523.4419848151347
521.4938081096797
522.8715957024458
528.1026277970432
528.1707816158228
548.8435840066014
539.1407170640963
513.5605769490992
517.7686990578123
518.4964262947395
519.1783339580298
517.1752232703482
516.3372451341279
489.91918334888857
491.7576496075997
543.671225360702
797.0680425751582
707.1069689932174
697.8013947232953
792.9244912154526
755.9924068198955
625.0061603859104
679.6873512706904
711.6212486668097
711.3788509931732
713.3675059015891
711.2883438436804
713.3089455814682
827.4319356554656
828.250375098911
878.0861568280018
947.6427343554608
947.9405820417716
1027.9814488047002
1032.0268670676203
1032.050523890957
1011.4179294358939
1013.4384219557046
1022.8932476293515
1158.139361774536
1302.80695150011
1342.0922777053163
1342.1210531922866
1342.10567267842
1370.0218935834425
1441.2696888683101
1395.7841013247619
1123.1007304990933
1005.575162637937
977.0585682967165
839.7084962107573
740.4921205992764
738.4897024252649
683.7838935618305
651.6987935044928
646.3366288832893
643.1048481849389
643.2146966631683
640.048821925767
523.5650383036341
522.6691564020645
472.23947199254104
398.88581173102847
398.4819238939618
322.78184801910385
311.3092397612239
315.6840288358711
315.37566318561744
333.38517241360256
339.15379981215517
250.2866450210624
345.62945515667997
308.66211671793167
308.5366916707136
442.87643688336055
414.7872523728223
401.230026562069
401.43809980747335
401.11415729179953
399.83758401160856
399.41136888716443
511.10333851879665
511.7228478235139
519.5767613159209
519.5105271253127
536.0633850707633
569.7136167925432
572.6034435190478
626.9593334647221
652.5893916935736
668.0878741921316
671.8045989018918
673.1798238067755
673.3659669089152
672.876626956217
673.4600058877936
672.6058240339383
672.7810870998314
673.1308858029843
659.2446652688243
643.6171290305659
609.2629660708873
357.7848460373051
229.14511372120484
396.6666345565318
292.36181359497874
291.3431173894977
236.36273185222555
236.1817809144617
234.67824020608975
233.73251606597105
294.0153645016652
177.8210507277151
189.9898090771684
215.536726520287
229.0608664765208
237.68304833056158
252.67505229684966
246.02844391075752
256.2900636488613
321.7623319049033
425.5605684211526
420.6658224370898
417.44960328357087
418.9102849758042
425.6716938967761
425.68075078600134
436.9411467821999
436.9398793611365
441.09447827832605
431.2929496716233
408.1049458395301
412.555668164966
467.11948597418814
470.25282068444295
434.2984932062531
445.9554325941108
491.559766763086
493.2861846807132
494.654192005761
494.71753666577706
494.7386515524491
432.8381169734092
430.71005990659654
417.8447595219497
383.3675382595008
355.8740829470925
324.1831869975794
229.3235080978942
229.52128899375282
210.3162376260285
131.2181432459823
0.0
12.704202680622975
6.70536923288421
4.33312233960794
17.19901653791007
120.901235354747
106.87670832622844
202.5376177351471
155.27088047955942
207.23431896010968
206.78450996919216
206.3101031369566
140.5340370919816
138.5059321508998
138.3663445191154
109.28269017898863
258.19678825296654
372.95333920261277
378.3009965164657
422.8174622245183
422.2506462469071
489.1608260311716
494.3942063040379
518.1009020430149
547.0827772001301
548.1033796629771
920.4742575465971
948.4359780702059
1047.4491736372695
1058.7955926217714
1074.1778736964475
1074.6179266750162
1074.210615229199
1074.504234294158
1074.5534071557386
993.9713674219979
962.894525985292
961.8296129949708
879.1148851443733
879.0074139777012
895.6869974398091
951.6698014568638
1015.2884839664141
1017.0476157087782
1048.9129707928257
1048.929504447112
1111.0243289021378
946.7200159242877
831.6384689258716
825.5916262413812
871.3524388762772
871.7782043350028
819.4862078891057
814.0724359775262
860.498181359443
879.1620695749704
884.5217921173821
511.5022979534503
530.2901346427483
414.3605127434377
405.4023684010507
445.13519417100065
380.9880505421511
324.6902122172514
471.2804032172823
473.6004621344578
537.3163219678686
771.5629758714559
1097.2648440697099
1268.9511596814095
1335.117611506751
1364.0762570784532
1694.738370959369
1725.8829262759662
1785.676199657397
1969.623955273858
2071.7821230905815
2028.4089525057375
2026.3098138561588
2029.3742859263953
2029.303705492337
1945.8445086762438
1945.767376203323
1976.6064744741452
2008.6884685354535
1955.0346709851024
1907.5260330590743
1901.2148905994843
1902.2074114027885
1875.233990243571
1891.7825244678768
1922.709551084271
1890.6790609530374
1874.2334178314736
1875.2819989996965
1875.6466313086219
1874.5731789350007
1816.6696950848861
1587.2848798595114
1262.849497915385
1091.181820137678
1092.149768941251
1047.4467629401076
659.8659416262325
574.5217453740527
512.6532485005853
286.937991407141
162.6893546050483
173.15231183516235
151.938198317565
170.67480449190583
170.18577800393948
168.62801099290397
167.46238837296636
158.71513445596887
131.53893109254312
155.14087302741996
206.51387804979507
220.58159473311483
232.5532700756086
189.40831254043925
168.07651706471586
114.82883348127264
163.141881800985
221.4611577080176
266.0243167654962
265.78330548071347
267.35618110951435
264.44430309328493
273.08372012388634
275.7961117118074
368.6310418358855
404.076460173913
394.1494317407109
394.2114746187665
386.3259293466834
372.535940444155
381.7354295959925


