Rainfall Prediction

891.572582300803
970.3280969069069
984.7606105305365
1092.8482107031384
1297.2097582534568
1340.3763779454484
1275.2770175152266
1237.826016386536
1235.362346541823
1107.6270501670087
1046.6284128546122
1011.8874933482327
998.9190176079417
993.002615908309
1034.9528130136564
1100.0327409914485
1020.386812004431
1012.4149113006483
1082.3050306208684
993.1193465150724
935.8588536322384
856.7797114333068
875.3919676941514
840.3926075171479
676.5652051666865
613.6538364772326
664.2144729266199
586.5790277001947
572.5309555317708
566.5757254162447
606.55917750753
621.0033287092375
431.84120160764735
399.2541965882714
342.1831808133506
186.34298706732517
176.6751091227887
182.5344037715845
184.03178283143643
175.6097894573652
195.6910801227608
200.50242528267438
132.84767028336142
190.66693299716815
118.34990997224025
156.4251729784792
108.58663698075057
98.25587761289044
0.0
0.0
0.0
0.0
0.0
0.0
0.0
0.0
0.0
0.0
0.0
0.0
0.0
0.0
142.84498139712048
220.86532230795237
278.26161021135374
414.1340278053728
515.5363798568968
532.5790874654828
550.1200825923229
523.8471298635844
520.0522464218101
509.1422404199594
497.423651122368
511.9942309125708
490.663262674593
552.5588692341926
509.74389024066994
524.1349362637751
555.0403634846483
569.1348135842334
518.2340513349134
560.542652875137
550.2932206616384
518.3566007307156
520.3188034527665
493.74091950637944
463.7979038776747
509.63276955282817
530.5176469927519
462.82521739503153
465.73749454288793
527.475393613367
771.18676494535
672.6397056703871
700.8175087112559
785.5639519459811
726.8539433016017
655.4799359053785
700.3867258138553
725.9190540969076
672.6152402077789
671.9965882491523
746.560772341573
724.6508890192642
820.226710689763
862.5222754753391
870.5520690088193
921.1042474845365
960.685102165214
1037.427948055296
1010.4465582398991
1031.6060826458242
1007.5947766174053
1028.0508107562748
1012.343073257901
1183.320129651404
1298.4079022051576
1357.1111836020955
1335.9174957518305
1351.4567966414077
1382.7734881166766
1434.5566113008308
1395.4249408320397
1121.0537814905651
967.705897305247
997.4446186435526
844.1188922858711
730.7814056705696
784.1962175679982
738.8600074497242
711.1844573103783
694.7709219099772
656.0810717315999
667.1680949954588
664.9142066805247
513.704793189371
546.3191117261038
486.3162636713551
390.7828180597827
427.86984132364177
315.0053047945499
306.7667973582009
307.2256795518189
304.11101122094385
345.172329014133
325.6824994695489
194.6879005183528
335.1838804016353
263.018623397247
286.7235128408721
361.1835123630101
390.1604460769713
334.52992439382683
362.44083885407986
311.48127531666
395.133391131342
343.9383273808295
481.5850421467077
453.2884462231874
526.4256039313582
483.9972148595051
428.65584905151087
478.9525311656068
573.4505966010996
619.7382803217484
631.3865169437377
618.6758087110734
605.8550606301214
642.042634630654
688.6426764046776
654.7932886077313
676.2074009168753
698.409792099894
682.9651866689852
682.1054377909884
625.9596994296055
615.8511814374287
569.1266871602226
343.4921868811656
396.82670276217675
390.6334326521469
232.1935783833671
248.73709001529656
226.5507792991478
195.4576056965904
176.68896814526286
263.1503668439702
332.5515650780083
188.9777691944317
273.4051271283407
232.52342929282503
238.74104218592123
264.4713552521666
384.404464029022
351.30115142817556
295.68786402938684
361.9425381231814
503.1956771482212
424.93654695299085
471.34373635721965
492.14113630408326
450.8820061088529
450.60195809404786
559.9500511494834
425.4160286291683
392.4854728463682
591.935406348149
615.7618140496322
501.372952981957
474.284321671411
525.303508764757
548.3421283105326
510.2457386146013
657.8293186704858
734.9640825531092
644.9567783969248
619.4708280450336
610.9755112610698
583.2762317363662
597.5613989519258
543.4370326393188
522.099214474358
417.92607640504235
456.38450436945925
356.71196145336967
306.8458168775909
314.8483333826801
196.16754136303786
87.23038101233811
68.71187526279388
144.76885963408904
99.85794517383613
239.852666804574
216.26826448086317
225.81132188359157
189.2169762190652
256.53366769433376
259.3157597405442
263.6022399420974
223.7132379503973
159.63673493609667
157.59340071715798
174.9995092818329
145.28834681996761
334.23268864730994
447.3407524102854
449.43668787701563
455.66235421619075
378.54814011451674
508.21944302254474
477.1512388134065
578.2103716511656
535.0021981680738
573.2181665255172
902.1839301032453
980.4341845845702
1047.6826718507004
1036.8186260397758
1021.8655079017478
1071.833983642039
1112.95938109259
1075.2018406995635
1117.5598770958145
1024.365980375432
954.7615454142265
957.4540976914886
878.4922630080631
878.4922630080631
876.4494327199353
923.7542412580425
1023.880424487454
1026.6369337425365
1084.465612590025
1046.075597704864
1118.7851521200423
1008.317394212519
817.4594987402926
770.0616027902042
874.4637094826448
897.9979773620433
779.6202996432454
836.0152248590432
827.8321434489123
926.6288438074913
916.784280150606
554.9937169180815
705.2623362249262
574.5412669112116
450.29059468965136
467.80646125456445
567.6027073839424
616.7040074105105
609.5811264650488
548.8782992973119
592.178651733983
872.218106760229
1193.4232101058108
1318.2242073973177
1333.7762631934932
1416.5827842133458
1767.0572328793446
1742.9760284045246
1848.8771454798261
1967.4396850365938
2133.0139848509816
2053.466716705901
2120.857185820263
1999.407547379176
2019.2189655170216
1906.755504542426
1973.3222051399362
1982.2317569125855
2055.7478323476166
1897.4191717446101
1957.6156214590483
1914.778448148923
1850.6780930697232
1929.0312191353373
1899.3503044361535
1970.044133210443
1947.3472110223213
1927.606009667892
1904.8023367027884
1886.5096199719608
1884.7542645343644
1767.3399433551028
1592.580586045272
1265.226219971596
1042.3450128542474
1056.739483840844
1099.1252879836532
587.9488841193538
507.2084685437852
534.616307834689
328.5998826055158
200.29358870026377
184.22265911591867
128.1628266898748
129.36852015684337
119.32090221762061
148.21053081967347
265.10337551510014
244.5241288811097
163.46153459089302
197.73254772328517
286.8770095876404
198.49900031918284
192.6382203032419
170.50861211033882
174.85778600532834
237.0280760198953
219.90461816569066
344.8407473784463
361.1102751436932
354.5916832035731
328.7181117920682
358.1848750506134
339.4947165988988
337.8011331836925
414.0644741212751
449.29996112172375
483.9965152712205
512.1588015413182
445.8145876785752
436.4132667649955
446.2454932555178


