Rainfall Prediction

865.8459402931998
920.841074436369
983.7388358240545
966.0969052503979
980.1336433562259
960.8864977324638
959.7553059673985
938.9092231637276
915.039766316191
914.2705264103298
891.9264869816774
886.8193479380687
880.0123182885526
886.8696740472101
887.2692602304851
883.1573423564013
893.8815971109234
927.966072996885
953.1178769952062
963.9647040402544
967.584635973842
961.523011352998
887.3091347501569
883.372226218187
865.8345664490254
844.052783901758
831.4453320948089
817.5801857924168
834.7354303491356
786.834681076563
735.6242755260631
689.875483053495
636.9831589576996
611.2063594209452
663.3623485806637
613.9381761198063
622.5230804183202
617.9493344477467
620.4904194431367
635.780996419409
632.428547732681
630.4178884458523
642.2278491348379
654.1133817394689
649.3906812377836
666.7990819428529
665.2347316602146
647.4368495055141
627.6149197947193
623.797824711185
607.6282278160782
583.9557776870456
581.0366403941727
569.748220631971
604.2939850893382
614.8608718765307
634.49848934179
628.1742239035082
624.6817545458022
621.400765069973
700.9423519204547
724.3858200026928
726.7503670344908
723.4755444138548
651.2589801606142
666.0866835070411
663.2126136685433
653.4747104578572
652.8964790565816
649.7596177151013
638.9209772350948
638.4610422688045
636.6656130026794
626.8920888318423
617.9146925446712
616.0079033046636
599.2104811992509
602.1969935843031
606.024532354837
643.2563353517347
650.875425428118
669.2971424613191
669.596738361207
666.1220839043273
705.739183284912
715.8208695620726
710.7275470087966
697.0903594081306
703.6489905091393
714.9763071853333
659.9834405649405
628.253143776924
633.4195373025808
623.949180108473
632.4467747692962
630.9470917255605
556.8317391749752
553.070255061414
557.9161176510013
552.0439123934317
553.5062931837477
552.0439123934317
553.1764352843765
553.9275899282911
553.9275899282911
553.9275899282911
553.9275899282911
552.8728906227268
543.4956020194111
535.6530727491474
491.3794630397787
473.78256800742395
388.8460807993582
385.31860110143907
361.74302321641494
330.10561780168325
335.0218746788224
323.48578176027775
278.89442891646115
349.74865263461754
338.79504558771663
0.0
0.0
0.0
311.6151997285428
304.316619140399
367.2330043107548
475.43996992627865
507.923501891521
541.3812145925453
541.3812145925453
570.2611013149476
587.6890795522403
594.4436708470964
608.2104107006219
615.2043831397124
643.461142798057
693.1300392681165
758.0058147000464
819.7280471255839
839.2094836890406
845.0494175776823
851.9377124917553
851.7537285241139
867.855293877436
895.7776741200561
943.1653350048523
925.8448773931757
931.0354971593092
965.7176245050376
979.4823221271503
947.548490255784
967.9005073400616
956.6342438853906
946.9248992568363
948.7703777364472
954.111725334416
952.3579996482634
937.2006492481993
985.4291182744836
980.0676520440936
1016.5700325439612
999.4129339481901
995.2686971967278
990.9576241061635
1026.0461042147226
1031.857325129149
1017.7142167387359
1021.2692621766779
971.2958088363386
894.1397750932975
883.4780985881614
879.3104228812606
875.7834026824805
886.240099265328
856.9866641400571
845.2768254923841
816.0256424995829
812.3812172524202
809.4875801981277
754.8990593181048
734.9192881188183
745.4995164091763
750.5345365078686
758.9897608276333
786.2498058220682
784.7524878292152
778.5816881380043
698.6566812529345
704.0194826454949
614.7159533929967
622.7888933236064
622.4625447040772
608.5775398181323
595.2787699985278
596.8787671727787
519.9959408476794
521.3194348003574
519.1816579568119
452.59834963145
452.7402974413988
460.4888862232922
545.9152364908853
545.8539135601422
544.716923056348
539.2518122436832
537.2975634129526
574.863215063732
571.9684321609226
625.3571117314215
632.7681848074071
644.2112280133422
636.9320606618705
619.9955379233279
608.6145294647887
580.5395317669223
551.1339622625342
557.8730865691201
590.2328107518504
594.1532353990991
589.1897306304204
597.7900967533542
577.0247357724719
550.8301779612932
636.4662076519807
636.2713296768127
657.1663462507604
686.5975632034961
702.2219047405126
808.1145403766988
858.4503125073035
857.6565958812599
844.8709208973358
777.9326006390997
808.8142254407435
822.9480047996833
824.7508688891677
823.8205223787824
808.4433803541979
839.9779272790947
828.8505034920679
907.6173074323223
893.6890106800452
893.3157182411933
893.3157182411933
880.7110725273213
892.1578953696953
887.4176355197726
879.9743794655627
855.8837873176309
932.2315835243578
934.0130355463347
918.639249284119
932.4669198036916
927.7654298147174
885.3337385706111
885.3337385706111
869.1265413737159
849.6564775476627
839.2871542175403
766.6390575265116
709.750834678751
702.6680991893462
701.0417771011478
688.6922976597382
616.9589136680643
613.8010206662901
657.784086434412
657.9023280370806
636.1590914864859
625.0506460224681
627.4561201495789
551.4049284174756
556.6140643313663
580.9425752800902
645.7955673031394
659.420269747812
638.0638427025876
645.8486562846678
671.1407568892876
707.8660007937852
640.0163102109029
630.1223584534827
641.1096696023352
626.627299655063
626.4146844792668
620.2400553315746
620.2400553315746
627.0654818773929
627.4982197635123
609.5842030253363
592.4766593287917
608.0361749683044
615.1924271141713
618.917680857425
619.1779265142625
616.0592971155953
600.3901337196239
538.8895846050056
538.6345985593275
535.2862165893994
467.3462011119814
554.8778659645859
565.4527923121451
612.9172136826703
602.0978215694429
550.6079831518063
555.061177777783
560.7482935197017
548.5557571435342
588.312152148806
569.0883167546516
591.8191439751592
627.9063576924755
634.204993999012
665.0549810822724
678.5388406170308
700.8423365155558
719.3852790065229
714.6213900557243
733.1410568688251
752.4747252588578
754.6816229712446
758.7043016596749
752.3728861875913
755.3480893090515
758.9749243013588
762.5389260576749
762.5389260576749
775.4973942377692
795.771179200881
809.9848622603898
803.6987903898554
776.7295771799191
771.6481212547501
717.5216604412185
748.6077030581959
729.6617217099483
718.5777339377472
717.3743561822479
725.1640762204078
704.4819818914109
715.3792050261925
705.9014473021416
676.8140562439393
663.0804201750612
618.7777386345222
647.7250377990229
633.102192135162
621.447733345348
636.1366899384607
621.5613615061008
616.1164197907541
654.6993474358192
679.8258504988617
709.5801016874412
745.3907374029127
774.8241563513507
781.147601212848
782.7084530647081
771.5370115536223
779.3997397610412
772.5050079881241
779.6336281346586
771.0552397569563
755.0863626580929
754.0797373190705


