Rainfall Prediction

586.1074771432017
530.2641705651389
521.776484381323
493.22674303109335
518.7421742529137
547.2716699993799
565.714798649846
551.5633660082988
548.6020738914006
578.5435161352306
522.7803223584011
532.672697484737
493.793772592488
490.07052995086053
444.11517953331804
152.1818260666533
253.28439355080963
0.0
0.0
299.58797889556985
416.90850701193114
460.46313247439184
661.1410307309408
673.8196752465162
675.7029909979635
689.8875598499068
717.5703934954169
696.4458643288554
682.5827353203181
675.5785398732137
623.656097941343
626.002855741974
625.7343337144687
623.2192765733251
622.7170565320088
581.8728443512508
532.7889216879374
521.8412345091778
523.0013127867343
531.5587632363191
543.1927523094142
543.1927523094142
522.7286484898868
504.04921226119455
0.0
0.0
0.0
0.0
0.0
0.0
392.6136443621119
339.51983587486126
267.0188661336331
0.0
0.0
0.0
0.0
0.0
0.0
0.0
0.0
0.0
0.0
0.0
0.0
0.0
0.0
0.0
0.0
0.0
0.0
0.0
0.0
182.33984669876767
186.34769149579745
194.54853867153037
205.33313480034735
275.9468667269153
298.82548963634605
436.604565280814
464.0516445661457
0.0
0.0
0.0
0.0
123.68443729602915
90.6090076695172
107.72816892621738
114.92020281832491
0.0
0.0
0.0
0.0
708.1853451832741
671.5117128243655
671.216913359436
675.7767907314617
675.8633051892922
731.964225330043
736.9190148487729
757.7360544777235
756.2833646962563
733.0320813075681
730.0925192570945
546.3221539851055
539.7196809577486
530.485531477069
517.4866326221544
445.72954248792456
433.17715741622237
301.3552684508091
296.37416199404333
0.0
0.0
0.0
0.0
0.0
0.0
0.0
0.0
0.0
0.0
0.0
0.0
0.0
27.724493882850634
38.197066560681264
0.0
0.0
0.0
0.0
0.0
44.20372676823651
76.81992998913304
84.59931400967123
125.40400249474008
127.01537805999655
135.06464700774856
136.68255534921465
165.58450750832586
163.44128241037146
0.0
0.0
0.0
0.0
0.0
0.0
0.0
0.0
0.0
0.0
0.0
159.40948194469232
202.94165348493567
214.68318850431817
181.56888767518402
186.8107991954358
246.62850615299593
239.91279331447643
244.11285459560645
248.3596083991964
254.6647056635828
245.63760105515718
218.27018578318135
211.78122623178882
213.6733202443396
251.72661318231752
396.9273079346395
478.6070032547722
526.0348394986682
492.2902022679254
452.5136085494929
472.0488060425829
0.0
0.0
129.23139571117005
232.35732936741698
295.70699472825754
295.9685979383756
288.29285779002333
293.42425529756986
296.81307690989183
0.0
168.42779036513045
0.0
0.0
0.0
0.0
0.0
0.0
0.0
0.0
0.0
0.0
0.0
0.0
0.0
0.0
0.0
0.0
0.0
0.0
0.0
0.0
0.0
0.0
0.0
0.0
0.0
0.0
0.0
0.0
184.89727829631988
76.94103169449312
82.34496281322285
161.33302501110634
0.0
0.0
305.5963906322783
0.0
0.0
335.652277727937
355.01515903627336
374.26929756542745
498.06930219518057
368.24303811554876
368.24303811554876
363.1918393571463
371.6593297135286
382.03906412655994
453.0214025792418
463.3102240361063
347.01441005097064
342.4915783570457
397.611481321487
386.2675298895875
382.6012012395929
390.9376214258442
403.53561989889613
416.2414259396315
420.99508495234596
395.4561570663966
361.69938352779195
318.9081896965378
252.37183125727995
233.5231839855977
145.65017681307828
0.0
0.0
0.0
0.0
0.0
228.6510767278993
282.99247929675073
411.803139865633
479.13126366452036
511.179045542422
509.7950182095396
520.310594429402
519.6382091305433
532.9303354080716
500.69371696808537
616.0938675782298
661.7805193958933
663.2908610273753
616.2944903722645
705.1759751459075
700.9765517829173
728.890040956414
800.6526424434265
825.1107443186472
851.0996209643587
885.3166481165678
887.4158929965763
889.732725886456
903.3859681164181
908.13645494452
913.9035625777364
919.4005010191379
863.8774454563815
834.9996349173924
0.0
0.0
73.15608030350016
0.0
24.635392052580013
0.0
149.40413878884553
163.62587681301505
169.5971483985169
181.72182856484656
0.0
51.8020004980557
0.0
0.0
56.27961260042091
0.0
0.0
118.36269376065148
0.0
0.0
330.00532414606965
326.64076112307504
279.8115666136908
0.0
0.0
0.0
0.0
0.0
0.0
0.0
0.0
0.0
0.0
0.0
0.0
659.7540105751203
663.3205562374555
689.7342929649712
704.033807658715
732.5191177725898
750.2251531301082
775.9849744500448
833.6282095494998
813.3618190965875
830.8070151908407
790.9591355484928
0.0
0.0
0.0
0.0
0.0
0.0
255.10940127190923
310.5466940929218
303.56490983361255
328.9632208833642
353.4563169083046
442.5479354316819
516.0920246446955
565.7561993263807
0.0
0.0
0.0
191.41126825871586
360.16779252273614
405.0958848499158
434.33210536666525
432.79139766674234
0.0
0.0
392.02435437020466
0.0
0.0
57.65590881041923
0.0
0.0
0.0
0.0
0.0
0.0
0.0
473.3257053028138
440.9698375894236
417.1437367578532
397.5434238428316


