Rainfall Prediction

2087.8981866403433
2359.9217395091573
2493.516312797271
2563.244847830805
2533.954748415999
2698.832554500127
2592.832554500127
2575.832554500127
2475.2788205960996
2378.3095064303
2215.3095064303
2073.684387141358
2127.684387141358
2346.9373774505093
2341.842979517755
2467.842979517755
2406.0
1899.0934769394312
1934.114877048604
1868.8062484748657
1931.4596248337402
1886.5587627617947
2077.3444762910704
2130.0029669150445
1976.97836647898
2038.456832294801
2014.3527000944073
1993.3527000944073
1968.3527000944073
2006.3527000944073
1997.3527000944073
1817.3527000944073
1646.3527000944073
1631.3527000944073
1609.1774468787578
1553.8840987267251
1857.3578166916006
1953.3578166916006
2039.3578166916006
2060.3578166916004
2227.224972160322
2457.224972160322
2680.4403065089105
2584.489125293076
2396.6619037896908
2329.0
2149.638181696986
2130.4536240470734
2082.9687194226713
1969.970562748477
1957.262676501632
1922.9331845230681
1853.9331845230681
1561.52417469626
1439.8429795177549
1408.7737199332853
1382.952326839757
1614.7255609824003
1617.1810730128188
1653.0208242989286
1722.730849247724
1683.8270706107992
1614.8270706107992
1654.8270706107992
1634.8270706107992
1631.0
1599.2729915422237
1315.2729915422237
1241.2729915422237
1120.2729915422237
1110.3209195267316
1015.4483703870328
968.4483703870328
919.3419232575925
922.5808937493143
831.6230262611138
876.5105618091294
913.9141805001922
920.9141805001922
923.0587727318527
939.0587727318527
1097.9116499156264
1341.047197274184
1411.6440889166813
1486.2095089018544
1686.4896104742097
1927.310174976802
1965.2567731157064
1875.6775379157145
2110.373960576882
2111.9467207460198
2025.3532683899898
2052.7405244229485
1983.5339159093649
1951.3667358710647
2028.481829399013
2127.3366370390804
2124.9806705803194
2153.145606385646
2202.552424894385
2249.326826952748
2300.201169325671
2311.4799249897146
2401.882244262779
2471.1697769447546
2489.2711438315764
2506.6649870023116
2420.2491893125184
2415.8216059267766
2514.7552820508977
2715.142219663079
2711.2400584289544
2578.2223333630013
2247.7034783604854
2214.1679836219632
2189.3630970176832
1984.3939348841757
1735.5974029859099
1642.7119586438937
1500.3897756488286
1257.3881178695785
1161.706774048197
1466.0014510237343
1602.7038098705434
1673.1001197444177
1654.7787160367175
1500.5161934309858
1406.7926944657709
1390.7326666805764
1422.979028074209
1522.8203550661601
1393.7446814725954
1190.65987530978
1405.2026634135427
1331.0088046570795
1258.870152856625
1246.9589383686166
1267.2782098198638
1380.8909688410426
1275.5199422684918
1330.7548661566761
1177.1829932032638
1292.4610961767942
1428.1126910344794
1472.891305869874
1255.9346898823594
1242.520259177452
1212.520259177452
1358.520259177452
1448.6547581061777
1595.6547581061777
1734.6547581061777
1717.6547581061777
1574.1585198061603
1650.27105745132
1705.2808934536456
1834.2899156029823
1987.33771891864
1985.82634314029
2021.8117617995813
1902.1300670124408
1801.7364413533278
2068.364916731037
2607.364916731037
2346.2873015219857
2601.2873015219857
2665.2873015219857
2713.2873015219857
2696.2873015219857
2669.2873015219857
2814.2873015219857
2521.2873015219857
2579.5136329843954
2553.191195918771
2485.4956136975497
2491.4956136975497
2630.6141792508915
2558.816516966342
2569.121484642511
2449.7149398454453
2356.7427202809995
2288.791455430068
2211.062439083763
2206.877544137004
1989.5269119345812
1785.9367856628069
1737.5966137214054
2010.8333553006205
1926.8447239272778
1923.0159441929316
1872.7449746343523
2062.6731093187386
1974.8502402580234
1878.4345469432349
1532.1963853453956
1579.1963853453956
1341.1963853453956
1510.1963853453956
1488.1963853453956
1464.1963853453956
1556.1963853453956
1565.1963853453956
1713.2845575287547
1918.5144220511233
1813.5969174411514
1946.1993377410831
1933.6641275536144
1891.7739516256736
1860.326642335485
1869.0299090180276
1968.2468032924198
2026.7837256986716
1844.712140932877
2050.5914577274507
1999.730849247724
2083.413111231467
2063.5159520326097
2014.1594912508183
1651.3818119165458
1656.8843582110894
1772.1594912508183
1862.6515106767613
1679.806975801128
1787.0
1778.0
1766.0
1683.0
1674.4278779391243
1449.4618397253125
1536.4618397253125
1981.1392783111855
1754.2579856808807
1661.3524543533185
1528.2897959165648
1555.454883524551
1822.4661222212198
1641.0309320522874
1792.7809656441818
1773.1980524418682
1880.9924516836486
1864.1867785586082
1848.2536550830673
1861.1674167121987
1810.451293410495
1584.6676413967075
1391.4133753140613
1637.4517007523625
1653.1504699967618
1844.2783458432464
2130.5690305626254
2171.006216564707
2105.917965753216
2047.3203572975958
1994.7227993259771
2234.558715587367
2114.2586386603934
2176.9080369089393
2115.2114928332708
2266.480754436889
2437.5718916065994
2321.4567906460397
2284.718059302525
2288.5393134534042
2262.145695175772
2139.5449150706536
2232.5000682166165
1876.7991935352745
1799.6643191323985
1630.452078799117
1602.0651251893416
1589.0651251893416
1647.0651251893416
1660.0651251893416
1906.0651251893416
1911.8910462845192
1916.8910462845192
1965.8910462845192
1298.8910462845192
1473.7065391822593
1310.331050121193
1287.7790233867277
1191.0399680510977
1100.0399680510977
1179.0998007960222
1537.0998007960222
1416.0998007960222
1822.4948974278318
2029.8746727726266
2213.8403296678416
1984.6101827849743
1893.6101827849743
2116.6101827849743
2538.8860686282396
2609.8860686282396
3128.8860686282396
3365.8860686282396
3162.884098726725
3473.884098726725
3538.2882057274446
3523.2882057274446
3589.2970585407784
3641.9410743460976
3592.411952639522
3365.7505536436456
3348.0785015054194
3363.5713009725823
3383.033079306875
3315.751608215882
3520.393184839966
3293.9614006306947
3221.4251556388044
2913.057800619465
2956.74338285388
2969.265713666309
2947.898161508426
2846.7425399250533
2733.9431041035273
2458.11256137717
2296.618386977776
2434.7986284810695
2473.612380513389
2366.791677762473
2293.8792907771203
2188.0693242602715
2407.2312257055232
2429.3826447642064
2859.057628441591
2885.057628441591
2297.3357351493046
2331.7005226434717
2331.113388613407
2249.6247410910046
2174.9166540473884
2143.7728134580866
1928.6177092899568
2302.117242768624
2232.958260743101
2163.9544511501035
2162.1104335791442
2262.164414002969
2225.0
2110.0
2045.7320508075688
1852.7320508075688
1792.7320508075688
1735.5440037453177
1490.8660687473184
1376.6468827043886
1481.3745735450702
1497.021112245367
1419.48506983875
1975.6826781298641
1900.58975872582
1517.9202737938522
1274.2629800472519
933.8013379867414
390.11616751353847
142.5313352382675
158.89896104303307
70.38493038407
43.37169557491757
37.24308821763111
24.313572648874242
16.585832843190474
0.0
200.8372629011351


