Rainfall Prediction

931.0916083950567
970.5501921257428
1042.7042743430532
1128.58083363085
1226.7565608884497
1248.0995304893115
1272.1165878802658
1265.3076260985788
1258.5238591518612
1202.8843010567841
1061.3249572608715
1019.9118218778032
1015.6283592771077
1012.7311200336687
1039.3285360648345
1113.8485831558664
995.39996353523
1033.1800374262455
1109.5353827296265
1017.45204343265
896.9617207229119
963.6996269998031
942.2901487312253
869.854289771634
778.4486333768209
728.3655941169754
719.7461386466241
715.6083047181912
684.6950335545206
681.5756324384745
674.6716402865562
663.969658192833
535.7989661102838
460.58188090381697
393.64190158235044
285.8155534030142
261.3350745249309
227.25257736596808
236.43366900708207
242.15943692027315
219.30321824202085
226.32580751589876
262.64969161060293
274.46745904666227
259.5149246321681
229.99806674582916
158.53126318671713
139.25038892277985
48.62337592811737
0.0
0.0
0.0
0.0
12.183767557704172
0.0
0.0
2.2346912392423377
0.0
3.58843151909263
3.8644642117615504
13.948938411597972
1.281171038849024
243.04745358229098
267.4492749399385
316.6193985636018
445.7416707267057
566.0104577618802
599.3313671360264
565.1794424345743
572.5582812977784
576.0946854813208
569.2011834935606
576.5628234016477
564.0076909451919
571.0242214138907
578.0867088939266
593.1260144119085
560.4310985698665
564.7053118720877
570.183742554214
574.4206061284824
591.8276914449582
580.0126421015207
547.4349136969657
547.6069360100778
545.668094001333
542.7192129521092
544.4327461141208
543.8974447647499
526.0608866168947
533.0538487634738
575.3477710500306
816.5995486151421
747.2848804986284
731.8274952473587
819.0934018637714
797.9609418556553
683.1064835495326
669.5135101186278
786.0124975727533
700.1461482065322
696.0637530978261
697.5664505397142
700.4441544382936
871.0164880534677
870.7206773166862
914.660866874534
978.0667517545952
968.0930815981517
1045.5174014512043
1044.9946422728608
1040.6675838316964
1019.7839091637396
1034.7460400696332
1051.273953733367
1189.7756780284851
1319.5967501985706
1363.3633295339166
1377.732588357653
1390.9735358734101
1401.653664359348
1448.8911576759383
1401.7112252633876
1135.5329569492876
1012.069385899829
995.7778153743438
856.2887893081373
777.8259393053685
781.374512353976
724.8137253535562
673.6301923304477
701.9648572876399
653.316580090676
654.9333703292751
644.207011524248
546.3900803376637
544.6511608765067
492.6508325933315
423.67908047326836
407.7578314958436
325.56688488295225
344.82421231697026
348.595743468798
343.53361504218316
350.6246834100542
359.1888125935878
281.254410532255
373.090043105327
381.7605187419132
387.4141301757282
507.98252822185657
485.93695565841955
376.98151072196555
377.02417711440785
384.1242171654586
382.1418165759032
437.37050350112423
533.5949768280332
528.7539987393266
541.3206856630458
537.7414351030252
552.2485277525669
577.422642513083
600.2270197814087
653.3889474851708
674.785106470241
692.4169718942445
664.3823546662816
700.0413289525499
699.5060929768756
682.8381916478759
705.8714949524458
691.1823218371561
723.4706031420142
729.6496869131344
685.0686744898715
658.9885608742753
649.1902500939897
409.22181546056964
410.90402329860024
453.4974752931865
349.4974752931865
349.4974752931865
303.2709224370049
310.6051382309009
301.0406961969606
310.4940909974675
368.9860159261867
270.9004950616379
280.0668441766795
286.3495838503497
297.60009715200175
316.2659731383984
375.96243336950545
361.85235129791386
327.8372315443621
399.82491571146613
489.0396505292092
487.49841274913075
500.47302216333
500.35659106385435
506.4700359138583
491.31119420056183
504.97145348491665
500.9992358773256
504.67925568056216
471.91083870609486
481.05087003420795
457.6811017507314
521.6462501565238
521.3045918137454
491.85737529245057
502.85737529245057
545.4945613319045
560.7355075448476
555.6708889232481
555.6708889232481
555.6708889232481
495.6708889232481
478.22785189766415
463.0504091874612
430.0504091874612
394.95307446675827
373.9916264633552
277.9916264633552
276.9916264633552
256.31639878710837
174.84327938762067
70.54295115975171
60.90272084782126
26.529744772919997
26.529744772919997
104.52974477291998
134.52974477291997
122.52974477291998
202.52974477291997
202.52974477291997
202.52974477291997
224.70258679764243
215.14582341852775
152.14582341852775
239.2554622435507
213.90738614559558
178.54831148337783
318.9114961380448
437.07023794075576
448.2030328287605
489.32535081231185
468.12666347722006
534.0955638031592
564.6091530703047
585.6036419824949
553.3955516033844
554.4186366108336
911.040882802091
973.3444536276149
1063.1697243076617
1086.6336255859603
1031.1968780204302
1032.2976925717523
1033.4077860041846
1027.947864830029
1027.7187563851082
949.7187563851081
919.7187563851081
917.5032920221009
837.5032920221009
837.5032920221009
853.5032920221009
909.3305720161965
973.9621742344158
975.9621742344158
1006.9621742344158
1007.1185973640719
1067.1185973640718
907.8059348079795
793.033730459059
784.9241148036317
827.6587475270985
834.5719187004115
817.8115463335744
805.4974125128841
848.6523819533484
858.9095656236143
863.9985324048191
504.11221863787944
576.5197426782402
490.4101744590612
479.7592171814779
489.5017263218268
509.1146166568019
508.8294012809569
528.1390407705643
520.9181475307811
569.4101193883747
798.5197432693382
1121.9889139340455
1278.93374128386
1343.736729093414
1376.506320393392
1697.3805999922172
1699.4473758166357
1757.4473758166357
1933.8286391322306
2031.2364300085237
1989.2364300085237
1987.6584984781261
1984.3074769728662
1998.5152342061251
1919.6308490700374
1917.1061739041343
1952.5503810336975
1976.792046254868
1930.5535404251245
1877.0548444038095
1876.7192925144143
1885.3346939699252
1847.9269368714026
1870.3347514452557
1891.2559841902557
1862.1174631798685
1846.2766638894218
1851.2765212413528
1895.5827278382753
1897.137291960401
1847.7396368386278
1609.3602495771406
1286.3024526605918
1116.5646007417179
1117.8372946705485
1066.9795251371131
692.1744752178372
605.1445359277219
577.9414306012927
351.2639185503857
259.1119283570446
218.2335723097951
199.71501141461584
243.65572407081797
214.9032857764474
210.41359689132403
198.78314663149632
200.207680341737
161.47536066333677
186.25254808348348
240.87962996111753
264.0121723169484
278.4985197500857
250.39496317306612
182.85694540731896
160.6235477040538
189.56074265764528
275.8594943731526
276.75423567778796
308.07442655984676
307.44061991188045
299.5762396838162
299.1407246084452
300.1642856880384
389.73765794477123
436.1213424154298
418.10900755675345
418.0099135408474
408.0099135408474
410.5357713737955
408.1051459117542


