Rainfall Prediction

582.8138643029729
571.3037295172264
529.4136293419135
510.0408266038397
495.42210027304645
496.8962274385723
479.3056811943095
473.66821167584317
469.90481026808357
468.75823638735136
471.27662415743964
474.67303738203066
481.84488473826815
481.53712500618207
406.3940542878777
408.7242862361984
413.4972154277841
392.9473340795999
456.5452127518318
428.09842121080356
423.17645711181575
426.98063219552216
347.6016206926848
370.9879474217447
363.68318027896066
357.6844256739134
350.501807342338
342.36281189465046
325.8347621404614
284.8411113297742
345.64574876394045
347.05131222807364
345.49642407980116
259.40669047838566
269.20425388899355
293.5850222191012
292.1727486971191
302.92572473215773
332.6349520502634
296.4533328640041
346.7427222212581
382.40572833291066
475.9500423418264
651.1058297014679
704.5892238839831
727.9917966366145
727.5953225982826
746.14192582992
926.3757135489521
812.5915276376916
826.750141945332
846.6229942756931
828.0628641779707
809.9018209315898
976.2432483889315
461.2655890825339
588.9622398855053
599.975529704131
600.6454212935378
544.544139544269
567.798232532009
588.1664766750757
534.6394018207558
529.9570744736751
573.7473900205134
673.8440646658677
607.1967952963586
673.0614791902295
679.7307377106092
666.6286005463302
623.4656044719341
614.417077063998
516.1119177678106
480.01730588365405
320.70103803358495
235.43958563984825
147.45700543132952
188.20762608303895
64.38447893388607
827.1576302789202
877.51600274852
893.1735125054174
871.4791622597018
907.1833436872497
822.1791733864546
705.0352342026733
424.6284605048752
328.5053973147739
317.87858344052387
348.4929218670325
314.2254284828743
316.39284643181696
246.62048572408793
262.559159382512
254.63019000155774
240.67438457477508
237.409219612618
296.85127736704334
296.24764279459447
288.18510175772445
284.86664407040644
320.85471953678075
313.1930199731602
259.53882529484565
252.5886165050723
229.3227786317481
228.8706777072908
218.66439191172583
194.50997576366626
170.85880509073414
167.82990336280307
266.3348730979042
206.4848801757372
206.54983343638298
249.8589040347149
312.9608652819816
340.8038508444588
383.4349942954157
407.2641187604629
297.25513005336717
297.3754180006509
297.3754180006509
297.4987451846847
292.483327613592
509.14750449239625
637.8312230463824
627.3645367856795
629.5560342129683
711.9500919843696
793.8178087112427
741.6456436037978
787.7644531170871
771.0623070824897
795.8556335769933
743.3595397055692
842.595332367538
830.9776664261628
142.88559451180586
216.93962659254726
342.34488348892336
450.29659419972234
457.3356811149645
471.7393843249836
489.50039608865626
255.3619005839841
285.7753903599674
309.01046122609193
286.2852849040495
366.24005854263004
182.853758438339
183.57591004085842
153.9288679758405
210.98160247492734
183.98160247492734
180.98160247492734
177.45497144024154
231.8994479071082
182.52841126415976
351.6104985560826
248.06399012929666
120.99474938188963
221.6090385408762
279.7796165204916
446.2261970971455
117.60374938106808
577.9946258136611
530.3699644058584
677.8007515959964
570.8676168703838
533.2944437521446
472.8328083930244
478.8637596324035
539.662563603976
768.7622006422953
199.52700578961662
257.14134961497126
307.02558929325966
374.1463251117831
368.4302428484306
437.61421315905613
416.7056471202293
440.10427419162704
513.5260845206334
645.4242102043611
211.0525750289166
61.68226457660322
561.6818548485337
536.8360439919276
534.3875556868857
512.1813180764998
380.1813180764998
754.9786150321936
416.2090349579827
1021.8077580088105
672.5356919342087
661.050172574028
152.69738963250026
248.62448317729059
951.5755597495054
964.7972223332682
906.5323266036155
947.9934903116086
855.3093380646137
701.1155698461222
466.88130798549753
432.4507272393854
285.5573974104441
170.7041227214042
94.55129212498869
94.20890447759321
983.7460453378407
108.1928484766591
107.83623190627092
107.31156444375833
921.620607229572
653.9187236775817
669.6610005554254
634.697542900197
601.7693558976141
601.0380809465154
593.5782707077905
659.9566234485558
650.5838946273129
645.5664616515021
642.04037512982
534.0112663631803
477.06640144544417
547.1882689213269
361.524121075594
347.65270459845925
323.3569800803858
302.053758605496
302.5917668626615
302.5917668626615
310.792263866271
268.97022508652253
236.97023969166997
319.1216496583554
332.29568005154545
490.37043455529795
517.1568758955233
108.40485291274375
517.1568758955233
289.2717705812505
246.64972873746788
137.04772021578498
96.61474320349836
115.70379859993022
664.852286138822
176.88834379824823
98.9561829186323
85.75640878359252
108.44481546193882
87.13443653770253
191.1780882232648
742.5391522289252
739.0488003892712
821.5611511825649
738.1057493409453
807.8640804082332
759.540111219495
759.4628001942193
756.1428748720882
752.5240107332651
749.2988035665093
742.8868035593803
739.6431453871189
739.7510712300193
703.0125001937581
631.2846233559394
529.013549836204
492.5449509898973
456.8651434171898
437.8678529735682
199.13352314583037
199.2358660228475
202.42718956625467
199.02002626282007
200.44352275073376
402.53523435141165
452.5669594854012
497.04730795536784
502.8993937151174
622.0388993488622
755.2880514189185
730.4286194837777
697.8892368281334
757.0783128616922
779.2452228810369
779.2452228810369
802.3429356197865
802.3429356197865
244.62656733071947
208.33271572889169
203.7412290869513
152.84583069448956
183.89759731925778
181.56428592663985
181.58550312391384
242.87630344511427
317.4407817614173
316.96728149299975
287.4877406862113
336.37441200330875
330.74858464345647
246.34050988874895
76.8734340739272
172.70696359659493
269.15764442563136
181.605559717899
238.77918795691699
434.03764230455124
534.2922274777791
501.10223823354636
329.1566894022881
334.5927739125474
282.2143014528472
349.3283676058986
236.80494354298332
248.6591871459479
248.65038478366364
240.04011648305882
284.07082467242634
301.1777941423766
349.83420602300697
258.20065939454065
257.8399776946754
323.1043996762519
211.77850350528647
141.69954695767743
139.10548666787463
191.64993681830427
251.77338259785753
203.61211463246423
230.56866965503804
290.2403496651373
274.74171864541086
239.34751711186715
124.65136685209185
932.7432098843433
778.7851057710108
775.2387690961797
205.57306811193195
91.35012116841274
258.44902090212827
271.45360557278684
208.17392656266404
213.40201406684386
216.36504228958748
199.29210449648858
337.72697216767375
380.6643566251955
440.91236901612973
467.76716645210826
521.4789069183657
556.3913930523914
72.77768382417608
237.0080858898454
222.3475259446392
315.90375984096636
402.5998844582985
637.5726595365431
549.2531683467594
496.37496139263476
556.9042786696032
627.0739693934493


