Rainfall Prediction

1164.4708750584773
1151.5358830852683
1125.6764575867142
1145.2550126723188
1158.1339238536034
1263.6827420049194
1451.97790340034
1312.3407695652263
1250.4711614217472
1362.7913974363107
1292.5219891876952
1209.3409052076731
1201.1063372221388
1176.8427028200574
1159.615317522768
1077.0072023119587
1085.0072023119587
1077.007202311959
1067.2071950397603
983.9755047848521
939.7300918414909
870.6806278487074
704.0569678667489
652.0569678667489
646.8662135107311
690.8781553541107
687.5722567919549
705.7629047011633
713.9912878114056
847.6808742715394
867.7149711969893
868.1407972638602
1023.1391772427578
168.31829331233195
322.24530364131726
471.48984341555513
362.2935405696187
194.29948706881225
239.31372156028078
295.373800983127
189.09830099656574
145.74835525442182
232.58149113455636
305.32869047545245
283.58149113455636
333.5878511626537
365.67282494136185
362.58149113455636
547.6989897221634
533.5814911345562
741.1110076727425
738.1990657021126
749.8957300038498
753.8957300038498
709.5814911345562
682.5814911345562
737.5046746818589
738.3416924127462
700.5814911345562
696.5814911345562
863.3664013222983
846.3664013222983
854.3664013222983
843.7755995077092
641.5814911345562
712.0425739058696
813.2416129429926
643.5814911345562
880.7345518179999
644.5814911345562
695.1061876820849
669.368987749344
693.5519032767527
494.02495410187294
494.9693020136506
500.581979436893
486.22850389731036
674.7881651959856
511.65657206815547
686.0020092391405
727.3136821208434
494.51790946096577
376.51790946096577
382.0654502949846
420.71586163262987
365.71586163262987
270.71586163262987
228.64694142954093
234.58149113455636
250.90509653001172
225.0948570558682
326.4220031273627
313.4220031273627
286.4432066282311
767.7434850631294
686.1629822691127
598.3523491047015
499.3523491047015
478.3523491047015
451.74348506312936
463.74348506312936
462.68355689084603
462.68355689084603
462.68355689084603
462.68355689084603
455.68355689084603
450.3645759009346
418.95089685502217
353.1730835368794
343.34411102666104
170.0258972792651
61.58149113455635
48.58149113455635
61.58149113455635
85.58149113455636
48.581491134556344
43.581491134556344
49.581491134556344
30.581491134556344
33.37223670183452
43.581491134556344
151.58149113455636
175.58149113455636
189.8399280280405
362.1629822691127
413.8793041621861
474.1180781265439
208.53472753226936
314.6272718594877
314.6272718594877
309.6272718594877
302.6272718594877
300.19423566069077
290.502417942319
258.5409387296626
273.5427069554271
395.1329485271086
495.3476413703739
602.1629822691127
594.9015690709291
601.9015690709291
644.1169593801026
694.4649239208181
714.9286644616491
757.5099190370519
802.6724281878576
874.8349373386634
876.8349373386634
880.0443100509619
880.0443100509619
671.5814911345562
819.5814911345562
727.5814911345562
691.5814911345562
685.5814911345562
701.5814911345562
737.5110819983288
682.5814911345562
767.877220835828
842.4114727266729
740.1699590510316
771.1699590510316
771.1699590510316
746.602384975295
729.846496327434
789.226365694354
604.5814911345562
662.5860085887093
604.4093264052239
574.1300325351369
483.3606004346587
537.2548285681407
442.58149113455636
439.58149113455636
905.307866604943
851.5034481290627
787.4259877190555
791.5487726528576
299.5487726528576
363.5487726528576
356.3694160288293
373.19005940480093
345.72812927688597
412.72812927688597
408.3694160288293
844.8313461567442
759.8003778209204
824.3425153633177
758.2555870777318
716.1575028581866
730.8794471664141
407.58149113455636
376.58149113455636
614.0998155890447
605.5495456799022
604.7634445190018
607.4311161554284
494.4311161554284
544.7760866887231
486.31557622413203
433.97341854756013
442.73447992040565
369.57335710275316
454.56830550792273
453.3033919140155
348.58149113455636
711.3186807628563
312.58149113455636
636.2203123435354
365.3832946126481
698.2993772246411
681.2993772246411
786.0380109783472
685.2539122394651
666.992545993171
601.7311797468769
533.9470810079948
563.1900142334849
558.7049403931676
660.2185568897205
639.2000320161845
769.2741315103282
791.3111812574
909.3852807515437
428.58149113455636
443.4798570632696
481.89836592871325
505.89836592871325
520.8983659287132
550.1642809726018
551.1642809726018
672.8521868174421
718.7273491553781
695.6614239453622
666.4876464082971
704.2322171353234
866.957756056655
625.5814911345562
715.5814911345562
1060.011621135556
874.8540530788782
897.5814911345562
904.0151888758603
928.3360099153447
928.3360099153447
904.5694301263517
904.5694301263517
904.5694301263517
872.6109652529092
802.5814911345562
798.5814911345562
811.5814911345562
672.5814911345562
658.5814911345562
640.5814911345562
546.5814911345562
600.5814911345562
570.5814911345562
593.5814911345562
578.5814911345562
575.5814911345562
574.5814911345562
519.5814911345562
476.58149113455636
473.58149113455636
482.58149113455636
459.58149113455636
539.8574709543159
377.58149113455636
640.6362074290812
532.6979034304076
409.6205454658064
344.02788692452884
761.5814911345562
776.5814911345562
802.5470806234764
824.8314472402753
1350.5887891403288
1343.6631384215325
1343.6631384215325
1283.6631384215325
1282.6631384215325
1269.6631384215325
1236.6631384215325
1239.168744134157
1136.8466982200448
1018.8466982200449
1015.8466982200449
1005.0224999931277
966.1551494109883
864.8288545976566
909.395530247456
997.1629822691125
944.1629822691125
1014.1629822691125
1054.2397693889807
1030.2397693889807
1115.546283315154
1117.848947407566
1117.8698272868978
986.8152438068214
1051.6176619662729
998.4459296765042
1003.1948300489094
567.9878843302542
540.361383595678
698.2566548549245
890.734609437168
960.9643376925285
616.5814911345562
1124.9903680961913
1223.1629822691125
1225.5681615725337
1237.4683607765114
1540.7498892173924
1024.5814911345565
1264.748189029371
1222.9259682142883
1259.0278302209447
1233.1861613312078
1308.5268207813197
1437.5574169428417
1359.4691284654746
1368.632457512772
1350.6990502695176
1272.6990502695176
1232.632457512772
1247.632457512772
1291.1771526462035
1291.1771526462035
1283.4326792425345
1329.4992719992802
1381.4992719992802
1391.0154032746564
1427.848271055009
1411.848271055009
1633.5502304404047
1535.3578469778963
1369.6862744192263
1319.5360179247887
1280.3753971792803
1315.343310006975
1295.1493871960138
1299.6003894101677
1330.6003894101677
745.5814911345562
717.5814911345562
620.5814911345562
790.9692323002532
753.4665991638136
906.5200084252159
824.7177815332891
659.1058423271242
764.1704450018592
556.4554006757994
544.5814911345562
678.7315285554238
863.1500374208674
635.5814911345562
672.5571376275593
710.6006723212772
738.6006723212772
519.5814911345562
517.6281614944113
559.5589875544043
731.5589875544044


