Rainfall Prediction

569.6584771687689
537.131384272529
537.9286964477216
497.55521050936653
507.39280851150585
507.39280851150585
515.4946396293099
519.0455892813844
518.428737695736
542.0377816774566
542.0377816774566
542.0377816774566
542.0377816774566
542.0377816774566
527.134991935665
444.77384094202955
379.4879020079495
309.85374301226784
271.6798571939063
348.8829773085567
323.7054611097704
344.2841755845839
405.0119309121413
415.84978895243347
415.84978895243347
414.8225331808771
404.7860623476794
397.3030965931101
397.3030965931101
399.01609337086086
400.72176753380006
400.72176753380006
393.16145445217256
393.83261592360617
408.80078263655764
402.8806071791797
403.236610107619
402.16765591109595
393.13567628955076
420.0987110625804
374.44395563803937
460.57366633748495
477.9076277434453
537.2781839560168
537.2781839560168
581.4192456567827
598.4428207444687
604.7029712747398
602.6551691567253
595.7189635572647
528.1699942807275
486.6059583468104
433.6732944148265
266.53877151030247
235.79097627063132
235.79097627063132
260.9073054919589
260.9073054919589
260.9073054919589
260.9073054919589
260.5625209656118
254.54904453123854
254.54904453123854
321.5019800943624
323.92668983308994
311.0142593086003
303.7745974974409
302.8559537309441
302.8916855813343
309.5044097876939
317.49169603546676
358.2260115357139
333.8969177718238
514.6280013026586
484.8929206094233
487.69102982997646
456.7992551103869
471.30502476671586
481.71222685592977
564.9195947784817
647.8673872682446
815.5409237864542
837.1346825414828
837.1346825414828
851.146701548951
849.629865272694
855.9372247259009
871.3556027734061
876.9952051951686
878.1266824370969
887.1265491401492
897.178732810754
897.178732810754
897.178732810754
858.9403896849788
855.3349276199517
859.4171995743073
859.4171995743073
859.4171995743073
850.2519354803252
844.3023889610058
782.4323052994804
698.1496758403002
701.657397007915
592.6454366744158
588.7231053077827
603.7603158333826
619.383210080822
599.2803766220379
591.8237395804274
535.1533396186504
489.38787392659486
337.70371316122936
320.20189920249965
324.5316473151198
333.92241340848216
345.07139407147497
353.0618410161745
343.9788658331067
346.6012389980375
375.1175222204971
364.06552415847807
346.49113580977684
346.49113580977684
353.7561954839128
353.7561954839128
353.7561954839128
349.1504668785044
359.15467763373476
360.1915591590926
469.8063133741014
475.1232589599939
485.1722384428189
481.8773552168524
477.3097305363357
447.15036007883725
447.15036007883725
434.5003533312006
422.41451328698867
416.2398766894494
405.00180101071004
346.01504797360855
307.4085208379865
295.04271984198726
305.4004614718106
355.0723755325651
308.7127090496103
302.0902778531838
326.8037804689423
296.78298645702495
282.31051006797145
276.3966734866983
404.2082345929011
433.6600832625226
444.8692297084944
462.4864075659957
470.17545778026505
501.40280299353674
505.9402123837279
511.1256150969627
515.2363497082952
423.88246616702355
435.210649976536
424.3099885205502
424.3099885205502
425.229050022299
444.9683974431567
537.9107489131947
606.8003088963102
647.2690518423482
667.4739356856301
682.8830975569903
701.6097509729566
836.0204272325199
996.6892730952032
1067.2158448638
1058.2622645927102
1112.6764662495586
1112.6764662495586
1069.4019275059973
1069.4019275059973
1067.4253800955573
1172.7526974132154
1109.569933160035
1103.687407535538
1147.5685081077772
1151.8175419732443
1144.7673305940925
1122.0240231682376
1116.0057908590074
1155.6847816648597
1160.1586193272253
1208.2779028402133
1190.569934960329
1191.4398450573892
1191.4398450573892
1192.7969149373482
1176.4327149942637
1075.4688753444457
979.539902234698
912.4853076932557
1007.1569089193539
1002.149926322843
982.8978238958446
908.0717350237834
747.8533484004377
666.0903778284296
610.7783885385907
550.809921755029
551.6874581061154
562.9709684282681
574.8080324811732
651.0353372700644
578.9786205878752
577.9883677752704
605.4622993902142
611.2129412804468
576.811191598025
584.9054978109097
584.9054978109097
601.8504744065705
572.1744636152438
679.4428326668904
632.040465239032
665.1792941053496
737.7731200356677
737.7731200356677
735.5287606290472
733.7283286188309
736.4273254535506
762.89214138346
775.7859752154114
680.9982774835366
679.9151404510728
731.0870684767569
709.3043140169576
704.9186926392886
704.9186926392886
704.9186926392886
704.9186926392886
737.0661335191523
727.0693334745305
765.4748801074791
710.0219673582628
681.8467288414535
667.6676879524974
620.2765323342581
515.0159015992773
538.969568072362
536.2876747332843
536.2876747332843
496.71626394511077
646.5976473458165
623.6963547742744
718.4549527192797
753.5079377704158
701.7711425589354
707.5467847418444
707.5467847418444
707.5467847418444
704.6648834211252
675.1693502428064
738.499297409504
766.8512522156755
763.8486314878763
716.8627568265181
745.4264417049452
745.4264417049452
766.4725224977315
820.8092648600033
846.4228529987021
814.9445696397335
835.3924716370291
730.6505090510155
675.590326955603
506.0554301871192
488.58687510641096
433.474179548698
563.5146663259253
561.9718493543195
556.5928043834981
556.5928043834981
556.5928043834981
521.8132301470255
493.2244678387916
485.8533831952294
463.74453260989543
484.1035007960191
472.28215705837613
472.28215705837613
472.28215705837613
471.283610364152
500.3709619598185
524.8588901442025
506.8331517053721
539.3498275074866
639.5452404105332
672.0095751714604
684.1851702186553
675.9995486630745
770.704250100819
742.8067324586414
705.0589834043078
660.0172644779852
970.929099617824
1008.2601263316117
1027.5768195699934
1040.905393942393
1049.8960478056836
990.7630871442169
986.3585785130463
997.6451572921723
998.2684465899813
1053.4447217035215
1126.4891723518026
1141.299949934627
1088.1906831357971
1080.6512188453803
1094.760141609827
1142.4932298319495
1182.9940266791166
1200.73229276987
1226.1492210250806
1275.6179032836196
1237.0888085322276
1253.274306122018
1226.4682614030985
1139.6935672640286
1137.4189177250523
1140.3687969454372
1132.1089513660907
1003.9000638412222
1118.2934431846422
1119.9191272137732
1136.749496254933
884.0447416188736
892.286289570797
925.1031888672779
1022.9305541161244
1084.538033286886
1164.1310108191983
1192.9383700777812
1214.0712311085185
1213.6357255260796
1187.8271386049557
1318.1490832804027
1374.8364284512336
1403.5917189852569
1403.5917189852569
1348.7373209579478
1296.1237449237963
1259.1835050670593
1326.0205415103144
1325.3710636188841
1358.4866682561553
1344.5913502829555
1322.101468029621
1327.5463203292381
1331.8861758057994
1308.9382417439135
1290.0842300342551
1276.703510423117
1238.7805103222536
1129.907534925007
1130.492883229791
1114.658563031706


