Rainfall Prediction

561.0330425201727
554.549739675567
561.8895391733084
614.3690854865993
648.5305010720972
645.5145342183413
639.6398063472345
638.490246034922
650.4571307731941
645.9443160406198
604.1411648119412
589.4190570798247
587.6438298882888
629.9580228950995
628.213848424934
643.3833624317705
628.6565495513469
619.0346762864505
627.5096600100287
493.06566354699225
403.515079158855
318.40110727819996
106.63733683634581
47.00398683038747
0.86520306743685
0.0
0.0
0.0
0.0
0.0
0.0
0.0
0.0
0.0
0.0
0.0
0.0
0.0
0.0
0.0
0.0
0.0
56.40030898295234
56.9024467724858
58.72330972827271
58.9004797344613
90.55065042896993
113.15970023739504
261.45556692701336
285.07417477593646
449.74570621883396
456.15897549012044
456.54188345658986
467.2347022739738
492.08928477345023
547.9852993374477
593.3308197438755
593.8124212538795
607.3144414029264
693.3501403731684
708.978208904811
723.659701815058
801.432827874883
762.1057243971733
772.3507257664187
806.8285336099311
823.8417887532585
826.1224756764088
827.2578797540548
822.931868535238
827.3879555528345
808.0799943315109
797.5412925111367
604.2053270554061
591.8565787499292
582.559075564292
586.5524894466214
538.2289111762605
533.1429334984225
438.2626582897541
433.15514864815185
290.674524261671
300.561269480946
298.34386209113507
336.20709153728893
336.8283683733854
336.5083645360321
305.46359684204833
321.96290187497664
313.21525788367103
284.0934492641128
295.63692865304233
347.7603034519304
323.61308790875245
308.80777820259544
315.1603962785904
294.6091831760004
275.9975277121366
285.0445291056038
287.3496911767343
281.868624744339
285.0231566316664
282.4077937743427
287.7791681692381
308.5378240387034
309.49366988011354
317.18250628809153
325.8852910551566
327.03337459459385
314.9246962977252
245.21033655609688
221.1816284039055
212.54094718703885
217.13657360633766
218.96888131654316
205.2489723046313
230.13606868569656
237.92964241696043
218.53538072103257
212.91985061684463
210.55290589874616
341.6709147541406
357.7985760484235
308.43281583047604
285.3650412011639
296.55526897404
297.92901136515417
280.8421548382726
272.6654009754452
261.39847998416553
261.2017766040531
244.2194566157212
226.53199891145334
225.9710086019531
226.30497366992245
233.78127708657732
355.2286757365979
453.94776450240283
512.5326470890982
509.20283965142863
504.2619512618847
530.6292418382467
527.3319907340449
510.1596524154799
551.9734869442403
619.0820297514774
679.4361105101423
688.3330376451767
682.9929025800438
692.5338619321477
713.8277092419246
856.7269993385036
753.5197241609919
722.8933463354324
714.0484513638695
708.0238615376603
701.240426979367
685.8140244448355
688.45870225453
690.391775819101
693.8674139337113
692.9023517209547
705.4354150647508
719.2975997040448
725.6879827908762
727.703727578533
706.1395152432929
584.8356864382602
481.7111981056287
411.48995466964595
515.1929345857124
514.0654528764397
493.690688880428
497.3585272584969
514.8913198371488
471.60077784838865
403.83564810018675
324.56825480251825
292.4510136855469
289.91664199081725
306.5176503766502
311.9883838885417
244.19207453211177
244.77142613805137
301.64245889519646
387.2682444877048
414.9061751206377
439.62495295496524
420.27377364315754
438.0645908460341
452.01168376605915
460.6310639075066
465.5207110963286
474.80850586026804
447.27438429187896
437.288397887697
414.8087431592822
427.27926341625954
427.02963552891225
422.264625338714
423.97619523415193
325.3930716659806
318.09977475997636
359.9823515729167
360.8306326189512
348.89038806868376
345.6856525731353
344.5270735082816
342.55237465078534
358.3795341383278
352.15641798926345
337.6816389951213
320.0225811424725
240.6578696809272
225.34266597798583
179.32006503210084
106.14549898318963
119.46811860208086
109.22784260300102
106.0339274416992
87.06478673566971
200.85143100879205
235.54049329282321
339.60670055866757
406.52299846250844
421.16042941243325
422.4954372262313
439.17169627433304
426.9992899563829
425.9561730370899
424.57930501368804
551.012023648122
610.9768698882147
619.6146362438077
582.45597383995
651.7914051670402
656.6506058636324
696.716994029165
809.7733183522329
861.4084793897838
891.9009743972608
970.1039212297521
974.8020450094346
968.3764008387124
1007.6075025626491
1016.8865088935943
999.9210072642278
999.2158453422412
957.8396647644263
954.4527157523356
937.3269113795623
942.5320214130905
809.059059271841
764.4759079253289
792.9406797547931
711.7341196231117
690.3423584999814
684.2006290046719
685.8720101937533
685.8720101937533
686.6599820859869
689.6708756334875
632.286255108732
576.392569879955
562.8644231658149
555.4727900831023
487.42715950734305
486.0495705200104
448.90136634362756
499.3467469504891
453.9961606462542
407.02204033937363
351.958402976732
815.3264419223437
819.7484785997896
797.7490644218287
811.7333202606372
827.6298989346689
839.6424189758969
824.4580615188545
815.163793332964
821.3547949323165
828.5049749483211
832.1412284487607
833.6512478866098
684.1081151044127
681.1810339561865
712.8971797543675
734.9477500379456
782.1760441825478
787.1699408547039
811.8090762082916
907.0581444809046
864.4121126157073
867.6459533989863
902.797173426619
939.1137475129259
964.3243190259415
973.0905275241772
987.5969664521457
906.7531158755613
999.4634931616579
1008.3970756845143
1055.6347860143298
635.872568813842
633.5672399297727
634.5194042142596
736.963844230313
856.0880503254127
914.3593377561381
980.6510779364788
1028.1747106174569
1051.2884809972832
1036.3386451097663
1292.0854490010713
1413.7744333813537
1532.6645208282348
1554.6870611962167
1513.6700211635853
1500.3027066281354
1433.8279986195448
1564.1051199224826
1553.5406982342045
1572.7570255153234
1570.16865452729
1559.3446208393166
1528.8070831499617
1472.6817337258617
1561.5465699241374
1556.6805318468028
1485.173976036629
1392.5632461281289
1373.4872625009918
1369.687686961318
1312.7749482555841
1286.7687540206414
1343.355357725692
1382.0448173711025
1284.9998044731715
1199.9625321661001
1127.6627629861562
1083.4905388999066
1044.1107432471697
1032.5186100446695
1034.8563550080592
776.4081927708946
719.2439666420349
667.3885950530397
662.0061820776638
667.7038678847936
708.1061335076843
726.6969183914946
608.0116731797668
652.7839791554561
541.1214381926579
546.838699616302
646.4027011387054
630.8093627300929
619.9349788916734
523.3597474639429
526.9628581674343
557.2068548924382
560.1277387596334
520.1594353421709
496.7561011561711
478.77329290321126


