Rainfall Prediction

560.0708134493323
571.9457591487139
589.9249167652775
613.4870760226999
603.9469232155008
609.9469232155006
591.9469232155008
646.4781210603917
640.8241723829931
638.9812847231892
612.1484689931917
591.3156532631942
591.3156532631942
591.3156532631942
591.3156532631942
609.422503613188
607.7772997416902
600.0979064825908
605.3216280884777
461.0460823360096
385.06232370659785
302.0172374908149
83.22047012829319
58.3692406143332
58.36924061433321
94.51229239118615
112.29980562365861
112.29980562365861
112.29980562365861
82.29980562365861
77.7556497463743
77.7556497463743
157.74136439650152
160.95651198184623
146.84901032819215
136.26756030202517
143.38243735062917
120.49731439923318
148.95651198184623
126.23699355755923
159.86663753821767
186.3659438918926
347.5563727231522
357.69927093930494
381.69927093930494
394.6087024967362
429.0130873906104
455.58301271426126
605.7547872094757
633.063026980255
795.6995777829691
795.6995777829691
795.6995777829691
801.6995777829691
791.4226607062852
791.422660706285
835.976494859653
835.976494859653
847.9764948596531
845.361080243073
855.0983533920021
855.0983533920021
855.0983533920021
770.7467699648225
767.2992386970623
772.3631561857247
771.1222896344099
771.1222896344099
772.5171884699818
757.0505305045335
805.0737112139029
761.1693429457202
778.5549714281683
584.2874705946774
563.7734013033561
539.7734013033557
581.2927995592642
507.6110791087391
489.71558562662466
419.4238307529092
430.9967620443673
296.7870494990737
311.4495959154871
311.4495959154871
317.680103556989
321.4252177161281
335.6983669469294
329.4970764049741
314.7221075841612
302.7221075841612
336.2404460540474
320.88958854479364
320.88958854479364
334.468218856469
340.43304228012073
345.4238307529092
303.4238307529092
303.4238307529092
303.4238307529092
318.50797700593535
282.73649851768255
321.18979981340874
332.6953449807135
321.75569973245837
300.1056835272281
300.1056835272281
318.645301012105
300.9615235463269
304.1774499110721
306.69708410601646
211.80448361533718
168.2799496777966
150.80525565090232
140.12554426111274
176.78202672834706
97.34552211754958
133.33702009060298
148.50246142678932
133.29794572326952
86.76386429604518
150.9444733891156
247.9674096515671
268.71224496919723
268.71224496919723
219.9168955032825
249.91689550328252
257.87039016243
240.66573962834477
269.80235825409324
265.6957822750747
262.7247096969381
274.0955868262461
226.87923586818903
235.7004578079533
253.93468239315635
249.86669707184538
365.8982678881563
504.0014002501019
557.0663979601827
539.7579105657854
537.6581593235437
597.0596518700929
554.7603981433676
553.6851905034114
636.0621394476751
700.0992567183608
778.0865450821824
731.4893351832491
739.907081084698
737.4238307529092
736.6766554739387
878.5091158447207
789.8292632722148
795.0119061496498
737.793711119663
802.5595050381181
752.5681752275469
755.6419308562552
720.5162565387891
760.4412209257883
729.3163456664179
701.0926351173663
726.054225704538
748.8796501255648
748.8796501255647
742.8796501255648
725.0067722306981
593.6423827563643
466.97629559792404
419.3576619133238
562.5027793013519
530.1066451034351
506.43940173377337
579.9601430299729
611.7970642663176
490.8467812640732
472.18990248200487
376.19585481023375
382.19585481023375
385.26180724976996
406.82725776931625
406.5454564541808
356.06033181586815
351.435379711258
375.8487960018799
456.61021823237917
481.7500238374721
456.8192613218262
456.8192613218262
544.692054028907
503.0480187231705
564.8396348334778
577.8956427873568
502.69814191122026
500.921150493751
500.921150493751
496.4844693758725
492.94106316375274
492.05603336600484
492.05603336600484
492.05603336600484
439.73294721092657
414.5018140452445
466.84279279939494
457.7875215507134
426.20468107630774
407.560791805646
382.00692712728465
382.00692712728465
412.00692712728465
410.66852116236845
392.7672795570143
346.1048874331092
326.16354263590574
264.0741141098115
249.3034354749088
174.88135106346218
148.91771416645037
205.52529392262602
205.52529392262602
174.38596261041647
264.82164012647627
270.1905560549345
418.8684293289758
501.3336283317819
503.0268041250791
503.026804125079
482.7140462703347
488.99576073746226
479.5791754397967
533.0026515535541
653.3345463566961
696.012119062213
704.5921883647285
666.3280736842984
681.4386499911443
681.4386499911443
734.9221751241566
829.3727505231931
900.8562756562054
950.3965213289717
1019.4866500499187
1006.7364864680287
1045.5402501082897
1008.7218092584294
981.0738226024786
969.2513621991327
969.2513621991327
947.4718075046247
985.7284208790924
985.7284208790925
989.6040746879198
872.7370684582274
770.8231325703806
790.8733172897247
685.777552173566
692.9786911781077
690.5609374745932
690.5609374745932
690.5609374745932
678.4440432652353
674.8148052387694
598.1852287986075
587.369370684773
571.007595958182
549.5169356957593
537.711027205621
537.7110272056209
475.5090971581991
527.2838343823507
502.8177708878085
417.2006431019268
393.30313605837705
807.3149704857365
826.4369611471003
802.6188894596228
808.8416585746127
810.081518176153
848.1380303622655
845.7722685479489
823.195479620427
823.1954796204269
823.195479620427
854.160663002994
871.3506170654365
741.9642359131398
746.851470306929
780.1567814296577
796.5516037524147
845.2611023363049
820.2030020530829
831.6280168841342
958.5870116742682
892.6368239277875
911.4238307529092
902.4401039144509
908.2445038756962
945.6105502319405
919.4078436558694
936.7657745735846
824.4915830353181
851.5495193744326
851.5495193744326
913.7286638879456
450.8398354101129
499.12152560720295
489.9143371020386
557.5874424823546
667.1836121380857
703.948856268858
759.4501539691922
788.0283330624324
785.5769870137518
786.8596354613946
1062.2361984406325
1183.3417230746788
1254.8099609005512
1254.8099609005512
1183.5353241003158
1214.3041806662857
1171.682539705851
1233.010242325914
1291.5500639932854
1294.0732028617347
1271.2578251170285
1278.751869302726
1304.3868575906702
1309.5716671136695
1380.193680728169
1369.8361568732685
1401.657973866428
1366.4211553215644
1363.1318508060472
1363.6975551980781
1313.0990760441252
1321.7815127486172
1421.046013992901
1488.2824698049294
1380.3816155540019
1287.266963563948
1175.3435361736747
1157.152577934295
1131.2746676962868
1133.252341277096
1089.8505637864043
924.4384673460906
809.7101528506556
714.9747435957297
714.9747435957296
813.4174350793598
808.3764653549699
817.558498038383
634.7474281267225
711.7579770182058
607.9554391594704
585.4238307529092
728.309606631173
699.7579770182057
683.2063474052385
565.0552231869823
598.1418488103188
563.0121722971796
585.0068072744857
541.559756286153
518.0917331319203
503.13383146612887


