Rainfall Prediction

591.7995717369618
568.7830051707984
546.6755118365805
504.4616270222239
483.3086810133773
478.59760966107524
470.23683820574985
475.03798741762796
474.86624504050553
471.344589466227
479.6594283233208
494.08020056888984
447.3784168321742
447.5466493102249
446.527904433919
446.584178650783
394.40662598743415
323.4540416818971
408.15004361343364
339.11103941853133
341.83445769500986
361.4993395426987
250.61624481483855
252.8632548593451
247.32696055596276
252.8297599994733
264.9730482281908
261.1847764646184
253.86403055400748
222.7530761298681
223.80429471279206
225.454212887432
220.65848326791675
199.3253825731927
204.81427991454407
240.31500715339672
241.18526870053572
247.41394878909176
242.3902351409462
241.078482972885
261.4539159464981
271.27019488797043
386.8087972136503
582.0359356433128
665.8521162396439
670.4680932241297
677.5692212106012
689.4884538407487
801.2667565577125
727.6907695786127
755.041909870545
774.0744619130874
732.1278356194865
739.8853146709635
883.2746492564522
1170.7471587286198
1283.492641955644
1286.276638525173
1289.761868891358
1290.536666254891
1287.7619680948017
1332.9630193443716
1356.0381339577898
1364.2941042480045
1358.6389782056806
1366.2651059231243
1296.7924291516538
1308.4966321987577
1302.8633958680186
1298.9217740339793
1291.4811070971812
1258.3020509369212
1275.9105617526131
1195.2449813212938
976.8335474557333
884.486214610153
882.3172202428708
921.8177254000346
930.6503942193112
799.8912362168285
792.4628801559143
796.7241123066395
780.8196626542466
781.7290352111706
773.6547449030586
632.0487862533705
391.471845410579
265.35245068198174
263.9869424419652
265.51898481539195
259.80652937599086
261.07636908038785
206.5389407636686
198.24193428016093
196.46392655547237
213.98034305211104
224.09420030837742
213.96714364206852
208.96714364206852
224.22898823216622
207.9567868088157
225.2396481217992
223.4254024896357
205.9313071279576
208.57724627729402
204.0414139428627
201.82100169500248
199.19610261600042
157.06452707039458
143.9992233510458
131.82751429817785
117.9746283712145
100.03318920407382
106.27237024588618
122.99784657412346
207.12773851614614
256.23634811270927
232.1567798078193
238.75748853573833
232.73297889580286
219.81852482691852
251.509811686826
245.70267912680492
243.75713639687348
440.9324016552033
525.3124782242248
538.5580773872701
542.4250207585175
611.7651081282953
641.5132019307822
663.1738606153922
673.845996224162
674.5711212146066
674.5711212146066
701.7133677994746
730.3301814841478
764.0316357922972
910.0666557294677
852.9734790094482
938.1976580944968
1056.1141232500336
1060.6520375088137
1062.2957369938226
1063.928642186612
1064.269738988505
1029.5214671398453
943.6669720050693
890.9136460103687
876.4928175804705
875.3259760077808
867.4436019931483
893.9945117031442
886.0381880961921
873.9034223814641
878.9621320978621
651.9941611491379
555.8133566067006
719.3326987509748
948.8650992495312
880.1541958114794
850.7329356536806
901.6193004006554
888.7163853877871
1100.8664273121005
1126.3971561622157
1112.5186194359565
1109.55635186575
1304.08087194437
1220.395266401134
1228.8229662241
1203.781332755111
1152.3775585963228
1231.0612424595033
1471.423140686883
1562.9852768770404
1660.0845452925853
1781.4495706420914
1868.3474439389179
1864.6349121766966
1908.0040808553938
1946.128902571421
1958.2715636459832
2020.3836811771553
2090.9095513006514
2343.3430704437915
2347.867578774499
2367.319526097751
2362.09053855063
2171.7014308055177
2050.721755239566
2051.53966569298
2058.49245722617
1919.2526573192254
1916.7555821450408
1820.8986531750813
1780.3215664476868
1782.817764125044
1876.4142922225726
1685.4175636635905
1735.7109033810634
1757.6105142780941
1696.4237793267853
1610.685782589164
1533.1700139164973
1329.8599459575828
1233.8878675556882
1135.3746976605669
1000.3484525507804
904.9516435416249
917.1077173047729
893.7781019297037
910.4632511503783
911.2228319884574
892.5789973446385
827.8542379473657
570.995198218541
559.8818510940132
549.6870487407565
545.6487644170508
544.1460195228937
542.3793551690333
555.7539973903195
571.8396710526202
566.323336170169
586.8211097417718
488.3063775082639
479.6088162325416
490.3878852081092
361.3324619370922
357.52039335873695
309.2772227585906
311.0015580069541
312.1135715917966
310.9655408015758
314.3795892126732
298.6117549334761
290.88667148688853
347.6909491347443
399.69772856198273
523.7729838842548
550.6949188641433
613.4353903967132
555.2539688241133
781.3749774240034
717.6639728341298
712.0966916477316
714.1866359060778
703.4240949767137
705.0971892542959
713.6950826774045
722.2562332505504
721.6266201403506
701.339872695076
691.0049117278176
753.1246057663319
762.445220223538
768.5157354148748
764.3501858799143
762.8903701387535
770.9180120047606
750.3660396327489
750.1027641894937
743.1594061221532
734.7311599959256
729.6546787632475
728.0347910525182
717.2554815294211
720.1796792797707
666.8617249210289
641.1654006573405
487.1246668163484
468.94434538987707
404.3681429649283
355.0273884086358
132.55299528948652
115.7258199278313
99.68207162167079
102.37595682556454
99.92048666512238
309.33762615660265
380.6054737956557
395.8575380340086
473.91422871377347
580.4091680973585
640.0764229258955
620.4256043593523
607.3380804314243
695.7666144124869
705.5960780581836
715.0832639412896
708.798622397265
685.7701426937882
708.0638251362576
687.9022226515361
690.1284641268908
709.7451344266933
745.7176169477717
723.0723824858828
717.7129280164861
715.2765231729164
794.0338827352377
688.0140982732285
687.1448270418616
694.4192882629211
738.0128052857359
744.1072190263133
739.8041890149776
781.3751661359012
900.5074726972338
1099.257761365953
929.4844550217931
866.0932574794208
983.8595277197657
943.3207713927044
897.0498423244298
726.861246007103
720.5128966899716
696.1286983344497
620.7892774836262
783.2785193451923
764.2599601032135
619.7340585307014
803.2581836354681
677.5335007292118
672.4209073155932
838.0231877240916
676.6978405236138
697.9420452263369
721.8758014604472
728.9956575964968
733.4641994964892
790.483798112504
881.871793581914
909.4584610174263
907.6656660254135
974.8509698537024
979.0064235819996
972.6110152646183
1120.2911808815086
1010.7823697969066
807.1121439239972
793.2236994308101
789.0917008813256
724.0977947442118
832.5879882066808
830.1073238735133
752.3834518255945
733.7583438791007
734.0750317904397
740.389929715698
859.5453027160961
913.8724568907071
919.8323411563133
1004.7474418227941
1055.3874070879162
1070.6592853376292
1085.536354991727
1128.2028844209058
1223.2220193241865
1261.0465801765545
1270.9606226259532
1257.2131792074729
1229.4426053352208
1126.7278389276014
1095.9183907305896
1111.7564669160042


