Rainfall Prediction

748.1437401334467
777.92462335433
821.9941028793996
791.8296969680125
765.7337726749194
733.8281020458122
642.9606178239234
632.1048303122095
613.4116857294796
669.7309769138367
711.2484129135022
728.534214834997
759.5598324478577
804.454734215118
861.8294678820529
867.0868848765742
836.9409486411585
833.5621405943349
893.6435647692216
878.3111397637194
909.5519706028554
1007.7344264991216
1145.6947796056234
1148.7309884091244
1150.3206993675863
1072.9994976274634
1056.4730958439893
1044.7071083893172
1059.0762930772369
1057.0557703050324
1060.5486371438444
1082.2768184428392
1041.7713050482091
996.3361241203484
999.1732070885392
985.0343831222087
976.8223473322756
978.4267248379302
1001.4173535348943
1025.2897621868594
972.1282393816912
930.6104215681507
913.7283194717301
878.7998492257077
821.8892208332976
772.2970181819551
756.3329724302723
758.3160900998246
694.9338448255396
614.1344320231399
610.1912954828807
583.4227405102757
475.5868046283914
340.9005345226675
262.05116099266735
191.7927126292317
165.26391023698406
168.71162610309204
155.02154246939267
131.65008804585543
131.2057311934082
129.2981585591742
140.08221786969295
203.437751943882
272.60494782721054
272.85571083284105
274.3674045368609
273.61809935331416
278.18141468706415
232.27735981140498
190.03563242185842
188.6495573510362
204.22040173545778
217.6686654101465
244.74355135044442
246.64189767465692
244.39467710363706
246.18242916846924
251.8260174894976
251.62061153097437
259.23613794796
325.5385351201136
604.3389262652988
614.8847985788672
693.2909719732314
779.3005888470843
828.8743016485573
908.4304545223692
1031.937379619729
1234.9429024524381
1239.365181147647
1237.2243010767804
1262.4409106603227
1226.17504168899
1160.4493624301313
1178.9027222719228
1247.0924076043011
1270.6210171726811
1276.1185751783935
1300.9794777419227
1342.442620037673
1353.2045207057145
997.8753049938206
1219.6598677008385
1203.340668577828
1282.4950948506364
1277.0288384701382
1253.0091304154298
1356.4646415768157
1444.3236197818944
1570.2932721666023
1571.910929495288
1588.0510355268118
1242.256953003634
1405.8394951909768
1355.4175476953253
1412.3521571890294
1369.5956476783851
1287.5805490267214
1032.0243006576695
873.4788141263732
888.2137371498395
1004.106271223463
970.0306215159998
956.0988128351509
965.3440546027733
974.7866054537817
1004.8572307960395
941.553485239999
894.5603937168854
1225.7368346668943
1179.0930675057616
1254.1360878629357
1249.0346857626264
1091.769580543965
1051.1093702809385
1021.5277896423662
1053.4317494163236
1082.6338635891545
1049.3669754911416
1010.3407223851674
819.1483005602354
821.3385589540468
912.450071577739
912.5122753554537
828.4191657621072
815.0432793015078
800.0360996958225
836.608780281436
873.1930642952913
858.1495496546046
904.176300233762
912.622381551075
840.1157383505875
886.0195254581616
920.0038276088302
1031.4962082232246
1087.682935973657
1012.7259373817452
1082.493506714935
1114.0023212965307
1048.0990485701698
1056.119898389592
976.6608201238428
961.6926747440361
966.1507465247568
943.0586381552126
949.7802799566277
899.0517205511755
954.9252233173906
972.6238856617741
985.1362894095337
987.0816243318411
1021.2266995235055
524.2382765093005
558.7797706907768
582.7650772859329
581.6607724081246
690.8349196134669
668.5381743142786
599.5416546184844
451.632144455652
666.9957272032035
685.7399140891209
249.79332251583494
535.6926534253943
578.6770243706371
402.9892339009705
282.54129668557385
278.02295817227935
696.3133676481787
684.5262392928645
653.7897576877591
649.2857284780612
634.4146523126299
632.1352339432506
626.3627324832302
619.7588694649121
622.7207352426411
631.4283269414201
551.1544560612564
537.7745949651546
502.4189595505409
690.1659188044702
661.4712729939605
531.123474540951
609.1820397792134
541.8179810072655
608.1996480062365
622.1430281052817
628.9588296339905
663.2341096408031
668.207870467994
725.4572103918999
718.3757480158732
731.9714501086693
418.66463449100723
380.4636857246189
324.95136224957537
471.343109122285
457.553179807956
419.684017315318
421.245632263468
422.026439737543
378.58346961665575
554.2829447557808
532.2948928497273
431.0593730251972
387.68280143588663
675.7117808107048
705.2622399954279
723.3675044424918
434.12725045418176
546.2664832400673
706.6371433439083
999.5715160125822
1010.9022014374679
1010.2485586370257
1066.1455811753367
833.0452515220122
1048.2563019953996
1053.3528897154092
835.1113990761137
911.4634901388391
1233.6934527128726
1020.4847023017877
1036.5207863574578
1047.889356504086
1058.4506151755832
1068.7176725961112
820.8186504237615
866.4199232325747
872.5548886795074
862.6501105195794
1128.444837958944
1064.6256896373102
1378.0974755369884
1489.2822198524802
1624.6719402103413
1753.8425167158982
1644.221938195055
1605.6028548267857
1605.906992453228
1607.959801171469
1516.205146112707
1387.6018912345678
1080.740011218587
1059.2522512096853
1001.6000034211645
988.640413567077
970.1660030929917
955.6002431699824
951.8300842369912
946.5518617308035
955.730583683122
739.9776060866656
806.7343320527768
809.3680836703359
777.8547275591029
782.5139922401183
796.3467138235634
800.3690419117559
798.890312939021
797.0756296687399
803.9587833001709
528.5721427283537
472.97851767626685
491.78037243885876
381.2062142697106
209.78249037899457
88.60628263424744
136.78393831176317
437.104093185309
513.9324520106902
807.0581567234819
847.8759136358167
853.4293363959202
931.2231764378262
938.9780322544719
937.7547859887724
977.7587855475006
1006.1012604203303
1007.9279149227068
1033.8822163650657
1157.9105426412123
1218.327569973893
1211.6928345990798
1229.9758616577851
1297.9375839136867
1340.783639026664
1375.6346216525476
1451.7606814644782
1504.441360495657
1519.3942208368503
1532.860319820033
1528.3417414900016
1568.1324963904983
1597.3558670536443
1585.6992681637705
1587.5484524721037
1600.376616611152
1578.5467256837055
1587.0491127083005
1443.0593846325032
1434.6499435017004
1188.6921211208328
1184.806901286457
1196.65072808972
1128.8352178907567
1154.6271882333572
1172.0579713333589
793.962411827002
1126.3822471416188
733.6090824074001
744.1420619335227
952.1935600865213
889.7157809179181
847.6562932911473
835.9907297235919
855.4006145262866
911.7247263493001
898.3485043536261
848.0518237197948
809.616421043475
800.4541495337388
791.5687248439326
827.4667183265793
837.1087332749801
880.5968631330222
929.096443453858
957.5805406270952
1232.4809214951085
1264.272609895107
1213.2411064877203
1084.3142322162437
1039.7260718733924
972.6659463394254
962.7650590815084
1038.5375175056133
1068.902797570245
1045.845363689254
1044.006138624982
1101.633481114318
1107.472352534614
1138.5714625578937
1364.8223805486562


