Rainfall Prediction

516.9934259259562
553.6280700601546
581.5202187126181
615.4807516125304
628.0285967226084
641.50701470377
646.466005867294
641.6273533557952
660.5366275898275
653.3978087426325
642.582422689596
582.5058907144937
580.6813153213607
578.1989556582574
575.9109500442928
574.5036044147342
571.4270841183884
564.1771514027341
563.5486538912609
117.82644628099173
53.6
97.18811881188118
73.06410256410257
44.5
44.44230769230769
66.3972602739726
65.93150684931507
65.83561643835617
65.83561643835617
60.455882352941174
54.87301587301587
54.87301587301587
118.58536585365853
119.24193548387098
118.89516129032258
119.0725806451613
118.03252032520325
111.63247863247864
116.54918032786885
106.98230088495575
115.42148760330579
118.87903225806451
295.016835016835
302.0855263157895
306.09090909090907
306.0779220779221
351.328611898017
376.3941798941799
532.9101123595506
568.1388400702988
722.3264177040111
722.3264177040111
742.3777384856389
739.4842237031716
726.9263864631483
729.3082261075906
753.6599594178372
760.0494715331092
767.1645167061167
786.7417372205118
786.3556625471383
785.7545806553319
785.965410503218
723.7505131941048
721.6007634938613
728.9445874892594
728.5620738551406
728.5663690436678
728.4768702037776
723.7379889713495
723.8842307875751
696.461173202066
693.5526251588603
514.7010399128749
506.6469096928531
496.5793627481953
492.74452605170353
443.8183027532662
435.7042170022205
347.9475475451168
358.58535975302954
213.8705535692562
214.28772242647867
212.5783413844582
250.25087545658178
250.245830730793
250.32875655532294
221.27232142857142
233.60593220338984
87.68817204301075
96.6470588235294
40.38461538461539
98.4952380952381
104.29729729729729
104.14414414414415
104.14414414414415
96.83653846153847
96.84615384615384
97.20192307692308
97.32692307692308
76.85882352941177
81.23595505617978
92.02020202020202
81.24719101123596
0.0
237.125
237.125
237.04166666666666
237.04166666666666
221.85333333333332
148.3921568627451
105.82142857142857
99.88679245283019
104.64545454545454
105.22727272727273
65.61643835616438
64.45833333333333
72.05
50.57377049180328
36.02040816326531
41.0
156.35
180.08743169398906
180.4153005464481
169.59883720930233
174.76271186440678
205.05797101449275
204.768115942029
204.90821256038646
204.975845410628
209.51831923339574
199.03482587064676
186.2962962962963
186.06349206349208
185.92631578947368
208.28773584905662
23.261904761904763
140.6095890410959
9.757575757575758
9.90909090909091
14.222222222222221
161.24698795180723
31.895833333333332
33.224489795918366
85.77659574468085
0.0
71.9753086419753
115.11570247933884
107.52212389380531
107.52212389380531
107.52212389380531
93.15
117.4308943089431
278.66105521200427
228.2648822150392
212.53618327280557
176.60624198814685
717.6918704922467
718.990433123788
718.5896802677381
717.2444700256787
717.2357869576614
24.830469377476142
1.3944717058416423
1.3944717058416423
715.5188405797102
694.1682802787689
576.1941274917729
474.9310086013897
409.10148661384176
506.4015720810789
510.1241380440471
490.34825355152293
487.67429767238093
492.8281879610952
443.52424272195566
369.01238349996186
354.79563676096706
361.2437795807152
433.4037265156131
494.3267703948234
527.3528087691939
468.1773561929565
461.820610808697
479.21681306951433
586.9229778558674
603.6817766568158
624.5315131346609
601.2640714410205
617.0544995974321
617.1543027795194
616.1343850389436
615.9588425357097
618.209109378815
623.2042401474288
616.1145520592054
619.1220753923081
619.1220753923081
625.6075100539564
630.9526773114692
625.8933920201282
539.8608017898296
522.184259774198
550.752585238554
548.1984198923742
543.8608281821141
527.317120893862
515.0777268876151
501.97549268309416
542.6825707702503
488.39553929192823
408.47197919926157
356.5614317223539
332.7793147848832
285.60149642611054
261.8533216800191
121.25255891653558
135.84758392311628
120.76744186046511
121.2248062015504
95.66666666666667
26.148936170212767
73.47058823529412
0.0
72.31395348837209
95.48284101335348
100.24612394778774
460.36743276715146
461.1187214611872
462.09948357472035
462.09948357472035
586.2313393659166
634.5200692913376
635.511325437023
594.336483050541
648.222142272629
648.3672380250645
688.5657521322744
144.09610858078852
183.37183990938993
332.44920628389065
344.9403809374828
941.9985980250718
942.0355759350514
942.0232537098468
940.6774235411406
940.7266653976591
939.7186278058495
907.579943274721
898.98175591296
897.6796861097207
897.5836392497321
773.4718807906839
734.4285714285714
712.3174517958117
646.6602367895974
654.1857762428485
654.1707184207901
648.6767704392724
648.13522011444
646.9854628270273
646.9854628270273
590.0966728672705
546.0754842155413
554.2394820732676
551.5730447922127
516.8315127435653
520.5012984057831
503.50093103879294
512.0531604196765
470.33264062556174
465.750170125376
432.5676713915967
99.10377358490567
102.29357798165138
49.01639344262295
19.18421052631579
45.89655172413793
46.55172413793103
49.0
135.39285714285714
164.51653137423858
165.00857526704263
177.2477111266113
178.7477518559475
88.8493588860304
78.6389786225726
78.48987562112089
67.36745958333249
142.10858830563026
136.75432313271796
152.9076185351829
224.56992638996294
180.57156955752274
199.53379200292596
253.57421875
257.51153846153846
35.775510204081634
272.4633398136963
47.18518518518518
779.6140310482049
854.980497574211
854.6148438401495
869.8079241943344
550.6419408474658
579.0228735625126
603.312132821731
685.2838197263244
749.5344114203886
806.8520251152811
834.6005196455307
860.0658696079222
860.0474560101885
868.7582755598692
1115.3678482790322
1189.838953128669
1224.3166401677477
1264.2815562349258
1249.9077282115925
1216.744285279886
1177.8791947413122
1298.0781076284463
1302.6933028749283
1383.2890160494794
1363.8496092921098
1363.8171306596312
1371.9813366837259
1391.08410893603
1472.634268888668
1467.8268058752174
1427.624640770803
1310.4624620861784
299.740717779223
318.8287527205763
347.13060140428036
367.0252063902035
494.77606896024884
546.2989168392163
468.7944279483962
397.8705778893782
335.8401564000824
304.96492707322705
274.72687254962034
1076.2046088169154
1068.9864616310097
810.0150751964802
775.2197348905329
751.3442805394934
703.2806144449692
637.5537576563092
759.7837503229651
765.9079729787849
575.412184940313
689.9857133711223
140.7308973895959
107.5482745835099
159.57947635441172
147.3714160528608
139.76615580892854
568.7503645967902
568.0419344410109
568.6080002951962
579.3247471499318
567.2470314048629
577.4957775228978
610.1107448228256


