Rainfall Prediction

2415.569349239694
2445.5761164140886
2511.602736255727
2514.600943605112
2561.5711993789823
2533.2275542201896
2527.0889210931127
2527.0938987041864
2577.059551893654
2579.0616052824657
2300.1232550196974
2215.134760419864
2118.1508364161937
2049.1508364161937
1944.179167811468
1914.179167811468
1838.179167811468
1324.179167811468
1206.179167811468
1186.179167811468
1194.179167811468
1549.179167811468
1552.179167811468
1487.179167811468
1581.179167811468
1316.179167811468
1340.179167811468
1369.179167811468
1354.179167811468
1333.179167811468
1282.179167811468
871.179167811468
903.179167811468
879.179167811468
834.179167811468
806.179167811468
739.179167811468
1073.179167811468
851.179167811468
960.179167811468
1652.6234164609648
1693.61519562782
1682.6488219844002
1714.6912390573034
1784.6663415056817
1824.6092819500298
1833.6204882011857
1850.6567720546657
1851.6092819500298
1825.675265156644
1801.8898211349692
1736.9202669015033
1642.9163478893026
1636.8588814514344
1636.8425754763614
1450.8212122143414
1346.8259992028984
1504.8283841312887
1489.829812362905
1567.8500626428302
1605.8794630148882
1601.9569604378069
1661.9489688074718
1749.986271101594
1755.0580807237652
1755.0577020076084
1753.1043253236928
1715.16090109816
1725.1485255534844
1456.1017913856854
1228.0801748634603
1135.0052118249869
1149.9846424367388
1179.9764590850154
1335.9362189535
1264.9464318082253
1309.93021292944
1344.8956286116443
1327.8708246342785
1337.8699109750098
1363.7810697713433
1547.5828381014803
1652.7277237906378
1822.6730416982516
2068.682457442143
2294.6857595915385
2447.7444430933665
2424.8197716378613
2286.9396348406813
2352.0401241763443
2260.0143515667346
2208.179167811468
2194.933649358938
2120.179167811468
2015.179167811468
2118.179167811468
2547.179167811468
2673.179167811468
2671.179167811468
2677.179167811468
2962.179167811468
3099.179167811468
3170.179167811468
3418.179167811468
3333.179167811468
3145.179167811468
3120.179167811468
3035.179167811468
2998.179167811468
3038.179167811468
3033.010388026072
3006.996793254521
2822.967793877093
2714.812053316863
2552.8611893222946
2339.842575476361
2309.8159199239035
2176.761397005744
2203.6868578892877
2237.5277553423953
2213.37735138857
2197.3751050379433
2292.556301524302
2471.5662580471244
2468.5512858398056
2465.5115370173967
2356.4053768215686
2233.4140662317827
2183.4354650511586
2175.4501763497487
2143.5076051643628
1963.179167811468
1999.179167811468
2067.179167811468
1773.179167811468
1883.179167811468
1883.179167811468
1543.179167811468
1679.179167811468
1706.179167811468
1804.179167811468
1848.179167811468
1824.179167811468
1980.179167811468
1959.179167811468
1830.179167811468
1764.179167811468
1693.179167811468
1884.179167811468
1777.179167811468
1772.179167811468
2039.179167811468
2004.179167811468
1753.179167811468
1853.179167811468
1887.179167811468
2329.179167811468
2217.179167811468
2435.179167811468
2765.179167811468
2421.179167811468
2586.179167811468
2736.179167811468
3746.668020767201
3607.6545070480347
3875.652804919964
2798.619901518857
2865.6187271206013
3742.5876983783623
3123.558175939096
3182.502338529411
3424.4890492972927
3518.450871518355
3681.4598650068524
3982.371349870181
3956.40246349103
4362.372102032684
4185.369089982213
4067.354657525092
4055.314855158496
4151.24392683926
4066.2439268392595
3798.0998393157165
3807.0035414815106
4085.8203499812084
3629.911378517935
3677.865028758536
3823.926754338297
3798.843576831818
3675.9137594714407
3424.8798989210154
3216.7653394663225
3070.69683908438
2988.626473674009
2549.626473674009
2633.6759428016535
2381.6759428016535
2473.668372742793
2474.6607449407443
2554.7100454391934
2464.7201978106577
2507.832030840821
2538.96813955446
2462.2310234344236
2863.321995212629
2086.3515923885925
2438.3124637663636
2054.3259399909207
1982.3275135553681
2091.316446248728
2200.179167811468
2328.179167811468
2383.179167811468
2716.179167811468
2819.179167811468
3059.179167811468
3035.179167811468
3151.179167811468
2662.179167811468
2737.179167811468
2834.179167811468
2947.179167811468
3100.179167811468
3227.179167811468
3190.179167811468
3414.179167811468
3329.179167811468
3294.179167811468
3025.179167811468
3310.179167811468
3359.179167811468
3026.179167811468
3146.179167811468
3116.179167811468
2902.179167811468
3334.179167811468
3413.179167811468
2897.179167811468
3298.4075562630414
2774.4147869525345
2666.4276718838382
2253.4312217633205
3297.4312217633205
3151.4312217633205
2883.4312217633205
2300.362279513211
2400.3330016130467
2636.195777495362
2650.1831419481905
2831.2082553756172
2931.235343095568
2624.2362047931656
2645.20114423454
2536.179502271743
2227.4212501707248
2302.459176064352
2137.4639887240364
2410.525178021381
2108.179167811468
2883.179167811468
2240.179167811468
2234.179167811468
2234.179167811468
2234.179167811468
1693.6573375056278
1786.179167811468
1782.179167811468
1708.179167811468
1643.179167811468
1638.179167811468
1638.179167811468
1633.179167811468
1633.179167811468
1619.179167811468
1608.179167811468
1516.179167811468
1244.179167811468
1208.179167811468
1338.179167811468
1428.179167811468
1528.179167811468
1483.179167811468
1481.179167811468
1466.179167811468
1744.179167811468
2036.179167811468
2364.179167811468
2564.179167811468
2492.179167811468
2492.179167811468
2492.179167811468
2492.179167811468
2513.179167811468
2609.179167811468
2726.179167811468
2813.179167811468
2598.179167811468
2518.179167811468
2521.179167811468
2515.179167811468
2525.807198938398
2555.814954672863
2585.814954672863
2602.810114392358
2611.8430450701712
2657.835504977898
2657.835504977898
2751.835504977898
2988.837867369736
2759.8430450701712
2784.88082017411
2750.8762891287506
2886.9224375122967
2956.9362189535
2981.9582164563935
2856.932362081352
2762.9540235781333
2517.9636410472044
2348.007604170625
2480.012768035129
2493.019480794788
2499.015537572013
2572.037808467089
2594.9005164240857
2684.915911493921
2781.776062249612
2789.7659713466305
2789.7679976897757
2856.7974189093443
2853.803298397129
2933.8023208799445
2946.772038099313
3016.7588466345583
3162.7588466345583
3145.7418490581895
3120.6635364547537
3042.6292473812755
3042.6367771011833
3002.6408082036764
2696.6983177691377
2922.703189226674
2862.6579026370355
2648.609874894014
2442.532249731983
2372.5115370173967
1716.3966112431644
1655.426960393236
1572.3825733325511
1371.4473908326277
1483.179167811468
1447.179167811468
2164.179167811468
1619.179167811468
1489.179167811468
1462.179167811468
1370.179167811468
1278.179167811468
1261.179167811468
1338.179167811468
1390.179167811468
1405.179167811468
1385.179167811468
1384.179167811468
1354.179167811468
1269.179167811468
1295.179167811468


