Rainfall Prediction

1218.825621112053
1223.6676423999854
1196.15733495306
1231.9163279571899
1209.0032998767838
1263.5186869722395
1499.1267886711726
1295.5974806863017
1307.5455524898334
1375.88841764434
1276.7575346061774
1185.2625403264888
1120.4116823293734
1123.8273461634724
1080.4969955850918
1020.3832119900601
1019.2608375935001
959.6211806511113
1036.1685708995258
1025.7888961763995
1036.0412117544524
1074.048505802497
979.6172610538041
1001.5694497506796
988.7046580107699
945.9769715924642
981.0401878910063
989.1356034146839
1016.328140498602
1132.3197450062842
1148.8639008835685
1139.2911743065386
1232.1697004529399
1214.0300593272252
1052.062244118622
1001.9836695164959
950.7830892245787
915.7934049517961
931.969050056513
928.5900424085137
860.4628006450421
739.3940446406127
806.0179382995242
752.766012226742
785.1893342953451
820.01093447413
809.7126518280127
1054.236157142462
1094.526880027698
989.8683430904233
1286.3947574782492
1276.065109838638
1256.6691557191207
1284.4510422376609
1442.287162046987
1245.4945684524187
1463.9618624172874
1274.2482328000183
1308.7099854361372
1217.3200121133198
1265.1012022502862
1127.4307735167
1173.5136296702835
1165.3627467825102
1315.5203144294576
1523.3067878766406
1414.1572733723349
1426.7604948094204
1524.2995599642393
1545.5738413855843
1475.8470952038028
1420.0841494558588
1322.4937183722575
1258.7752538600037
1277.7834629694855
1367.6646153299312
1511.3941936421597
1460.762619106562
1218.1947616649115
1400.7165880734394
1285.9172936824934
1420.6599173667814
1468.5209104800165
1489.5337930613057
1442.9547575076185
1281.6086574320782
1085.5517992496182
901.0825653230522
965.0318830719734
982.1451922736262
917.9718529080836
882.0159228654596
938.5866917270512
828.0551301755856
872.9160840084895
798.3373114750631
714.3373114750631
615.3373114750631
600.3373114750631
575.9865608087367
580.2623504670023
580.2115562964635
519.6547526978088
544.8252030138341
551.0262164014924
554.1589841473047
518.2972739467368
502.3281805458663
402.2967343331671
381.222250435361
278.46633629517964
74.51151825266051
84.13243642425509
52.438231831969496
117.65654637070776
88.62127331604017
100.24967478632723
85.65323790333646
108.1840030900365
101.64344720429825
161.096255545107
179.16403992007338
131.63636037304914
161.9305949535743
490.4221950015201
547.8526113710383
601.5605581494451
555.6735488795936
782.0453780566778
807.762475571931
845.3619453095672
693.838948279583
743.7068778709603
774.34018257371
772.4822866223055
804.4742455360017
811.0103599669667
750.6130382937829
776.355581651124
772.7539036678867
686.9558937299524
713.1411567990342
1103.0438702952642
1120.0335574286587
1096.5370900041828
1084.8241290207
1015.2190443662286
923.4412296365235
955.3935567348348
941.4984908205593
906.4516824511859
920.0439633987617
959.6915645147195
909.3619402640571
1824.637413419135
1533.2763715465055
1450.1553530764388
1762.991026673938
956.4719296016922
921.186573983223
1620.581368408312
942.7202344543905
907.7464413102252
1119.4599819425055
907.9837086794257
894.4599819425057
1041.4125284686654
1095.5074354163457
1213.8215293730884
1215.8822764100812
1151.5162282634392
1236.6320366927787
1231.4077519400075
1414.562376458595
1355.872948168149
1466.1975324389696
1372.6391823295237
1442.8832439259363
1640.4927676511024
1622.5869121486558
1700.6897936194919
1629.362826841761
1869.9272150513207
1774.935654146763
1643.9559797490472
1348.509965285577
1179.367653612624
1241.835392142739
1060.5105288622376
1031.6993064059936
1029.1140976470392
900.5122942386292
863.993359580871
847.9692118594887
865.6625760827346
898.3089868145512
808.7244220398682
784.5572640572971
737.649046019057
703.9692199062637
605.4360075847181
571.3204374103584
529.7603257628634
520.5066422862811
537.9252091121492
529.257646502967
481.7329771627206
556.3397723079725
458.8338300461058
549.5673882858162
497.0869396421363
606.2583019909487
686.253779799614
605.6253505609671
764.5662774835678
629.4136859282844
702.4434931097119
644.1041173305615
679.219882644232
755.4814961401148
737.6772958386578
728.9706067182746
755.6647840284323
763.8445853443619
815.768607862875
826.1363993551067
846.4213884729878
900.6699443339909
925.0706435699723
897.5045879773581
1083.1781455887735
1109.637637413522
1021.621808746932
1061.56016655433
1100.7965676208134
1065.5349163721212
1033.5127483262083
1054.6519568812287
1059.9595380612175
1257.7544300382458
977.9379571426431
1056.0646870567043
1025.1274512494172
727.393897244699
658.801408867323
695.5181698080966
618.9753892330926
664.8872111108958
669.1587230690029
652.6972669916745
682.7008327212918
684.362397747562
712.3804597040275
699.7869436611982
724.8368452828424
805.7727274400615
769.3642152078846
787.0451071689355
739.4753342891482
748.0407489764381
765.924757925973
780.2485756996705
766.7495778948698
739.6502562354545
757.5763864791227
717.0518231011764
721.0451941298146
760.5929739924172
676.0729052019656
609.2868405991769
1025.176631018539
1088.8752446902663
1011.1817619402638
941.2349176549999
711.3965146862184
737.6597772080879
750.4452893908019
735.065521975509
752.3022112780056
947.9784163435397
931.2805654251073
980.418256429193
1034.4662792358336
623.7054586108334
701.7666782989563
649.3078545755698
636.6325423729724
735.978007445593
371.1477044451656
451.8271134669926
256.43111599421206
279.3722478821066
297.18606990888145
291.27448217412353
294.2672302999395
510.1340585279071
505.4711731973009
391.70702470974993
446.0875541535001
449.9334642478054
454.176623857386
469.3382324134533
527.5266272099657
502.52484933689266
568.7654117586334
480.1686283415065
768.1640671617339
823.8605422835143
890.4068977828758
1097.3547304434535
973.0749981650774
841.0926400565778
980.4832230473941
967.9357123827872
894.3791348636643
792.7190532919801
1178.5141078524791
1162.1254972815289
1372.2747328750934
1331.8156399226423
1329.8863884816958
1350.3211837504055
1295.2017277643627
1357.3687252080954
1326.8829475224322
1206.2969278433743
1217.156432557438
1371.4130119119693
1187.586613491642
1187.5950129025232
1290.7526667445316
1210.2823354505376
1621.1082674011636
1252.337507091368
1352.011620634465
1469.5421550882972
1487.6873397646118
1236.9846073924223
1218.0787104413578
1282.4045430665876
1105.2646455346132
1395.5882622388615
1186.1498255705828
1081.478502158545
1302.8084017787294
1427.8767415507648
1386.0682786767927
757.5468884320027
827.0672316419657
712.4995804780274
699.9334293874548
682.5424444815685
721.8190735862406
691.2616657116023
855.6619262291794
805.3925042360308
837.9928710239843
1034.3026487017878
1402.1640559925581
1624.137859007009
1728.5280154111038
1698.440386824306
1933.2087715200835
2041.60361221066
1999.2425307732283
2319.5247144342425


