Rainfall Prediction

2309.021839286447
2465.114397351285
2586.168389220283
2469.2167109965867
2512.269570108061
2537.272630085969
2450.286285282218
2442.303614667184
2423.327902620405
2199.3250074244047
2327.3510498175956
2391.315686063583
2261.2689569872573
2419.219614692771
2288.173462797884
2328.147140991131
2232.0948810108503
2055.084978124127
1934.0838717253416
1686.9665498379525
1567.9477011123938
1430.8942914150998
1736.933649358938
1811.998000255271
1971.0633677451438
2152.0020131017473
2189.9694501921713
2277.9838271085237
2149.8648708727023
2212.8115689380693
2266.802809757979
2379.761397005744
2413.6708132850727
2507.613425193601
2538.5232406620407
2548.408281689261
2731.4104548157957
2769.379592704413
2843.339237019064
2837.2833119044553
3039.2456347816046
3009.235343095568
2967.3044509029787
2964.341565308823
2806.421965734262
2980.5742753580303
2853.5742753580303
2903.5785658947993
2940.5785658947993
2859.5693492396945
2783.567495671045
2865.559423599894
2985.544980648677
2620.4061038299615
2298.278369555021
2289.0778823457977
2566.2725724373367
2664.477612912976
2736.5512858398056
3024.566877050549
2734.6573375056278
3391.6573375056278
3322.6573375056278
3192.60809500627
3064.5767293469917
3050.5767293469917
2879.573660918687
2621.5656386602977
2556.5699663332034
2438.566877050549
2425.5587999640775
2209.4823378627048
2111.4255358915702
1888.3645548270483
1564.324363946465
2614.231023434424
2153.9815625747924
2157.2481912380463
2195.2767166620824
2199.461241469561
2285.5089175005096
1200.5089175005094
1518.5089175005094
1469.5056334253081
1579.5056334253081
1748.5056334253081
1998.5036577908163
1676.3446612865287
1212.0938987041864
656.9086499608534
752.4162647388555
710.3150242885777
724.8962664730445
816.7725913998381
798.4209807518096
980.4169511963237
908.5238804335194
829.1822435316875
842.4239628592157
839.0189140180956
888.6206559838895
915.2850983860081
979.0930104981755
1022.1059305745404
1129.4724401678554
1683.969265046982
1714.9748735866415
1821.0616052824657
1829.743023338
1862.6834559850045
2136.33826319996
1220.6862412015107
1106.8028257090632
1190.5340739918615
1179.2653222746599
1335.7278188402565
940.7481035114282
1095.6484287027124
905.6484287027123
1327.99559365422
906.0504193654423
744.0504193654425
1067.1400032711763
866.1084946785095
1051.055920153966
916.1387335531327
903.1387335531327
659.2173883883345
804.2965854299952
790.650443156827
929.650443156827
913.4476893463533
1494.9005935122586
1761.912569703305
1673.9361002007154
1419.8486659013256
1339.8138011693295
1358.803233039268
1367.689426151991
1355.675942801654
1365.675942801654
1105.5975327474043
1339.4707369510263
1546.4463683600093
1577.4463683600093
1631.4463683600093
1465.4463683600093
1478.4272106859762
1233.4272106859762
1346.4272106859762
1393.6885561480958
1528.497287805312
1928.0899644555084
2149.421391076923
1848.5017330513951
2336.5283068028475
2331.7201978106577
2597.0132765502817
2656.103780207516
2243.097863030488
2139.103780207516
2302.1037802075166
2079.098851661315
1960.1135650213964
1862.1184217575094
1857.0929051621274
1862.0849210877793
1859.1357132546195
1884.1703446985891
1825.2047061261064
1874.3092663215934
1793.3140586630338
1849.3773513885699
1725.3907245447817
2324.4104548157957
2312.413344991218
2233.426248396054
2246.4930546431015
2217.4930546431015
2481.619901518857
1853.750641460319
2891.7825671512087
2748.7825671512087
2604.7588466345583
2105.681906022223
2422.790020601863
2433.7919988418753
2622.7770657619894
2061.651099889713
1992.6234164609646
1943.594342921081
2151.5475074977794
2113.5475074977794
2131.61519562782
2288.617551341512
2306.6086886542544
2306.6063119448763
2301.6063119448763
2296.5846634746677
2236.5619142612068
2180.5379987098104
2131.4557242141864
1958.4459951589884
2415.3870276829
2428.3751050379433
2616.4619289910734
2613.5134971617686
2635.5023385294116
1778.43617051856
2120.5512858398056
1743.5662580471246
2103.4068303101967
1917.3599990105124
1941.3599990105124
1817.2659057459784
1436.2659057459784
1542.0261109510534
1381.0057130350247
1114.9113785179352
1152.0366818740133
1099.988207117511
1104.982673069076
1579.9826730690763
956.9826730690763
950.8549910331028
1131.018644249697
1121.018644249697
1370.2232007087425
1426.2447811750656
1534.270909926563
1589.270909926563
1645.2939372598344
1689.311665363128
1954.3251522791822
1342.3251522791822
1801.323574991789
1500.2064823255077
1583.1318964560926
1599.1527108309879
1612.1527108309879
1283.9759915297427
1440.745840241271
2033.389247439639
2150.394407790198
2140.394407790198
2048.394407790198
2222.3980775190867
2195.3980775190867
2079.40173383029
2615.4529541293127
2320.3870276829
2418.3870276829
2573.394407790198
2626.413344991218
2408.413344991218
2394.4111781431325
2276.288229947155
2649.288229947155
2201.102796439606
2102.0778823457977
1997.026110951053
2068.026110951053
2015.9959036920627
2018.996998382922
2428.3515923885925
2921.355422343485
2598.40173383029
2828.4890492972927
2767.536724012378
2770.5399077145257
2757.569349239694
2880.6702554050025
2918.6879549821024
2504.2816671672426
2556.2758891899625
2660.314855158496
2800.3500562899803
2633.419817505723
2547.4870405922316
2239.4856992104073
2525.43051279484
2407.4162268375926
2310.4162268375926
2284.409006589619
2282.4557242141864
1921.4557242141866
1919.4557242141866
1911.4557242141866
2057.477612912976
1883.5481382136627
2259.596748213882
2482.6003453400635
2413.6051214685453
2513.6051214685453
2465.5913281464127
1692.310066641764
1728.3060586203667
1799.2700776335478
1841.1921836011074
1895.2249443883472
2630.605716883865
2911.7064237308414
2723.626336171068
2601.617551341512
2321.618727120601
2524.737684554513
2354.7277237906374
2795.7340263325086
2616.6928770593076
2694.638506706688
2786.6774836822347
2702.713930468505
2734.7165978480543
2758.7234999195216
2426.8602668130043
2426.821691945701
2487.9000730634043
2802.9821944551
2925.018299459742
2886.0084003490115
2931.9739909636473
2986.003213822324
2893.052003986493
2674.1447133845977
2793.1447133845977
3400.1447133845977
3521.1447133845977
3666.1653326718006
3334.161925513479
3327.155763220784
3107.117256538365
2857.8942914151003
2641.812053316863
2276.7979101891383
2219.772038099313
2146.758335778864
2031.6419569688803
1898.625169309792
1906.594342921081
1883.5810093902119
1888.5810093902119
1880.536086053824
1858.4923881985583
2041.604525698495
2030.5985483943866
1917.4543401309206
2058.4564155380995
2275.3314366675004
2074.17676379445
1798.1116157030403
2166.18767299355
2523.2591943113903
2402.2439268392595
2841.180413433537
2164.0849210877795
1904.141411275734
1374.1620305629367
1216.1620305629367
1256.1620305629367
1555.301227693097
1653.361519923353
1681.3690899822136
2301.5575515244645
2457.5973486341945
2564.60809500627
1671.6516685562055


