Rainfall Prediction

588.8478418801678
572.080930043841
542.3575928826888
491.21695905788476
481.55978706618856
481.8629001987339
482.9954412556321
479.2795912906172
480.1219904780105
486.26903802556393
487.9330398115179
495.78036651833895
445.7630333318091
459.86547288235505
449.3612605218362
449.56230404517976
394.59467831491986
412.549881614823
483.5216063512406
415.5724372382483
406.1643865317482
433.31378919994535
332.56529885211614
338.42335172143595
341.9652533958045
344.325382156603
347.85762794145774
342.89500547528314
336.8347227356069
301.4926321965077
300.1531368339006
303.91574398047555
296.41697463667015
263.0203067752059
272.0023157023353
314.59043689805475
310.5400693195535
310.1208647360188
313.83164221554637
319.14532143397986
328.63269306904226
326.5507391897808
432.4146100924091
589.7121542106618
674.7333432825118
682.956084951389
682.4034236724286
690.1326978761293
824.01470270339
742.8969025133566
751.4673758792281
764.3609581334863
722.4383670054615
746.9112605420752
879.1091887160046
1161.062439083763
1276.7566787083183
1278.322004603461
1278.132096331752
1277.78719262151
1279.01470270339
1334.213633723318
1386.5451408362555
1399.7298408154418
1400.2684187582536
1395.6847402552607
1304.6742416417844
1336.6862475504993
1334.889731568781
1330.894486534843
1325.7901894998513
1281.3847096529505
1284.3847096529505
1164.3847096529505
1006.0161248385416
917.4960314960473
913.4801524773944
956.4801524773944
956.7083050655682
784.2409987036266
779.9374388453426
790.6543835826889
774.8496231131986
786.5972971738975
772.5306852353742
627.2289631669775
393.9832551932477
279.5797959660331
274.17857282882767
279.0587857936691
286.06564194103913
283.1127499555894
230.07908473277593
215.2194569060951
214.7331019218132
233.79202509066502
232.25160794714276
230.73658169581074
230.8687321674785
230.8687321674785
227.2415461550548
231.85954761475503
232.1882024225227
218.19371149315256
217.2128926723724
217.2128926723724
216.56462748782596
212.45526734460054
170.43057258822654
162.57481676526356
161.86887909348786
160.73093925218126
142.00905622272032
141.7801726114157
156.4959013639538
261.90357516021106
309.61806629318204
286.4451326596676
298.83113019932557
299.8738494856296
296.04299656320177
281.760519804494
281.760519804494
279.8672661020091
478.14674215792775
562.9704652374191
560.6179686576312
563.5130805012882
634.77208180964
663.8436295992077
686.7017349682947
736.9230945272035
737.0789077645823
746.6373519596314
782.6205797950604
812.0325939705904
809.3221427488053
948.8634591600999
959.5601050501975
1039.08812316234
1151.8986374793876
1152.408891085097
1152.9651264876677
1153.3809343724547
1153.7472324295143
1131.1802076843428
1051.1237240285063
1005.4872330107252
996.2487494506761
975.07441439596
974.2707548928413
974.046999520728
977.0306343481354
978.0105923235515
977.3718608058718
777.94589994596
677.7801843163606
847.351846659023
980.4006682190341
909.8440629807051
882.1518328807026
999.1984994374536
972.7713801771604
1145.5835614284113
1183.6658071946574
1159.4589160900641
1161.6444323182832
1369.5643766294374
1232.1314192709012
1244.6775133351916
1222.8727541759365
1189.4939850146914
1284.3873582763165
1503.45611792963
1606.770174996197
1699.933577093091
1836.2708897415173
1882.9499687108764
1891.6518242206805
1908.509998667022
1985.517002351148
1956.9583091927304
2024.9583091927304
2100.4608248832556
2354.5092582010584
2357.657102700512
2362.657102700512
2371.657102700512
2179.3484820036642
2043.1746188532013
2036.808283008754
2043.2492235949962
1901.4962684488885
1900.449961479176
1806.2864741569674
1766.1918358845307
1766.115214431216
1859.4967531098403
1666.262252939418
1722.8178046004132
1739.9358446678636
1694.4259791678367
1610.310988842807
1525.8496231131985
1313.0499584026334
1220.984371183439
1131.8176781628438
1002.3689601924887
916.2208671582886
919.3608451949372
915.6320112359526
934.4294699210365
933.7088070152176
942.0590886801223
874.2881776348377
622.8823130283888
623.2796238536188
626.4476233299333
617.5984844323444
617.5984844323444
630.7342481734357
628.3730121368023
628.2487913601967
621.041608733766
619.7606862758954
510.05596640862916
512.8077700730813
512.1095339275572
386.46418271819505
383.6529123578503
317.04555171753685
284.3130333079258
282.97005784559747
282.97005784559747
284.03208203906377
267.2821226502784
253.39869956112213
318.5214571260108
338.7032877683136
466.22276152289055
480.44963556475136
530.606856652385
472.7693299076738
704.6154081184558
633.4650360377265
634.273188793608
633.6117197181032
616.7441330041627
610.1108834234519
626.4077454226835
635.4286907652482
631.9210977399055
639.3004062392498
640.4651166998669
704.7791212157509
740.3826421030984
741.3283181435271
766.4147239330764
746.93516344962
745.952857716174
725.3219117925216
736.5275580519834
735.050659499473
737.0148422358623
740.5791081711319
740.1777709350285
741.161492649625
744.5288472671772
686.9818543311657
669.2307055545979
522.1053649349302
509.51291206975696
442.7172203529011
440.38075576574704
195.39230493234163
194.33492738819086
195.02825249028217
203.29006907444872
204.06609639240378
388.5788711274911
468.32028760306014
473.66764928782123
547.071251129975
664.0821646005944
748.8724311432603
702.5212555997982
698.6371037190079
787.0788751974677
790.954627292147
784.411731282928
784.7967461082168
784.9411759760117
784.66224562602
785.8806971726275
784.2564760339869
783.3854586673311
765.3206354521865
760.7233219004027
757.2686708653215
757.2686708653215
757.2686708653215
757.2686708653215
757.4353768567358
756.5374284245818
760.6271229846208
760.6746276347785
760.4840890655805
787.278316921543
869.7177129819996
1061.0454232837167
894.2989421885549
826.9681497928269
932.3734758233487
884.7842743983122
788.002023863427
769.9899874319642
751.0587727318529
723.5122926047848
636.6320112359526
640.6320112359526
640.6320112359526
640.6320112359526
655.6320112359526
698.6320112359526
705.232432915662
706.1929479209645
705.9030742807249
706.4483703870328
714.1457066405301
714.3288150292544
740.5524624322671
801.2458034918325
902.8698803924476
941.1135306815582
942.6205100349831
1038.1500815625895
1042.6197357177414
1042.8038239430139
1013.8115997848925
911.9996753200652
715.4461886559786
719.3854539447593
718.8735737584705
648.2910708493744
762.9603031827245
795.5222860006443
730.5287581132733
733.7710684822908
732.5443187312684
729.2567025234549
844.3347925079188
896.8566940711406
922.0138476005005
1032.3894222074225
1100.4076460957585
1101.6690222978923
1104.9544152237527
1173.5490104116402
1277.8804521928505
1315.0041979976224
1322.295595495311
1304.7291956624153
1277.4937651514592
1176.8521923228989
1155.3160018290414
1163.9841385970494


