Rainfall Prediction

857.7910884414695
979.3676373838225
1128.8702370461015
1176.817257459221
1347.8030488103075
1283.2526058985595
1298.7831096334653
1218.3572977978035
1165.0627215749685
1113.1061388433936
1032.7044272383894
1001.3351427338677
1015.509282119979
968.9126668839205
918.0707885277782
848.8066468646837
786.7619722906054
756.8542391076995
555.6010366727734
150.36103957170482
65.76987446008494
26.559467676119
120.56704851168296
198.98266859579553
189.72186385552868
283.13214865046933
421.14871089629975
452.08087506993184
367.3323123057562
309.6804389677221
123.55592347112503
49.02002508626279
95.9721219582207
86.33825345425029
0.0
0.0
0.0
0.0
0.0
0.0
0.0
0.0
0.0
0.0
0.0
0.0
0.0
0.0
0.0
0.0
0.0
0.0
0.0
0.0
0.0
0.0
0.0
0.0
0.0
0.0
0.0
0.0
0.0
0.0
0.0
0.0
0.0
0.0
0.0
0.0
0.0
0.0
0.0
0.0
0.0
0.0
0.0
0.0
0.0
0.0
0.0
0.0
0.0
0.0
0.0
0.0
0.0
0.0
0.0
0.0
0.0
0.0
0.0
0.0
0.0
0.0
55.91607978309962
81.68114574786861
281.90949869107425
294.2837939135462
321.7931665897379
268.0053454746481
236.08925053019178
162.62025176278505
237.4139833267947
223.95140143079425
132.01685382920542
59.836967711524125
0.0
0.0
0.0
0.0
0.0
0.0
0.0
0.0
0.0
0.0
0.0
0.0
0.0
0.0
0.0
0.0
0.0
0.0
0.0
0.0
0.0
0.0
0.0
0.0
0.0
0.0
0.0
0.0
0.0
0.0
0.0
0.0
0.0
0.0
0.0
0.0
0.0
0.0
0.0
0.0
0.0
0.0
0.0
0.0
0.0
0.0
0.0
0.0
0.0
0.0
0.0
0.0
0.0
28.805027579936315
24.400636936215164
11.899799195977465
0.0
47.659170741396956
56.82838017413
67.86503431275513
12.079872407968907
32.31594038546869
0.0
0.0
0.0
0.0
0.0
0.0
0.2487113059642816
27.79717599691047
48.34682358753114
106.37420571478906
192.95922364559732
192.95922364559732
194.89328544244825
121.29949048377262
134.07201897561816
0.0
0.0
0.0
0.0
0.0
0.0
0.0
0.0
0.0
0.0
0.0
0.0
0.0
0.0
0.0
0.0
0.0
0.0
0.0
0.0
0.0
0.0
0.0
0.0
0.0
0.0
0.0
0.0
0.0
0.0
0.0
0.0
0.0
0.0
0.0
0.0
0.0
0.0
0.0
0.0
0.0
0.0
0.0
0.0
0.0
0.0
0.0
0.0
0.0
0.0
0.0
0.0
0.0
0.0
0.0
0.0
0.0
0.0
0.0
0.0
0.0
0.0
0.0
0.0
0.0
0.0
0.0
0.0
0.0
0.0
206.93761900493618
452.4016946384116
476.15072795809294
430.1065063730445
465.98557398848857
543.7745276602914
494.6623800807414
508.8871795003997
509.5200884445143
511.96976059711506
497.2717461754521
501.557617070495
502.03360326437837
501.9936670984887
501.97367509209505
501.85338570134445
501.85338570134445
516.7470808228736
532.1151713981333
532.1151713981333
528.5015114406295
589.3706898661644
575.5269242193182
602.415998912415
403.87339193496837
460.14904252180753
303.4725232503747
240.31130781644794
70.4924356037311
61.72529209005013
0.0
0.0
0.0
0.0
0.0
0.0
0.0
0.0
0.0
0.0
0.0
0.0
0.0
0.0
0.0
0.0
0.0
0.0
0.0
0.0
0.0
0.0
0.0
0.0
0.0
0.0
0.0
0.0
0.0
0.0
0.0
0.0
0.0
0.0
91.04485983818407
133.190953432362
137.3816538312071
165.58847470950033
457.3412871711229
443.7020807783903
484.74095269406513
340.87331602308063
236.6855888501239
195.22875655532295
198.34363360392695
229.4791695649735
218.08677412250685
150.4914713217434
52.01106180795963
0.0
46.23182127032483
245.90836674141406
261.61621364543987
261.5621232291302
260.7378989477298
284.39136770803236
302.45894810990995
213.73324466432226
180.4337391488154
105.67495926998974
107.87140924949688
114.48355001935577
121.32087703898054
115.55750961106298
49.3032314556133
45.76499517738817
49.28527797794896
49.17347490622215
31.570925550201586
28.689327171351664
44.95346318982906
0.0
0.0
0.0
0.0
0.0
31.82186966202994
133.4952114212811
92.62790293149766
55.42320319012683
73.61381552904714


