Rainfall Prediction

548.4034330598402
513.3083542191471
514.2649032338428
504.9674833544996
516.1157571092838
519.0874345455146
522.9764605135142
523.4156043981536
535.2903739652718
537.0677119742904
538.0677119742904
571.4724757011437
538.7433057201761
470.1534332517916
386.77720749609
266.54949925143484
179.85084478795656
136.180960996688
136.56058765264174
0.0
0.0
0.0
0.0
66.9925368977769
363.8626114345908
372.99865951501755
380.5009855440587
394.6264056040852
424.14030697400125
452.6323011010151
454.7152955421667
454.7152955421667
514.902903468217
541.217146808931
568.6017938768748
568.6017938768748
569.1440942327347
564.7495019918123
564.7495019918123
575.1634550282206
635.6602866311533
655.6424330380089
690.1449123191447
708.6254299698819
746.424812020608
823.4986338786483
846.5518294824009
859.4474969420761
866.1431752314394
866.1431752314394
736.1032536268265
656.7008451342209
556.4620382380095
246.25450266686312
169.88654411549086
130.80718353533834
195.77203341279247
240.44078870405076
248.06248187073922
254.33937347444424
247.46123486065466
232.54138049892313
232.25622424892313
315.9332479294345
306.831925510415
312.6430242597944
310.53691877510425
311.0554021987457
298.5948799502872
311.57970769058113
297.14527170106913
282.138178484154
273.36638005014174
404.96789162694483
393.0089482648269
331.15272652850587
215.72200166925708
231.88177415641306
263.0598833210504
317.1464379372474
356.7283674534195
481.95232694403495
547.8657891426246
579.4590164809324
707.0787784561477
719.023178338335
718.7290296383243
593.3843547301431
373.9393579794022
221.46892189065284
179.30406781460857
108.3912719757759
193.68971407843043
201.66032335096492
3.045698924731183
2.4657534246575343
2.505938242280285
3.9219330855018586
3.933085501858736
28.854399948994132
118.96037253095199
157.5425652875231
112.12640803543182
129.66061946631197
0.8246305418719212
0.9730423620025674
1.013906447534766
63.6035397747611
0.9194476409666283
1.0341296928327646
0.75260663507109
0.6375617792421746
0.5140324963072378
0.4831712789827973
0.2618873445501097
0.21437994722955145
0.19603960396039605
0.19405940594059407
0.18027433050293926
0.1487820934825543
0.16042077580539119
0.22894919972164232
0.3102893890675241
0.3200663349917081
0.3290707587382779
0.36587677725118484
0.3898989898989899
0.40521564694082246
0.46223021582733814
0.572642310960068
0.5996797437950361
0.5944444444444444
0.7818181818181819
0.92578125
0.9971949509116409
1.0434782608695652
1.1584852734922861
1.173913043478261
1.3115942028985508
1.3774733637747336
1.1755952380952381
1.2460567823343849
1.719077568134172
1.6977225672877847
1.7226890756302522
2.8365384615384617
4.955555555555556
5.870848708487085
6.193916349809886
5.912891986062718
6.344481605351171
6.8338983050847455
132.5432333864659
200.1829530779422
235.507643311083
212.1218124573707
243.2986179021405
322.59001286690795
343.8037375380619
339.73315359171266
317.2397455904422
314.1333642820592
311.7806924956467
291.00069361054784
298.25391869788984
297.0731024685831
314.82990434345214
415.85082183306184
454.78566380219155
501.95119284647586
509.29362846986413
520.4920748676199
582.2617344462454
614.5093659617845
611.9428150721949
628.5311093158097
674.5262790279282
729.1545741567332
728.2250217755786
824.4681151074969
929.7898054783954
962.1713469503107
1046.3471923611617
924.0114390603361
847.3230046394316
930.8251558586994
938.3741741555499
951.4186876219131
854.0183277484547
835.8758581996914
835.3108789149017
830.553803076007
830.4491802049607
833.0029804803326
838.0725286458476
838.1698522468207
839.2454338303917
819.3796100550716
691.4118182784109
578.9809588353006
501.1472168679392
558.7788705038636
549.7218341817313
515.6456082229112
483.6315555108021
513.0914298299979
455.0205125677296
392.0054286081056
291.1448706571334
368.6190554964266
293.2418898799869
127.32092053913499
1.901673640167364
1.6737451737451738
1.6223506743737957
2.780730897009967
3.7540106951871657
2.808
2.292358803986711
2.581818181818182
3.303738317757009
3.0474137931034484
2.9458333333333333
2.828
2.448
1.916
1.756
0.9181818181818182
0.6470588235294118
175.7672937578247
272.1861359717863
337.3728087574621
252.90072024160216
234.60662228813436
275.00246518691534
275.30666953094453
278.4931433322459
292.69162877256684
359.95906026347893
392.4662044339998
304.0296209236241
302.2444702303701
560.1963848230957
532.0634431579157
476.7741887757763
474.2076042183943
418.05032942113075
309.42061180715115
332.788436611984
330.5133181527598
346.9767251347856
311.18070537417196
454.84707343876084
501.0834517841962
575.6900207576991
631.3319253768179
573.149195236284
606.9149347813341
485.43176657487095
474.01898696149294
450.3265481847589
450.3265481847589
493.11763302481893
567.261844301201
747.6944563122024
728.6224883832517
763.0150719350175
767.0801783386141
790.1645398269907
839.1954480334125
861.4476188370364
895.5489936346308
932.4162160752032
564.2747557706264
578.4824975744729
666.8478087239996
706.2619910486476
731.3590089689194
773.9043868592554
750.2599549489497
699.5284125752148
687.1244428777076
701.9829057747774
574.999130434125
535.7238094391549
454.74168491573323
375.79249593359367
378.8403357616504
402.79026800557136
417.9952152836202
417.9952152836202
417.9952152836202
417.9952152836202
300.783975637001
216.36543161974836
0.0
0.0
0.0
0.0
0.0
320.3248351283428
418.8412587126536
365.93032123616103
353.84012050648676
498.3071342054015
586.881589419876
553.1563974139683
535.1672635728012
540.0222217649937
540.0222217649937
562.0729490021736
569.4787089962188
569.4787089962188
578.9645930452051
772.435110543274
792.7799190191437
769.8538822400002
847.3252032130284
861.974477580398
863.3950428396031
891.5688419858559
930.9672389509741
955.6306818012908
1118.9066091502007
1115.2524377915522
1129.6016997154352
1129.991150407825
1150.6997870861019
1167.6643353292932
1162.235776424044
1139.9473672060478
797.1047609944379
765.433210672231
782.825651087137
791.0391899267697
325.3736313839829
242.2643184622944
242.56545508377732
243.38446951274437
242.08882667318622
256.1464424894478
262.8935145643574
269.662752340771
449.35064259439974
443.6079350056759
366.6237853713258
403.85145784062735
499.5277770054434
377.8200629929544
304.2120970638742
247.62875438849989
0.0
0.0
0.0
0.0
17.464788732394368
6.885245901639344
6.939890710382514
7.2
17.5
17.541666666666668
15.7875
592.9973825569164
583.2680551896278
601.929553462996
655.2282694627742


