Rainfall Prediction

818.152578315584
819.7986459178072
765.5837692640974
763.99620771303
743.0658172469354
711.5320907139712
613.7575561987314
608.254242054479
582.8012408136317
643.3080930831835
691.4937204181142
708.6143732167643
743.7424242734821
855.8490619552998
875.1075480094861
928.184710005781
919.7681558541657
905.9812259511191
987.2638181688937
962.8663649260346
994.0518036319597
1111.3693843384171
1327.6525584130852
1361.325607718411
1350.85314089036
1244.0246175459229
1228.0718358749168
1201.2822452887453
1229.9239559843297
1228.162998913464
1222.8423440374802
1242.8969461439574
1198.9258034529519
1150.2851614797758
1150.244025753569
1125.401660145556
1190.3797918747514
1141.6524945199142
1124.2345683847302
1180.3639764043955
1045.8552211842855
997.1018499802273
934.6788061607419
913.247968801986
866.9801161637527
707.5146012949913
692.1575655949555
704.8017200341676
591.3196922097412
532.9299617995227
557.1772623312218
451.2989543003549
363.449149631752
223.55198607891242
101.16821448430832
0.0
0.0
0.0
0.0
0.0
0.0
0.0
0.0
0.0
174.5760828810626
178.27163713537547
180.02761466165683
176.30280663351127
164.5856550526502
33.74453463916788
139.0703008399173
136.0283448787985
109.83828071177274
74.83271060294737
8.067556587623415
21.099676676894887
28.146551676894887
31.239912133958597
199.2229723648729
33.36446662429077
56.66221786177775
228.96046945825412
543.0491583436149
557.3243878751158
582.9818955655487
663.2641148769145
682.2597951276332
868.8789436992959
1053.920608523223
1352.2996018016704
1366.4880215989542
1384.3147038881048
1399.5300695451936
1366.3279157914862
1290.6316647272176
1289.5348192742981
1318.7482652711742
1321.3548401507262
1335.3177550154796
1369.2898420249487
1387.0745932651512
1380.4546183230145
1373.9145738280658
1518.469638837208
1594.4221470180987
1625.2958277406192
1650.5521473987017
1624.9279135790139
1701.8796241437383
1742.3951959587835
2042.0849371237796
2030.8081017964312
1935.535481000457
1589.1356594302451
1649.8789484634954
1642.9917493525882
1568.0686310884869
1508.609821213113
1426.0459131117636
1235.3763759124008
1000.099755580027
977.9151686253022
1209.4753209696235
1207.0646240131225
1180.5726258906816
1210.7788444716386
1133.4761040182093
1140.316826737502
1167.7781658229317
1172.4202090176325
1262.5618404745235
1267.5596666838871
1342.966703347272
1331.1746395499745
1161.5622076035243
1123.6445042124606
1058.9880080351422
1086.0512864113928
1085.1532825962056
1066.2914844352892
990.1591250982311
715.5042643903763
723.1805606117678
821.3478032850961
821.3502818742751
761.8491242174389
730.0880691653435
745.5382144020682
775.8630326038005
825.6744154588417
837.3572291248472
919.0199084931432
911.1204154107731
832.9393523066725
881.6338554703352
885.8507108840231
962.8733761494224
983.7190289406772
967.7794239912183
970.7033013263125
958.2928548121026
862.4659912429314
847.5990960125804
804.7089632761605
813.0049688832446
818.110615229676
793.7844762152822
803.9708910279514
714.0932615697519
791.2975509510537
811.5145490414408
758.1440912762363
763.2178902938193
751.278506036429
663.7842500765162
645.8081214394809
736.9959581039294
713.3907526997094
669.7895532961685
582.3270836859363
538.7469567482709
568.7207755760746
431.1780948935585
496.5285991738523
314.19897271517675
259.5880926381277
458.3580548038774
304.24667152838066
333.7249228910639
325.6250567448984
362.808596398442
239.5566189720615
282.4133620174067
279.478929797101
260.2165700304668
233.8494173430555
232.02907553621105
215.12895670531282
193.52933279376782
317.9980305531161
183.13758990003583
206.44714092098405
151.14839992227922
458.0350166642353
491.71008308706473
622.5674715505786
624.2631543783477
642.4243871897547
640.2468394132345
582.1722689948697
544.9893990210916
574.8718950617654
554.9790671575792
656.9251375393836
559.0310640431354
554.7430515798011
545.0367730913194
462.85157322739536
429.65420733675353
393.68110723598033
431.7176357227707
439.92417999593044
445.8423917590588
441.3100155995094
427.7504146611925
434.65847342682605
420.71439716507837
424.65373568132816
433.78873437303764
451.641707650789
569.1860952142307
548.4333257878235
536.9853143845111
691.4864614677659
545.4901491935361
981.230719017234
968.7338019137289
1006.1214897666434
991.2843792657319
1035.621948898
1048.8887217447307
1044.538964023148
1042.803349415952
1087.457690121821
1007.5394825206786
1112.9725139338036
1124.6554297723465
1116.8083923618567
1127.6788304396264
1079.7666231917578
1102.3285559883336
1100.6840470880552
1000.7962343308327
1000.8170703814355
1367.9985942904168
1390.8849454375022
1387.2424477193772
1488.164391924624
1754.1919108800332
1927.9958111626115
1888.8213999668865
1832.5165673020542
1836.8618190706538
1804.4511955876487
1663.781682884987
1552.6496406665847
1070.7095674878476
1077.7118050423608
1069.693739483867
1044.9961810283055
1027.1110097815572
993.1697376558297
998.1815579071097
946.0701615474306
932.7345750091222
903.1283864199163
879.0138558097772
843.4821536920629
830.1690729206165
790.1755871822395
835.5001184493435
795.7064479469936
792.110712990619
801.853097457227
810.6862349913122
431.61546716198745
400.84652821458906
471.90064527582774
413.4565056828924
246.82454269237053
191.16080713391136
50.308394981694036
441.75716664556006
564.2244761030903
920.2923652670087
982.6434025779927
967.1933631903602
1121.379710805136
1135.1695318837542
1146.2827210329456
1237.352687426148
1195.911934020892
1200.08301017372
1218.648964377569
1458.3724283255888
1483.0363032419832
1490.4202887422891
1522.0132198904269
1465.800325248892
1434.4899094188079
1504.6113825496766
1500.7859976078933
1459.3390274955705
1534.9121949590367
1454.0330304087981
1515.9313191157953
1537.3126553669456
1579.7474188450326
1517.6643801526948
1516.1514123900572
1525.2358499170812
1527.787168770505
1532.3535573503755
1271.3381607094198
1320.5872738063165
964.6064131195856
912.8204513996436
934.1387504346565
869.0467391745734
888.8518343073004
977.5531750644482
950.8262054876907
850.1236485652324
878.6349676694949
867.8711352518025
677.8659164899116
648.6496043811871
689.4113251644944
706.713132151253
789.6059488215168
758.0370028243875
776.9086149665266
696.625738624519
749.2833353630332
807.9570360310038
771.4339254451606
822.4368890014833
900.8829281002693
927.755620538822
954.3528290617301
1039.6681858344018
1401.709661571408
1379.7170861389918
1263.7892025722288
1065.4522675254693
983.320312866238
896.855060943635
887.229101426169
921.7685073321952
935.1894902703397
896.038567529968
933.4548726141757
1020.0935363685841
1027.8234667292072
1067.9680896325056
1376.1532240061886


