Rainfall Prediction

1038.4019527297464
1177.0796433616936
1116.8324188001156
1205.5330140636797
1221.9455554521348
1342.558548130789
1400.8515801501521
1355.5050277678347
1309.565312344319
1330.634357696241
1220.0617525449795
1167.209765178227
1200.3868500841752
1022.9537936840961
1131.6953141374931
1032.7184141886166
1159.6193132307733
547.0
480.0
379.0
417.0
335.67781336825533
183.0
127.0
28.0
82.0
68.0
415.0
101.0
194.0
170.0
167.0
260.0
251.0
239.0
192.0
940.0
629.0
625.0
628.0
623.0
746.0
155.0
845.0
880.0
861.0
824.0
1115.0
1160.0
1229.0
1591.0
1443.0
1691.0
1713.5783127077002
926.579112275864
867.0
823.0
1340.9229525668422
1637.0975655510058
1726.4609179564886
1650.1813605934394
1563.5839992853453
1336.332712655658
1384.547792297436
1362.853477860411
1890.9386968601186
856.592348927064
696.0
708.0
722.0
718.0
640.0
1574.4093010681704
267.0
308.0
548.0
908.2438825923073
942.4983086590698
617.5247891080082
709.4477208501132
740.5671268968729
568.0
451.0
436.0
472.0
396.0
302.0
478.0
251.0
310.0
297.0
214.0
240.0
278.0
171.0
184.0
316.0
173.0
333.0
195.0
156.0
153.0
175.0
156.0
302.0
223.0
249.0
465.1460688462623
400.0
342.0
186.0
115.0
112.0
126.0
31.0
112.0
108.0
60.0
95.0
80.0
53.0
215.0
228.0
157.0
410.70296004895147
154.0
221.0
262.8827192959495
381.2477213549652
268.0
231.0
212.0
215.0
213.0
402.0
503.5421819247764
371.0
312.7599668866972
663.4758938991023
614.4506547649249
642.2268878012275
497.87203433759043
633.7110901792452
494.5735921516675
538.6305377009513
735.7394940985706
862.993232119803
632.5836641269942
606.0827625302982
657.5467627644241
732.1046377881157
716.4614409671401
932.2582507135621
918.0
1076.8994684586166
1004.5236798840789
970.0
862.0
758.0
1304.4732634868415
777.0
808.0
813.0
815.0
813.0
814.0
885.0
787.0
704.0
678.0
758.0
738.0
685.0
664.0
649.0
656.0
598.0
532.0
773.0841372429585
631.0
410.0
357.0
280.0
445.0
591.0
1384.7994252826106
1247.1209903233585
1396.6955654485437
1114.610455730028
1156.0
1095.9654967159204
1113.0356915377524
1062.4772633280681
1170.6163488432649
1143.4732457673626
1127.8268743441288
1159.5533792242436
1057.0
1056.0
1008.0
941.0
846.0
761.0
793.0
794.0
789.0
807.0
813.0
728.0
824.0
781.0
773.0
864.6820960118048
773.0
711.2422731867596
699.6398192398406
300.0
329.0
187.0
301.0
184.0
225.0
355.3465055628061
393.3184638685769
470.3605890088527
403.08100561164883
478.0583598982722
654.422205101856
544.5266807968967
563.2197057217105
614.2742373796154
625.9558181747335
597.6842412603099
548.7549406507454
667.7936121296051
720.9270729136615
664.746794344809
668.0374282493661
748.4982523549638
711.0923222889606
994.0227155455452
1045.8403296678416
1238.6715680975092
1667.2484567313165
1569.2484567313165
1258.5395087860354
1253.2320087183878
1238.3879583304497
1182.8529094264527
1170.2340086320298
954.8157258200824
944.9460684904764
792.0231132893982
724.4251331048629
679.0
905.0
910.0
834.0
884.9738633605975
1093.578888533782
1108.134979383754
1096.4059057135767
1051.4650217605752
1011.9052654374885
965.0
1019.0
869.0
868.0
821.0
788.0
736.0
921.0
867.0
1221.5295082417372
920.3633407828806
1388.3590650717308
1108.8921790625245
1205.667649325216
854.1031753461882
951.3454160052706
1031.4031435487889
1107.4014995024904
1031.0719621016965
1141.6160414264039
1125.2318400214438
1166.2958912975691
1075.4122125398221
948.3685777194221
1012.6783799694692
1040.1023005874772
914.7636239430545
947.0361066658564
1062.996587343764
1015.9701719924415
950.0996688705416
1125.3308711172238
1103.151512730128
835.7118247949863
817.8217663477743
945.0554700852679
1069.8922008761917
1137.0908159066087
1076.3611121570307
1100.4465840817152
661.0
638.0
779.0
988.0
1040.5689083425752
1245.1084400165828
1191.1084400165828
1087.454038521275
1267.5560583156173
1327.0199920063935
1552.5734237050888
1765.5929677841395
1897.859064644148
2026.2800247831378
2155.734255586866
2136.8969025133565
2080.117444218464
2337.117444218464
2099.117444218464
2087.117444218464
2312.117444218464
1899.9545141065682
2201.4961536185438
2176.4807635378233
1988.224989991992
1931.224989991992
2072.4801524773943
1970.3264597504894
2254.271609519228
2097.3016516106936
1105.7823299831252
1064.5440037453175
1328.9059737205869
1475.6953597148326
2108.4959013639536
2075.3973683071413
1125.8989421245283
1095.0
1737.2985148150863
1712.2158898594762
1811.9515750810842
1571.2409987036267
1519.3209195267316
1259.7722274259218
1145.7875939164553
1155.9374184071717
1208.7065391822593
1252.0416305603426
1136.3721152139078
1138.3721152139078
658.0
643.0
803.0
961.267216667839
807.7711972179619
550.0
1168.6719852981034
1232.7795561257917
1212.6022675586148
1172.0506223414643
1213.3649055826386
1076.7732189495648


