Rainfall Prediction

545.4815060764092
479.08122188369566
338.475048254595
285.28648555557925
399.7426595744154
141.56863981124337
230.6877057071526
244.52151644118862
372.1476431111529
541.0278519028418
750.6509253702488
965.5771483486956
987.5434648779463
774.4863471083705
445.69113581116596
567.2668664614382
814.8226473982986
357.2559181370823
634.479097466975
959.5467956738546
946.235444590409
701.2111458955156
731.4188026171721
787.9701385507553
167.19768964515828
17.944774450102244
143.62936683014829
63.3917389033319
0.0
0.0
447.88244506953424
0.0
119.52101795472936
245.70266289211924
321.75798925761666
222.5410541563084
321.813317095171
397.645456266242
0.0
0.0
0.0
0.0
0.0
0.0
133.62196954012677
0.0
0.0
0.0
0.0
0.0
0.0
0.0
0.0
0.0
0.0
692.5233140679663
1000.475169954543
1077.0448830790829
1388.636775605059
0.0
0.0
206.63913271654917
97.68541645585874
0.0
0.0
0.0
0.0
0.0
0.0
59.346738780819294
466.3605402534979
445.78097470457357
440.4566095355978
1412.1336113627756
1249.3461667933752
1078.6710717916742
1160.2793163490467
1218.076180817361
1188.144464968478
1250.148823050753
1523.387377420569
1341.66248329479
1258.7692327964673
1287.0164318359443
952.3817413341721
970.9098638337045
0.0
0.0
0.0
0.0
0.0
0.0
0.0
0.0
822.0013526724804
717.4907052178067
384.18101597265326
159.70844770253987
132.3016029552506
126.21484200017679
0.0
14.138598854775651
0.0
0.0
0.0
0.0
0.0
0.0
0.0
0.0
0.0
0.0
0.0
0.0
0.0
0.0
0.0
0.0
0.0
0.0
0.0
0.0
0.0
0.0
0.0
0.0
0.0
0.0
0.0
0.0
0.0
0.0
0.0
0.0
139.32687161122925
0.0
0.0
0.0
0.0
0.0
0.0
0.0
0.0
0.0
0.0
0.0
0.0
0.0
0.0
0.0
0.0
0.0
2.731981098741933
24.911126812901585
0.0
0.0
0.0
0.0
0.0
0.0
0.0
0.0
0.0
0.0
0.0
0.0
0.0
0.0
0.0
0.0
0.0
0.0
0.0
0.0
0.0
0.0
0.0
0.0
0.0
0.0
0.0
0.0
0.0
0.0
0.0
0.0
0.0
0.0
0.0
0.0
0.0
0.0
0.0
0.0
0.0
0.0
0.0
0.0
0.0
0.0
0.0
110.6962086054969
414.3333615660983
0.0
0.0
621.4441954946838
36.80102457706988
728.0991062271789
338.77640657938247
393.31521700318194
92.44592349184492
0.0
0.0
0.0
0.0
0.0
0.0
0.0
0.0
0.0
0.0
0.0
0.0
0.0
0.0
0.0
0.0
0.0
0.0
0.0
0.0
0.0
0.0
0.0
0.0
0.0
0.0
0.0
0.0
0.0
0.0
0.0
0.0
0.0
0.0
0.0
0.0
0.0
0.0
0.0
0.0
0.0
0.0
0.0
0.0
0.0
0.0
0.0
0.0
0.0
0.0
177.61598713042244
235.48850018849586
218.52911138415615
129.99092233883667
0.0
0.0
0.0
0.0
0.0
0.0
0.0
0.0
0.0
0.0
71.24968464420795
977.8830437284748
558.9021181983811
1249.9642645922686
1288.8844518546355
1351.8702589515117
873.7951606927573
1113.2843317186316
1312.9551755575915
712.8004397326504
1197.4955514231551
779.9575898146524
1038.500112137875
1387.618773847846
701.7889104352223
937.2970300236063
678.6439857955272
884.5123610915323
863.9496608265047
298.4503830737369
435.3502082860592
711.7319385352375
629.736750398529
590.1448795718766
573.4890170341054
271.6906728105839
190.04428470323813
131.95230393971067
0.0
0.0
19.83548010583929
72.31939559214608
0.0
0.0
0.0
0.0
0.0
0.0
0.0
0.0
0.0
0.0
0.0
0.0
0.0
0.0
0.0
0.0
0.0
0.0
0.0
0.0
0.0
0.0
0.0
0.0
0.0
0.0
0.0
0.0
0.0
0.0
0.0
0.0
368.7875719844728
66.60806802739643
158.27066742100797
358.8855133749254
571.5302410210206
614.3917029458078
575.9836253680104
113.78181184190373
1420.7852007343674
1475.3873723883705
1321.7072208531781
827.0349265400058
961.9452758081474
1170.6312456911119
819.9669943352932
765.2770157473694
808.8384479539839
660.33039032041
153.2570471374718
0.0
0.0
0.0
0.0
0.0
0.0
0.0
0.0


