Rainfall Prediction

562.5669362343253
570.3061017992744
535.8561304851922
503.41241467868775
486.40612410173674
469.94446553308205
472.76596264653364
464.11204267027597
491.19822809500806
469.01776796770855
488.54609497120674
481.6635678273276
479.43459827497435
468.2169905878504
467.50267180510053
455.20973907676154
428.9326733135218
460.0591009773619
481.6831877366226
404.6221083061762
357.77373436614124
352.77735098067694
164.94252091856683
149.92623088051397
126.13645390862763
147.0607079740369
135.51804864663515
149.0115950588953
144.39703664012475
141.92535843915454
117.07333199093476
120.23939417278464
164.9999449246138
152.76318467562376
162.57132711756233
164.63384464420236
169.2831677005702
175.00748123752115
173.09691583170252
165.85329927376856
191.50824355481208
191.23677300819458
349.86573364714747
415.4984905517231
460.17584506215815
452.73854220598594
493.3169657104323
495.74356928130965
678.1916462911043
644.544880797117
731.3459244664308
742.3230531217596
716.5630925918266
763.1143713421969
820.4700397023782
935.5741876179055
956.2266221835406
965.9497051068566
976.1671593290711
1001.4519851401835
993.4582443032048
1013.7270106897595
1038.356535405462
1002.0809951453663
980.9061863808605
969.2760906199071
956.2702960746668
987.8167176869991
951.3302760702841
977.4989094297365
945.9449557986331
913.6132140282614
917.3311196356603
769.6465639596497
689.4461290872636
663.2055037333209
644.8423830527636
637.0758519281848
631.7763988634889
521.5378710914272
515.6499665847346
401.7261548539637
403.00115200082473
407.8522973790951
434.7181108608415
394.0736470653154
286.143609623932
232.62292460304334
235.7959864212645
213.2800541082601
215.37464712222987
225.9724183037712
202.89747465271324
208.30029821576326
197.0599859366338
214.98811420218394
201.45201926810978
202.4904808065713
195.41355772964823
208.34039956151395
203.67877902663852
197.36474152587448
209.3333595498811
207.6152658502193
207.01867625698475
218.54409899452898
205.70706800905538
200.23299495953844
185.6369066076843
163.3703313181093
159.47126336228837
123.55144522883221
98.41717914623914
124.55987342465922
111.23701444956411
138.33410985731174
163.56509707398868
137.65304168363141
143.77368110790334
124.50457971742429
129.2860834494348
200.1694285066298
232.455266062417
209.5885631050002
277.2968191361679
328.24806383878524
335.0569389095943
336.30193120951935
363.62322662294196
382.14497865064124
368.48107608092204
378.3637603862308
362.3685116624469
353.401424114899
364.5098245878492
398.2802897044297
486.16769521056375
613.468248923679
650.0470568039482
688.427888800718
737.9928271186023
780.4834265556278
759.2029703441009
745.1526032669431
800.9374738089167
838.1349485544976
846.0362664838424
804.3373492560626
794.3022749270639
822.1936198863611
817.4165478036244
874.3670880688092
806.3385337010898
820.9027510548813
813.9769362930306
708.7513355513602
640.2252141705417
735.9196232459245
781.1027465796618
754.9417648578778
753.9282304809525
818.4648659438014
787.6365799603385
874.3140213037342
911.3283152163826
877.7626261046734
882.5852170210308
843.4339788313258
756.9732381201942
690.3432884246533
755.0097435189501
733.7052900602052
762.8825372035107
815.2153239820443
844.7460166797196
830.4263244009721
762.9847331949829
686.9044984528666
724.1987402535016
733.2965529438181
750.5856991120543
780.5454975113539
704.3515206197532
728.3728384569387
849.7720246526306
932.5201549963706
966.1836363864288
958.8774430769143
927.4029441739036
929.22053689201
911.76267391432
945.4782134380594
904.169335951906
900.922233870674
879.5564625309082
877.5864156500385
882.7761030792844
878.8203005785343
826.8201549136808
888.946851257926
879.957816261271
746.3151977949303
718.0248266275722
779.8329336482759
691.0045872698821
683.8897638180674
671.1301090526727
631.0446071436414
606.5372022158163
600.245122066225
569.8762030739382
578.7422951837584
560.6796065326427
472.8441980505939
431.92087690593866
366.0893209657285
305.66313861413977
295.64776305554795
283.1131322866438
292.90796840224823
251.21059863602412
372.8500303934909
405.65420944705426
463.9771167696392
497.9737895953439
437.2502528305605
439.2437981482742
436.7306151694107
366.8594821673977
355.7977342388418
329.6289573336487
360.1842654177755
363.016639927848
371.60758951762756
376.38967022451646
372.72621459196375
364.7412175852845
425.54544527586853
474.7460605948709
585.7737836056882
610.8496261596347
676.4976255767269
631.5285541294833
788.2054467512921
735.4180250471726
746.8667187085507
733.8272408132104
749.8272408132104
744.0690397334619
730.7455243642052
743.8262719469222
741.2271670024584
684.0573773447244
656.8314876949968
682.0829952621533
681.4341086495756
690.1750619233421
677.4094421936986
673.9494260872535
665.8009093062126
669.1847351566869
653.076138087911
623.1036568291588
624.8546504674869
598.671960554895
601.5014107940978
575.534451590021
573.534451590021
486.36854531886206
550.586785890478
441.4333666527035
432.79278528272266
352.50432881351617
555.9412336123028
301.91565298799276
286.54404865536463
322.37394054438295
285.8162738992172
283.04864689591795
489.7193981360163
604.2559911329346
623.647865198589
630.1581716465698
757.4404816515632
767.6408032772787
733.2363520000356
733.4020035005577
771.0054050643171
746.6527748621982
770.9248816499816
756.9330298330982
795.0577754999642
815.6104706915778
813.336709890372
795.0490094746581
788.2334790144605
805.5238045156397
778.1257849143435
779.2783158359374
795.3973211587845
738.8860180564625
769.7171325615614
771.8085298336073
778.7519702640583
541.1014107952708
529.6351745127071
533.1093829309979
638.8360361101975
695.9177222455972
862.7554803023937
803.769718545432
785.1942407988136
836.3560343571502
800.2196084840216
878.8002282327615
929.3979274547715
928.4361871085279
908.3364705365493
843.9601320865571
836.3160440564317
827.4471910694446
863.5741920724955
881.5662390117061
922.6361315926387
923.2435228347787
916.2563335436143
943.633084041383
927.9653398095486
949.1964229043845
933.2154604510631
979.3265602893257
996.5003073750987
1051.723973346797
1086.7767481001738
1074.6412442641392
1136.1201588738984
1114.3800740211577
1176.9180380173989
1127.4114030561825
1007.7100230549888
851.7949644718318
857.4842758088604
831.5278408938419
800.8835621032463
857.5337672650513
748.0370052000401
691.1868471307588
680.4519713502891
677.9848758269682
677.9503902887813
760.1616770636704
754.5289025934358
733.6597891208817
805.9333385107759
764.060654831367
748.9014371865641
819.2284210188529
842.1561974973393
854.9226802871154
816.3711314922191
831.1798224250421
806.0036704457222
823.83674341072
750.7606794083431
751.9916285633162
735.3433612149604


