Rainfall Prediction

6.444210383204845
6.457094465945724
6.412451851375243
6.412899031638715
6.291268649169385
6.282962025527826
6.210032837742226
6.307999920239361
6.290392926888002
6.295142515527202
6.309392594326008
6.310002193706188
6.293568818458333
6.335604741842972
6.309461683076004
6.320492215418145
6.360059891003542
6.3266841030224406
6.267600691381464
6.214874911433933
6.196587576908032
6.159071519484053
6.170692441639732
6.142729650306879
6.16922735092073
6.229355028203257
6.252569905541079
6.247883996325697
6.255591321343116
6.269245084591106
6.266542736280846
6.267335916192751
6.157839685563417
6.136365263563218
6.136624291993714
6.177391236847663
6.056508876929457
6.106332995846262
6.109930519643539
6.10501483638031
6.135438817341569
6.180601814961832
6.314877312573379
6.364661992042342
6.383834780725294
6.4088222271754125
6.435543124195137
6.4306686370079635
6.449126566684884
6.452085668106408
6.45174821289323
6.449509941901514
6.433288573184402
6.4233718971706715
6.427787864418349
6.419944933177053
6.388434911551695
6.391648684957554
6.414496229179745
6.411598925937786
6.409620544297299
6.442211283500687
6.422632825019681
6.4228684400312765
6.404225186330171
6.3777414212331
6.251284167380009
6.225958636088912
6.161769859644833
6.298326294265442
6.30645047262823
6.322156136673801
6.344770581438439
6.304570599767581
6.315175655134744
6.275409709140187
6.261834487665402
6.246158305403139
6.245493876664776
6.2199139961732595
6.219155646083389
6.259881787012487
6.310215938738761
6.3544343958018175
6.3992261184162045
6.400003888653117
6.430825484742866
6.507264796458328
6.524994663180571
6.5164216950902505
6.522416129316013
6.530609060407113
6.502826310428873
6.5013490150829405
6.498615069176959
6.432311551636529
6.413367659973113
6.349548778164122
6.350338113642844
6.381673851639355
6.366659156879881
6.375775185785061
6.376701272537014
6.407848303831109
6.5031532998423565
6.546131041448845
6.5590161018283375
6.570104299530877
6.57240160232112
6.576852802199914
6.588971177761919
6.595866123499903
6.562097776476335
6.499509327202287
6.465342956103826
6.461589105892571
6.455900866670832
6.462505717579611
6.4294599755901745
6.43027005678481
6.424709826266977
6.454605475358574
6.4468653981682085
6.463055326967753
6.484873686941011
6.486420893307717
6.512879625928488
6.512859225476623
6.5119086192672775
6.522655982608409
6.517917338517014
6.606993893760254
6.6143180502638605
6.59823105402441
6.588430995665323
6.509047029794936
6.39143457875201
6.347718817199671
6.334878174838988
6.324902712261012
6.3055863943390955
6.307553118200509
6.27196638917813
6.278884209042297
6.281538254719888
6.321290378434175
6.348612444969351
6.349204328640471
6.288412178006247
6.299702947395851
6.280763065678936
6.302960173316121
6.274931178125232
6.232377279641043
6.210071513390607
6.215362486520423
6.233092979045568
6.177948064460077
6.1503470397177615
6.074440759439251
6.079337783015049
6.104228459310804
6.045567979445324
6.062699098009505
6.094422790118888
6.150900687042928
6.240078879303892
6.275732714412347
6.287046080646904
6.3012516660606295
6.304655153323627
6.315648211534252
6.298067109285515
6.320707707107787
6.3956263395106605
6.442776613952232
6.381959967146164
6.351898900843393
6.355680636084203
6.36421592197623
6.3534969325981745
6.333345405543086
6.266958717385185
6.271651256203085
6.354396322777126
6.353386740729953
6.359148227541178
6.457322195319845
6.511993217604282
6.522171629781995
6.520504765791834
6.530010622203367
6.527849206910609
6.530283248047963
6.56030520478907
6.579997934259498
6.559159610088128
6.481212627372977
6.407381808454657
6.364785909033782
6.359611318188568
6.366824034331907
6.366382569647648
6.373037990080941
6.333676437408235
6.299281173149481
6.24476370230571
6.250603903419449
6.225080300341648
6.219931246900073
6.166624049815856
6.166434037694423
6.171019521553106
6.227800247057142
6.220784344433126
6.169346322387697
6.162835436328199
6.135139623504679
6.064505907538555
6.02759975618631
6.090619521539934
6.111116357428755
6.1052408474571935
6.1533429321180755
6.135660382565819
6.248225162299435
6.343976018431465
6.345737890533084
6.342724899852486
6.332826093757592
6.337200576291002
6.361483593291788
6.355252675725415
6.357838723633094
6.337967195660934
6.36260634201425
6.370817849445923
6.360902609582353
6.299574597653064
6.286811146001054
6.300603318062618
6.317621252107835
6.305980612117225
6.307814149075651
6.223879799976709
6.223732378744904
6.302924684469017
6.322378640138642
6.3274296715289475
6.425649966812747
6.488250469453741
6.495750364584461
6.47904296630324
6.471661658037358
6.4504950882930645
6.446616698935061
6.437560194460838
6.383130882822521
6.392603235031762
6.399714110424071
6.403487965815063
6.393338220340684
6.365362396019851
6.35887151021325
6.3349121992846325
6.370374311914115
6.36960750387111
6.358361415106614
6.353636918301834
6.348638975603308
6.326392044095367
6.3073804134844655
6.265752228531651
6.264126104351512
6.202442484867485
6.178802640709465
6.059158146257152
5.985683802600841
5.903084245672725
6.046052457218192
6.011522580897645
5.989145543483282
6.0457798703411205
6.059332901414079
6.105620448381363
6.079061163354657
6.1255009875656645
6.2229358033985385
6.37833333243716
6.361108660238235
6.359843088659119
6.3547172213877285
6.351831227775856
6.42627570619074
6.4726219553680435
6.491724473814116
6.484689823501417
6.541020823492554
6.571782164060415
6.588437737655242
6.601702864400364
6.6675859267853
6.701977263006646
6.710155534670313
6.7408699158868615
6.746168109380198
6.7564019471246475
6.761811742408953
6.771195686939008
6.772403961479177
6.746364340316478
6.742553549353346
6.733563771625597
6.724012336841087
6.745875153212836
6.756597687931692
6.760977647078535
6.743143862554144
6.6810445810229835
6.579070170755811
6.617607862570621
6.62136487931101
6.628962027020583
6.638258987501576
6.603948340854996
6.600465301277833
6.582556192974465
6.607167734412904
6.586582435173999
6.5905788484446175
6.583075764810983
6.575942433997883
6.511105179444738
6.4688088129592565
6.446804388053862
6.341096270470734
6.331473996408457
6.332842669636014
6.342858272229762
6.3231942004269985
6.309654832766608
6.319193123305504
6.319193123305504
6.33422184904363
6.392253360644651
6.361039369276506
6.41876774027655
6.412768968795782
6.4293661871871555
6.474743698427653
6.540082503056976
6.540845742504912
6.562572219437171
6.5567162309082985
6.548141595422216
6.593982855166228
6.593033713569931
6.585790099765226
6.563987611885807
6.573822675654161
6.552472141730568
6.564961301074205
6.56722099195388
6.589021206270147
6.5895746732751395
6.589523279941862
6.623656774530775
6.597163463014458
6.570650242749491
6.502399126949548
6.510436315956747
6.578283852010889
6.590121897278204
6.595986824229522
6.611263215762073
6.6740504870245125
6.75871239578718
6.778451494876382
6.7814302618038615
6.7860610658650184
6.775142563550567
6.748653196474607
6.735641805600448
6.7232896828505755
6.7213625414674985
6.722822909084421
6.6981491086834115
6.703204302830502
6.698980265325203
6.697651466428058
6.697576856952159
6.692127845345826
6.676018224963571
6.6810016042675455
6.6563510874249205
6.613811977596729
6.6142831210818045
6.5121290570186545
6.479048731076191
6.480236431383522
6.478149936080721
6.494691431286604
6.375591496251013
6.352352522616012
6.365165520205833
6.38056430977293
6.379929407850589
6.294614849433755
6.2573227271400516
6.236846111999267
6.1873207343034275
6.202961663606163
6.233293341481547
6.272337526739152
6.240212405383449
6.247937468879954
6.257114189741532
6.282415762919085
6.219654441640887
6.225595352474514
6.180277073726913
6.174074891359901
6.179953858244488
6.2017960262597835
6.183003961800302
6.142971299482618
6.140000519296763
6.13904599037382
6.143061474298811
6.148616787441085
6.151899936659387
6.186181488809908
6.174080845501157
6.197502872350123
6.236877890066993
6.270918798753909
6.277715954438728
6.331835413979734
6.324928028958832
6.341308568114966
6.372974168837103
6.395846338613218
6.38110160007685
6.3814980569034585
6.3434330228276545
6.373039284549374
6.421405326057051
6.463294294314978
6.410276070661056
6.424981617058695
6.432552528847789
6.419895815464745
6.409281591771387
6.3772626490327795
6.306609259626455
6.30749986961744
6.391052873317362
6.395011716810496
6.405355755810993
6.495392650395379
6.533836504552215
6.546860926429091
6.544735394505139
6.546879363893173
6.443282517377088
6.424785437378128
6.466611160231313
6.49883604343043
6.454405355659105
6.458163794554535
6.452740740987213
6.421109217938513
6.378408286606366
6.336418795989779
6.361772392750997
6.366448013787306
6.35148787924533
6.320225522586466
6.271601540559574
6.256467234908652
6.164217189655424
6.1502980207238105
6.1265110207614395
6.131202042908366
6.131844719133364
6.13482900904931
6.144589181433984
6.143232422694301
6.148895021893661
6.124183039604319
6.096375861560348
6.082763612117109
6.148431373185313
6.196803704147454
6.207944726322224
6.198076807267132
6.245207045167569
6.393949432936408
6.475127868642564
6.530994036833619
6.539549820972359
6.542625551383901
6.564406108832927
6.558612070935814
6.5611442727742615
6.580365481673885
6.580942207271762
6.5818189097615
6.6048249727652815
6.644769468094954
6.6520861737624974
6.704542326800474
6.719632150974877
6.7487461017625066
6.734368816364741
6.720579557979583
6.678997923523656
6.69921298019329
6.710145527705279
6.733292155946906
6.764285476322837
6.760817760029647
6.7305562840469575
6.672213142727955
6.6601376171485605
6.680268249646103
6.677498320750187
6.673356648336396
6.628532714194843
6.559917164480734
6.572141727711341
6.57116981258708
6.60511502703743
6.600075403927644
6.598325698908296
6.609392856496932
6.614504850661575
6.645682072618783
6.661299505344704
6.649134596789044
6.613122589689346
6.608638225622788
6.558021174121142
6.5306374948364025
6.4719404768285775
6.483013052214018
6.474891915901736
6.478034812993739
6.478724724757217
6.455542283502018
6.433464996907591
6.415350856044231
6.433248648988769
6.443839824316906
6.444221407760814
6.440880207086899
6.449276560741536
6.415684741101767
6.433466148281531
6.440668397048855
6.524281166578859
6.517367957346619
6.519406332610594
6.499977163774223
6.48657946859871
6.511107453271394
6.513644971204514
6.500524432869427
6.466589932717342
6.458023891896957
6.455438936939588
6.463078207919646
6.478081533229158
6.508011314916475
6.5226616839712905
6.531312426294972
6.540372410286571
6.5181585077758495
6.46247801000686
6.456019449241246
6.4242982669113395
6.429009578155725
6.457419018210215
6.431565269315804
6.410121788474897
6.35672152971235
6.372251178116125
6.37760753972551
6.315447633099588
6.303900325700594
6.257527701535928
6.225468953517751
6.26553826923518
6.257368465257818
6.262701039576869
6.265362802152044
6.278577700783011
6.292839988169611
6.3649846964304055
6.3998676956863365
6.40580545984475
6.440183428635243
6.446647115395284
6.436038072532679
6.421209233673011
6.37534328105503
6.36850152173979
6.264490218977692
6.243290347697131
6.250041730385834
6.256733415586963
6.362381212623487
6.366525808189164
6.379761753078395
6.398473830492398
6.413204156784501
6.470366794844299
6.438109613763854
6.47768258007492
6.544570426516867
6.553958567622903
6.620239349077277
6.629299779993196
6.652785190115504
6.665313082402665
6.655813350380846
6.65469499839449
6.642858602030589
6.634063561291029
6.599621303832203
6.591684063424972
6.5946324388272695
6.555589764178626
6.552733402809148
6.559969419464492
6.537864197785259
6.543992193754074
6.546259204907496
6.544781665365121
6.549358555642607
6.545914503215428
6.524724841669513
6.398272656034395
6.404790705458674
6.161857413738448
6.021222114200091
6.1777011293749
6.265939683913147
6.286695446608447
6.2719125052639475
6.165811639319046
6.147491640899743
6.103618693238917
6.09761619192731
6.087728392808869
6.074135895444536
6.074135895444536
6.074733236526721
6.115064530159499
6.122388998639185
6.156335466636195
6.173273107685162
6.15734374408159
6.289500568522399
6.281877507473557
6.267878477938618
6.274491987000078
6.280961968954829
6.277734093572413
6.327308704308104
6.392358644789661
6.434724667390606
6.434198937858325
6.457806203531463
6.340802344664385
6.3109203387382085
6.312191397637848
6.32231473636332
6.27136056451164
6.263011277940868
6.307251947286513
6.309533878930182
6.284569796119323
6.243772826260181
6.273024178130378
6.263712195291077
6.263712195291077
6.277515706518814
6.277897943867381
6.292927975740154
6.2557272236646195
6.23766682699312
6.201355671115598
6.200949550929028
6.153380503117417
6.149444333861149
6.150132178488828
6.127831949037517
6.145331514502274
6.183166311904452
6.193824194376265
6.1810676087885605
6.167009718793641
6.25141066840779
6.18312210389774
6.159483141331108
5.917045019814651
5.865949490136183
6.028288826513397
6.195020354924932
6.212154923211626
6.235969118667525
6.201307807569843
6.193542468148376
6.188951508521957
6.221543745113754
6.232804863522342
6.2342840544193825
6.264159572811989
6.313252675131608
6.299995029103747
6.315888130074204
6.320973470401513
6.326598222398365
6.324390472803418
6.463093439570998
6.461049265666663
6.46183208896334
6.466253606874746
6.480389296878342
6.477241782407746
6.526796666658087
6.6023011436267955
6.649791046055216
6.576685196123924
6.57001557466858
6.586886793050978
6.583731328758645
6.566232423845561
6.561291944064914
6.524701295132459
6.515151583986731
6.511087678004481
6.5234007864431565
6.521204815034292
6.517898543555395
6.468062187234885
6.46078156648359
6.459564261228363
6.408101282962074
6.340942931141382
6.342784819001755
6.280639763146647
6.335360013731328
6.381108181865442
6.427220516239433
6.373238166305294
6.393057471971279
6.4214370422056595
6.418166308623756
6.436309757670692
6.451572929722635
6.459309311928146
6.446040151142093
6.428184781891996
6.419009181533737
6.3793089321050935
6.327638118345645
6.326930445637153
6.359762827031753
6.356297258874524
6.382998133457313
6.403757319360228
6.385810203744339
6.38323210393084
6.375790231548007
6.383333868138251
6.438675172288086
6.43860279036194
6.4691136050598725
6.477549799476666
6.489901850408327
6.449078424641225
6.4654033008036516
6.473276714201454
6.468130250254954
6.4719528045190895
6.472883482184218
6.429139118475419
6.4365452219492365
6.445525652883111
6.468912157514634
6.460607153045666
6.439585547879631
6.409260497010042
6.362602775329568
6.374839553516918
6.415433812661271
6.415673893115367
6.419032108018242
6.398846338704203
6.40588613198776
6.394953051476402
6.370365998278259
6.368675655403788
6.3911371636655465
6.377756483527011
6.391970845575412
6.3610347794682225
6.355033742541696
6.36694927919248
6.351771687997401
6.320231102133573
6.262230684451512
6.218187361830855
6.234821702491946
6.286720148097846
6.319768398953516
6.27107745589721
6.339370455879608
6.393082128496995
6.441794539018696
6.474659674764278
6.511218355821967
6.545743845921449
6.559876180535131
6.560477060923793
6.544948793403217
6.525966401856723
6.540516143021779
6.5396853222278
6.570029967681462
6.575989249710222
6.605752136299591
6.629212091925513
6.624749588055489
6.60682008954475
6.604999896481301
6.600177768266469
6.594781625213781
6.5954459011108435
6.608307344009238
6.618812929561977
6.62479410898142
6.639316118402104
6.701173899140884
6.724685775778931
6.714891791843416
6.721365612170807
6.721173836705469
6.7102529321298645
6.6918906228583355
6.665063494795539
6.627778390069884
6.609632928880796
6.567496909086089
6.574595280880038
6.576547853483856
6.614206854155584
6.62080487933584
6.584053452192246
6.5874327513185635
6.545580093394127
6.543709147909853
6.541785229046277
6.521335587231754
6.521269505411116
6.530482536618913
6.546546569222104
6.5594271516579665
6.5788053367458605
6.615238231161237
6.603178209203359
6.603044403383701
6.602123611476985
6.585233106403735
6.546809644806111
6.465062485171256
6.463158263717288
6.440834606819876
6.435632556769463
6.497461605910892
6.488599496945782
6.507269366587644
6.558145311561777
6.5917869157130555
6.59944363658727
6.602291565080097
6.608537313468852
6.587211658315747
6.5716180644689945
6.561024600262283
6.539665892828053
6.530241117704447
6.517976374103345
6.518155357452727
6.515435836867839
6.524598999373478
6.518353855719029
6.534801922106665
6.519871732966767
6.507928542141187
6.472837802352001
6.542756061959752
6.497480769050758
6.484103123995102
6.486381394593393
6.551523543732503
6.559204095383267
6.565734117711109
6.592606238337217
6.605021993900688
6.597316811691432
6.621050263098387
6.554173993199579
6.517722333896881
6.226769503853947
6.102873880722939
6.235937823060898
6.328751725606306
6.332547267867012
6.3268904242063035
6.276192131882464
6.269882446917304
6.268063170126993
6.273620642533152
6.271626920461855
6.273290693684075
6.271764432370106
6.26866355282164
6.253058443420651
6.283529245560633
6.285221987341688
6.304674301625834
6.281766538922558
6.3992075065282386
6.400715582104724
6.399991974161781
6.3711487754305685
6.3806546268742315
6.369521228621494
6.392230900640733
6.458994547887332
6.500578671484885
6.4570911362876355
6.426092037898767
6.417990444559551
6.419112322041694
6.426615689273518
6.45844410586963
6.45448987010626
6.44811760817418
6.495733244266722
6.5139038271999885
6.521287848977836
6.518500636787357
6.517265211526936
6.511152613912656
6.519256051622396
6.532487369624715
6.554366975437096
6.630067240207685
6.576723890049377
6.557608158601978
6.523971201664967
6.513918869875824
6.4919993958687385
6.494896576094498
6.505068866491958
6.4921982787987265
6.472275666099554
6.483895337548177
6.484455770755967
6.462386767723794
6.440969375766228
6.458571262343761
6.470413049256942
6.469694762855761
6.477400866594866
6.4888955418382315
6.464410658016504
6.459797019104993
6.465705391373005
6.463914938547461
6.451402163239222
6.460646830453201
6.474719883624488
6.508351106957975
6.527021247523788
6.4929949459075385
6.477810895413473
6.4616757214966825
6.407414047324668
6.43242483482334
6.43167782601782
6.448731949401388
6.500464826275784
6.521335137184766
6.512037311254578
6.499254082669356
6.502705540431815
6.50398336746825
6.485768093617387
6.4689984641931995
6.461863197193427
6.456603637825418
6.450070621704993
6.44393668322067
6.432558970638815
6.412071364666202
6.39847637940196
6.389907927157821
6.347312885517876
6.341086910756108
6.303372100641561
6.30735912995274
6.275184650266216
6.263638884571449
6.192764382404569
6.202587265126839
6.188147877752467
6.189010454264072
6.158587172631827
6.0463473079994055
5.956471201983085
5.993857269209886
6.091520580443602
6.042002379693163
5.992003596118087
5.988908960811637
6.090089031078421
6.143533710987882
6.1794315086506835
6.239293733076785
6.269955269217632
6.292627832208131
6.310699306847348
6.3008487339197154
6.302367442032294
6.309374756955626
6.320268108927852
6.334275731315352
6.385851406342539
6.425535592669754
6.440386406304658
6.440095870825654
6.437718112073901
6.440161455503762
6.443743043101981
6.463029957940936
6.448576358134412
6.452579044192168
6.441030867318432
6.426877646468872
6.404340811315584
6.403707593938555
6.409782570251071
6.405896319597171
6.422778155010463
6.436679547686092
6.437251568391021
6.387423828983691
6.3705371452547865
6.345660321073029
6.310968756575427
6.277949709074751
6.229245946594862
6.1661580130509
6.173275952865155
6.17109369767904
6.081372576913322
6.0740593009869785
6.060730942498309
5.521384743582907
5.518989735783415
5.5010371016935515
6.136095189293952
6.25943928386603
6.308019696688348
6.329849738854274
6.297703734498409
6.3403350559556255
6.3467676438188425
6.336645475359898
6.323031932085684
6.2610964773956255
6.267895473265532
6.228637075453843
6.2695682794609855
6.255562038719177
6.2614804712543215
6.327233855154705
6.408202158331797
6.475975265891227
6.48758189968433
6.490903194562028
6.492388511305552
6.503167996839002
6.499643762909939
6.503263090994288
6.470852590132874
6.4578814501180055
6.441887132201824
6.446223418918004
6.477193139011958
6.4865939419607015
6.492561868204545
6.488963533731307
6.465861327071053
6.452696457371952
6.433469225606746
6.426413979266415
6.396281085466644
6.389750951568232
6.387083612780979
6.339489975198698
6.34213803746146
6.366272200042988
6.413651947258902
6.453911393353099
6.54052166227646
6.548148850980877
6.5377181441570285
6.529373667680284
6.501173339857809
6.515198197598778
6.5245688241861695
6.525034663644924
6.539690899244078
6.543837689351578
6.467591789061307
6.489938658394024
6.464528886430927
6.482157975313167
6.478818252726461
6.478261297104807
6.511774231231504
6.517001108445789
6.529647080967208
6.540806473823597
6.547134848938777
6.587640451231105
6.631222265190056
6.650603867084252
6.6743997725055575
6.671059191131842
6.678152584492792
6.682783571521328
6.6482904194371155
6.633767624502125
6.612550600696867
6.5601202842920125
6.565151468613257
6.577085840890646
6.557839387304966
6.52509878035047
6.514846431755465
6.5154334627120924
6.513186080106849
6.496135677632443
6.497885430196689
6.489566934658925
6.480930056818131
6.485215381614667
6.481750979166209
6.479250979927451
6.460359121620908
6.417670337791149
6.405687572339844
6.394924873905553
6.383786013491719
6.39968183493161
6.344738243699484
6.279954508114177
6.223762559855034
6.133479366127193
6.129638086904004
6.285591000371292
6.331805282627102
6.387604857293711
6.4570099878030796
6.471120965139163
6.470851119958794
6.428604585121915
6.369703225826358
6.32201024843612
6.271351004197278
6.242749711225119
6.267407318378588
6.271606862747308
6.257837543343476
6.252349453511775
6.1749198477102025
6.160308453618253
6.135138587216022
6.1417313039317305
6.15840057391341
6.175058989593749
6.174023632908198
6.180357638389683
6.216651041873104
6.221738368485418
6.2011964057272255
6.244244405825996
6.284332620129439
6.303260259619472
6.329191708199547
6.316889238876251
6.283777860488358
6.258739039075735
6.2193460059459404
5.970674755140151
5.862896366596651
5.856481289011392
5.942632514003235
5.947261740481496
5.939861542714468
5.920965265024634
5.883866680345446
5.858107465132384
5.856774470956118
5.983336707942939
5.9853817607521265
5.947635119582307
5.961873728529436
5.9736904889232765
5.959915617902978
5.965082157027105
5.938431312921536
5.952797141054463
5.955979932727976
6.112139303676657
6.130745823939838
6.141590291402057
6.072533284442347
5.9944098486652235
5.940226684092507
5.9085224674210775
5.908086082703428
6.108220491400256
6.169315238725877
6.199292148655572
6.266914549741785
6.275424706651162
6.286951483502345
6.282056825272935
6.281857564161999
6.284050141543984
6.364763798676799
6.407769730956174
6.429519835398671
6.43451723675669
6.419433457988186
6.446786865350392
6.454595527974342
6.452548174359589
6.446396880561553
6.445481622962879
6.446713994557422
6.456511156501806
6.455936563333797
6.458748489869895
6.398347271303943
6.377689737887533
6.35908896774033
6.36111494164891
6.346337247770962
6.351247373026778
6.315442003733009
6.319981677283419
6.187282956853966
6.145688914305452
6.100274204178541
5.875438042500398
5.772755393823538
5.77533461698484
5.846370686405717
5.851012606863218
5.854118846734554
5.831984383628048
5.7964383110780995
5.764449577796663
5.767280922616958
5.919713553340977
5.891517838042373
5.884358037293263
5.8826782124408385
5.884983844297238
5.8751915604833025
5.880818792793394
5.85115650849372
5.89325229999847
5.887274792693401
6.053808280778241
6.0304761238405
5.970348758462922
5.968792909155171
5.991461388258625
6.044247385215244
6.0251977051250805
5.970153553898684
5.995478099786883
6.064708626036027
6.095523747009819
6.0051867744215075
6.011077746464093
6.023291314887401
5.9439250091865174
5.883165269959156
5.8864258097157505
6.108682602409401
6.125769502362185
6.082283850103496
6.066589079310755
6.081743350501655
6.135934332429298
6.117865274938684
6.1153255468358765
6.112708221775274
6.112708221775274
6.1076111050715856
6.150214527359079
6.129223409691551
6.166726373118251
6.137522689554235
6.2200710638512255
6.263877484002915
6.28996391330658
6.276165283175051
6.275440969331803
6.278578232946393
6.303818110384123
6.208932422123919
6.19472713334722
6.21045914033138
6.2548425899483995
6.247882182408556
6.251844184467886
6.290624672269689
6.300381503027748
6.325529316431867
6.3274460646010295
6.322987947737136
6.341883666953596
6.35124854903031
6.345524202358932
6.36716309388131
6.361841759371423
6.369849902809427
6.376236450811825
6.377331649703454
6.3897012957682024
6.390867401766917
6.391209777748631
6.3920760523214355
6.38564711908654
6.352051575860522
6.31944466540757
6.291401016870789
6.32785622531316
6.328427243344858
6.233484113606482
6.1726288271507945
6.163081735623923
6.152931904747804
6.134964189392597
6.0014943723684615
5.994450858145158
6.027291443464846
5.934714172701821
5.891833132836954
5.9083332679257685
6.145377960288124
6.205601339962282
6.232739942844185
6.2285407520043705
6.222627994725788
6.218937937069228
6.228361458336861
6.222335847509837
6.2150282042514435
6.213472308901946
6.197962597644945
6.186287226244588
6.18890515116406
6.168735632530528
6.194194173664892
6.272768059569078
6.317924220825803
6.340874211502076
6.29601944559135
6.2331662980593485
6.260714259841559
6.230889283478042
6.234205779709286
6.2737313661625755
6.322812658760117
6.369106515270392
6.370636857018244
6.363387065076535
6.363976956439414
6.358794308407506
6.258905240711414
6.218749070990457
6.14815807387635
6.050929318117518
6.074514014895734
6.079209201929629
6.072730070194496
6.030118445479842
6.1865926835132825
6.215705545611218
6.2759420978850855
6.322555663402653
6.3652985722429
6.38038587795104
6.3956900205119
6.385861808477233
6.362280303294438
6.3435637166284575
6.3570182227309076
6.406075108406067
6.40767578407199
6.3922217189051445
6.404274481594257
6.4063023826348005
6.399355646175573
6.348518912207591
6.28574215868754
6.293130040817913
6.307480120819672
6.288485392784885
6.293149883144316
6.213237517564256
6.212087383695457
6.241623356837515
6.285603249329988
6.2879430436774
6.282326288681023
6.294128853876137
6.3033596620603864
6.274500705539381
6.267347117181769
6.261577198385664
6.226347478957429
6.1515813978844935
6.1001389761726905
6.0309202959944415
6.023005720676255
6.186580804118539
6.209891235813439
6.249919695611453
6.272899137923604
6.277925784474624
6.29617483841011
6.298261463447246
6.302107760472911
6.282732980434497
6.32403336346621
6.315148141485673
6.301030575508639
6.274229288396085
6.412080791840272
6.407330083606007
6.366333845136466
6.364624723452947
6.327542876814132
6.232322017743181
6.259356049735907
6.261363288967134
6.266373828961881
6.225658743043625
6.37196747328938
6.40071107737478
6.444766478841258
6.473629747372611
6.473426309914142
6.4774362929791485
6.484690558393166
6.485672830491588
6.450252267008506
6.434284721076294
6.421373722995493
6.179345806826149
6.0819166634866475
6.0687105901560585
6.159969483612411
6.157117917604237
6.167280453684148
6.152862744042799
6.15280353611161
6.1412614065267785
6.148971130713363
6.168005550622804
6.159886008418422
6.147010155100091
6.162956070991289
6.181640230259296
6.182224766229123
6.184904175077869
6.161155982245831
6.127712986633812
6.103094943322108
6.292066685098003
6.303130757524972
6.312226728802642
6.310857913266659
6.3357458220856655
6.344759314506904
6.395465696546621
6.41348386154915
6.450545989190077
6.44493618501419
6.411647044310328
6.399393007161459
6.399240232153652
6.398973112971396
6.395581175369351
6.395581175369351
6.40715549193884
6.428417076119996
6.4605437137086845
6.442320378555877
6.416091769366526
6.539194490142504
6.546085087531534
6.552453425193555
6.544657401735971
6.533932338698636
6.528416212759113
6.52135044329223
6.512554549130038
6.501755551648923
6.487057337371695
6.39717861534375
6.384092953327357
6.353809787204611
6.340268928559467
6.399267938398278
6.414573624395488
6.417028402534233
6.397072276708095
6.318866457986953
6.306232428319477
6.302372517855621
6.356637806877862
6.3550659949795385
6.3521594362236105
6.312335188885365
6.321684849963082
6.317625248798731
6.280562680593717
6.271935873781165
6.270379295925671
6.285408745787425
6.163216828635974
6.153884443156797
6.1321612620013575
6.1652573796507175
6.185203147262801
6.201713639364285
6.214658904480521
6.23184348735008
6.23184348735008
6.2333464090831665
6.27868655734325
6.269919109372185
6.276778654197386
6.279875745858799
6.240415162797413
6.192519529945698
6.032482829329503
6.034093537013988
5.995594614797946
6.004568830227228
6.015693301508708
5.862822683156619
5.863760386047296
5.889052744051653
5.838308065441383
5.868474973199984
5.894790585396438
6.133878110020356
6.130433560744736
6.130218549472646
6.111171706333071
6.114962322149892
6.121585350439542
6.130446620525372
6.159291942593935
6.14974932263089
6.141237753431501
6.131222807571642
6.1147577816527825
6.13043251733902
6.1448239982612725
6.191594688099806
6.317048911834766
6.3742185965443605
6.394745500295947
6.393183066457859
6.407941688832489
6.449915493078813
6.397784654794812
6.4057333957321125
6.3936986337915105
6.407656511929739
6.452915217561838
6.47861103187598
6.516739875676186
6.503289338614405
6.386725799491325
6.352111838793289
6.336796259106629
6.322796019940138
6.316350796502382
6.317748005123425
6.417893124124726
6.434933546863306
6.424284142548368
6.421029033462546
6.443113664831055
6.443113664831055
6.443113664831055
6.4467442861158215
6.44590950676499
6.439716987189217
6.418469414755357
6.355462513524124
6.310359563024136
6.285923800684149
6.348656224839592
6.32069274645147
6.302075860069027
6.336036105389393
6.310821400870679
6.289191506712708
6.275437177059953
6.175714519161294
6.145202287987937
6.0650154918087
6.000624640303683
6.012409737460597
5.971577007226623
5.965701685121254
5.966227902384128
5.953909650387822
5.939838467015118
5.930109417835813
5.913852937847581
5.926827357816169
5.965990250987811
5.951580679696074
5.951580679696074
5.9716883480420835
5.972308594141484
5.983849475764854
5.974887576737618
6.040352632734818
6.091136243057789
6.1139358854460495
6.107937817296677
5.973316411429687
5.9548582962799586
5.990106210300658
5.974893835337927
5.960344110134562
5.977693597672358
6.0033297162455375
6.1367279726173765
6.207241288537769
6.25981762858262
6.276487180515033
6.265567095421424
6.2190988522622135
6.207774838351964
6.167381426062277
6.075982479638556
6.213281953185303
6.243510730955347
6.255027479637398
6.2114294397852445
6.3725992869402095
6.409500377901082
6.474368283260722
6.497616107535221
6.495368187552243
6.493365258210622
6.499481038682822
6.492316865985175
6.4683976315869165
6.481261243397782
6.520265197963869
6.552540006713682
6.573664953109516
6.532505048361032
6.545474820801074
6.526533738124618
6.517510749964344
6.538065727338814
6.528893829360778
6.49474028256487
6.330133535306027
6.257273703412097
6.257567872114184
6.257567872114184
6.256762206488837
6.256762206488837
6.208832953746576
6.1406646881771865
6.103911591037365
5.950378425197981
5.975753078931101
5.940311711050934
6.03464629352734
6.0512709027265785
6.033422213607826
6.066983046527998
6.072064831800763
6.063010069129382
6.062026696110841
6.087712008885722
6.071961365317463
6.051992425301059
5.967535950667351
5.957750732857099
5.9667636817653555
5.994486704801532
6.056076269267266
6.077671686631658
6.154291863061518
6.298825431910343
6.346902262468513
6.31055952136239
6.459293213346726
6.459414627194339
6.464005032133121
6.4725930350377725
6.503231525812698
6.512170455911717
6.622618835841802
6.654207253801616
6.642749758202232
6.634455697846766
6.654575415736186
6.6685390849621875
6.648897451868129
6.650272009447205
6.642586141070775
6.643782412055858
6.665309222076257
6.685889835382044
6.6756286634663455
6.722658563305982
6.717940538452931
6.726505181812438
6.73672192011379
6.728439179882778
6.706337974229532
6.686531806722771
6.670112788113563
6.61825577595708
6.59736591584068
6.574132340576094
6.568543320272127
6.4518533106748714
6.466514740678741
6.4710946492304355
6.499928213567756
6.45195750967575
6.455194823480912
6.431256089723701
6.418755942301159
6.461423499230313
6.488301074696519
6.530254259274745
6.530916342775952
6.573049431953577
6.576885912009526
6.573845213669299
6.576196021281081
6.559626740785678
6.513139804502103
6.544372870378066
6.495596114692966
6.467598046551339
6.463447935368397
6.4588072221379935
6.470905248681164
6.491244465835894
6.488679388444433
6.5486558055082815
6.5775364320171334
6.65709195256339
6.6629191915066155
6.684657604164769
6.6654946380902835
6.73753092283008
6.726289712089478
6.715840831964806
6.719306976404042
6.710962689542131
6.6990342710547095
6.687379820609531
6.675577615344922
6.665993518119549
6.611475835009704
6.599096160663692
6.562202232994769
6.544082471414256
6.526796385991842
6.566707080121674
6.593639766345849
6.585705444609477
6.5660665327901055
6.560135358067045
6.569484943273939
6.595527699050539
6.586419350914727
6.577014603261872
6.528753496654576
6.5186253874512925
6.4930722421245965
6.467638457320508
6.398211972547923
6.390814785607898
6.356342880412004
6.352176296756428
6.093960242860663
6.079234799695933
6.0670429707890845
6.008013234015086
6.007138611903998
6.214827258211763
6.258947453186114
6.273445606735984
6.302530116484445
6.339704685222661
6.338810272215617
6.3260735361406875
6.325029324524015
6.307645234860386
6.269580459999055
6.2665717889007295
6.219562063069321
6.175850105666944
6.105760121628725
6.081378994655658
6.009132493079662
6.012086195194493
6.012994774937587
5.997728346627067
5.982505236803472
6.0355062133703665
6.050790611337724
6.094751624098752
6.099078610488822
6.1201478586961295
6.099078610488822
6.143012949523619
6.139154580592523
6.181369183717138
6.201729288321241
6.234505461400875
6.201698452666724
6.201919742235581
6.2088637604969215
6.252341421141355
6.308285907940134
6.383466481757293
6.420127633354546
6.437217903979232
6.422602683350813
6.427035914832938
6.458380421876246
6.439891426772292
6.439131498565796
6.452259261815943
6.444366035106824
6.446774752368926
6.474804441364237
6.516314362018138
6.530019670262838
6.530019670262838
6.519896840648341
6.522854776977489
6.50129070260794
6.5065395045507115
6.478115066809682
6.495744544157706
6.249665013312946
6.242296050965465
6.227516288910775
6.210526940375371
6.17207854655737
6.380984887523192
6.432952691251329
6.436028035836369
6.481345240133964
6.522313183359696
6.496251435488796
6.471505758585219
6.459074378950764
6.481007810766609
6.505871144194891
6.485560880937124
6.507221121840474
6.541702226954033
6.554335870080838
6.556455932828101
6.556526073393303
6.53125989622244
6.4565267536999515
6.391840276331361
6.391348386729476
6.389214399711347
6.385993793714974
6.374284749798033
6.324198832039477
6.303117796203899
6.304333124190234
6.336183040753998
6.34461666728525
6.361631559646763
6.3841508171570105
6.418456855915355
6.389945507433741
6.364701099933436
6.364022943676523
6.323493388153118
6.294220279433352
6.291913014593962
6.292954848764153
6.288767094147644
6.211961214638693
6.182251399808291
6.186708251670031
6.179203833210564
6.101525765501786
6.086385769146732
6.126217352925351
6.25907066548593
6.296624768429514
6.268031838911438
6.26828590900375
6.264196367010351
6.282979523759046
6.287925944475437
6.298830484910113
6.2998559652782795
6.408429177696149
6.423891873383582
6.402101888305575
6.379404255271321
6.360750082337256
6.34209278667948
6.334783112195639
6.3381351696683055
6.337283016238331
6.318179870816258
6.350986489185199
6.353887869039647
6.333737167770699
6.3536713485585015
6.333284620397915
6.2874262900346025
6.327495171995137
6.221826124205418
5.732888279519189
5.556447459745345
5.794043441349533
6.047670346670507
6.033552967268912
6.0063868308471715
6.00998951074716
6.0116997498234435
6.014502916172928
6.11998147416709
6.121950746269796
6.115120124870188
6.180392555667863
6.402492223965591
6.406934436629646
6.479743938155392
6.566018286479362
6.602270558920399
6.599832322441398
6.59352614603643
6.598327303551434
6.6287259080003444
6.627407019096804
6.60956922721854
6.604333348271277
6.630767841416521
6.615141627934482
6.619298363908443
6.6284495474899465
6.611681867536674
6.627255320686693
6.685679979427984
6.7148023729355
6.708823472762846
6.705637331589127
6.713738102468811
6.705887139162577
6.6879853252562835
6.6830604745392295
6.6820426343877095
6.682663807965444
6.681399887696547
6.70849143121912
6.759598290778835
6.7436296043061725
6.710805736529919
6.693590063064184
6.655176808784566
6.59633161433343
6.597470300476324
6.584963435193416
6.583034672434958
6.576014444460041
6.572656529187073
6.573261588365616
6.599405910954288
6.580733667772853
6.5894519031615095
6.584672920455633
6.526241085271834
6.52487578017728
6.402225671505121
5.877012181320315
5.649167740562268
5.8512923349846435
6.066440093343402
6.066681441718357
6.056013895795662
6.0431496285243735
6.047338583466515
6.0610673586851505
6.176070075945499
6.1742663773788315
6.111583565156154
6.134426848582242
6.359008025184392
6.376489400676847
6.378420861295675
6.413918493849316
6.440960739717287
6.45767214644718
6.437966503781297
6.445940023587439
6.42438458778907
6.424879856738767
6.424081116970624
6.337319720264234
6.335168198497015
6.292807545574072
6.249804632182688
6.247438905649491
6.222146107315794
6.2242061089024014
6.203571520434839
6.195853404234349
6.25345860460943
6.269398740353397
6.309143000555479
6.357760178593633
6.368136430856903
6.356149713734421
6.462756391932302
6.441508744023928
6.437746363734226
6.4505513719473555
6.498753698997543
6.483465874248536
6.482711983168838
6.529084201608395
6.522889136327194
6.497326133658888
6.493598452699204
6.518447735650426
6.527088998542909
6.518047171575176
6.530118856586951
6.535364549007147
6.5569677071161525
6.552467279278362
6.553689758012513
6.559871019855799
6.559871019855799
6.569369332399018
6.5646971693723835
6.5641804166751285
6.56161867914412
6.545157647607192
6.535794276740027
6.500919511747168
6.439183482126998
6.408543896485115
6.398049390210276
6.100081831586657
6.046546864849242
6.0205033334494065
5.988285374836636
6.019014128019804
6.215980662357265
6.279999861411923
6.216120441222803
6.23666379182363
6.288325692009631
6.303631073000126
6.288255888033393
6.313628234623095
6.339906696522176
6.323843183216417
6.347955393546934
6.351564920628576
6.350017855310071
6.349021572378608
6.346470928426099
6.346752847400239
6.331238565070127
6.3611859821746535
6.376835721257346
6.379546694806825
6.387990226438072
6.401119378863436
6.361832017169701
6.415807449337553
6.40474691195317
6.393310289500252
6.4421313545969925
6.448490185223135
6.4510356632170085
6.471654027728509
6.4961399822447525
6.467209939670222
6.439573346787337
6.4908814565097215
6.4853858972783796
6.468771771041623
6.461902555637812
6.455397233650698
6.418861621768306
6.4017214205254245
6.407426874542397
6.361793509105209
6.267179770774881
6.271321509808686
6.280313976303443
6.2796306778432935
6.361920810901591
6.3815297713749
6.363346949357556
6.412949880673562
6.4131571247454975
6.4134560678343036
6.415499508421625
6.437205443373779
6.343655768215128
6.341988302915208
6.382002272022286
6.326854814277381
6.4132727713664615
6.426566106650574
6.4112780319719604
6.385488968841596
6.385249190512496
6.426267173606754
6.356731257468598
6.395010875883247
6.41569362973815
6.406932881866787
6.474452506324357
6.505657490827117
6.511027992985781
6.52094092526324
6.5564562007211915
6.589871073730166
6.602788105739973
6.616362411304065
6.616004372772318
6.604106980652764
6.608722386464042
6.624976886820333
6.610887450084823
6.609783836722086
6.606646360128125
6.608624511540148


