Temperature Prediction

499.97452061524115
493.8386270404975
489.3215059502339
522.3088676799699
518.1326029612292
513.4664331101174
491.8553438479865
486.1018178778721
482.42910127072025
481.9447036709196
479.1491514759048
476.2858937073603
477.3663728214459
507.173796207584
483.37254828640374
476.0357434440198
466.4325385546328
466.53602608291453
431.2574779556726
317.9770193175606
319.87431565530426
316.9700649668774
304.9591026870434
332.4860406273635
334.24787991331476
327.8146709990343
328.5631415288095
325.6598636374922
313.9830903655758
310.1349965521977
302.14941010370705


