Rainfall Prediction

519.6411329070806
538.8008602556356
573.8553957785487
605.045538442412
648.2068209354165
657.7214894582664
671.7548243149319
671.1623263357064
665.3673833426973
662.3250914218094
605.4629401046135
578.6194411488251
571.9158228404572
564.5539295823141
571.6438156419123
602.9438958793188
546.6832737270561
566.3937548558047
601.6784895343767
564.7264600314511
501.4071700817854
505.22191548649715
501.16576571256957
474.32687713858934
432.6425296659314
412.8490664797101
404.3658576921186
405.54843013096155
392.0597783138357
392.0597783138357
386.0052927390723
381.810813097176
319.7853464192176
275.8356129120677
247.03452093656625
202.56671117084457
192.8962970670056
180.51282749291838
170.17732252514335
174.57277758219664
168.5965639576566
175.90864227502237
176.54076512836866
183.10695831649778
938.7065081882957
0.0
0.0
0.0
0.0
0.0
0.0
0.0
0.0
0.0
0.0
0.0
0.0
0.0
0.0
0.0
0.0
0.0
220.17063671422127
180.34362941794393
194.49020643369502
264.04974251438983
327.59806136591106
327.59806136591106
322.0666381465506
323.4724087938602
317.01763448506307
324.3988965701941
333.03922407214003
319.91246154062657
324.25101917003826
319.2505581392631
336.277806424082
338.6861317276259
318.352538021318
319.69258291113437
337.0419821387711
337.10758472612724
331.1432705970697
319.94432054763246
321.19849961651073
322.03484302329827
321.40019513028415
382.3807766997032
329.64409483252496
312.66293574463464
310.9361399078296
329.6105580947013
444.84996561292104
405.2576889257898
401.0831014529148
443.66271943471224
427.0255361695659
368.0763905300956
392.72772015795357
407.1124040570076
408.1775152354946
409.45445145108596
408.09045180170415
409.45445145108596
464.20574915778883
466.12365203351317
488.17703662324095
521.2600718972516
521.2600718972516
555.1112252620317
559.3119576181692
558.4306149991403
537.7165324768453
539.7316791358827
543.5822766053207
604.0769286495912
667.385011516102
683.9956622928468
683.9340388669608
684.212230988885
694.7670247309433
725.9472677755
707.0821707937353
586.3093990250616
534.0021424845154
521.152334322499
460.33772689214317
416.00693874253636
416.5279073617683
394.58519229214187
401.17688911611265
396.9695696938429
394.88041855238043
394.88041855238043
392.61652102394186
335.25674114540817
332.24374609174885
310.33991284188875
275.3649904794321
275.3649904794321
240.0653053489194
232.05347263955878
230.45110577314858
230.22440934174583
238.65762029105116
241.46962797513933
201.72769349887665
243.5986880821265
229.49207415490415
229.96225520287888
287.2761655174725
274.60973572172753
283.19185291140434
328.42999952414306
525.9166194709659
0.0
0.0
313.58231458522056
315.91713515373993
318.0419998500227
0.0
333.65872719592716
345.8905420038799
347.7498753965818
371.8918432606758
383.0155522897501
389.9617945854298
391.8133353622865
393.7437228122056
395.20487905772336
394.1517212955577
393.19445958171804
394.72494082876693
0.0
0.0
0.0
0.0
0.0
0.0
244.86111011695084
277.1645395997706
246.7408720099371
239.84741696817264
209.13033583513536
189.30567421672922
200.040380777152
198.84613164506405
232.6892134848928
164.15814736507835
169.3691421369763
0.0
0.0
0.0
0.0
0.0
0.0
0.0
0.0
0.0
0.0
0.0
0.0
0.0
0.0
0.0
302.64374193562844
318.33829534812935
318.33829534812935
299.65985518439817
404.7878158042258
319.44535933906417
282.94466756824244
0.0
0.0
459.8947844139286
456.0330022561966
324.8967081686729
323.4029731338255
288.4756950287761
288.0159053752988
278.81943586769245
263.09230177155456
255.159252468007
245.83103335168397
201.62577811806884
258.4887786355194
372.9971474676449
0.0
0.0
0.0
0.0
0.0
0.0
0.0
0.0
0.0
0.0
0.0
0.0
0.0
0.0
0.0
155.2988685669742
0.0
201.35064544078628
252.92077496365843
253.64353980078934
274.0843510989402
274.3134666243771
308.35310072188935
311.79114796794795
322.6229248139271
339.7905172496914
361.99643827442503
518.1022193814276
534.6229045297864
573.6078335657453
577.7691464818482
573.8465100738046
572.8049176005882
571.0547122888546
573.46740350049
573.5512415010822
538.1442506702315
516.1888818571759
518.7054824951992
484.306858406557
484.51706141458544
491.85097618872516
515.6503235002432
543.4642908687542
551.5661977046688
566.3097423257691
566.0707423761086
583.2433838372125
511.4100472467711
458.49507358586357
454.525210719838
480.309102172713
479.38740586902014
453.5540692109034
450.53188894178015
471.31813435425045
478.8755482156436
482.72314984145197
315.2047402827044
335.8917685438979
290.4456528282751
288.0310799745821
296.5237827730315
304.0580452351538
304.2004296780829
300.3571494824323
306.62877209040005
331.60943862551625
444.27955455994237
586.4483404509319
660.0873728105543
690.106904282654
707.3152784841868
842.6789744539537
863.8445912786893
889.0441699528508
968.4235995054826
1013.2442829955958
996.834068295414
992.9754709960141
993.1073454152997
993.1073454152997
960.808994303266
960.9624277239226
973.5413853393047
987.2054882041879
961.3653165566568
943.259990509421
939.5926755270096
940.370100161111
933.4335117260192
941.1635047224128
950.8116920056336
936.671522200944
931.720788641529
932.4874001989155
945.6691657906191
946.3244636345653
919.9687543711724
826.8815132629567
650.8063430865747
575.2487318866702
574.8984956989469
553.1838090072503
408.42273504548905
348.68405857763
320.2513626817283
217.99499887718454
0.0
0.0
0.0
0.0
0.0
0.0
0.0
0.0
0.0
0.0
0.0
0.0
0.0
0.0
0.0
0.0
0.0
0.0
0.0
0.0
0.0
0.0
0.0
0.0
0.0
0.0
0.0
278.61091897546515
310.38579549140167
321.77453476074885
0.0


