Rainfall Prediction

2201.0479427657538
2451.7234562401954
2609.7400123183247
2287.2695318732312
2565.638036032446
2696.7928427957922
2793.6652070922896
2380.3636363636365
2384.3350785340313
2363.587467362924
2453.921985815603
2378.9166666666665
2363.98125
2371.761329305136
2359.001572327044
2358.597037037037
2363.081855388813
2366.061141304348
2292.222435282838
2269.948717948718
2309.918612408272
2309.7105521977223
2289.590719809637
2279.460362400906
2219.3924122310304
2051.186059584036
1955.070509233352
1945.0410427066001
1669.6702241195303
1556.498452012384
1538.3553875236296
1455.2860542598762
1200.028625058658
1044.8454627133872
893.7107623318385
690.5071010860485
656.4564043209876
611.4276212832551
558.4071782178218
488.3581395348837
327.24275862068964
268.1930320150659
251.1852899575672
274.2077922077922
286.215628090999
319.25
361.2894168466523
356.2959866220736
430.352975495916
448.4094276094276
458.5885714285714
370.50048402710553
347.50699677072123
365.55254237288136
375.61910669975185
515.8924581005587
563.9621848739496
596.921895006402
657.07752956636
742.4884868421053
1056.713888888889
1126.6583333333333
1126.015748031496
1123.5828220858896
1126.6196319018404
1139.1417322834645
1439.222320841378
1357.2683043305253
1359.8356027074792
1348.5453949654593
1338.1288198200727
1324.0032102149771
1286.0972155152565
1326.6792652085253
1529.7671912326991
1521.6757250209685
1480.4181036092557
1714.573379001311
1734.145248640058
1921.9858595319415
1955.6941291946282
1945.8254960564468
1964.7938745771125
1988.8518119024639
1972.837754885699
1967.1179371365088
1833.086978372547
1773.9244928604303
1723.6021915455333
1662.0035979194859
1680.461191032765
1558.7703328818548
1538.1926048648543
1594.6751494987898
1715.3990832595962
1777.7276581294332
1780.8207446335086
1631.9326737104584
1632.1583532391874
1654.5172028544537
1693.1443538060973
1999.1525954385713
2159.500371590656
2214.287242293212
2158.372532861113
1919.8190610684308
1930.0759827566071
1960.6841092665645
1729.1081539564075
1709.318399981928
1557.303679039083
1738.8048453309948
1748.9843874674295
1732.1099149445158
1761.2485545704262
1939.9340466658145
1937.4623468309633
1935.7066226001048
1934.9169084770865
2204.8977083783707
2246.461023076731
2144.609679616764
1955.5339792264974
1920.8660013777262
1867.0125488841222
1745.2481075304217
1680.0666241873162
1667.1438552548443
1781.8618078395577
1852.2791752180083
1925.5002645491536
1942.7387711402937
1653.2937510674021
1630.2501037122634
1451.0692832309626
1581.0115436998578
1574.167124473096
1549.576980388846
1590.5892134887913
1393.2233863685447
1399.4952014435978
2165.1903587648285
979.4455013154512
969.7683012690253
963.3963183585397
902.215298557165
715.0920922570118
714.9700720045189
715.0800858795905
720.14652975661
448.58195694945584
405.728399747458
406.9315032636288
841.3567220921597
569.1481481481482
793.7954731533279
946.7044581525757
1002.8193427389069
1071.196745807301
1079.620071739412
1005.458290127396
987.8024478584412
922.3559498625723
934.2306942014236
979.321300349726
952.5786325117658
944.436140876764
996.2489745049071
1280.733549733697
1687.2118664530108
871.5869565217391
864.5560975609756
1418.5699811033612
1497.3249481618004
1529.4440601970496
1497.9995372629535
1519.599307956406
1622.919549537587
1620.212365576851
1665.8729151871128
1682.720288495617
1733.5710801387631
1755.7793577221694
1772.740244308028
1789.285584638942
1854.4784176899282
1835.0281800005894
1707.2657210565146
1711.1745694891179
1690.117083510616
1658.2404835755572
1565.519394535928
1566.5175344369172
1677.3154032528842
1690.1590825989902
1666.5550731700937
1662.5550731700937
1662.5550731700937
1626.5550731700937
1612.9487396108236
1600.4843945388766
1480.258348055463
1605.779439570381
1290.3280152173718
1231.6148825025616
1358.8505096196584
1435.1320884115514
1412.429605587557
1293.7868818563772
1301.8072669204857
1505.4279601993478
1482.2382246429218
1466.4483250388296
1443.3487987327107
1435.2443411213494
1273.136770933275
1211.476867259782
1283.2723670987825
1351.0131840042436
1439.6974543629276
1402.24971732151
1426.1090314374712
1427.8987086624195
1437.4744277536277
1326.596597197984
1308.4682689449282
1307.734033630125
1501.475925689983
1504.316413467124
1487.0919655276953
1487.1426186944882
1488.138184082837
1488.9204140308252
1367.315494167719
1264.6891691282578
1269.0640388226154
1180.9472572577863
1110.9598072300196
1127.4631977113459
1127.8748550092873
1120.6539745240154
868.7042693795772
904.9321700420835
886.4390213994566
882.8217058903039
875.1233095558424
885.387838001791
883.8131660242875
833.94190664848
845.2628446340389
369.0925925925926
369.22641509433964
338.8645833333333
356.5402298850575
346.1736526946108
391.5121107266436
421.8171206225681
516.4146341463414
339.1337209302326
337.06887052341597
337.06887052341597
354.73818181818183
354.7368421052632
354.7368421052632
360.7586206896552
675.9357429718875
688.8917525773196
753.4814814814815
816.8156028368794
826.7009966777408
874.0673400673401
1017.023569023569
1045.0866141732283
1061.644171779141
1056.378947368421
1056.378947368421
1056.378947368421
1157.463157894737
1303.2058823529412
1321.2307692307693
1353.1733333333334
1351.355421686747
1349.358585858586
1350.3157894736842
1419.752688172043
1418.8217821782177
1387.2931034482758
1353.55091383812
1261.182751540041
1339.3972055888223
1418.7409638554218
1424.3302919708028
1445.7030878859857
1445.0976645435244
1445.0868644067796
1421.8564426481323
1106.638242894057
1094.1934782608696
958.9246724890829
885.769146608315
940.9807228915663
947.0791180285344
870.9457579972184
863.9527896995709
1029.911708253359
1277.0053908355794
1329.3684210526317
1413.2447129909365
1381.8461538461538
1247.556270096463
1291.030534351145
1373.1629213483145
1384.5230769230768
1414.121212121212
1626.918297358734
1544.918297358734
1662.8945243197784
1738.9098476124295
1753.7034030980512
1748.431386658913
1656.014688050037
1639.0270068336504
1724.396156246939
1698.384446583926
1698.223570506368
1721.4904410879224
1746.7539744917653
1775.1407912188095
1732.9788693336914
1733.997804776605
1741.3022613870849
1651.7621533722167
2726.862935100937
1406.5168539325844
1374.5602409638554
1189.0261627906978
941.5080971659919
889.2777777777778
805.8520599250936
738.4766839378239
736.4436860068259
663.9968992248062
563.6533923303834
558.5582047685834
558.4116899618806
541.4044630404463
679.9947275922672
688.3645083932854
767.6021897810219
820.8052434456929
1071.6120689655172
1213.778947368421
1296.1281561857884
1652.4374119195688
1747.4668026908623
1864.4878113119257
1971.9631878323144
1969.8176049997137
1965.4652503182967
1971.6759739704353
1983.6229537956879
1981.9147620865003
1992.3063882119134
1992.2319915814558
1988.8022348511192
1990.5674881193204


