Temperature Prediction

377.4512623837949
377.4512623837949
377.4512623837949
377.4512623837949
424.0872738587778
448.8288488467977
493.0070671734736
479.337175512008
469.32095141262886
460.8470117283973
453.31356809490876
446.4856940285993
440.1868743809551
434.32823219835626
428.83402053303365
423.6464660458893
418.72908973528496
414.02771042097004
409.5223831667018
405.18898640185614
401.0074471724808
396.96089114426314
393.04114395813104
389.22338164873145
385.5035314191174
381.8724490399808
378.32215800562295
377.4672442531279
377.45859811681635
377.4598184527208
377.45962350362345


