Rainfall Prediction

521.1809416778542
524.5514019324091
523.8139717879309
526.8238922750811
527.0840923153396
519.2337965540398
520.895328188708
527.1300112122943
532.8205227237625
546.9613966885724
569.6985654845085
535.4004854746911
513.1184484757118
430.01192553034963
387.5434888453494
0.0
0.0
0.0
0.0
0.0
0.0
0.0
0.0
0.0
0.0
0.0
0.0
0.0
0.0
0.0
0.0
0.0
0.0
30.346904917283393
8.273983390799547
6.639179245684046
16.2477849500066
12.153638730842157
11.94960532635046
11.711019713800004
43.458859060153586
36.99366093780333
57.46165924383022
77.84290095442203
98.74893746811873
135.1411170657851
126.53437727490677
92.2142038003768
88.66641952175844
88.97717573220663
87.89791388664537
84.22781040175555
83.57910498494384
0.42462568752773916
102.09174528433515
14.05401063392963
79.77148265222141
60.75677125897014
86.20067497772344
24.796993110038652
7.1801240129615325
307.41729380352416
308.1276181950107
285.27144055792905
0.0
0.0
376.11740272520206
0.0
0.0
0.0
322.50247785875365
17.982001645713304
34.160545915347804
40.25696327229944
18.722559992004754
44.56872918437552
104.5431923796002
94.1504167309315
108.86106585511621
0.0
0.0
0.0
0.0
0.0
0.0
0.0
0.0
0.0
0.0
0.0
53.531784302658394
35.8348342272336
49.90872185271035
50.33389230844657
49.94815433764396
49.9718330308326
51.098820886831305
51.156647522036614
48.68623533466829
48.64218653627931
58.410139535368685
62.51269549950955
58.70693156835181
62.74013946515838
96.25243596057202
108.42513343506108
109.9372498374382
131.84487743982737
129.92576880029947
121.85541790677091
140.30273438677582
133.47959447764256
133.1801775763018
131.63851905944094
131.60090582554923
132.02239627513794
134.93913193828118
137.60106243805677
137.3603009077095
140.70807775547317
147.84994936785662
183.24194818465216
0.0
139.70774281379587
155.70522519115195
139.82124052223315
140.1743847090549
130.63809582037888
157.52797111120518
0.0
0.0
0.0
0.0
0.0
0.0
0.0
0.0
0.0
0.0
100.28002860533272
102.94068432225863
83.42477824174217
67.96526796309969
66.16330000917394
68.12892152864237
67.28390969465512
69.28558404825881
66.6916275702372
58.84450340894424
58.84450340894424
57.658993394768395
57.53225611976915
126.44125973996384
181.10761533785964
196.83333669230697
202.2962011569007
216.0858309944495
281.3020541460568
308.9043298897667
300.69960884568667
274.84280893370504
275.3924661326828
273.1109960230061
281.21667952234515
279.3653060865014
302.322125362716
265.33498520705
266.17202010112334
278.4984439741224
289.55615336952127
302.59648366643745
315.39441053798254
350.4994787200754
0.0
0.0
0.0
0.0
0.0
0.0
0.0
0.0
0.0
0.0
0.0
0.0
0.0
0.0
0.0
0.0
0.0
0.0
0.0
0.0
0.0
0.0
0.0
0.0
0.0
0.0
0.0
0.0
0.0
0.0
0.0
0.0
0.0
0.0
0.0
0.0
0.0
0.0
0.0
0.0
0.0
0.0
0.0
0.0
0.0
0.0
0.0
0.0
0.0
0.0
0.0
78.53680398653383
143.8409455110446
143.8409455110446
232.704076042602
238.97381777184057
256.30992797858545
272.25689586054415
267.65243212220884
273.7765694197532
274.323736034983
274.53583762580166
278.3939799316091
274.2264112625808
273.75720302424884
279.9872574922231
280.13741766245647
213.69033090168443
225.63749860874836
152.51817088085554
174.28283534189862
23.2122395703049
88.15379927584112
18.74282367598561
233.48235032374814
273.23367183951876
188.94275031792358
163.74477445062135
225.31520696210555
216.03679243239034
210.00019908582297
209.69060653757347
208.55436485593955
142.88849805815528
142.74653003198247
61.2341800501164
51.514843995491255
75.002383057452
75.87338913389907
64.64471791369172
65.02484862506105
223.245658875323
141.21433845436533
130.42678188198295
137.56286484395343
163.33559064364837
156.61749795216357
157.00062147837082
171.46612490147248
173.64037083816893
347.56081215492264
296.46847623101723
307.6609980392109
321.85520889404125
9.262606267885376
307.0304630121698
310.2917112173192
284.44173389769657
287.8971384864226
295.30696192411955
0.0
0.0
0.0
0.0
0.0
0.0
0.0
0.0
0.0
0.0
0.0
0.0
0.0
0.0
0.0
0.0
0.0
0.0
0.0
487.14233388351437
475.25057089383165
479.66665672224383
544.6698658446181
561.1592377596104
0.0
520.1409561148447
542.2884495781154
530.9380659418537
534.0395687059723
523.6257574220037
514.9713725672872
26.649339889661203
76.23880151517426
196.69780497299203
0.0
0.0
0.0
67.14473927836983
100.37746679951577
61.23712960528372
150.1256099503268
83.85794761310459
7.594164714812677
76.36944518894656
0.0
0.0
0.0
0.0
0.0
0.0
0.0
0.0
0.0
0.0
0.0
0.0
0.0
0.0
0.0
14.803982529177711
90.28917440659664
100.41515843766493
39.322425332013665
121.26101122561435
152.95626627160428
111.27852563499879
88.87139774038121
126.46582336323335
29.30242745017804
314.1370391751514
15.777025623603322
0.0
0.0
0.0
0.0
0.0
0.0
0.0
25.254961185586474
1.4144440148273965
3.6699076698426003
7.408738508781231
7.613546474176211


