Rainfall Prediction

771.517463928217
706.8837222374723
669.9700857199789
547.085050852982
539.5784148182421
481.2632310286483
583.0593113327449
589.0898169999591
587.3804240536247
587.3804240536247
587.3804240536247
590.7885941772809
571.3998599804302
563.1977924001047
545.1038722944348
546.8579984499664
531.0877106132046
462.02022377162353
449.52061010118996
448.78217189193737
470.03160016018694
496.5094082094788
496.3619398505288
520.5618158239404
571.8546743778171
618.364965192042
627.0538335466176
637.774923528446
651.3390214811016
644.2657570083918
620.2052221964666
457.9867509863845
420.1419073823267
437.014184220769
441.74657078866557
368.5774007948504
392.4473454026101
382.5330321714107
385.232162993739
389.6822246964733
482.59488875396
537.2779493870501
604.6552783754937
611.6363307304366
662.4157152776409
680.608474987644
694.972413837162
720.025274449896
726.254074365711
734.2390543896652
738.5718776085392
733.4728580558976
728.3109012797865
737.5696771171707
724.4088808806675
683.5309431241653
693.7009274944196
751.633156688554
746.434299490044
751.7500504130319
801.4013919784632
805.2694864543602
809.1489738603875
868.4727486021559
871.3842601137123
895.5372515029094
895.5372515029094
885.6506669774972
893.1209420850408
892.1364816623214
887.6160151633599
855.6040345550477
822.2948028941898
776.9048599966158
771.9437296848505
738.4134168420428
756.8693513455369
748.2979708797475
723.3382365387444
721.7243315245644
727.6602944044129
757.928508945211
783.1188153955795
808.2407176841898
797.8011079968883
817.5289343951664
857.1411156529255
815.4710933766787
766.8359632228367
761.1403610041402
722.7640847464133
663.558797142394
660.3795277888755
656.4647204223777
570.6131890787702
537.8221666652992
481.9069999292632
482.6037187316538
512.7836591836119
522.11149713897
543.7051973042787
579.3763351907853
658.4742139975124
778.8541979743187
840.6510327490267
859.5902766363665
858.7827244923265
835.9597141242414
824.1066027095251
836.4830456405564
845.483423167833
835.6905438264093
805.2453563654489
779.5611461381966
758.9773277621998
770.9876233592474
765.6008545309196
711.5424115310658
711.5854754556403
710.5865445176993
713.4932765104544
721.345590550985
759.6885318890259
819.8093105033399
818.8484192178958
817.885050111104
813.6813705156719
782.0936182210148
781.8224791378348
768.5896528891681
745.1069627007953
765.8412511198643
730.9076759520821
729.4192979284867
620.3468172760403
519.2446262259
478.8736325768608
483.3724695875921
483.3724695875921
478.39138118399154
492.03371694839655
463.15235864153715
469.61892457033264
478.6789172537474
503.5158573172677
479.5952509091598
492.90352839660517
447.0294802325837
450.69532426643894
452.41237678139663
481.41161343511146
472.1060021293859
445.17671450465474
446.96170597089247
441.03081046065415
441.03081046065415
455.21480357989776
461.36645288689647
461.8782001939103
464.08632312837653
458.01765671878525
464.1108357866873
459.98986931783236
505.2235740937842
485.3599455691253
524.3284382108541
534.5382764079743
542.2539512113658
550.6543542221862
562.3360738381057
567.1495921117697
540.0971739185363
556.6645082907085
585.2669872575343
587.1910373270273
536.0776631649071
539.7398195027807
534.0228856282058
534.0228856282058
528.5826298162744
513.1260532626884
461.4602120194551
461.4602120194551
513.9589711230167
501.55164289683637
483.9708875566916
559.6104736732461
639.0914938319638
647.2230359416969
646.8094772996074
645.0130320391961
646.7412750511271
640.7369913900659
667.9820203278427
662.0666772151282
665.080112144073
625.9311507976477
656.5788740880525
652.2607290733397
669.7807961067058
694.1564485809142
702.998813126948
704.8126400057388
693.3477123048717
657.4428118695696
650.3055137124563
648.9526771482015
643.1542698394172
637.1824020129575
643.1151064006364
670.8166225249847
670.8166225249847
692.6260347347763
726.6198441624022
715.9624780672741
722.1959837952031
722.1959837952031
670.7293768122479
598.6677687915887
663.0012081627411
704.344884285114
721.8802365947685
720.510629638261
729.9845776486775
875.7738565099294
1001.3917822952518
1005.3587859295731
996.6662119192847
952.4358391367923
967.6434673069678
951.104510320296
902.7261483233192
910.2529214031124
910.1525907554977
919.1948408909367
919.5164481162433
909.8009433086586
923.4871052174035
923.2613719211249
941.5542501429152
951.604898311866
905.1455096669729
915.3254657935285
896.8658778137453
827.9313671703583
819.1529481294679
859.5047990760723
874.7160930313759
878.1661693899187
935.6624255159215
933.8686609274839
878.5238871182858
881.8645205234147
903.5945070323912
900.6819497312295
816.6132364400434
692.5828340942733
699.6439706729885
702.7461783967801
708.8863614309213
680.8367643880516
665.7902416045916
665.7902416045916
630.2690237711524
688.5880498001447
735.1687074301918
753.3279201741211
750.4767251383785
733.9282171355514
697.3603617968574
673.5419870178928
643.779884061676
643.779884061676
625.4480134276573
618.9841155961825
618.9841155961825
572.2045489972207
536.8852081745829
578.734371598437
589.9713015772561
602.8221482952708
586.9411137426841
586.9411137426841
618.72184388674
638.1217813517108
720.1687195468126
758.1182936763141
896.939456736962
883.7940187252982
882.7341461655694
874.1597048195257
870.8993040385249
946.8904565113808
967.4289410246049
978.8722661642975
927.3211003742165
894.9264960881872
882.3888083762403
901.920265320317
910.2458012044805
969.8312246331059
1028.0305994777514
1033.126340661931
1107.5448138971115
1118.9889945498437
1118.9889945498437
1118.9889945498437
1118.9889945498437
1111.0413982783043
1068.7961491036353
1056.3098816523454
1003.4039457225741
1003.4039457225741
1024.3532963718926
1006.0046588119797
978.6216792049952
919.2547474814139
831.1290318016829
739.8646124348581
803.6804212157335
803.7756233434911
803.7756233434911
821.9621346598448
780.6383840988857
787.6822878710502
800.6308530569199
785.3454556114823
785.6964288929813
801.7113778706749
786.5984240646205
779.9843725930252
727.0169708750623
655.7190977218819
649.0357903715058
526.6495016234431
503.9849483706173
503.9849483706173
503.9849483706173
521.544264602875
521.544264602875
523.6604475742668
523.6604475742668
540.0323675038877
603.7520004714711
573.645900346889
620.5472608577561
631.6881797450494
605.8059366218416
692.8796684528506
702.8906396425111
727.5512649118787
797.5040989108118
797.5040989108118
778.0149149887183
771.6044425499904
742.2694213931452
719.751428873216
742.1457860581003
763.7789682924156
754.7632317828518
769.3240091863354
769.3240091863354
766.3085808302536
776.2386166480073
777.6989997137962
793.0053063085095
878.05405229172
891.3810266569983
925.1515531195998
949.6730082376827
1061.0249537507439
1090.086115837877
1091.1601403825798
1091.1773286716007
1091.050283515621
1098.8220559740487
1077.8909742917112
1059.7354886489777
1097.5773180146032
1065.1245068523683
1041.3442553765196
977.8543862886994
916.3538150531422
916.3538150531422
930.1888284622196
946.6128270550499
983.6708714454642
989.1313398951861
978.6863652383952
996.1669433383017
996.0860675459352
975.3275462457161
1011.4251469254759
1027.7128566455058
1034.2419131880993
1036.7998374325198
1074.1891036841391
1037.917801147948
1044.6352279240741
1034.654834777415
1035.6263648946865
825.1667303177268
792.4260973285078
830.1052276024589
844.0794884890711
794.3514187135593
813.322980559293
827.7604443845
801.5302573607148
736.6015845753525
691.1177536681603
720.6226920394092
712.6276470386601
712.6276470386601
712.982961737954
707.2684817212262
699.7920105566052
649.5444701142135
644.6382882322163
622.5079001678978
595.4083159143495
574.8240406847779
573.7119726816452
546.719532894645
534.871988394523
525.8122515323839
522.9544469699302
499.15665924353226
490.62233611955844
489.0551624426362
517.420770828174
487.0243714329299
484.1070206639256
522.9472057000717
535.6851249537104
533.4302072603443
609.794133124984
589.8280947492811
631.7017010155239
705.7429782805871
715.8847874227101
707.0856342330807
719.9271981019493
740.2121436338538
780.0328374776749
847.268246594265
979.2228489071795
1016.1288408400884
1123.1932673436258
1143.0766096067787
1160.6160811030895
1161.4094708311386
1169.0206702209534
1184.360088674338
1187.1346456477504
1201.3822381558593
1215.1436372984704
1252.321993963355
1231.0324465299295
1237.1265107510717
1241.3750269304123
1234.057711516688
1259.0883205830878
1290.3123724243876
1279.2125795114275
1251.3405768318485
1234.119871892722
1192.2771782522334
1169.269685281572
1127.979753192743
1082.5312767303772
1102.0870309697768
1094.361743798232
1076.4687389801816
1097.5499736830047
1060.3460127692413
1011.2800537893679
885.1308789923912
844.943946395198
705.6078729680935
683.2012568774221
651.4988711071578
662.6888176309473
664.4893021579248
658.8511491217014
669.9411773251726
699.9054578741861
712.5005246064186
664.5993691599233
666.5661170863494
676.5658393715837
676.5658393715837
677.008142448726
681.0704715615491
684.0031747293922
697.4321431209036
698.5486833536082
695.0816503485598
689.4986011084482
689.4986011084482
677.8298301352283
683.21445176145
656.0804889870661
679.0003729630076
679.0003729630076
651.0673596084846
651.0673596084846
648.0312198486552
645.3540470564396
645.3540470564396
737.2852880945765
760.9135007323678
815.5276358724919
796.6974473570835
775.5636025775744
740.6835158618328
778.6512378198872
766.3957476303015
784.0777291492888
815.4303457295712
811.4254089906838
768.0506663811316
699.7207361285515
686.82012124363
694.7993528385854
658.0713800091141
653.2525266206685
654.7373165150474
659.2891821237431
680.4006520035912
680.4006520035912
716.1486963076728
705.0684279371958
709.9827306650541
717.5576603418218
768.2800850017331
768.2800850017331
794.16618711113
793.7115426055257
795.9132035591995
805.0435551088394
735.37614070774
713.035515071359
636.9694957570562
644.8952881067863
644.4014954895648
623.1184719531727
617.8086229675961
656.2365042034307
653.8833850334299
675.8660028217212
703.9975292238951
714.151966682382
714.8249408777463
716.0586227739075
715.3856611507094
758.8927589491684
748.4411246672319
789.9391636575579
827.4017879306193
835.5472280562833
844.8618722714493
854.8101583839116
852.5009150061903
846.8514784218435
832.2897310103467
796.7513279121408
796.7513279121408
787.0330357479505
810.4874913874902
808.4855243230849
830.3133628094325
814.71678268864
795.5885564502219
800.0547656420226
784.4373621799873
769.4508703175777
740.6140676567893
699.1145155485647
649.7903534862543
630.6032461892592
624.733507440011
593.7465706282406
603.7060812410687
606.7652772274901
630.730147716164
618.769854104536
554.9458483886742
549.7125703255386
490.418272787832
453.71198972568186
458.37558169795324
446.985409926462
403.76182654092395
403.76182654092395
438.7655086648455
443.1151189903795
491.6562152459741
534.9706954539655
516.0811900411245
560.570957387764
583.07925188257
565.5522759153994
587.9821525857573
589.432241996272
590.3266650733259
590.3266650733259
590.3266650733259
605.9976945589594
603.8624189025466
745.4371692048528
756.7555943683947
805.443098938346
809.2414994724996
796.4742463354788
791.6294835592655
771.9778562111378
771.9778562111378
778.2818075861629
792.0802479211495
792.5456434657698
818.2183299536505
807.5503725238709
852.1637804052918
852.1637804052918
852.1637804052918
829.0828637196963
825.8245121917447
784.8522173914902
737.2676306723848
760.0719919276236
675.873712487868
664.6637620911531
658.3846177011956
635.8448384504156
660.7260935406367
657.8234982778731
657.8234982778731
657.8234982778731
646.3989399197951
638.934766713591
493.9051081292596
498.3838690049728
354.80428650692227
310.7409708027649
380.1542415299009
438.4313602869528
441.9098331444619
443.2665713253935
413.79175202958413
399.4232636374049
399.0364945372588
388.1321111139691
384.01418270375973
355.65719386548676
355.65719386548676
356.8811788719122
400.21604512150725
400.21604512150725
400.21604512150725
400.21604512150725
384.2090258356015
456.4808244432047
451.1698080502166
451.3320564043798
458.23178550968237
446.4306492635053
446.4306492635053
486.25046273114737
553.9457717159726
600.3185329822734
600.3185329822734
600.3185329822734
573.0700100690165
498.5518512071012
479.0664370473941
490.9576999669142
466.0040543386822
461.8791646345122
505.1845369469987
528.0173382238751
552.3446616569352
552.3446616569352
551.6554561672598
551.6554561672598
551.6554561672598
576.3126972883425
577.0848688665436
602.4845750051636
602.7740498844457
602.7740498844457
602.7740498844457
606.900894545633
590.8084876963765
597.017223934261
596.1835983638537
575.1297932447501
609.1495737878354
693.7461019782761
687.4018586109892
656.4104099086413
628.7863085289914
780.8547118323496
802.0545416923558
802.6461834715433
807.3539727693721
839.8310866287384
842.3594482348956
883.3585125968378
894.2081138005798
921.1049694519552
898.9664002737056
903.8578478671831
904.4610241210606
947.076378093074
950.7936063214024
952.1393570971914
959.3259248900933
975.5830304869312
896.8319179319395
913.7537281277777
918.459632319251
920.6314822787576
914.7734784494817
961.8773816437043
956.6233554100397
955.9964923552748
955.6828146923997
937.3428271480954
884.0125714915569
878.0582575402584
878.0582575402584
878.0582575402584
675.8677725295856
650.0945605994193
667.4971839551026
664.6559198704017
643.7990875107605
597.0545544992973
561.8055577034587
552.2634209063256
489.1721464589235
489.1721464589235
465.2978125925673
463.85119893507533
416.4065338184055
413.9761435471096
413.585305554862
364.5703167366232
338.6159147301657
327.9964230344393
296.49532860470407
330.0656182821281
371.411790206509
406.3342045458993
360.92960594681057
364.0767718157924
388.9194815023263
393.06663751280644
418.74656074083157
464.2075271385417
482.7751703706259
482.7751703706259
482.7751703706259
475.74785871684446
452.1268718573085
426.25064092724085
427.76874096501274
445.24713092776545
445.24713092776545
452.8885307141647
473.25026759647307
458.70598570123815
478.08267963045864
484.7386613690987
494.11975023300306
542.4107332582719
540.1559927635227
585.3594977968445
613.4101846294709
625.8231610597259
586.1733649246728
586.1733649246728
606.8782809494163
587.5629837073324
629.8989959296432
636.555904680119
649.8535443714019
638.4239079066167
663.5616510276943
696.0576396788642
659.9664998524362
634.327181828143
634.327181828143
643.9720185764784
673.1727543559896
720.0095231864115
738.1695880676331
746.1837200151775
734.5157380705741
758.6506963991869
747.5461532297514
717.8457036824882
730.5495636861423
788.1968135883766
791.3951849943878
784.5860622293073
746.0246754372116
744.1574564429286
733.6891050765299
715.7449943103337
703.967790560512
705.468894262898
711.3701301639949
648.3010127804333
646.4282657425097
619.811555036629
615.0853368422587
696.2320859777931
721.8804728390394
761.3777534543261
777.5198271419033
788.7031813009971
796.9849806722556
829.1787773215892
836.8718055495783
812.0947131828862
764.2919780196992
748.8900158086756
746.647011100868
762.1223974879475
808.8766768444766
868.4845537381991
890.60581081851
893.9393344282549
835.3828392266968
833.4917702792658
833.8864502800941
839.4265384034499
839.4265384034499
895.9932400948753
927.551007190837
933.6004546348438
941.5277562617739
1117.2587226495405
1187.7504356168424
1192.0837585594793
1266.8952824970004
1292.2575557089326
1253.5396352559833
1294.395951386503
1301.9634235955825
1252.5221127210689
1232.8609565373176
1229.3166027087977
1209.8698551469283
1193.3249933122397
1196.1856524351151
1224.7799372883949
1240.5463466381543
1257.2926343788326
1254.8430081549031
1176.4884262814983
1124.6730346977997
1114.263296090528
1114.0479148468949
1120.6987950561872
1113.255079179808
1156.2754392963827
1155.190920072311
1164.9264631347037
1109.7524582328965
1052.4707577383365
1057.5652808685008
1053.9118367586384
922.9775921505048
826.0086250744545
829.5045092920968
772.2411741229905
750.1730155424241
741.7624627761122
682.4605865179587
625.9477881292
701.7948694387936
716.1238450234681
728.4313318035079
746.9978383657922
771.158931618306
775.2430595624334
748.7792820227842
736.0856325766556
696.1239756777627
667.6341891964859
666.2509685482421
653.7439197475849
637.6570394164002
640.5677559962711
639.4055141643329
684.7585001121072
658.8084937090343
675.3442168405547
663.5466567173835
798.1835260438072
789.5069664797854
773.0673324375538
767.3558523904603
779.085303123537
782.5931227235367
792.2125272969674
803.6436736391308
814.1583416804833
827.7324988481952
854.3064494262076
851.6608953112075
833.2817069912848
826.7546163691962
816.1743664949038
783.7151818015195
805.7806045752204
808.390086461328
796.528045563093
789.3048911495873
805.5056904333397
805.5056904333397
805.5056904333397
805.5056904333397
805.5056904333397
802.8432581719192
793.6014253961499
756.7947074692189
786.944714961003
785.3646379989734
831.675482785924
768.6792241670747
755.3153647016319
755.3153647016319
755.3153647016319
764.7341611756866
755.1342976510961
733.2093600604702
720.4065384006959
724.7687499171504
728.6554625666109
700.2174675777471
699.8408945891667
650.1248272118823
636.526948409562
661.3840404639163
679.7259081042871
671.9065360087241
661.0186509273569
668.4135636976648
670.7461804463928
657.8464641758408
657.8464641758408
657.8464641758408
657.8464641758408
708.1425244967222
720.4500654281574
759.186858321835
776.4045100215187
707.8382644934638
665.4007529983645
609.3212531405939
579.9437320700501
579.9437320700501
599.1551094225131
617.663677581807
595.5248707826614
582.2447694577831
590.3665172262333
597.273967597388
587.2353676542901
577.7761135883397
587.3236545043949
604.6877819831282
621.3011252146464
639.9808273262977
620.1145318095433
599.7157680645878
551.3347772092094
551.3347772092094
540.4761221705403
537.2286642256411
532.6722549663305
556.5680288406061
579.409633890595
614.9728012166514
546.1275377826421
527.1269312290592
502.702154335451
485.68285591802385
484.92669982831336
484.92669982831336
495.0045070720544
604.6101212809253
604.6101212809253
588.1965574209075
570.2900099903406
564.7433259460661
560.5427080478822
553.2895542334701
539.226109254135
525.504888709729
514.1412311798236
519.3609091483897
511.7408485942246
499.4621890654503
485.5717423358229
487.48433512250494
493.23064899475617
475.7338663439365
475.7338663439365
476.4798679853063
480.1678210683514
480.77770409499306
465.84785298213507
438.3736244079586
436.71299561131275
424.33086425195614
424.33086425195614
402.3130508773586
362.81351105740237
362.81351105740237
362.81351105740237
400.30185900090925
288.7987043597269
288.7987043597269
281.0626082261798
322.7091496951073
390.86989982021487
417.5924273669756
438.0421903793384
445.4229794367393
502.74381604649756
543.1280642937331
530.2935151127979
525.1696091940869
526.2548573152721
518.1547314638519
511.2413581085569
568.0580834615248
594.7710201031344
594.7710201031344
594.0035227749039
590.699605518904
590.699605518904
586.8476205768126
586.8476205768126
568.4212231954269
568.4212231954269
562.390694968852
562.390694968852
554.7400624606252
554.7400624606252
555.5135111213042
558.0212153714656
596.3005158267438
625.1997045686317
625.1997045686317
588.6008801141274
558.9142997771686
542.9899092749063
542.0915848368938
535.5673517241606
468.73085228050263
389.5424010833184
373.69875732619994
375.8983343811801
319.5656621464652
335.7435707701387
335.7435707701387
209.72715090046677
232.4919082085798
232.85783941033583
419.6040330833428
544.4884096343073
626.3082962839063
697.9671439577733
723.5123176813534
770.5350972031731
806.1581482505491
811.8101255836513
885.8211293291663
888.1560169714339
915.9700796325485
939.9892618052115
913.3620866932554
883.789663307181
887.1588594126399
887.5318649652824
887.9046026703754
920.0686366609089
917.60737706337
905.1310372632654
905.1310372632654
923.5656928889687
923.9141808998052
998.6240968575695
970.3801362610807
982.1507449760338
958.6999558479782
959.3549726863841
939.0356637731328
873.9304420682347
873.1640796350305
844.3008184713451
800.9571797078424
763.0094701860863
714.9100409344187
695.2018058145383
653.5595357223954
611.4709714108465
612.9035594854096
509.8826204965556
505.44377861199223
441.4213304653558
490.1349539806075
554.6892449904974
628.0428830003623
600.0211452427181
603.1510600933225
618.2743935060719
578.5914937993211
598.9718758352815
598.9718758352815
598.9718758352815
625.8952737602046
638.6274974069692
546.827567414196
536.782411690878
512.1060516117722
511.32396175091253
509.9168823686542
518.2518159978829
540.868696616501
549.8531442019619
565.1871012776705
573.5941678859384
590.8847850771333
635.4859476002181
683.5754576602297
705.208313361245
725.7050681283083
714.7226910365155
721.7611357593531
729.1554634385268
729.1554634385268
692.5329721016437
660.611046015106
613.5976144222216
658.1387014235747
711.1308549779699
731.7476377453437
710.424021923271
689.4728139378586
689.4728139378586
689.4728139378586
647.6749700156112
639.2247521028166
596.9450364603216
596.9450364603216
596.9450364603216
603.4281855777606
603.4281855777606
594.1026140681666
577.2215877475915
569.2683748755964
554.8001657554098
545.4365687887306
525.1595629334857
466.8172254585428
410.64162525206723
380.9223444043807
343.8581963969724
350.49514486230885
456.34631530540963
498.5867659772585
548.9503813826136
646.065963069686
659.1475033114039
658.3711819763623
595.011166184898
484.5708680389188
409.63015637007015
391.2277974961272
364.1391799589519
392.04735836098473
395.99325224175357
388.8984411827797
388.5724779319226
388.5724779319226
388.5724779319226
388.8984411827797
387.9196233305257
406.02026687395215
414.4185911238564
413.5656600414489
420.3925188798938
467.4216195730402
482.3599708355862
483.7963721135184
507.7287207870148
507.7287207870148
498.1049057783182
517.9469659514548
510.5052778012341
465.4635549478955
434.1759224907206
393.37811165093876
247.9807023493329
216.24061677101304
215.05838396325584
243.39025764952007
243.39025764952007
243.39025764952007
243.39025764952007
237.19884360890643
223.00215418412859
221.6798792581118
283.3266700064852
284.1704689993265
285.74027686645434
303.55756030808277
321.4806776750248
315.87172622884736
315.3773575189159
304.8703044766506
312.3535095637849
312.39753776299915
400.1191562342493
392.06141089289923
392.8326545402359
370.256839785593
390.79986337910157
401.6053896539962
434.2474763167497
433.5251922068813
478.6497823512868
478.6497823512868
478.6497823512868
478.93820491787125
470.42232849340644
470.42232849340644
474.42081451577553
474.42081451577553
474.98893902003044
573.2158913094756
632.7670959867737
649.9795575315238
655.1632463288722
644.7276990985204
695.6032960498753
716.7405726645597
710.5592319713894
691.0744067480884
691.0744067480884
687.8318609832468
687.8318609832468
678.3054693771082
677.1931112610142
607.0697470674266
603.9729814810887
610.0873084537882
617.2925290234411
600.0605747322951
596.4429626083983
559.6840532927663
567.1452745730007
476.52148896415736
476.52148896415736
476.52148896415736
511.7564824984845
512.4625587684883
551.5211054242021
579.8366861330883
599.522138704285
597.9340804656454
577.4859651867129
553.6943519427455
587.2314217821358
596.2844005493796
605.7435034574207
578.8102001512624
568.6082950755008
563.2979392821043
563.2979392821043
563.2979392821043
568.0627125793615
577.3525753584893
577.3525753584893
577.3525753584893
577.3525753584893
577.3525753584893
572.223386886754
567.3728489208257
564.7483788502525
550.9950014554584
482.69059745670677
434.44637588865993
426.8915703570664
431.96036087273575
431.96036087273575
371.7484444210324
393.5282698616544
378.5647747771318
311.36834543897237
279.3500331607579
287.00552931156074
390.0642515452858
408.42888847242574
337.8632791685003
325.33900832880056
295.3947329681465
313.78906468064736
293.57203074993436
291.1493468273646
291.1493468273646
291.1493468273646
289.2041660240417
344.1997838230273
344.1997838230273
404.9106103692866
426.9090590278124
511.1818997432322
561.8746917944775
598.7953161912283
604.8401803575042
606.144560422926
618.9502264556363
620.207888753191
619.0399693433865
637.6323367605244
672.6023046842407
699.1142531230214
645.7346227197427
657.0526704577255
820.1227798563473
820.7520654576231
871.2801930204506
837.7866368997506
830.0090899906229
830.0090899906229
831.0594361521419
845.5893995663768
837.628996503458
837.628996503458
839.6161494994064
839.6161494994064
839.6161494994064
839.0208625220699
806.1351944211438
806.1351944211438
758.1006134195134
743.6400699532799
683.9270734258663
637.9443365644015
598.7841336183815
645.8714412587346
729.061726820918
720.0168227968359
727.9242588837162
731.4139694992
705.5833513680344
659.3037402970692
611.9077399330008
617.67274051854
627.6464231258412
509.92217308956214
521.3864105693665
492.825802117919
502.0946197047682
529.7112945680192
570.0269740139281
578.4929781011667
564.8918974705664
559.7551285212626
571.4691486604618
572.1716125423188
572.1716125423188
572.1716125423188
572.1716125423188
572.1716125423188
580.0287563115451
585.1627481450826
585.1627481450826
585.1627481450826
585.1627481450826
585.1627481450826
530.5371164835308
411.6440181090452
427.9711229968872
415.2581548309639
425.35309992134603
465.39739830823237
609.289987461406
653.4193581925767
653.5458139824234
648.1267493745138
645.4708434087529
653.5784706394916
593.9147041769854
576.7193401292391
538.9431469703977
464.1294499689852
481.7031350741271
479.3890228486458
479.3890228486458
451.23893011493726
598.7366076725801
629.0177144235588
702.0753480286996
764.7937630836099
772.221322982728
768.4390872851862
769.7579522353443
783.557995010794
787.5454809025703
826.850139623796
891.4171688972385
914.1334280101847
914.6047875672539
905.0649090695404
929.4326950373201
926.6318456530497
926.3969599821556
867.7538164265618
845.6598638544248
857.3070826034176
863.9872623083079
858.320612076912
828.9941936155127
828.9941936155127
827.4744735513625
827.4744735513625
827.4744735513625
816.8545255322501
813.4915192011148
857.2226089018109
854.9406093341341
779.2677325233942
768.0712740475186
756.547589418445
705.7692071506339
698.5081684071696
696.7246399345379
689.5037970411622
666.6596536586767
663.3122245086795
598.737991996154
587.5504331727262
570.6234526827043
570.2208846277782
568.6063569472354
591.9919213720478
609.7874947651982
594.4298401434663
684.5808003721327
678.0241105878068
656.3866678799598
639.7134232062515
900.7014160238032
930.3027243430156
956.7663744886108
994.3860949457222
1001.8895659092161
1009.454025540613
1019.0653061353315
1032.5611120613385
1030.950682497742
1045.4547174137747
1037.0482500379353
1034.9689545646188
1001.3575515897398
995.1690557485266
994.7475673485314
1003.1133630553027
1021.0655698207166
1024.6581757267609
1032.1140824690647
1061.4516470344322
1045.7515809477718
1044.2335589703407
1044.2335589703407
1032.0762519854593
1003.5456222657178
987.877444710141
989.0317601900807
884.7680243231043
889.8821960010554
886.2017415218038
874.2917575630562
634.3874707649497
602.3583281273028
567.3238480278145
564.3214323812472
592.0875416073782
602.396036576449
595.2383141514828
579.1910056219986
501.20281700792543
464.31828882334617
531.7049100805318
557.2295677766841
575.5643143281577
594.5190732111241
592.3985253715136
587.656151199573
577.0719594368593
595.3436252245979
595.3436252245979
589.0640819342108
563.8705905145862
563.8705905145862
566.0860996330283
567.852068109796
590.1027777810285
590.1027777810285
622.3345284580253
618.159045682208
694.3008881475507
695.9446184389113
693.1240126351818
691.2361489550234
706.2116670045649
716.7666582827945
691.5545802714896
664.7618381889415
653.4818319493229
642.2011547894572
626.1518553200839
617.7103275487461
594.9402986789904
526.60622840391
510.9835010825971
492.51871718382824
477.479123927399
604.1351175357412
629.7064748136057
709.3613066950127
675.1661207100695
692.1355731969741
649.2093903820855
652.888833558643
693.7937734351017
690.024254547549
686.9854285286569
645.8058557325747
644.9643420308967
634.3512460950617
636.8471405529692
590.0713713613978
587.9886981227042
596.9038282322888
589.3266198174679
574.7883573478035
556.5094402585713
553.1282677767073
553.1282677767073
550.4267409755414
550.4267409755414
550.4267409755414
550.4267409755414
550.4267409755414
550.4267409755414
523.719552489558
524.2461806777997
531.5234718333945
453.26629255684617
419.0509336984143
318.3788904320096
361.28074988611434
339.1994948457527
338.32510106570265
349.89695038112734
303.14544140938773
305.15683845972217
305.15683845972217
306.1559935362485
413.34150586157176
426.09011050351967
422.4534021565562
399.44247851587045
399.4775877887889
389.63956952580054
388.1991132575771
367.3473945697057
367.9914087161249
396.6249486513106
396.6249486513106
396.6249486513106
396.6249486513106
396.6249486513106
410.6806085764456
427.3434240015315
493.60906935108693
562.5466711666829
594.2675225739856
587.472122054594
584.1713489884083
586.6372617088504
635.4464875489125
588.4444908084424
586.9385704024332
591.4526034365338
578.7611189421197
582.3780170513949
627.2366583596252
704.8365373332624
733.5912370631245
555.2188245159907
499.9690447286769
500.1674766123476
500.1674766123476
502.50340504061484
506.72755492214606
615.3295872621766
665.3347752566788
677.0993311037528
674.0074561337278
715.9818017063276
715.9818017063276
715.9818017063276
723.5218572678502
721.6645267729834
709.3375145949492
675.9277247763023
659.4178744420856
637.3831358656292
640.5438074084939
696.624822390894
697.2918757424084
661.6021994771112
659.9326293004899
672.5723747211695
669.1721401654588
679.0314853153068
689.3147444164288
635.3245423352762
523.7136720497228
455.52759922673874
453.49960057882754
453.49960057882754
452.81998358256624
452.81998358256624
415.3673617114671
400.5646385969818
377.19145818936965
375.8117297431668
370.4969198161486
365.8781431240195
343.9212599924241
343.9212599924241
375.2858121395142
376.33644118357387
372.3713413356071
359.7125245257872
358.9162537481203
349.2693912803193
347.34208044660363
340.63446080407505
272.56179719599413
264.829482775686
248.39515854635437
249.06097411507506
264.63626553585436
283.1622877662585
296.0567297022574
363.69339553692043
393.4000346275077
442.037898335985
448.175631238893
448.175631238893
448.175631238893
448.175631238893
448.175631238893
446.82463664647844
556.309161796633
598.2598426634108
628.6454825129326
629.0763921190161
658.1401368995357
669.9950053501434
678.1021563784147
651.8076503038778
646.0117713950489
646.0117713950489
655.0664238726605
666.3938892293786
660.3913673935103
706.4155994162129
707.0469844614702
730.4774311745566
773.2792273934517
773.2792273934517
772.599406934042
718.0064854780451
683.4670788358467
675.8104070165286
649.0981586449452
635.6396344742492
503.7244280344402
500.8703855634319
504.0077567266555
504.0077567266555
504.0077567266555
504.0077567266555
503.7465358922063
447.2130175475025
410.46504016421613
321.0468200248502
350.6326433346242
335.5707705178566
381.42474139532925
409.4412417116623
406.0098097699105
451.2152552395771
459.2704079066706
462.2245646901272
462.6429493574937
506.32255561799786
478.89722229333995
480.31286011020904
473.4002161543426
473.1808294530855
490.1924264354386
553.156827370745
691.360918694749
758.5325405991538
803.8806622780518
849.2585944712282
917.3127968697816
934.5994038579074
948.247887509137
948.6248447852781
962.3738717458276
976.2834276637577
1065.780778092707
1102.595396324563
1103.5574446655826
1105.2864949937252
1067.633839457994
1039.9129504307773
1039.9129504307773
1062.2679303010177
1033.4785892585674
1033.4785892585674
1011.0080385233857
1002.8803541884212
1030.1824842395235
1074.8455860718434
1031.7406769407257
1046.1114412952643
1051.280205862699
1041.3815297526198
1015.4519076340689
995.2595786454008
936.6058714111482
876.9709055567146
829.9851051259191
780.3175234730766
736.0619417270129
694.1500750415847
679.9560568145675
680.7849352305008
713.7428962752207
724.4378158543157
716.4916178185288
600.4326261136482
568.5354580488942
589.602090521719
605.8504434695931
607.2854106462158
607.2854106462158
631.2941826629833
608.7139717662891
648.5477810185271
667.4062572483745
628.2287016501456
627.7842127832535
606.4888978121837
533.6864491577085
552.5651944871161
517.781396771075
494.5479552450271
494.5479552450271
494.5479552450271
495.3310516289604
481.67117528983874
471.54519756967045
517.0630852146915
535.8247468087081
616.7716302298759
621.3418823165091
649.137740865215
621.3418823165091
702.9400534256624
667.0227726383325
654.3737742449462
648.3627630657685
648.3627630657685
627.9070118536627
608.7927051180576
607.2243654923171
607.2243654923171
578.5258251932977
575.0366541094348
535.2497058586769
505.5572724965775
491.8122542408653
538.317261909777
585.6840218695097
610.4748144737631
580.9223930602373
620.1288514834332
630.0566687608923
637.1389553449397
637.1389553449397
636.7772669733849
637.0953129578943
639.9434004786142
618.364965192042
607.534525996495
549.2344257483189
542.2956659100049
507.85340790643147
507.333516510377
325.87960265726144
329.988997564293
335.02213080783
335.02213080783
335.02213080783
482.34893403367937
533.6470077773556
558.6966685931773
593.7472951873765
644.2101016448821
678.9465476493083
661.5404467005915
659.9583917976447
687.2040900118405
663.012562242345
627.2778059177674
581.4454347369497
565.1209756250994
509.21263962618065
491.86806422755035
478.07567655093874
478.07567655093874
478.07567655093874
477.42358796192536
471.44573323801296
471.44573323801296
471.44573323801296
471.44573323801296
471.44573323801296
471.44573323801296
471.44573323801296
472.11993199395897
481.93993963564475
486.648916305534
516.0579960397803
569.3191819175452
517.1301764374109
513.9259875222923
510.65646396709263
554.086200001275
537.5872627221836
568.6994491270547
563.0318045517103
580.7333798638826
562.1242419404167
566.9879746232361
566.9879746232361
563.1626413617674
565.7298700060535
580.50129716533
581.175974178622
581.175974178622
581.175974178622
581.175974178622
581.175974178622
581.175974178622
587.5333456372525
603.5165422943337
643.0989661173421
652.048617558874
652.3441696319405
683.2818933830621
686.3352565419667
671.5208663102019
655.1118646419987
625.2376782304077
566.5794029186035
568.2267184327434
585.1940782344817
592.8607044594783
606.3105073734043
643.0429793315016
592.8615730471913
593.5683345983014
571.3815374168723
560.0826900307245
594.6552232943482
611.4744353310023
657.6383377045864
728.5218245379156
761.8558764658578
761.2682159776678
768.6916831957258
787.055806725389
817.4453128437159
833.3098833269978
838.3958315394701
833.5467907435423
828.1130757068929
804.0680155141738
799.1550190755424
801.4723027288258
811.5919511005714
831.3628565292645
850.6699200732924
876.2792268787814
881.5827089372503
884.2981624640618
882.6047144998904
845.9424866220256
789.1587539097385
759.2404837986838
735.9197026104191
737.4844956457116
749.1274454178667
766.4311259215153
790.2654483044346
758.5068863338145
767.9318007742759
747.0835167746632
671.7365974428936
624.1597421639034
628.5094619759141
616.4011195611782
611.3621857729337
592.529481316237
580.8962683288323
574.0323179705345
600.1579209408551
591.4125688042905
575.5513000039673
571.6342020733557
568.9024646054772
523.7071881295449
494.9233561115901
467.6774996716264
433.85847480267756
424.993346905276
489.66677782203
489.66677782203
489.3912151521488
487.1767585254263
484.1024174740442
463.6626814686142
459.96561258214365
448.71385585041537
425.92592210213985
378.099080491683
375.4610741681082
305.0391590187952
153.91616242509974
121.92853109748575
160.66341224229416
245.66079201580555
245.66079201580555
234.053393606062
238.4666254038067
236.20940179486212
238.62675836832977
269.1534343081793
271.11757640449736
276.27935263012864
309.5284761803727
497.1833492219562
522.8088791547027
545.5171974413936
611.7474557436548
668.7070183849421
672.0079376689813
595.560949879904
611.22636973204
611.5931212820683
612.325667827138
612.691464479555
613.4221086611757
613.4221086611757
613.4221086611757
613.4221086611757
624.7808234717153
632.7062578207388
633.8172292751244
704.3634825545238
799.38862615031
811.3264078806928
768.0432305898303
770.1284988870691
770.9599009187134
754.1599757675705
754.1599757675705
753.2689520877796
749.8596323418112
749.0020539459156
771.3379648632598
882.3486981699524
854.0521716053064
849.2530022520257
881.7669639865894
866.4001521111331
838.2725747654036
860.5478067624308
894.6444827248505
886.3265148933194
887.4726763603339
886.7355090515033
888.4941546232812
928.7497743616702
929.3010998391576
945.512704102117
967.4049638729165
966.3382435788133
985.3096668218996
986.5370919179652
942.9326033948709
835.6567714037518
806.5436008755429
809.0512861565718
844.4079764588719
880.0984843664003
889.4575476676233
892.8613184203953
938.8865242262411
937.0576076616086
953.9451938035817
930.604836381408
823.3109163251437
759.3655502207744
751.6964992410092
714.0395876681057
685.559468318816
662.8791463081515
713.5891876356518
673.8420586615459
692.5954309645073
735.6352689118564
735.6352689118564
733.2195054418485
690.1492527066137
691.3306911998246
687.294678563157
665.7911061783398
658.6298880829961
625.6403422370562
631.3007795222109
618.259183740819
618.259183740819
627.0130192886326
629.8850074234728
586.8676424063094
648.9023847057356
635.3243645483844
663.2790186557634
699.5117342720898
721.5736451512668
718.2489972307967
726.0274932307686
726.0274932307686
725.556836670626
725.9621765378199
773.9829789123964
773.5624820500873
764.0785936040102
715.3029892463255
717.6846703235385
713.4064533770346
684.6016584530703
706.7207226840201
715.1117617535131
720.28204816906
719.9097544217482
702.3417789579938
693.0273586159115
693.0273586159115
691.1332799396629
678.2215779443942
676.901902263364
676.901902263364
672.9254101258662
667.9071651414538
658.9410557167411
548.9758955139491
544.0039370200426
515.3464049875366
450.2320206582839
377.38144758838996
347.2583076536501
321.98458345258916
379.65362271265474
383.11122208549716
405.47364428235625
358.14152046871266
364.2233048317387
377.4861395752499
377.49356492041323
379.2039619768441
405.312917314152
412.9018707400089
394.7096219750856
419.5049392485401
451.65064451167046
450.06155129438025
465.61519054224726
490.97781744625036
491.42859410391
510.00671171410454
571.0412939873311
607.3336572494288
614.1024730940259
621.1424496091311
650.9971576750314
644.8565577224913
670.3267527920797
670.3267527920797
651.0316366593092
671.4258415337663
697.3753153544221
697.7806464186262
698.185595633925
673.3359704492864
671.4754524705975
651.6768181434859
651.5121097416954
668.560004380411
683.1277527071013
681.0028850700016
672.2006667558813
621.9234104849679
627.2119914638652
627.5232218651728
574.1847395304735
491.0720180815886
492.7073723237911
488.78432505866016
485.61323692508995
560.7671372847032
574.1846036838726
537.5247324502557
588.712685311643
589.326117933379
584.5963564109009
569.3706153497401
595.2034475674504
555.3808863980909
557.8696285892863
595.9044528222837
577.8280266645556
686.9494991606232
746.1603852689002
748.8336241582035
778.9989185275115
778.9989185275115
804.9325330755973
806.9489378306589
803.0730189935202
793.5574955097376
789.9634067032123
917.827607253086
926.3524332767026
935.7790465093169
922.2602344528362
921.73185089752
920.4395402645293
920.1806347185171
929.4096023022568
929.1557415269596
897.302068149995
888.2645939829334
887.9609414132171
834.4038893036065
827.3808349668506
828.7529913646757
834.0676341259466
810.34002408251


