Rainfall Prediction

911.6053305291769
968.885944381622
1051.5322898256964
1138.8163405118157
1237.6851752688317
1253.2895344553826
1283.4521099936846
1282.3904953961865
1270.3002409607598
1190.8830217415104
1039.1890479650929
978.5348568584882
980.9734222029846
981.3891618170926
1008.3891618170925
1081.6809683946872
962.4474715468791
997.0202556462989
1066.824421339266
977.7494459132288
861.9136710486404
861.2665272811153
859.0319909871666
798.5058294316625
703.107076510758
658.6527981668155
650.1435525688736
648.5237257567817
617.8474564886451
617.8474564886451
604.8474564886451
595.8474564886451
454.8474564886452
372.8474564886453
300.8474564886453
201.90300330743185
183.03064625162057
158.22832822877447
158.74944591322898
160.32522680698926
169.19506210572376
190.46526797081526
207.63149984944747
208.61764719120174
204.8775907767205
177.87759077672044
105.26052795147413
99.74252535872732
15.227570005416139
0.0
0.0
0.0
0.0
0.0
0.0
0.0
0.0
0.0
0.0
0.0
0.0
0.0
192.08042511634153
233.08042511634153
274.91630289579257
406.91630289579257
535.9163028957926
536.9094823863218
532.0770242074752
537.0770242074752
538.0770242074752
540.0770242074752
541.0770242074752
543.0770242074752
543.0770242074752
541.4272133349757
541.4272133349757
541.4272133349757
545.0949101999647
546.2451027467989
543.9882151969293
564.9429269667723
563.2219421077887
540.950369249985
545.366203627573
547.366203627573
547.366203627573
549.3470941515427
554.566510377457
533.566510377457
525.950369249985
568.950369249985
813.950369249985
717.0511334254468
701.501646244483
791.7425253587273
755.7425253587273
628.7425253587273
681.4764486654499
712.4764486654499
705.4521099936844
699.9093776232487
697.3767506330603
698.2180194798914
809.2180194798914
810.2180194798914
859.2706763022745
926.0589736450295
926.0589736450295
1003.0589736450294
1008.2307813179386
1011.5245500996679
992.3152579120915
994.3152579120915
1003.3152579120915
1135.3451190671376
1275.3451190671376
1313.3451190671376
1313.3451190671376
1311.7495679615313
1338.3002409607598
1410.860274364819
1366.860274364819
1102.860274364819
996.7425253587272
972.5998499682544
830.2895344553829
731.691819352199
726.8537223362816
674.0766338900519
641.5305044878348
615.8701451265722
592.4140932872065
591.7441087280029
588.9873333316683
475.98733333166837
474.98733333166837
424.57556178750724
357.6950852670475
352.47918644227474
274.36430611025446
267.36430611025446
267.6516923076717
267.6516923076717
285.6516923076717
286.6254929959745
198.17558659219338
285.80810897758835
255.80810897758832
254.81445173859
377.54577395930505
350.75540042225754
333.16064811392243
331.8447820070259
331.8447820070259
330.8447820070259
331.70384849038464
444.4934145910916
445.6497128224505
454.97504390418163
451.86656748755377
468.44107408185033
516.8547075758469
544.5118806806488
595.2377451896704
618.6754453604628
632.5582099449133
636.0725016730072
639.8732649736805
639.8732649736805
646.3174886783307
636.519695538014
636.519695538014
636.519695538014
636.519695538014
624.519695538014
615.8072239443777
586.9092029560458
360.5888734224637
352.5888734224637
392.2900870783522
288.2900870783522
288.2900870783522
239.76955732309966
242.63697002020263
242.18835007873415
242.18835007873415
298.1883500787342
189.1883500787341
202.1883500787341
220.66564017495486
243.96509157902187
242.3862069354725
308.80254937794666
291.2436380993364
263.39429987136083
326.5431389730504
416.73454456578315
414.1810545151991
402.09694007421655
399.1754275513756
397.46823385750145
407.2606856950266
420.2606856950266
420.2606856950266
417.3681525684873
408.0857935627735
398.7276378048291
372.0262384901055
433.0262384901055
420.6271626865818
381.1273771921576
392.1273771921576
435.1273771921576
436.1273771921576
437.1273771921576
437.34854019422653
437.34854019422653
377.34854019422653
376.34854019422653
360.33795266834994
330.0721416779132
313.0721416779132
296.08708766750726
200.25655294016104
206.69508526704746
180.40180709366143
94.15617986874067
0.0
0.0
0.0
1.0332765954814995
80.64004333445386
110.64004333445385
98.57537107896927
178.5753710789693
181.18904796509304
182.38353018388918
191.87014512657225
202.46730525725192
139.46730525725192
160.13262198873326
163.68323311779372
136.68323311779372
276.68323311779363
383.5171286143111
388.5171286143111
431.13262198873326
431.13262198873326
492.1376474913006
485.17964764006615
513.0789168603876
533.0871627753762
525.6871265369751
884.8747900342747
895.158642451124
990.2525156990566
989.2665272811148
1003.9734222029845
1003.9734222029845
1003.9734222029845
1003.9734222029845
1003.9734222029845
923.7092438148894
884.5818376959711
879.1274259493863
794.5012727407959
791.2964787935181
807.2964787935181
861.296478793518
923.2964787935178
925.2964787935178
955.5550069900306
953.0117840803287
1013.0117840803285
853.8663204796422
742.8178626494409
717.6436043871737
760.1822284025594
759.9683362146044
710.5678868694392
707.0757410885132
752.3355355952798
774.4572388140397
783.1357757042691
420.7937805235202
470.6653075889793
382.2253166872378
384.7242882473411
400.9831164329946
416.9831164329946
416.9831164329946
416.9831164329946
415.9762030110123
473.9831164329946
704.3560767360481
1023.0502080291889
1194.2680111717427
1262.109119323878
1290.109119323878
1610.109119323878
1640.109119323878
1698.109119323878
1877.0262384901052
1979.2580005712464
1937.2580005712464
1935.4470060427184
1940.0332765954813
1968.742525358727
1891.4273892453712
1889.3588535896652
1919.4609821956037
1958.2017570045336
1905.3002409607598
1858.2994442536274
1856.1568125607982
1864.9477887444446
1845.1897985707838
1856.5479310109322
1886.5479310109322
1855.5479310109322
1839.5479310109322
1840.5479310109322
1840.5479310109322
1844.9280291704326
1788.6315283248523
1567.676528713041
1253.8274991374356
1087.8274991374356
1088.8274991374356
1045.676528713041
671.6765287130409
589.6765287130409
530.6765287130409
319.4614255143863
219.59984996825452
199.03273784369603
171.38869628624775
190.38869628624775
190.38869628624775
181.576059495565
170.4325388270522
157.53987240773873
117.46521597194501
138.69504329761932
185.58592274876568
189.8882251692565
200.04821182265678
157.82645997730384
139.44072626256641
105.67797628652323
130.32522680698926
209.9905695847179
190.50143079721732
186.27189311879135
182.48371856878097
180.07372449923463
181.84012468232442
184.84012468232442
273.28560872186847
307.07279285862035
313.3934836785404
310.4096601012708
297.7613605352327
289.58802016834244
290.1821299061114


