Rainfall Prediction

2370.321319260982
2419.0689190779544
2620.0492123601502
2536.17642323445
2479.065862405423
2564.1924879961903
2568.752103763978
2532.5329227101306
2560.691320163809
2341.3024762319037
2346.1133816660376
2450.2564599193424
2230.1219662950634
2111.82300553056
1903.882017529738
1760.7278398589397
1673.3779669294963
1104.0664443865994
1230.407348784701
1090.1260166973982
1817.738990765645
2083.9818711146727
2571.5781445711796
2660.1571325076866
3673.417869366181
4096.739407084441
4359.7745135374835
4555.821660051819
4474.255403316337
4386.511778321658
4168.088149435289
2742.7584832769317
2867.3879640178434
2808.692215601625
2563.8480942164006
2474.539870652624
2398.3554576383945
2418.3787630532597
3465.6040266928494
3493.0817895674036
5958.3268369245025
3995.419849082108
3924.312621735626
3205.9078186591996
3622.129176253267
3498.9836363155796
3308.5139657217383
3284.829544426347
3286.233132168713
3298.5547660245115
3287.186216518922
3108.433198414616
2851.9905998388067
2563.05345641272
2343.2770436567857
1684.3306985414852
1658.3968448864794
2117.5327713206075
2130.5831973338413
2231.8131618183
2207.8018863633924
2174.58684275173
2367.683560874803
2527.872115544522
2465.886856895568
2688.3788245578044
2820.3032946079575
2749.250965311277
2696.7474434813407
1823.7089255544772
991.9808817526027
739.0432516887171
960.2821135596782
909.7247938690508
1341.3473755166438
1199.744604150655
1234.6608682420012
1356.6075479052133
1374.6320660737322
1383.5554867795454
1163.0616141439818
1122.5519556744114
1188.52524218083
1396.5797267245991
1713.2326644112954
2034.4441584530102
2210.917997389263
1904.0703740351973
1386.73453555973
1305.2357672725748
1154.788201016881
1004.7112452302102
1052.6718951699115
1009.6645413497205
938.9835453732067
1030.74073200871
1433.491973212192
1543.2303197771882
1547.2785826511167
1602.8231427428132
1991.7611326200818
2604.051916201669
3275.155499290021
3647.891775476375
3967.09715699717
3715.173614765432
3442.9347130796427
3165.4774280413126
2989.040878082157
3054.260501922944
3140.912835326205
3732.741810286475
4515.310037588294
4696.07897131059
4023.6423747300987
3885.748502251088
3485.8503407336384
2775.6917352347596
2792.7605496751307
2925.1363635696816
2407.6028844972075
2384.030020321035
3004.741252985578
3554.105532829414
3528.3956556329676
3517.70568113827
3265.1700838629645
2906.1773709508334
2787.286403756098
2912.35263443783
1611.4571367917256
1417.503666388115
1422.409601995638
1570.2810649955368
1215.9039192774162
1457.0843996053059
1420.464552299423
1785.2298428214463
2090.980438680096
2138.076623477349
2202.1654841167965
2240.9147175754683
2212.1102321371022
2307.0688146750626
2205.6612436694804
1594.7639584368621
1751.588188335064
1605.443223677474
1584.1777191179501
1585.7474569445735
1604.560689024838
1693.1630115339576
1904.4305122465432
2039.9515937596295
2097.0544202792553
1943.2276173428202
2777.673770405255
3309.1363531373295
2875.566539932705
3344.2367807182954
3580.128332687283
5522.8442832862675
5066.302647978
5557.072545008649
5168.207932921938
5918.819734973613
5825.591417637449
5977.995411491126
5612.333314093872
6676.380899725251
6457.7976275179235
6434.781323775015
6608.802765826827
4988.146950261932
4584.369968377889
4395.136010327457
5860.820045197613
5791.424229301475
5744.453697569623
6334.039408839208
6778.4524104865
6726.227979161113
6576.445006691103
6497.222468930997
5885.044736896978
5318.06558295491
5178.7037443887875
4974.244099640133
4489.750249263432
4488.794921430013
3510.40770300376
3094.0558170529225
2806.5510693442156
2724.0243661991044
2422.077853732868
2422.077853732868
2159.623831896453
2320.1570657394395
2326.9967186209565
2461.225585005419
2045.281679198196
2050.375320288956
1892.8761860881011
1729.1751594376083
1804.063566555479
1133.4410335314847
2125.9179827656344
1292.4986469817575
1945.0269317897832
2241.3468577246495
2311.529611884871
2456.548059341332
2220.236886276868
3008.115864498768
2986.1568199192507
3319.648825198225
3756.6173966320207
4421.840836134095
3618.4020917106686
3734.3631398741736
4158.888994805635
5059.629115658419
4028.9966807032965
4728.005189176003
4521.076511864052
4260.714135858557
4260.727773485117
4761.077875715524
4356.371340836869
5469.845853870346
4699.62658119676
4085.6666540890405
4059.356659709427
3987.2422852451073
3896.7140266137367
4299.306613806775
4381.275673591093
3974.54196278638
3763.8820891103333
3278.553544027164
2656.575110098881
2381.9612491120843
2715.142993790585
2786.4957859138844
2054.1270323465724
2432.9940540662733
2483.618671598628
2578.3667162482648
2591.120579082024
2986.2252538147327
3072.8992697923454
2713.859937763976
2764.123773570022
3064.8671324410475
3091.3758290012042
3156.52690143797
3127.5050623303823
3363.2592717173657
2952.2026699786697
2911.54395867352
1920.2063203513276
2087.293659677243
2155.9412860490374
2157.084771344788
2643.8565493395804
3131.822843256077
3121.8095325831705
2807.092118592485
2724.7904112516885
2693.523443814686
2660.789996986845
3056.779798533473
3093.3470689539
3041.257810759838
3634.2890998061043
6026.650915553627
2950.301326881785
4650.488769070521
2280.9963554861283
2645.595538256301
3040.7833108427967
3215.576712375065
3195.7004654473476
3091.693480477329
3904.0411331895284
4506.428511689838
5002.11683919348
4971.006828484762
3864.1834185898165
3889.767173574204
3889.5219741771775
3908.4265136710633
3414.5081460479423
2802.5707828921973
2774.996089687267
2157.42234333016
1371.4585027792036
1061.4539855811508
1039.9870276670301
1021.8710511654072
1072.6861675519897
1146.9467691972065
1153.4119741287818
1194.282021107947
1210.6345407240985
1274.078612742001
1211.246603722842
1423.4047309594669
2062.0172986560883
2136.714614468601
2320.8081925440424
2529.4990434140377
2813.9876823407812
2647.6385412107466
2504.359912921052
2320.4069175077125
2280.923367629064
2140.2421022532617
1933.8621730659506
1937.103593556306
1923.8239527428534
1939.1229837460317
2001.104027812254
2244.735322494996
2377.8071480963777
2404.849880206337
2554.0515177995385
2997.235508549171
3084.3472998286493
3055.4277998469133
3171.680258184922
2872.8404687283655
2451.4356504927464
2612.4467014861502
2503.9887990725074
2031.1004417766162
1837.2666575578105
1712.739085097158
1673.7507483119687
1409.6888529815626
1547.1766764792187
1497.483859522365
1337.1911212622686
1259.4646250892645
1259.566283502335
1247.9579966102024
1161.795570607253
1021.4933494656154
902.143448776996
965.0800543745123
961.9652155944183
1222.5876533683454
1184.765561774049
1127.0645381846052
934.1561266828835
872.5268424739785
819.5762340297517
813.4533720092495
903.5058695729776
1237.4479712363955
1366.3383551172735
1366.2536515220954
1727.682705568658
2073.0538093531627
1883.8646597860757
2048.325416858359


