Rainfall Prediction

571.0094253927464
363.2802408416277
301.2802408416277
205.82645516958257
309.52363238369173
225.5698171260516
264.9578735106621
291.9578735106621
447.9578735106621
653.9578735106621
746.9578735106621
944.9578735106621
881.1501697300448
823.6055577042679
714.5618313962237
747.5813808944564
646.387616078944
63.266099308351386
0.0
0.0
0.0
0.0
0.0
0.0
0.0
0.0
0.0
0.0
0.0
0.0
121.57714413513156
0.0
15.411318086968436
92.60398272828061
249.85801593773832
190.3816437941747
160.66991400989772
156.87904345996552
136.00585297886028
157.00585297886028
5.991081706608782
0.0
0.0
0.0
7.925523894288972
0.0
0.0
0.0
0.0
0.0
0.0
0.0
0.0
0.0
0.0
176.37501528700727
197.51842158643217
347.67488015483855
341.9374574794181
0.0
0.0
0.0
0.0
0.0
0.0
0.0
0.0
0.0
37.25358402524728
64.93260480602157
200.93260480602157
443.40015167961246
471.78090250091606
1276.717486705235
1200.717486705235
1129.1313860207513
1055.6215033782619
1046.6582138779531
1004.0323834711346
1057.1005537405408
1255.4607450900971
1589.8405354347472
1662.6216994803522
1773.1153066505562
1815.1153066505562
1953.8173923368272
1404.8386637513577
1504.9090905893393
1380.7321598811802
1395.3986983376647
1359.9695632855014
1346.0358818390696
1334.443992817427
1305.4286929392842
1907.9150919086453
1910.8968115217885
2003.6389802381696
2003.6389802381696
2018.0431140741596
2010.9366085185934
2073.922944205534
1970.5444096333597
1769.8386637513577
1783.8386637513577
1726.5444096333597
1726.5444096333597
1758.0423502681244
1724.3751840681882
1714.048816161264
1765.5928124693205
1737.7122568040218
1516.7749711328308
1213.6654685066815
1141.716428755296
1092.6748801548385
1077.6252756205517
1047.6678061500816
928.5975223770813
935.4614144513947
936.7015211859325
1046.7015211859325
1015.7015211859325
1042.5279578271957
1215.6570912883558
1149.4544855925537
1101.2001228643135
1075.9437929989951
980.5959555762498
1018.5959555762498
1014.780902500916
1480.9042866010275
1491.5469208628308
1344.159450227382
1451.6216994803522
1429.0736494780326
1289.0736494780326
1289.0736494780326
1289.2647263301023
1235.2647263301023
1198.4216723653435
1223.464734634664
1234.464734634664
1264.464734634664
1235.464734634664
1271.464734634664
1568.566287485277
1638.673776129831
1598.673776129831
1752.6205351181898
1724.6205351181898
1823.976136637671
1717.976136637671
1756.6617464509982
1805.63783583563
1833.8742156303597
2066.8742156303597
2189.51446102544
2140.8456548478016
2147.987052130809
2165.2890479274397
2191.2890479274397
1731.5595781271222
1522.449535636623
208.17488032596987
1362.7132481733067
368.6693478005674
513.7674248281927
573.951710921584
517.54942892327
714.8636023929057
838.9722980335541
696.6682376473746
618.8636023929057
1367.970786626901
2257.700972597844
2506.228917627124
1444.6395399966993
1300.8972440890411
1465.8972440890411
1269.9378728206664
1003.9378728206664
924.1603542581072
976.1603542581072
879.8016913784111
1648.0450130728186
1615.0459083036617
1647.0459083036617
1914.9513360163785
1936.9250854248553
1932.7739313384157
2117.5460228352313
2078.5460228352313
2267.2825349811555
2460.7749301990475
2536.7460924640072
2518.7460924640072
2281.2502152884263
2385.967094876667
2355.0292916905228
2514.500729095267
2649.695053871188
2781.9130023785256
2730.9032272602553
2133.2802408416273
1650.4792056657134
929.2857967565969
781.0515184460837
878.7608757058874
938.7608757058874
1035.317328495306
905.0459083036617
975.0459083036617
1285.9383588748647
1350.8839229120344
1307.430569384299
1296.7957196804155
995.7957196804155
785.7957196804155
926.0571166461583
878.8278429537529
824.7739313384155
641.7739313384155
1106.7739313384154
866.7739313384155
1019.7739313384155
1137.7739313384154
1166.7739313384154
1116.8978046266925
1175.510567214596
1163.7980901153255
1146.3818467675746
1170.194787020956
1046.7542834096726
1289.5722654322658
1381.2891027568098
1264.3609533306417
1183.8594921010695
1222.4171162573273
1322.4935442641013
1185.4935442641013
1294.9811695706455
923.0966268534085
1399.0966268534085
1146.9667365111284
1246.8622405492144
1163.293904950249
1324.1574733250168
1383.963389446897
1419.9150919086453
1618.8556398871176
1688.5047115989057
1296.5747077589135
1160.025032952188
722.8173923368272
732.8173923368272
600.8173923368272
494.8814295215452
1244.8814295215452
1257.8814295215452
1257.8814295215452
1135.3411557567078
1167.3411557567078
1149.3411557567078
1174.3411557567078
1178.3654271403338
407.2115687669922
476.36246253525326
500.1660272647749
453.56293843312494
583.1220221777892
741.1220221777892
599.8535207381844
801.8535207381844
681.8535207381844
535.6559674371344
248.6559674371345
226.6559674371345
65.04311407415958
435.0158444191684
497.5537813808032
524.7277993769505
297.04805669977344
494.04805669977344
470.07978429850345
110.77692493211737
359.7111221513182
0.0
63.84703945121714
0.0
0.0
0.0
0.0
0.0
0.0
0.0
0.0
0.0
29.03690471379923
14.330313388179547
86.33031338817955
221.55687722536095
263.87629346404003
291.2707234776241
275.36742601349476
216.83302758975037
425.8330275897504
503.8330275897504
502.8330275897504
38.01370419731347
0.0
0.0
0.0
0.0
0.0
417.7445646948403
428.5710420284339
338.569130692228
591.8102001134307
666.8622405492144
1063.566287485277
1018.7799095909568
1080.7799095909568
1117.9667365111284
1071.7749711328308
978.4633722490739
1098.8747757335195
1150.5047115989057
932.5047115989057
1070.611966517758
1170.8747757335195
1457.8747757335195
1264.611966517758
1475.166027264775
1454.8092358851873
1493.63783583563
1947.9071182283571
1971.9071182283571
2158.907118228357
2183.907118228357
2602.907118228357
2737.907118228357
2715.907118228357
2633.907118228357
2678.907118228357
2510.562938433125
2289.769415217862
2111.1598221769714
2749.546920862831
2792.4001516796125
2609.514908041555
2374.055994542333
2542.304331551105
2532.304331551105
2467.9437929989954
2517.443992817427
2468.3892151300533
2306.869977553456
2263.8121257851835
2266.9117062177866
1978.464453824778
1926.464453824778
1899.464453824778
1817.014891168078
1562.8048954460241
1559.9517631279155
1543.977331431346


