Temperature Prediction

408.41271886242953
404.6417818181812
401.4452751239289
398.5536960483209
395.8523783045929
393.27863933132124
772.0222946537211
451.0092639155535
491.06298988553857
439.58242209692565
415.3628864075851
400.7540961090785
390.4200416305447
382.3297386048452
375.5723919365323
431.5876441846834
428.8473425897062
427.0709816951582
364.5901724910971
406.0520909737189
368.16314827815944
399.694819454487
389.60530757627123
385.1156202905201
383.16008565739173
382.6333458841473
383.0707487225815
384.2362467686796
338.6612617126319
337.0092611856169
336.0047086134505


