Rainfall Prediction

583.4002483676635
568.8130281260543
552.8672518356985
482.3038232003756
483.8941665349886
480.4855111463721
472.3235381932228
473.20547357014806
485.193425677096
481.69872616914375
484.7316104545004
480.1506038699973
456.3398589524691
448.09624504658996
440.7058540902903
442.7123310310669
418.11007324749954
430.8787973935562
468.19944818949676
390.13245876176
365.5218480243011
339.12282158971595
152.33113006625314
129.80012370253334
126.27494177994294
149.30986310123853
149.56523261955468
143.23787351000868
148.63895641448153
143.56108175351855
143.65357807616937
133.1235411253979
174.38707336834847
172.87922988230406
170.7931103515524
197.3681581419724
176.40575482715576
184.15236128594415
190.25726712166235
178.16843187061744
181.85006229220375
196.44557789834133
353.7419358928184
417.88237450637047
444.1966269719547
481.75566276083947
482.8835506745642
529.7004739648014
676.5427767825785
662.9999235136479
755.049553781066
752.6966370190197
739.73238037201
731.7926842178815
800.725367541568
918.7230699505698
961.3021060389697
963.8242303263779
970.413911705182
978.2099005344132
984.2956130949437
994.867850849602
1004.596636426541
981.8830526153964
980.3179591489403
972.3867959451617
953.5094829967792
954.412749773128
958.4485231031126
947.7762148135835
948.9273340686549
933.915920041902
935.6138319325227
753.1101685461927
703.7417860195333
664.6828282468978
666.7608322706573
640.1591858723315
638.7242048235829
541.6643605814307
536.3076755795863
433.24288530240057
431.746822635726
429.92016389679264
460.3747026317956
393.95049714857646
290.6668129636897
246.84486721041444
256.70124404467253
255.68244369592523
238.1636903021369
233.30044330204464
215.29437657786153
211.47322723492007
210.39749041274436
228.69508828796762
225.66800220513144
220.23917464554452
218.28288944599055
218.2201906309691
211.16274303117007
211.21330704574163
217.2375319653342
216.13184047683384
217.47442259236394
212.3935462730926
206.98487147495803
212.92027369427223
175.73019864994268
162.40301647308488
141.7331351634006
121.72076275564216
113.49955218591334
109.83943712377669
109.37975056298382
125.86716224889915
155.42305839837186
158.13610434281873
125.86701819905585
115.17672488737304
124.78206036292362
210.74143239611837
225.29922671058574
220.136973725987
296.5249490912413
315.492581650133
341.625149774868
360.2782390274467
378.73196292088426
394.01599623841867
391.58155342435094
366.2821946698752
357.57909452693843
376.8759248021459
384.8083731698501
405.0976071037687
509.14650011698893
626.4306925906426
662.9402724730862
691.6137521260094
767.9309806909584
785.8081938609331
793.4933635839983
788.4374181999199
800.8370053949642
836.051166637747
835.3035323898995
823.7447080936493
801.2969969953431
799.8044410153645
799.8044410153645
866.554455763007
811.5572560146824
809.8133236036281
798.6510100272318
698.4408721074424
641.2077249442366
722.4738943728044
797.9084850612859
759.3812631339263
757.9898504927626
805.8223074153101
796.4526944800307
892.4450346226026
900.0745055303339
910.0795201028959
901.0510718479608
895.3330887564643
769.8634762047767
716.1924758159748
789.881881484568
766.2219596657095
787.2494367235677
854.9934700306702
881.8519299017495
859.1605349857616
819.6547021752248
756.0892275944531
757.1771149101625
775.2536297198851
793.5271871780697
830.5645658758124
751.0949400394987
733.8955528186908
829.5348677904719
936.3715361113447
952.3597533649668
975.5649795616147
938.8322727725662
943.2096277388198
947.4094475324526
940.7872171728612
902.8128517117112
919.0965363134643
879.5881874547377
868.9131969606241
869.9034573027222
899.1769757077811
849.4013106822091
857.9750282139944
867.1382111120361
759.6092425444831
725.1739934569924
750.3884031680062
696.1763045523973
666.3166480145
641.3533924447373
601.7832892060081
577.2102586890891
580.9425326573195
559.0410075152249
573.2820689959618
555.4641936856017
487.2257411312413
463.0178500087871
331.1138253988203
258.11353156304045
301.04332939596196
267.8998595478561
270.29408657587146
247.79566339044783
372.0797701471021
396.21274373167114
462.46670260859236
489.850835446768
437.57019555042984
435.3366530291757
442.59066920141885
375.01911561654754
371.60327667519687
328.29904678653133
349.50967949192506
361.536704237271
361.78826085839177
346.86877932572884
349.0364188620405
343.69395050950277
402.20208990548383
478.0115318783681
602.5726668846473
623.688432302269
688.4526821668466
641.3643526051511
798.2151738752734
762.0096890538086
762.4117036022167
767.9975054706351
764.1083364164048
719.9729918047246
749.9833930105339
745.0703734402132
743.012106297098
687.9264661411332
677.9973152597298
694.9081523408814
692.831033189652
700.428020960619
693.4062194290979
702.5242475196742
696.4640123552161
689.586774819091
660.146610125017
629.2080544947554
612.7345505319498
612.2243232878567
606.1100526339123
574.7234109966778
566.1323397984069
527.7847105098731
550.2455224814474
464.8860581228068
434.4944078483515
382.54871257637984
534.3209763562082
291.3794509363309
292.33732463473075
293.9160167458449
308.1618636019273
290.4603472701313
486.52265692496246
575.3053595625411
596.7257480481707
644.4017181982794
718.391687834002
758.615266772369
706.7394508364497
689.6776969963796
734.5690229456385
745.0647632928108
769.8649069705621
767.8299435319109
780.692562928162
808.7709484085437
794.8906438922561
789.6141221095253
790.1499527942857
790.9987623158536
795.1010807978909
786.2728359444094
782.459020451978
718.7172178998568
777.580960120718
776.4208796136553
790.9914375004731
549.2635423742157
543.5540225837783
546.8199641764535
616.2018772000447
708.9564541359844
831.1524449940362
775.754288083203
778.6630297240889
833.5760875016791
806.4771432247654
885.6225255292755
926.8339193900905
933.5894653777499
919.7827262797765
860.3005913451243
851.237919164112
839.9210559469799
883.2655218482694
897.5076049945791
929.8750421879606
918.4958492564567
929.0959978025379
920.3075178202571
926.0512005880314
961.6164592738587
975.7422330715482
987.4864829361202
1003.154965901471
1069.4150623269156
1064.869853420291
1067.7426271677427
1118.409493508718
1150.1068664979027
1163.2299940303533
1109.4965453200732
1014.7219117726925
859.3928156091105
838.0103354281371
852.2997353192111
798.0213653105985
876.5366608263469
781.8348797640831
708.1187420485356
685.1237856926595
684.2841193440622
685.3900904886536
765.6711023228513
804.1259845415314
742.8570900659807
805.421502435884
774.214130595419
774.781643827841
842.690762614726
867.6683263422285
898.0812686501686
840.1219827590489
836.2463210773726
836.0130598164039
842.9349646696896
780.2742500485715
766.0159851101317
763.6248816792628


