Rainfall Prediction

584.951196734274
568.038910525732
548.5163552172613
502.8864900114809
487.59292394882215
483.0184211288738
485.4849787098784
474.6944961644733
473.0640693357585
469.5475903170071
468.99731663735383
471.92039585041124
477.32148313399955
477.56023383605435
462.1994150165846
464.2038300730267
406.19790826065775
434.67692030618974
539.3954975945163
396.3272985604986
375.3229784726483
406.2127209054816
306.67573169313727
316.34606465101393
322.2464981370772
330.4649675969065
339.60022905468884
332.0619809946836
320.0904466120116
283.60366327523474
277.1608365667197
280.8482082990563
269.7346139709738
216.55078139250733
217.49613473661393
260.647826222419
260.32558606784096
262.51808912060017
276.40357088984206
293.59672964113344
314.74957810614785
318.42181766566387
437.2588336980908
593.066334309917
150.77885616898143
154.92802507067995
152.19454589272675
158.86987248126243
349.6593872532452
287.6311488359266
302.55486305486465
316.5544388974879
248.12684335336684
286.82081047765223
358.4295054009352
256.7561099001461
446.0030454457333
337.2302373273013
244.7128857165689
307.31482436800337
198.68736365226925
552.8826850990613
153.4757202300534
383.7153036211227
140.78491326957538
215.16410561046314
300.5941236142874
280.8035316815503
275.70162006643363
344.6457904978529
239.0592517667962
103.38866498986363
108.2170597902025
98.50500785224637
288.7617545401695
165.89793193344192
78.7176297844793
449.9708540125818
451.2839298852806
225.26322168821537
205.727889375911
208.74175777901505
172.2877120566007
165.47555104944843
158.13142245443447
636.6601489479532
392.28279943435336
271.5931831833263
266.64554631233756
276.4895358235584
288.6566785889739
281.85324514988287
226.74768852896432
206.15478236949133
201.63732328491537
219.8146550118752
216.2020298854908
213.1161020813464
213.13680554903723
213.38322329183623
212.28569314508638
213.3135863613674
214.602563672731
199.1299631924603
198.2926663676521
197.47913304401976
196.77796378024243
194.05742034134636
151.52872484581988
143.57455376745693
143.58573882335153
150.03971281337718
137.04299229842394
138.78394061916362
154.2587995371166
260.71247241558405
311.8018928270135
283.7254483862857
306.8958419733557
310.7080762694476
293.89138209509235
278.32005064430075
278.7038515845945
277.7995599072753
477.36640773330004
84.62905118935672
88.55165549389345
566.8589995697894
134.5292716529772
299.92679724126435
327.14592947930396
109.85361920681413
132.8611347265667
404.988332084183
108.33113391597118
146.9857290073407
169.29685146267522
242.901233772895
225.13625667571378
598.610135724157
687.651533854448
688.7211937330057
585.2275161103075
594.9421619847366
526.1300427322602
473.5442651349346
396.7229622176214
345.5972274018358
331.2848374014961
317.35214572364407
313.9235492631551
315.9752495692677
181.86017652789786
149.35082340588687
970.1926286858373
758.2293671609897
659.3108068259737
835.1843859289746
130.49338691008325
896.4930541028771
865.4749669550292
129.05964994988628
113.55796787367493
306.15700991348956
392.86865195399463
370.0654278874363
370.1098516020858
572.7970429787878
466.8970361261823
501.15440088240535
573.1174485927836
651.7683971100275
190.51237484643335
196.74041705654258
346.19738241935084
434.91706787008417
259.79479218590484
361.1456885539456
359.8516276282765
381.9318693922517
416.8145951746143
421.9182108804481
96.04641548835372
74.06618742749434
128.13224785515547
59.47824187511779
101.93484954177445
99.40856614066873
68.43666348163711
101.18272645560609
100.2557382351153
90.15956359008175
79.34950340012685
78.83240784025688
76.52622681884029
37.28496713909676
33.50887521103395
55.76825256415047
90.99037352564443
125.50672112202514
54.54034208287193
65.32195378867983
55.86501493659624
57.182145927700375
120.44031306642265
31.8897586904327
75.81451273184103
67.7119961956647
47.10278596103048
50.87668404702298
155.77907570268303
86.83785630193134
186.91449597538093
193.92832258206468
124.98838349084332
225.34802065049482
240.99940307181203
242.80603361554444
182.29421252014478
193.33322675908522
197.25385049490126
86.09113261219755
587.9701000403702
585.7424538871509
585.8060178266057
479.1181247925844
482.56067907645553
480.90233583081704
349.4833210078265
338.977879139436
291.977093644549
255.0124233560165
251.61824901652267
251.41951365653864
254.49959512522705
239.49805486347893
228.1223282526781
288.39248058581165
316.93924887836226
453.32013602112
468.04654838866225
520.2304080476523
461.0370411449029
80.12630747912962
621.6274964005754
620.449020434011
619.1958825957954
607.7349322926545
603.4421445090721
614.2406967404539
614.4628503842999
614.7215862692285
616.5283168294834
619.2488252218733
685.1779688759486
741.0603387400015
743.9251779307674
738.8189243555439
737.7927501465077
736.7200845631643
716.6948056476119
705.9200694458709
707.9711945646008
707.9711945646008
708.2074652452756
706.7093772070536
682.2607712558249
681.7959788442175
623.5701595088683
594.7774718231826
455.358819732763
442.7150455390779
371.8487068096997
373.1199551543715
125.71281022505492
141.4131231211215
152.43845066067183
156.2360620688575
138.01412087605107
318.0632083872612
382.172913556431
398.6477291731065
469.67588614603716
602.9467010244467
99.51958561992265
132.282011397445
137.01783021160819
344.60040883561055
361.91609281642116
366.96275561183637
382.55824925914715
120.55496036464203
82.16021249807577
62.910853616408474
260.85361159593737
70.42616654249778
315.3891496821703
109.06896337003681
88.77331760144781
351.2405539426837
339.53060244181063
276.13823918392575
145.1691933425128
90.07342525903285
91.8798819119963
91.57131417295655
103.38430706696549
136.46170943150818
242.36305522968306
443.01015315518237
205.6019607746142
136.08167143500665
221.96997378299784
94.34749942518017
799.8330160985145
763.2809968600816
744.846970963102
715.2206862920478
632.3163752280689
635.8238607615889
635.6971737534759
634.6648740594544
649.521586911263
694.2705900705652
696.524928806535
698.8973784090682
698.8904186943083
701.9972352322574
706.187353557871
705.9902965783704
731.8551706554625
77.88542209678667
245.443041298927
418.39674475390154
475.3716100176228
98.7564673952719
553.2583614956872
488.2577496149217
424.2228041609713
276.35233458008736
702.6380010376082
79.56914298174843
699.4718952281883
627.6919838074153
165.2120549793406
202.03276393195637
104.53725234045277
99.66625187020843
111.5150579685051
174.93194201516593
294.0677927940774
344.10123425124175
409.1786393763616
511.60037948502304
123.40247712506054
121.86487003965551
342.7874571771058
413.44701986942874
148.2118617818238
162.68912867248238
179.96665970266372
634.4617077676801
503.40428760262824
358.1871641245149
275.8314362154454
275.3388156792344


