Rainfall Prediction

1615.1070097609183
1616.31210149618
1645.0787216384228
1633.9793549653032
1643.2967615448588
1689.3578636563952
1669.065533196769
1632.9458018762177
1591.6898842802045
1541.0055826185474
1496.8295783102183
1239.7420096874428
1065.716543827288
908.3337821607836
772.0605081873457
682.1057940904404
548.2426886841904
505.2686454431907
452.3976129937994
94.32889808107879
62.32283838296013
0.0
3.253726638288242
155.88899519852498
317.23296809664873
322.23948688152353
354.5786204320406
416.7882159873206
408.87176967602426
409.4501128417307
403.6075069835011
450.0086714048672
543.8185880055244
564.827958847567
561.1091125022526
559.5463541962498
521.6678240512074
523.9685278036281
521.9539788357426
539.7414739798946
645.9688782867473
698.9242512389142
781.8112577714612
813.8034887659121
879.7978443319607
1080.5789521758481
1080.5789521758481
1072.15192361964
1460.0
1460.0
1457.0
1457.0
1457.0
217.5876556826131
1087.0
622.0138465395573
1080.0
1354.0
1427.0
1452.0
1485.0
1485.0
1485.0
1400.0
1246.4463634013887
1205.4681721093502
1245.8185791694914
1265.5270769304977
1188.6536752075292
1196.7787733502914
1342.0
1094.3919781509912
1192.0
1109.0
1057.0
949.0
719.0
719.0
734.0
734.0
772.0
772.0
772.0
772.0
772.0
772.0
769.0
546.0
259.0
141.0
116.0
83.0
113.0
118.0
118.0
118.0
118.0
118.0
118.0
118.0
143.0
151.0
141.0
151.0
231.0
261.0
264.0
317.0
317.0
295.0
345.0
327.0
330.0
330.0
330.0
330.0
340.0
169.2607535988579
233.45748841511627
252.3754499790686
269.28957765042645
228.63718220058234
217.53181650071178
216.08667999727624
198.43733826592137
195.078575586598
194.03794621242824
238.29530162035633
295.91368661543765
340.4265924395638
326.8927450085324
258.5443606144531
247.7193546266199
199.7760876606633
189.66936727774473
93.38978572549956
47.24298770649102
48.825715121791916
0.0
0.0
0.0
181.0
0.0
0.0
0.0
0.0
158.0
148.0
148.0
148.0
148.0
148.0
313.0
458.0
506.0
521.0
551.0
721.0
789.0
766.0
696.0
696.0
691.0
691.0
691.0
691.0
691.0
691.0
721.0
427.93403418961236
551.26159167933
511.56894911987797
644.6377843580254
634.7944030109436
623.0313776498667
0.0
817.0
867.0
867.0
1070.0
1308.0
1371.0
1371.0
1324.0
1179.0
1386.0
796.0001983681879
1447.0
1277.0
1249.0
607.7090396130902
483.6521876823422
361.83024658408635
1217.0
1217.0
1217.0
1217.0
1217.0
1217.0
1187.0
1159.0
1144.0
1131.0
1101.0
1083.0
1083.0
1083.0
1083.0
1033.0
1206.0
1003.0
765.0
702.0
430.8908568871561
317.9658241388025
289.03602126771597
62.13668492214521
0.0
0.0
0.0
0.0
0.0
0.0
0.0
0.0
66.12368977184377
82.79227419631701
308.7607920168102
340.7422060630854
407.00990042145816
433.2664648873159
441.1738182121744
464.14026835713867
423.8404393484153
408.15894677477525
395.86206951155856
430.37200460459667
401.4365412796228
407.3872751979803
404.10255768366613
211.28097937558783
241.5867331575928
820.5945011080238
812.1166370561923
831.3657272762864
831.3657272762864
845.9381358221043
826.9715791830889
680.5993331283861
478.6569849731354
856.7363801483388
1329.0
1339.0
1339.0
1339.0
1336.0
1176.0
1176.0
964.0
939.0
622.1228195336946
598.6935881212339
608.76777271542
609.9859998344124
1039.8773318783578
1061.1577184907596
1139.7502653094343
1142.9887955814781
1151.9600344323544
1146.7046415347388
1148.413072626157
1201.1230331108525
1212.5335504925506
640.0207715524842
602.8241387598565
549.36000200934
595.9242667938069
439.4375942091691
454.7134330544644
571.7499729987132
315.42945322851745
678.0
678.0
668.0
668.0
668.0
668.0
668.0
698.0
718.0
718.0
718.0
718.0
718.0
695.0
312.0
307.0
275.0
305.0
415.0
975.0
1200.0
1185.0
1197.0
1212.0
1332.0
1284.0
1250.0
1250.0
1250.0
1247.0
1247.0
1247.0
763.6448387997428
1021.4236833178031
1035.3379080220031
1061.9237015140338
1260.101495745543
1336.483551644254
1330.2526939221548
1361.6768680142068
1447.3315078512276
1426.1988401447777
1566.367168328432
1976.0
1976.0
1976.0
1221.5986494181802
1452.3837413823162
1513.8115972469022
1520.6656399119026
995.653154030962
761.5468359855139
842.0964701152275
763.6411220785544
744.8688885412871
584.4244087614684
472.4592841572232
504.4258528334691
544.0898086876331
557.8421354898406
192.27505281702292
941.0
1124.0
1114.0
977.0
990.0
977.0
871.0
826.0
819.0
791.0
706.0
694.0
485.0
5.53878527891095
0.0
9.202660473319327
9.813605189434725
184.844420895055
316.516020412593
381.7962087113385
680.7107679581227
664.6792187727121
700.2726427088401
590.8462389030805


