Rainfall Prediction

592.0975287942608
565.6264398734689
535.1772218756861
486.72178078255354
480.08628893487844
476.8618129289176
474.0387549000067
473.6274559276092
479.02249972742317
469.39132307017934
479.23936465704816
468.904682681212
466.02805020987137
466.0462908113698
466.0164704360422
465.95019456938746
407.7529743351303
428.4477052395464
506.5068919396763
421.4497734882326
412.3910012947771
434.8726480657386
349.09549443338585
393.73658825727216
402.3448115348534
362.78093084441116
366.0263471459974
377.52055768957314
385.82775349689877
342.64226104987415
336.39151504628774
334.5858772731565
291.70463313502495
257.8253139203716
261.97247933705927
306.50586303802726
305.5500906978519
306.5980366801084
305.5825315704133
307.6270457925513
325.6908784191838
308.94501409741326
425.5131564420939
586.8732383338638
679.0939890719457
689.603070135445
685.7012759510897
704.7543906456261
854.799807610018
784.5498498778895
800.222829581053
817.1434365492373
782.3482990888881
795.9969605027351
936.4422090458353
1216.8444192153167
1332.9313003847135
1334.1819590461153
1329.2464130172639
1329.6752848451092
1329.6904150020382
1385.494476783082
1408.7006793053697
1414.6878969917636
1413.8514161495104
1408.5738837431347
1347.0732650649168
1351.1664296501485
1352.022459815012
1351.7939715437801
1355.489711160935
1334.4406658100252
1338.211284985348
1199.8929728188623
1042.1769217046444
956.839843870287
952.109190936988
990.8304571253789
989.339338912373
805.5340725795973
803.9180691583076
798.3276415137342
783.522213059341
795.2293388166084
784.2423920612412
638.9878872308495
390.0649977137892
272.85957157105537
268.2081103313488
269.73493470631485
265.2267093462199
265.2250975429919
217.16527725544515
199.789111120146
200.41806826793362
218.1634458087896
217.49956467122044
216.0408205320772
215.39925576507568
221.1809487945323
218.30570234488346
220.61266223808363
218.2245280846389
202.33546331132567
200.1898655938874
204.37126009939485
205.14246289654972
196.75938469183941
166.26897115527473
148.1875194715094
140.2258365371799
135.92798187870883
128.57340094284973
128.6550410680595
141.7436173108665
247.88956021495756
289.2926482246709
263.07517944968646
259.2294154269075
299.2326314968198
293.55229996565197
261.93691153180987
265.1922348609709
263.0992447244094
469.0760227518225
550.6992445948105
557.1918615940717
562.7884742756769
633.3385569135302
665.3214013441328
685.3826290103013
697.3369323945415
728.4246490468718
728.2950092951684
754.6063671444128
791.3282259785807
769.2591611933399
925.4807867351104
932.663425320462
1006.3664798191098
1140.234580796464
1143.339708972261
1144.1393042202624
1143.137261551948
1148.806066163941
1122.761649346652
1024.7112082344552
983.2964281555435
961.4103442910689
959.9878415327626
949.5914702524209
968.0846310245947
963.9816281196796
961.3801972732141
954.1039282760315
792.2223874018572
687.2487981464517
821.3313653254544
963.343468361948
891.3257860605862
857.344966405278
982.2179736193948
979.8147110169825
1178.7359970630323
1218.1571975627069
1196.0697937898326
1193.1585874186608
1397.7496812896236
1244.5330918237255
1242.1202432078323
1228.614434313074
1173.9648798089002
1258.0104080198175
1490.0329801476523
1602.0375928342955
1690.4070289366975
1809.4160420482663
1912.1585246640195
1896.4194761676567
1926.3358996274078
1962.5701234817082
1974.9573558675588
2038.8217041103587
2111.319430670142
2358.6375195895416
2369.4083170758536
2375.539032235048
2390.1504428821713
2202.078640769167
2065.1869560671666
2064.0366192585193
2066.0614318483395
1924.5134545509093
1932.1228412800042
1821.1337743344595
1785.4378615369371
1785.9377175489144
1888.8130510078652
1686.3178098382389
1739.3235171231813
1754.8117666050298
1738.3378283364864
1632.042943950348
1549.4757529807896
1360.6274493346561
1254.0449602390759
1155.087223838477
1039.4404514822033
927.0365429662953
928.010956813071
895.5992777187934
911.7841582687663
909.312054079939
962.5895876822423
885.0276219380987
641.6942358306314
647.8248443658305
638.2121000425035
628.978977797892
628.796943152777
634.7539651962281
624.9347767945887
626.5972206124447
629.4008391789819
635.8856119232336
510.3403358147909
524.6802338511535
524.6859731690299
390.44546271801045
386.2162803372852
332.80551413090274
313.69040118639583
285.60021937136656
285.71672200757786
315.81723376386657
270.783697809956
259.9220898445617
318.570578881521
367.08769788852317
501.40307294176273
521.8026048319182
575.0064194067996
514.3103774242146
755.6071626307581
688.8646265803351
681.0800046162449
682.5552854276189
681.1158527666745
687.8846765703429
684.1208140855167
692.6865768427509
686.7534930790719
670.0061978212754
676.7425841210639
736.0440826926938
773.1772528332634
773.336984297612
760.7669824099058
760.4458689469016
758.5785503482824
747.4588698731008
737.2877003512618
730.3477851991407
724.092420448255
788.2127274388022
785.9075012181977
779.5511099062121
779.4836856822476
714.0535931978399
669.1768143281678
542.2572452971878
499.5731792797514
418.55396647862665
490.37318549236136
230.69013367847293
230.23725936771086
232.61702735904026
234.25284250774504
234.23840914820462
421.12412184732614
503.122717916051
520.5397915831695
594.2236650440343
713.2792072477547
791.1811910487687
748.4799180245202
729.0114630797723
819.7855078587328
790.3903609331984
795.9617500429088
796.3048724364481
799.1485727460588
809.7555022529441
802.9579900203831
803.2536939694179
810.7993555266562
812.9344998295791
815.0857733007158
818.0837501404112
818.8392033472743
798.5926155455551
807.3570954971257
803.7879083297797
806.4716904349581
755.0197652105102
755.5209928429522
755.8367221118282
800.0617050332636
897.4188885052416
1109.8618584856079
942.0012536243909
872.8516602513366
980.4943054955519
935.4243359403655
842.5780921645888
835.048809037129
830.142218481147
801.5711957273697
723.7688225789283
731.4993895536644
728.533678532839
735.9191339556711
751.6320477563754
799.4931758608518
799.6223101841558
805.2623596909792
807.0309706395302
808.2594606646139
821.1756774582731
823.7691605316213
841.503693131297
889.6125179960518
996.3322643839384
1022.5488126325582
1022.4581943755294
1122.282834679439
1134.6892706410758
1141.190132240309
1099.9543689394927
989.4329297185083
784.5685583441579
776.97609590877
775.5446863062688
707.510254939645
819.9834889696441
835.1269101710243
747.655553475352
742.0592580357021
743.8294606139548
736.8704401058608
866.8229323305584
921.4568216028277
925.9195238838449
1050.2094620662742
1114.8338597572329
1112.5734661938147
1124.6901287172777
1185.8174201182617
1285.056215755763
1318.1035623617088
1326.703877506996
1308.1567644867996
1287.260069387765
1174.0082249621344
1184.1107178496086
1192.2936727543888


