Rainfall Prediction

954.460349204465
1001.3602384700176
1043.205480610717
1147.2508994111581
1195.5648438419755
1183.811984531668
1207.4290098742651
1214.059064570847
1257.8452800837765
1192.2187578049054
1090.2101580745777
1037.100165263936
1058.6270155253696
1039.008696406356
1079.1900781108468
1082.6297926445932
1045.6834937697006
1062.1224309048862
1002.5045407111509
958.2691172246367
893.5509415157901
896.1418221216232
880.8046735685656
869.1273948734402
881.0748065350363
861.4474541582829
803.9671211393338
857.4224292978834
872.3879773851564
864.6320101221859
865.5887902543458
842.8083460681659
761.2797364353137
669.9454616899427
618.9733388780162
619.8223917394912
655.018156463509
689.6055269405888
637.8678786740026
595.9601115505731
604.8008729511735
605.3811608746299
607.4483679555328
592.5648628491467
566.0042482992808
548.3074305248039
529.4753024137027
509.50369415053717
508.1814234731336
519.5254390309284
586.5338430396872
650.3226652240778
741.5461348638405
752.5437025016182
758.9446749976021
710.9447928321757
626.4742509960167
580.5118646067051
521.767403828737
570.7985960833248
631.2443865231638
714.9671744794102
854.6318529572101
895.6380725034985
912.7747780376412
948.5251449536808
998.2908868207705
970.1834809974624
931.4946313962483
933.7214274081038
929.3062316797309
946.8787257613109
938.4250944500574
934.8113315192621
953.3096861940705
954.4339033431679
962.1564382389912
965.7982432411562
969.7422048173138
970.0355996269391
954.9042087440548
909.4556320105445
861.2885604297493
792.9560226440112
809.7953190425634
790.2898224272759
888.6428723471973
894.2433525714214
914.0809820486921
878.6711902833322
848.6272136205255
806.289412455572
867.2503873332458
740.5698599244096
726.1721757176606
763.7561563812524
797.1540283744324
737.9605851609994
743.050327189167
705.8573018404819
715.1965646989455
861.7487224864286
877.7815549446115
1117.5195415032313
1153.1594105403037
1154.6753768754245
1184.3014248869677
1207.833339016969
1184.461281832853
1224.406189953838
1259.2384733520023
1243.7690527021846
1215.8434770634835
1204.328297369123
1207.240122682494
1230.3713166200405
1250.443274047271
1185.8118696748575
1215.9626124897889
1202.0208886481573
1270.1451911182678
1299.7304849561997
1264.4944543777397
1179.479136969554
1118.3644915287969
1106.7232447430874
1075.9784932753246
986.1330624108798
980.5221250473733
981.2850511548621
998.3861073033595
971.72077635749
898.3174737794402
848.1537844030458
650.5054968772773
569.1848340272533
602.1162996762827
606.7953552985758
575.3635003039851
564.9587439590139
527.413355301117
493.95888890436527
452.2916890408181
440.79250596210056
460.8174563332102
439.72001395039706
411.3015402801785
482.8311861005949
482.1276003203775
497.386813583193
562.3517003435276
487.65867923355466
495.6432167706046
620.0085952850039
673.8182190293829
693.7956874323639
688.7540763261959
777.1484985767463
793.2552587194994
814.9857882970858
757.9782264697701
745.6410905211019
794.8849136463306
1120.938210881916
1116.3916551467728
1128.7680422982085
1145.4772297548657
1132.3677057383716
1102.5518974356028
1081.1168916373224
1102.5300091986364
1141.4270381438153
1128.590573336008
1130.6910109256066
1129.7070104954237
1133.8266142218704
1232.6299318562424
1319.427900821218
1176.598790949674
1194.7581012643982
1249.6416789755974
1219.2012077370734
1220.3002624731141
1163.5743392516756
1046.426091238649
999.2310081317726
1174.4630908222646
1229.238984183614
1120.6008566453575
1105.8213023185938
1124.3715041604785
1122.3469425304374
1335.5129005764134
1354.4070802715696
978.6377627533409
990.2953134049983
1003.5452947981685
1037.05790879472
1033.856287834801
1037.9969446303535
1041.401035485995
1045.4993592403405
1007.9661612374367
1021.1530633620516
1035.7150369080327
1021.2242784044163
1019.8861295567945
893.5904349296047
805.3899284934048
825.0135119813065
780.451358365346
713.4183622323906
698.9882634713408
720.5646349214434
753.6786254904382
766.7960188537294
807.364779420606
586.626479619792
559.4193516912036
559.7393964175446
614.3173864009925
617.3125862460678
599.5144180656009
397.2522910637765
345.6650270376715
413.5609434080976
387.7404089392258
431.07823338961003
390.50688918844156
451.7757994914498
452.17413216529303
443.94955245287605
475.1096040174106
480.6416398533806
485.5207636926215
519.6394178278531
546.2109553537101
869.623823810966
881.7572046826054
868.3403548528522
830.8276452294382
846.7166026151683
847.9767005949068
834.418702581073
895.2265709559895
956.1109091035739
933.5929767992254
907.9049974828201
921.6236901619322
941.5094298271188
916.2745337189904
863.2512914620338
865.7877854259895
848.4032435543368
993.9777238043876
1050.7111312675042
1009.77690125255
1092.1823477913313
980.5079803135661
1043.449747342489
948.7624412281858
958.5876907994304
1030.2891730879433
1042.0024358306632
1039.0871329976621
1069.93959546404
1048.6240823175003
1035.3569066103769
781.4891262788549
807.143528891781
886.1343187355351
990.3664176864285
1167.1400856080702
1158.4488288371972
1301.4541805791107
1279.8856044606166
1283.9256376191775
1274.9468773372873
1301.0963000483496
1302.0829565736665
1315.4029466752268
1305.2441050636658
1330.9161991724857
1355.0711926581616
1350.21936171966
1211.3727223409846
1217.077724481878
1168.5745898190614
1077.6648715327817
1100.7743095616352
1061.1054194583762
1060.252636511573
1069.7118440688198
1012.293365974155
1088.2541835205739
1120.9300108056
1414.229303588214
1455.059521798975
1497.2460291512402
1435.846449943032
1541.160702347461
1517.1052575841768
1462.083376007024
1440.8810047914353
1505.1141973750873
1562.783007940564
1570.8439264533988
1517.2898136570159
1500.2142327198721
1470.6307200772494
1455.2262448096126
1435.1874658811332
1489.8131909736576
1511.6162760536554
1430.4914405373872
1474.406207230334
1459.451822215809
1497.1325460239293
1479.1350681055628
1529.9907750962268
1503.0815078827593
1502.716234534075
1517.3891952546219
1521.256059595592
1496.2269508376066
1397.9902464332465
1332.4203608931612
1054.056971707674
955.5908015576731
954.6204625839465
981.3308903816439
776.2125754552028
785.0193274245435
676.2812304629985
599.2534246037744
552.6214660957831
356.02006398549105
353.0571305212252
363.9029068584204
326.0505759558269
374.2528517156733
386.4817360351775
437.0251137636993
401.28512508097526
543.5625536201068
839.5893326469275
969.5578612407741
994.130621151332
980.8312793789502
970.4442015127648
970.1160979520365
1106.3592591011102
1296.186234793482
1299.4409706914232
1292.0870651942957
1300.0619684012354
1277.4866840297157
1307.0844386909962
1472.8301893712928
1677.6427226433443
1777.880598334772
1837.8502247106474
1833.881432269858
1831.5281263272238
1833.7402180346594
1832.8017864005208


