Rainfall Prediction

769.2672803910921
816.7317332840807
840.0661293712351
759.7015067007105
739.4173955029911
707.9148866086302
641.1341188280335
636.6238152757564
618.3456390572621
661.122881023079
699.5916336050618
693.3597972122682
720.1310301523486
875.1886290602179
829.0284193447887
897.2122231356462
883.1899304354888
907.1238134352404
984.9827273536193
993.598477367393
1032.8937017298795
1168.424528631357
1278.523633454919
1344.057422736369
1285.4468715564412
1224.8747223077542
1183.3183740198413
1198.0121286373883
1199.5163154190973
1195.5116314030868
1223.7333588266508
46.488019002166524
194.0294164216537
301.8613082681847
441.5413048023368
91.75701417300206
88.92995358267044
190.09563760459903
250.13238923909685
23.47387609579765
0.0
10.415196006748609
21.208962864422013
71.46291526434146
75.32138887745376
72.88243780687064
73.92225034750777
61.915929754092446
201.41610718993937
104.02826268541786
111.84514190598361
86.22597592112074
108.688025763441
31.555054459357976
30.692761126840594
121.3974870246655
100.44621935643472
86.28842688731572
92.97748805271368
60.26082829437429
71.37531203866547
55.54748034961585
69.14671399161061
128.57906639229944
227.09202793830352
189.02494787831998
223.62015460859214
223.8014306097597
223.4256356924248
228.9705673963415
205.49630697479705
203.08042379650962
202.67960284522522
221.22094535482418
206.76273095114706
185.2491454307967
0.0
215.42756892885444
220.96625582050336
216.1082605423938
217.88520110568055
305.0574500619969
669.8847234725146
661.7709818524693
684.0453231097212
19.582901558868592
85.50878762188754
182.73372364391983
345.0070657084749
656.4960913891734
630.6370396243356
195.78276209722938
236.8317713537649
98.40759651492739
20.096308987326957
48.4729901417644
0.0
46.74293741145466
54.72234658058062
130.18768175902122
74.7381149245457
128.55087451818665
115.05138484552167
225.9211633797569
333.23238089226896
348.12199495768294
359.60277571545856
321.03485479734553
72.59365632406312
226.04875597338165
110.26105062526574
122.59785033829706
25.122350121306148
180.73028580153857
108.19919515593455
67.60291052977644
172.5944948214844
77.60681067253702
183.8437928072973
387.099446994854
40.9585090631962
49.72351466059325
294.93447818213815
267.802465384878
312.6906844885026
322.88303189671285
279.37893635225936
326.30444393707864
317.47767011148665
340.22493912218977
463.2998100129514
432.4346019206647
59.82349387109103
57.66540379382234
288.0030547978544
234.17020183241254
179.21218726162897
171.82725878648478
221.1865836106118
238.82569650907755
133.40931880465538
334.2857454477135
349.72552030456166
126.71473809507063
129.73518378623095
51.86074745172797
50.060282425684186
38.1992538981168
125.74674080429318
185.1014401340342
127.10144013403425
40.75268615015513
46.74136593968295
46.79802886196435
19.32543860818555
31.32543860818555
144.66841130590325
145.87929008657105
49.879180211141
199.60704104260896
291.22730580980124
194.04988834014335
195.97600978927406
100.93053394908945
60.30715649118413
117.53628380748674
129.8886750535555
40.50629576718214
0.0
402.81662902295005
310.33198783657343
260.6009906176834
223.4353987439516
268.0799188552599
100.31980724165139
100.68195326728906
76.72040998627786
19.09588270038344
632.474970324455
593.0541523075482
491.54518864980395
462.84119582331016
445.1582275840121
438.99231509805327
300.6217098701371
312.5489253295372
347.5805732464435
355.2608193368469
318.60644874736016
326.0610577527081
316.00398743120826
361.4607853170624
331.4916374078251
354.2888627935467
357.08348805814006
362.4072718157546
358.0678778418171
346.20801470346726
334.58649338209364
332.2982550824555
331.87068037551006
30.29727615921496
0.0
94.73381091010114
87.74749942060063
238.8050345381786
137.66665765576323
198.0590557257972
228.5988311348171
227.4124225934745
610.5899644577067
585.3995291357669
599.0740285018705
626.1917289603427
579.8120378347407
607.0557453546311
570.4864669686846
479.310221638575
427.90105022655126
434.77705821653467
410.0720847449703
464.656063955691
411.3011627756132
482.9173299593609
442.25593647799667
428.2951988309499
433.9470564300045
482.9627117179252
471.6717104933493
498.7016141109983
530.6510109893763
541.8467916521982
521.7013795122513
66.51850407077441
567.5359947671795
314.10454805861
22.72147857583417
266.6806396976286
269.9536876340718
271.8117358769174
297.0582447495187
61.94284751869154
107.87170674987306
45.44804494101599
32.73393790416456
111.03955526937902
88.27628173034326
91.8201607689958
77.86470920543204
27.64024379367731
32.63758854748927
31.75918507170279
17.0
14.890239327527922
35.45049283600381
0.0
0.0
0.0
4.9986498087289615
0.0
42.85410461979835
0.0
0.0
1.1543364044080153
0.0
0.0
44.731201786698165
213.754233217074
269.03608619337007
201.63719212004813
39.5183450845317
85.77000672636936
522.8120093798647
412.203390166933
470.0548728103278
415.5974603159902
369.48470958724283
267.17859984962513
223.8352229542515
179.03577807189205
187.89083797286668
164.59349304387254
167.2120620798356
175.2519118821056
116.75206786663331
616.7365424948467
509.1530813067094
542.450028539537
432.96605147480886
186.11266592739514
46.69347013437102
80.11289254918825
527.5399228395421
623.5425842115408
0.0
159.08247575545704
75.48204425564131
172.34220907529104
304.1217495750535
386.4401496993164
499.2941149557792
509.22711534448894
123.94641964057824
233.30377246915003
422.4028641277129
281.21515923508076
223.95890104014285
121.09657192690997
270.0560536824762
0.0
333.2783796336322
211.54447065687498
198.73469225740396
180.1944302459213
6.744932633267059
186.1655137659572
707.2097683809903
721.3404246360577
680.8397693088583
711.2435343279091
809.5538003175529
802.2271173837253
689.1663634632657
509.89511393564385
478.66834142609736
106.99160088497686
72.49924722835904
99.5845414153709
67.16420395611314
116.2963838575368
57.08336742079095
38.37125420039581
924.3613500826276
48.08377358007401
914.2547636505157
694.5453381990493
626.4579553434373
625.0742300170979
643.8347343693891
24.06292355011962
63.52038109344764
114.49972982985307
172.84774609698502
200.9545267245875
200.59068015906607
257.83256158524466
393.8857548514861
267.90752273960123
8.08912150970926
140.02853081757462
113.81130651894973
185.6864519537229
58.69199874190382
156.95326868011153
160.73476279501102
38.690635616608915
447.4400369289424
438.32778641327457
479.83625576901534
463.7966680858323
434.4151242312104
430.72936991750055
533.8190866456337
547.1673047279603
11.296411125057823
330.65442703539736


