Rainfall Prediction

1593.9113155202624
1637.9113155202624
1639.9113155202624
1639.9113155202624
1639.9113155202624
1637.9113155202624
1643.9113155202624
1643.9113155202624
1625.9113155202624
1589.9113155202624
1589.9113155202624
1223.2813257502737
1161.9113155202624
963.3547379189481
801.0000000000003
983.911315520263
689.911315520263
555.1773689594748
603.911315520263
282.4434223986855
384.1773689594741
172.35473791894867
255.9113155202627
383.9113155202627
579.911315520263
618.911315520263
644.911315520263
661.911315520263
661.911315520263
643.911315520263
698.911315520263
698.911315520263
823.911315520263
803.911315520263
803.911315520263
803.911315520263
810.911315520263
858.911315520263
823.911315520263
886.911315520263
935.911315520263
1005.9113155202624
1130.9113155202624
1203.9113155202624
1225.9113155202624
1460.9113155202624
1455.9113155202624
1397.9113155202624
1463.9113155202624
1423.9113155202624
1429.9113155202624
1429.9113155202624
1429.9113155202624
1245.9113155202624
1044.9113155202624
852.911315520263
1016.9113155202624
1316.9113155202624
1424.9113155202624
1458.9113155202624
1429.9113155202624
1429.9113155202624
1429.9113155202624
1379.9113155202624
1271.9113155202624
1380.9113155202624
1390.9113155202624
1416.9113155202624
1390.9113155202624
1405.9113155202624
1431.9113155202624
1281.9113155202624
1260.9113155202624
1201.9113155202624
1111.9113155202624
903.911315520263
740.911315520263
966.911315520263
1006.911315520263
751.911315520263
815.911315520263
890.911315520263
890.911315520263
890.911315520263
788.911315520263
785.911315520263
779.911315520263
605.911315520263
243.9113155202627
108.26605343921148
116.26605343921159
11.519783954011515
68.26605343921159
48.26605343921159
118.0886844797372
44.26605343921159
108.0886844797372
108.0886844797372
108.0886844797372
118.0886844797372
70.1284275136926
79.0060738992384
100.79816031763465
79.0060738992384
183.9113155202627
243.9113155202627
249.9113155202627
355.9113155202627
355.9113155202627
326.9113155202627
345.9113155202627
279.9113155202627
303.9113155202627
291.9113155202627
291.9113155202627
256.9113155202627
281.9113155202627
311.9113155202627
265.9113155202627
288.9113155202627
260.9113155202627
311.9113155202627
265.9113155202627
388.9113155202627
389.9113155202627
384.9113155202627
354.9113155202627
364.9113155202627
484.9113155202627
417.9113155202627
417.9113155202627
389.9113155202627
397.9113155202627
397.9113155202627
375.9113155202627
383.9113155202627
230.26605343921148
245.3944809529042
156.3483137678366
154.82824367079303
182.1008322782141
104.8226310405255
84.8226310405255
81.8226310405255
81.8226310405255
81.8226310405255
81.8226310405255
71.8226310405255
71.8226310405255
71.8226310405255
71.8226310405255
71.8226310405255
236.8226310405255
429.9113155202627
463.911315520263
493.911315520263
495.911315520263
712.911315520263
848.911315520263
802.911315520263
662.911315520263
662.911315520263
652.911315520263
652.911315520263
652.911315520263
653.911315520263
675.911315520263
792.911315520263
953.911315520263
689.911315520263
1009.911315520263
1015.911315520263
1095.911315520263
1134.911315520263
1129.911315520263
761.911315520263
907.911315520263
879.911315520263
876.911315520263
1243.9113155202624
1397.9113155202624
1439.9113155202624
1448.9113155202624
1359.9113155202624
1139.9113155202624
1635.9113155202624
1584.9113155202624
1670.9113155202624
1330.9113155202624
1202.9113155202624
1543.9113155202624
1175.9113155202624
1175.9113155202624
1543.9113155202624
1543.9113155202624
1543.9113155202624
1543.9113155202624
1543.9113155202624
1543.9113155202624
1483.9113155202624
1427.9113155202624
1256.9113155202624
1251.9113155202624
1074.9113155202624
1035.9113155202624
1050.9113155202624
1050.9113155202624
1050.9113155202624
1309.9113155202624
1281.9113155202624
1265.9113155202624
807.911315520263
723.911315520263
871.911315520263
665.911315520263
568.911315520263
271.9113155202627
258.2660534392115
149.9113155202627
149.9113155202627
107.91131552026269
166.17736895947428
105.67580670318046
115.81343262869933
99.8226310405255
346.0886844797371
346.0886844797371
619.911315520263
669.911315520263
769.911315520263
769.911315520263
704.911315520263
701.911315520263
700.911315520263
739.911315520263
685.911315520263
701.911315520263
663.911315520263
641.911315520263
641.911315520263
521.1528982365845
561.911315520263
1217.9113155202624
1215.9113155202624
1215.9113155202624
1215.9113155202624
1225.9113155202624
1225.9113155202624
1267.9113155202624
1320.9113155202624
1255.9113155202624
1255.9113155202624
1271.9113155202624
1281.9113155202624
1283.9113155202624
1264.9113155202624
1125.9113155202624
1125.9113155202624
901.911315520263
903.911315520263
855.911315520263
855.911315520263
802.911315520263
795.911315520263
1169.9113155202624
1187.9113155202624
1279.9113155202624
1259.9113155202624
1287.9113155202624
1266.9113155202624
1301.9113155202624
1400.9113155202624
1572.9113155202624
831.911315520263
829.911315520263
925.911315520263
708.911315520263
906.911315520263
809.911315520263
805.911315520263
657.5076361555335
610.97552927711
610.97552927711
608.7981603176355
686.4434223986865
693.7981603176355
638.97552927711
644.97552927711
649.685005115008
746.620791358161
663.4434223986865
848.266053439212
648.266053439212
732.266053439212
977.0886844797375
235.8226310405255
230.8226310405255
198.8226310405255
228.8226310405255
338.9157022689728
1167.911315520263
1545.9113155202624
1515.9113155202624
1524.9113155202624
1191.9113155202624
1419.9113155202624
1320.9113155202624
1457.9113155202624
1323.9113155202624
1187.9113155202624
1226.9113155202624
1749.9113155202624
1749.9113155202624
1768.9113155202624
1894.9113155202624
1788.9113155202624
1763.9113155202624
1995.9113155202624
2094.911315520262
2068.911315520262
2128.911315520262
2173.911315520262
2223.911315520262
2719.911315520262
2743.911315520262
2743.911315520262
2733.911315520262
2845.9113155202617
2722.9113155202617
2686.911315520262
2474.911315520262
1373.9113155202624
1379.9113155202624
1363.9113155202624
1259.9113155202624
1205.9113155202624
961.1528982365845
986.97552927711
876.3271426834784
1145.911315520263
1145.911315520263
1217.911315520263
1284.911315520263
1176.9113155202624
1163.9113155202624
1143.911315520263
1222.9113155202624
947.911315520263
812.911315520263
945.911315520263
876.911315520263
814.911315520263
760.911315520263
692.911315520263
409.7644911829217
437.47674128156393
476.620791358161
516.620791358161
438.7981603176355
763.911315520263
901.911315520263
921.911315520263
1465.9113155202624
1109.9113155202624
1155.9113155202624
1311.9113155202624


