Rainfall Prediction

1159.4937145033389
1169.145285643406
1216.240696507002
1277.7550749199513
1350.6251566958865
1429.708547412422
1411.249193570646
1344.0227853106926
1320.945650413245
1224.786948579987
1198.4590773534817
1190.6967863861792
1141.0495150160245
1152.4239944317374
1133.1564077747005
1089.6738696302943
1051.9834887952413
1042.50332423671
943.5093634348547
722.0156520834629
660.0901040890906
604.6008803693107
590.6562715940406
555.8408283866345
581.4800177521023
604.9723071892225
655.5695410472412
655.5695410472412
620.7697400367388
592.0936791785272
500.8252008353264
504.4182352110012
522.8914177419313
522.9712065835895
511.0657756228663
446.34745540673936
374.56351707992593
363.65150762643907
364.50253838262546
368.4332821924624
364.6318179230617
371.28805032772567
345.52440105917555
326.2725457854808
296.79828204533993
298.8377702905058
296.440314983756
297.1504439328305
292.80261118663276
278.46218328276757
274.72076189624653
278.0264603267593
292.25845845383355
283.42786778886205
292.9369741891171
261.99892032428204
230.14740355472574
175.6813969891723
191.6082780696736
189.92498358543506
209.05772865675232
234.90309818660032
231.28833063500372
194.14524645862787
144.32265482135304
137.00838537744858
151.57421878766183
142.76695032754853
142.96670413799802
141.4756708122721
145.1741323596793
161.38885613950575
160.38428888561333
193.18962824785626
194.25486196954853
203.00001922013706
224.34026514443934
275.41120952926764
275.29227664661386
304.2640111133298
312.0438399592548
316.68721894455666
327.8232724777093
336.8590569469733
331.1214670659701
318.3573041169861
326.34726766242153
327.49622581811525
326.93277045078827
343.15891798241876
394.0525818520721
389.66968996389613
363.64039047568144
404.63677817887617
414.5731163911848
414.89530832830775
415.50159994333075
416.0483153147404
485.4492634417005
489.9051469211118
522.6970130318751
516.0369677989542
508.5430285188515
508.3752584869675
476.67569031171166
474.5607818116186
466.39021749030275
444.9375284844726
393.8641207632012
393.8306269451073
364.64770510354896
356.2380144941415
351.7481992619908
372.4834831059244
351.7269380091729
349.24034463739815
356.6883403945867
350.3525763618846
349.88158081952895
349.7157596399299
310.51966784216876
259.373372373731
239.5395656926877
271.803547436805
236.1624241140714
251.4034455029081
249.11434619563101
278.2306446883969
263.79330062256184
194.5586146225694
192.09942848569196
158.96218695222584
160.2279338309028
177.7004891727704
177.9274014189087
177.0286360548906
177.0286360548906
193.89645955956138
197.13268196933623
246.1881584897652
304.3217656475657
308.43550075239904
370.2716631449745
380.088171631361
348.1558091099232
361.8486040857231
368.5476036769307
360.65264397928354
362.1297098779347
361.53788827131604
361.9458986130067
360.5364290123393
430.5551585539061
442.18535315505363
495.1545691587933
502.19751982697494
480.36903202650103
480.17232315658043
448.89563298232537
451.5403720031083
462.55444646641956
461.8896337028025
464.64755776099184
461.53212772584254
434.6323060702594
434.6323060702594
434.6323060702594
434.6323060702594
417.46680183168627
413.82381659804116
365.28306930098375
306.70114149913127
295.5975962402109
238.70456080490493
232.41957945646803
233.182719910429
218.2728392913054
215.74744673116598
215.74744673116598
214.50063562781475
214.41672024701467
213.82861106741117
213.7882876608249
142.9957168096481
126.42491549377233
37.355165046988525
24.875293567209003
41.118045768102675
57.8471123915565
58.29377425359479
58.71598074241824
48.32991671521573
45.90929051445992
45.76825496593927
46.90138329067808
46.90138329067808
46.91891992835937
46.93292576498558
46.936423976032955
48.06141517006043
48.06141517006043
48.04367927059377
47.41377221609045
48.575576401761865
78.54990218442983
76.21513637239534
75.54442919613265
75.56974712345638
81.3464021105207
81.3464021105207
104.4130862621853
152.7752582178978
194.51987536295752
194.47675536520305
194.47675536520305
196.31660620332795
195.23169080335256
192.61082280429991
220.05258389508856
214.627679520897
214.60746086837588
272.4532194195662
307.7811874155109
338.5809748250764
339.82734839404173
341.50572586466706
341.50572586466706
338.4685309043964
347.1962368769484
347.28685379222094
454.3152241347625
455.32805316611626
454.83183617733835
457.6386060308148
466.5865519553995
436.89410338430673
446.1811912570278
447.00482167530447
447.1490116068123
445.07533599158063
446.31513669207584
424.70383063715553
379.31638238621395
338.8688491437813
341.25367069276007
341.43940803342565
341.97624240315093
347.7635328129329
391.5010025800341
383.08815177519557
446.03542947829817
462.981461696019
490.9607908997433
453.9897463462571
462.70516141783816
458.16363202651956
516.8301681658539
518.9124067338543
530.2306975001427
528.8038348607502
554.7863319993047
491.4233709204701
516.5506264540296
517.0724894528875
516.867865620884
498.6019603124156
573.6340200478065
565.2390508153942
564.479525705261
564.4686149541253
561.5783076340739
559.5048591111334
559.3513359467694
555.2583561932154
553.2786487607578
553.0755594212534
555.9060333741019
553.5749544733161
552.7472206894345
512.374926822366
474.79899463287245
410.4051207420493
394.0792450500959
309.3633489494814
308.87332219713875
268.44745451681024
268.7384539579822
207.37744256615875
202.37445426432842
200.43134135471544
193.19771143206353
167.2965202946954
120.0368638262085
94.23850645811255
131.10113905087744
181.1772238865764
239.67948818634673
185.42911802755677
192.7558932812674
225.06975225202245
226.78888225768708
259.0024113448732
324.68233069785254
353.9101960430692
347.6124593269479
345.44480093940757
338.7748976312385
334.4861505185804
333.76856690237577
335.4263592049021
366.4374303808503
366.5585718077415
384.96542895492837
424.95163818946946
427.1645914800922
427.6006866906549
434.43246257132216
441.01209935895
477.9145823269497
481.1105052527128
482.9830821912711
503.7954220702742
518.1289209468173
521.1254547860741
520.7817756600514
541.6124719410038
491.81153579209916
446.03139501121973
425.1410425877518
426.75399201228026
396.671261048571
392.1575496929254
361.7120588900382
295.75420489820345
266.27667219506253
277.5090537795755
304.62727039904826
345.5610484668541
375.11386013491267
423.3468033648947
438.6592741308407
421.61011682917405
498.44140601137866
478.01058577107244
429.36727245981103
367.8583740055155
354.0329595163883
345.5726127104904
333.25767542526506
294.6385739133029
288.70506955837726
289.6189727427981
269.38279882127597
255.69462355985291
253.36053621922093
252.34426391905674
193.93133449067068
193.87422084594547
194.39650046511443
198.16551189023636
291.24674454559903
328.26391224502373
375.1624563919237
395.4026862341906
419.9516971399582
423.8551113596344


