Rainfall Prediction

389.66350474834553
564.664674078646
600.6679876534985
695.6709440022344
770.6705128608901
820.6702650873174
890.6635047483455
890.6628764452636
900.6566778745756
925.6503914994685
956.6484728201543
956.6395501033616
958.6436918122225
1051.6444511901118
1043.6441674826713
1023.6376900699406
1049.6329054538194
829.6354502912337
829.623720231225
877.599745745909
936.595978541567
1036.5899288410362
1099.5899288410362
1244.5895069596354
1445.5892950978205
1594.5890826175603
1602.5763356301622
1799.5770903295893
1892.5788222539466
1930.5892950978205
1945.6004758376828
2207.6075533366798
2105.605385532441
2147.599008069241
2092.589718206288
2160.59117997884
2123.5846978493782
2053.594017840092
2233.5924098819173
2343.5926128473357
2348.5928152439487
2452.5928152439487
2515.5928152439487
2513.583788554748
2420.5807535738354
2415.5702838618404
2380.567777872595
2312.567777872595
2312.5609754629168
2315.5561946913986
2267.5558653568323
2205.5555346378405
2102.5555346378405
2044.5555346378408
1924.5555346378408
1721.6034973284607
1569.619162806579
1561.6262632936725
1367.6279874051277
1289.6299044411585
1231.6242366421945
1213.6164756090689
994.6083694943928
921.6077173352655
896.6053855324409
881.6053855324409
738.5991932073803
725.5986363412609
740.5899288410362
570.5873601090211
488.5840169326832
491.58514831889283
399.60047583768267
456.60605973851284
543.6060597385128
546.6083694943928
546.613074426919
549.6166197174149
554.6169070234592
669.620941918231
686.6252576575786
764.6371637579431
814.6435005463019
1102.6449212443988
1130.6452948027015
1133.6527515127677
1136.633690514246
1154.6213459120152
1209.6181851042252
1206.6169070234591
1201.6136781905475
1201.6147221650042
1201.615164759589
1133.6198526303194
1133.6377948211223
1080.6444511901118
1055.6499605497124
1055.6613127134442
1058.6668813670176
1043.6695155353939
1033.6748047100446
1013.675091508083
1000.6750342599855
957.6708826012698
837.6688836480007
758.6688836480007
802.6711889749989
802.6704510139251
799.6706980177923
909.6710666145954
794.6752629194444
774.6733494414975
696.6669470092369
646.6626655591621
358.6644009652445
325.6788053655233
297.67639308003623
294.6827002569901
276.6827002569901
226.68477210377029
244.68630202713365
329.68892979093596
386.6892890897537
386.69139836705017
386.68995670990233
386.6856377004952
386.68554216512524
404.68290081325273
514.6767279339058
674.6752629194444
749.676839128721
749.6777211763628
731.6783199673058
711.6789662723965
711.6792867609441
744.6829008132527
826.6831505332717
810.6808114044526
905.6852065331842
905.6888847185069
790.6885228477613
790.6837947927384
820.6903095874316
820.6940112227887
820.7055019533907
1180.7098705289332
1338.7020856833715
1591.7046252194816
1629.7003494713463
1697.7003494713463
1897.697561115816
2016.6958342970202
1934.6934733272433
1880.692846213638
1888.6906602810704
1888.69182807513
1891.689378560635
1891.686396305158
1873.6862075936203
1763.6849172788504
1600.6821958009648
1568.6785901308083
1593.678048549259
1593.6778305042844
1593.6767835576516
1593.676112569463
1560.6720385225876
1470.6717970309005
1439.6714937799488
1344.664674078646
1344.6569103675165
1344.6658212444224
1344.6725185797025
1314.6635047483455
1314.6591882847902
1314.6531637197127
954.6478498647194
881.647310966547
633.6360981470457
643.6357750255247
640.647039784732
572.647039784732
520.647039784732
532.647039784732
534.647039784732
661.653081496115
661.6519188377489
670.6519188377489
670.6556601736436
673.6554229232855
673.6554229232855
673.6554229232855
630.6554229232855
700.6474911104282
833.6464024713429
873.6464024713429
908.6464024713429
1026.6504773354416
1026.6507341407448
1026.6513292920542
1026.6513292920542
1026.6513292920542
1026.6398549631608
1076.62810885986
1206.62810885986
1206.6247490992298
1231.58581888794
1234.5548690039514
1149.554534067441
1144.554534067441
1096.554534067441
1031.502953333461
909.5072044785854
867.5134939743197
842.5140437972321
837.5140437972321
702.4738424080356
702.4851143683289
690.4851143683289
710.4416265302544
707.4416265302544
707.4416265302544
707.4416265302544
707.4416265302544
612.4416265302544
479.44162653025444
439.44162653025444
404.44162653025444
286.3644475831548
286.35434481534895
336.3343268449276
339.3343268449276
359.4219910252637
359.4248349501142
309.5683419091912
322.5694576438071
359.5694576438071
367.5694576438071
409.5694576438071
411.5694576438071
426.5694576438071
426.5694576438071
426.5934190499306
469.5950048822659
463.595978541567
768.6010185142304
771.6017356707921
828.599745745909
828.5946116901255
828.5946116901255
808.5967480543419
808.6225435559807
808.6345763347617
808.6381080613328
853.6393460594188
856.6398549631607
964.6416543908072
994.6474011026617
1189.6540610845195
1189.6586642661687
1189.6586642661687
1139.6623832356659
1136.6623832356659
1116.6668813670176
1116.666749867412
1241.6481175991337
1098.6479392357642
1094.6479392357642
1063.6479392357642
1018.647939235764
1151.6479392357642
1136.6479392357642
1136.6479392357642
1136.638212138625
1078.6384197920213
1041.6370579807483
736.6340241060374
858.6335789376884
1094.6335789376883
1159.634356003405
1201.6353416855125
1258.6397535034207
1273.6222792489948
1283.612004920125
1283.6067275075459
1238.6093364063631
1235.6102900305082
1127.613225865799
1097.6124653155991
902.6034973284607
902.6001117309692
910.6038444349315
1192.5944142844132
1192.5944142844132
1192.569180235382
1192.569180235382
1075.569180235382
1075.5686223748617
1042.5686223748617
1043.5686223748617
1086.5735016961755
951.5735016961754
951.5735016961754
951.5737637760939
951.5735016961754
951.5689018146518
951.5680604107534
951.5680604107534
826.5680604107534
533.5680604107534
468.5660604114341
426.56341008972805
369.5456657722099
359.5410337488419
349.52908168734575
349.52908168734575
354.5151330538566
354.50896527148564
354.48435309430647
354.427603389034
354.3903591314228
401.26645032128124
403.076885389684
311.076885389684
311.076885389684
311.076885389684
311.076885389684
313.1451984476826
313.50170017498516
313.5917975434136
310.6113862385307
267.619162806579
340.6197152267816
560.6198526303194
583.6197152267816
583.6197152267816
583.6197152267816
1196.6197152267816
1301.6197152267816
1304.6201266028802
1304.6202631739666
1304.6205354908682
1357.6266365285405
1359.6296678290933
1354.6296678290933
1394.6296678290933
1394.6296678290933
1389.6296678290933
1392.6296678290933
1392.6296678290933
1392.6335789376883
1392.6486496829957
1432.6498740036868
1430.6558965183708
1240.6558965183708
1240.6586642661687
1260.6634352569972
1270.663574160231
1260.6671435072903
1260.6586642661687
1263.6353416855125
1263.6221467048983
1263.612004920125
1190.6113862385307
970.611230697774
947.6129226538181
947.6257623713757
947.6347959246675
339.63726936285434
284.63944816210994
318.6391413678316
318.6417528956732
318.6424382218207
265.63852336911066
266.63588291116645
266.64340469796423
246.6472207017466
246.656053581535
254.67118897499893
251.67346719037135
251.68315053327171
256.6826500089757
259.6748621813631
172.67405244463072
164.66964111566492
239.66964111566492
239.66920042590127
219.67197824162596
209.67611256946284
209.67275715963825
209.67661652801533
206.67661652801533
206.67689464720627
206.68013287932075
206.68334953443343
206.68597082644746
206.68847745170984
206.68506208808728
206.68644338600984
201.68554216512524
166.68601825822296
129.69709544849374
129.69832866297872
129.70233436481868
129.70240521032886
126.70240521032886
126.69986968427509
109.69832866297871
132.69417569759338
136.6843831685782
144.6824990023317
186.67269760457614
181.67125006101531
255.67082113695523
288.6708211369552
298.6708211369552
223.67239892893014
223.67317237790394
241.66628734425666
251.6612406727204
391.66145654030265
439.6577554227411
472.66412661465444
492.66405783248166
577.6600763184686
769.6620995967039
831.6584383111921
831.6533278420721
831.6516668554614
831.6420475051893
841.6416543908072
978.6385233691107
978.6043619023856
978.5934190499306
978.5648937268622
981.5618974274273
989.5618974274273
989.5606656948551
1046.560665694855
1266.560665694855
1269.560665694855
1261.560665694855
1219.560665694855
1219.560665694855
1160.560665694855
1160.560665694855
1150.560665694855
1170.557498393927
1200.550045802332
1182.5657703947118
1172.5869230597687
1032.5982626621799
984.5926128473359
951.5721774922627
931.5853725227919
946.6077173352655
947.5986363412609
923.599745745909
945.5999289743402
1063.607388951258
1128.6194395799905
1118.6199897553406
966.6199897553407
966.6220138991408
999.6220138991408
1037.623720231225
1347.6239789344488
1509.6239789344488
1564.6239789344488
1504.6263879379408
1261.6263879379408
1269.6263879379408
1269.6263879379408
1302.6263879379408
1302.6263879379408
1394.6263879379408
1559.6263879379408
1559.6263879379408
1542.6243651249572
1572.6217474988384
1755.6147221650042
1755.6010185142304
1755.5895069596354
1755.5835594673147
1755.5835594673147
1755.5689018146518
1655.5253252065186
1462.5449119637158
1424.541033748842
1402.5568492491868
1284.5414300222337
1219.522393648545
1219.5203813984103
1334.5203813984103
1399.5253252065186
1471.5535206474135
1488.5507530325365
1175.5672096489604
1008.5903482877239
953.5907653252652
953.586703552494
953.5884414328996
930.5884414328996
930.6088546325173
897.6088546325173
897.6199897553407
787.6199897553407
589.6296678290934
589.6400574043776
586.6428265674879
526.6496136480213
343.6505630541153
343.6505630541153
343.6555021077588
348.6605155535964
348.6639200335629
348.6677291773757
348.6713110844001
491.6700162805516
496.67416880339493
542.675433833492
590.6756042528871
642.6747471826691
667.6748047100446
567.6748047100446
535.6733494414975
430.66907391586284
375.6687564660219
375.66521663480904
372.65843831119207
372.6582872118626
372.6582872118626
372.6576790765021
372.6576790765021
372.6486496829958
372.64917731158073
372.6426326893677
757.6447336391229
812.6372693628543
812.6263879379408
812.6248766021854
817.6147221650043
892.613074426919
892.6136781905476
937.6041898363172
945.5917975434136
1000.5961716965784
1028.5886557884467
1028.5750606881643
1058.5565226520514
1096.5299950609606
1050.49239806677
1002.4902733831764
1138.4729828125942
1150.4721153192613
1135.4721153192613
1102.544532400368
1102.544532400368
1102.544532400368
1102.588869515547
1102.5926128473359
1102.5926128473359
1102.5926128473359
1102.5926128473359
1102.5926128473359
1102.5926128473359
1102.5913864194044
1245.5905571060553
967.5858188879398
912.5855960445467
912.6160414485464
912.6136781905476
907.6161864758253
832.6161864758253
832.6156045096508
817.6154582402843
804.6163311956013
794.6053855324409
769.6052159617707
769.6246213526117
596.6279874051276
553.631537368208
633.6331307190493
696.6373747959975
670.6393460594188
633.6394481621099
658.6394481621099
666.6248766021854
676.6248766021854
676.6248766021854
676.6041898363172
676.6010185142304
866.6036710957944
868.6036710957944
868.6036710957944
868.6036710957944
868.6036710957944
868.6036710957944
725.6036710957944
618.6036710957944
618.6161864758253
688.5882264455197
698.5952006740802
716.5917975434136
716.5917975434136
716.5917975434136
686.5930170746641
686.5917975434136
649.5917975434136
646.5877945615853
646.5518022304001
646.5957848644091
646.5903482877239
566.6221467048982
503.63684590743446
341.640960588899
341.6500469766454
316.6500469766454
308.6502194744393
298.65047733544145
343.65047733544145
373.6557390555298
466.6557390555298
286.65494567992783
284.65843831119207
284.6586642661686
302.65896425272007
302.6592627807907
302.65933718645135
302.66412661465444
615.6695783585099
615.6681164753393
560.6681164753393
550.6668813670176
532.6668813670176
532.6668813670176
532.671978241626
532.6739358562934
532.6891546187111
524.6906602810704
524.6910088157288
524.6947882169994
524.6883865508818
562.689646130689
592.6796584511054
614.673994179211
627.6708826012698
627.6646059157188
630.6646059157188
630.6644693591784
630.6642639452443
600.6642639452443
570.6584383111921
477.65843831119207
467.6581357404287
467.6630166307355
467.67329047911215
479.6742849334205
479.67416880339493
479.6790198095804
479.6758871931477
166.67221899923803
166.68295084371908
151.6824990023317
151.68173799970748
234.68173799970748
287.68178904559517
339.67750190612253
359.67531994591883
537.6553436374736
687.6525858639889
710.6540610845195
747.6463109008317
792.6416543908072
756.6386267804475
726.6391413678316
737.632566097325
724.6317673712565
724.631537368208
721.631537368208
721.631537368208
721.631537368208
706.631537368208
706.6365264923182
706.6370579807483
706.6388331078113
706.6265123492974
706.6047047747302
676.611230697774
676.629430366317
679.6533278420721
679.6639200335628
679.6646059157188
679.6469491318361
679.6467674355533
679.6467674355533
596.647039784732
543.6469491318361
491.6469491318361
471.6469491318361
293.6469491318361
143.6469491318361
120.64454547909942
83.64454547909942
38.64454547909942
36.64445119011178
36.64397764013727
3.643977640137271
3.643977640137271
3.643977640137271
73.64397764013727
221.64548076166727
386.6455735373914
541.6455735373914
618.6434046979642
773.6472207017466
800.6572190019675
818.6604425663496
1108.660806634549
1118.6562102468895
1241.6445454790994
1353.6022688029177
1363.5773402163977
1363.5713717123156
1363.5705572873176
1363.5705572873176
1363.5705572873176
1363.569734046618
1363.570009450441
1363.5721774922627
1363.5790664256272
1363.580275423163
1363.5877945615853
1363.5877945615853
1363.5877945615853
1363.594017840092
1363.5946116901255
1363.5946116901255
1363.5993778646866
1363.599562043441
1363.5997457459089
1293.6055546936484
1150.6027979381383
993.6048755847523
863.6048755847523
786.6015570622989
639.5928152439486
612.558142206555
594.5467834128242
307.544532400368
297.55652265205134
174.5705572873175
264.5713717123157
419.5622023315807
647.5846978493784
657.5936192001923
670.5936192001923
715.5955906625165
715.5999289743402
715.6002940180153
715.6013780014447
715.5973198042167
800.5982626621799
855.5917975434136
855.5917975434136
855.5920022329194
855.5873601090211
858.586703552494
858.6138283059385
858.6260133031875
971.6258879553542
1018.6257623713757
1101.6214800404275
1148.6235905040976
1248.6218808307726
1453.6218808307726
1453.6214800404275
1460.6214800404275
1460.6213459120152
1460.6195775436872
1457.6179031547238
1457.612922653818
1457.605385532441
1252.6048755847523
1087.6048755847523
867.5869230597685
1080.5708297333128
1354.5708297333128
1427.5680604107536
1452.5666371812842
1485.5666371812842
1485.5645992727723
1485.5729747930727
1400.5837885547478
1345.5844715760434
1345.5844715760434
1345.5842446051247
1345.5835594673147
1342.5864833853227
1342.5493322422174
1342.4930953734647
1239.4930953734647
1192.5112591050843
1109.5313466317969
1057.5603546886798
949.5618974274273
719.5618974274273
719.5618974274273
734.5618974274273
734.5618974274273
772.5628085654902
772.5760823667882
772.5833296663473
772.5928152439486
772.614127555341
772.6250038623308
769.625384194364
546.625384194364
259.62613841569015
141.63037513544023
116.6301402080968
83.62978624111449
113.62895286602277
118.62462135261171
118.61733572341912
118.62346052543813
118.64234076597968
118.64820659211466
118.64776036699537
118.64703978473196
143.6559750997955
151.65775542274108
141.66022308072317
151.66869277361437
231.6660880281191
261.65948572756014
264.65911369824715
317.65911369824715
317.65911369824715
295.65911369824715
345.65911369824715
327.6588893933275
330.6551847608759
330.6527515127677
330.64900192617165
330.63716375794314
340.6391413678316
335.6398549631607
335.64145692596827
335.6435005463019
335.64234076597967
335.6415557343821
335.6415557343821
305.6418512494084
300.6418512494084
300.6418512494084
300.6369520307521
305.63534168551257
365.63256609732497
435.63256609732497
435.63199657200016
415.6166197174149
407.62436512495725
407.62039946962324
397.5955906625165
317.60555469364834
287.60555469364834
284.6164756090688
231.62871281706418
231.6290725647202
231.62943036631705
181.6346862221091
161.63523289838872
158.63523289838872
158.63523289838872
158.63523289838872
158.6378994030805
148.6285924653521
148.63130655767634
148.62943036631705
148.62613841569018
148.62319980993016
313.6221467048982
458.6221467048982
506.62847189451173
521.6323388800031
551.6557390555298
721.6608791887301
789.648914049896
766.6623124496915
696.6710666145954
696.6710666145954
691.671978241626
691.6669470092369
691.6667498674119
691.6667498674119
691.6630166307356
691.6630166307356
721.6581357404286
749.6674695839447
764.6682450211642
769.6728760905856
799.6731723779039
817.6753769172351
817.6938049491441
817.6946255319106
817.7013328171049
867.7016926103179
867.7011520347937
1070.6999437694415
1308.6999437694415
1371.6999437694415
1371.6999437694415
1324.6999437694415
1179.6999437694415
1386.6979462150994
1386.6966651377033
1447.6859708264474
1277.6826500089758
1249.6824990023317
1217.6709440022344
1217.6621706303881
1217.6621706303881
1217.66087918873
1217.6614565403027
1217.6614565403027
1217.6614565403027
1217.6614565403027
1217.6625245611428
1187.6632263044908
1159.6452948027015
1144.6438825064374
1131.635990618159
1101.6302577763743
1083.625003862331
1083.5433828902055
1083.593017074664
1083.5452897493049
1033.5877945615853
1206.594017840092
1003.5965564504232
765.6109185617356
702.6180442757192
702.6333552120544
584.6336905142458
584.6366331387433
329.64076097490613
314.641258851446
223.64175289567325
223.64445119011177
178.6487379286252
173.65462546515457
173.66460591571877
173.6652841132845
176.66970380698697
336.6746319593425
336.6746319593425
548.6766165280153
573.6767279339058
623.6891994777568
623.6887492865285
651.6886135314065
673.6886135314065
673.6886135314065
673.6886135314065
673.6906165629417
681.6932650653537
681.6842366373121
704.6842366373121
704.6744008355373
531.6726379896404
574.6718574958977
1216.6680520989892
1219.6648781079703
1219.6628062311217
1219.6801853556235
1224.6794463470937
1224.6801328793208
1229.6798697855713
1309.6796054974498
1329.6781029337494
1329.675604252887
1339.6714937799488
1339.6626655591622
1339.6619572803793
1336.6578316744594
1176.6505630541153
1176.6574494684942
964.654705673887
939.6545451526518
889.6285924653521
889.6282300925053
861.6282300925053
862.6282300925053
1245.6282300925054
1250.6282300925054
1300.6225435559807
1305.6138283059386
1305.614276691962
1282.614276691962
1282.614276691962
1312.614276691962
1317.614276691962
695.6121587272904
692.6147221650043
740.599562043441
785.5172710961741
780.5418243734101
780.5193571554676
778.535699186407
698.5493322422172
678.5609754629168
678.5603546886797
668.5603546886797
668.5603546886797
668.5603546886797
668.5565226520513
668.5565226520513
698.5223936485448
718.5223936485448
718.5223936485448
718.5223936485448
718.5223936485448
718.5223936485448
695.5223936485448
312.5223936485449
307.5223936485449
275.5223936485449
305.5223936485449
415.5208889416158
975.5208889416158
1200.5208889416158
1185.5208889416158
1197.524359273497
1212.52288934883
1332.533551522156
1284.533551522156
1250.5518022304
1250.5897182062884
1250.5890826175603
1247.5980750851038
1247.616619717415
1247.6257623713757
1260.6288329503786
1450.631190847973
1450.631190847973
1463.6362054983674
1579.6403598774355
1624.6403598774355
1601.6403598774355
1609.6403598774355
1694.640660934894
1719.641159584469
1976.641159584469
1976.6416543908072
1976.6421454080826
1976.6454807616672
2036.6454807616672
2026.6455735373913
2008.6455735373913
1898.6491773115806
1338.6496136480212
1161.6538176292843
1146.6605884538487
1094.6600763184686
1067.6597078667014
947.6567554695381
947.6567554695381
941.655184760876
941.6416543908072
941.6519188377489
941.6493522095556
941.639243794817
1124.6277438264033
1114.6246213526117
977.6220138991408
990.6231998099302
977.618745515472
871.6129226538181
826.6136781905476
819.6156045096508
791.6222792489948
706.6231998099302
694.6235905040976
485.6235905040976
513.6229380774685
513.6226753207451
513.6268841938601
513.6355587161078
673.6471303079217
741.6484728201543
751.646676391477
1026.6471303079215
1091.6424382218208
1109.6332430617756
1184.6333552120545
1431.6400574043776
1586.6443567612996
1732.6443567612996
1900.6420475051893
1910.636739610273
1955.623460525438
2013.6214800404275
2096.616907023459
2086.626760476465
2177.6331307190494
2124.6334671704913
2111.6389360248068
2111.645108297931
2101.6513292920545
2101.652585863989
2101.6514983014144
2101.654785779096
2116.6619572803793
2103.6613846692435
2068.6630166307355
2068.6706363627013
2068.6808114044525
2068.682950843719
2008.6814307765128
1840.675205837713
1747.6743429129158
1737.6739358562934
1462.674976956233
1349.674976956233
1331.674976956233
1248.6782657844042
993.6747471826691
838.6720987424338
692.6720987424338
524.6710053399695
527.6708211369552
482.6708211369552
429.6686290134176
359.6681164753393
201.66329603523866
142.65941150197406
142.65918828479013
142.65454515265182
150.64820659211466
175.64165439080716
175.63965188364273
175.63965188364273
175.63002242992147
160.6163311956014
160.6163311956014
147.6129226538181
124.59261284733583
124.54143002223367
124.48044966446663
124.43548977987375
124.4316221301879
124.4316221301879
164.41296730575698
164.35695221557683
284.3569522155768
284.3569522155768
284.3461648432679
284.44963417555465
287.5162087188542
287.5162087188542
282.51459014388485
269.51459014388485
279.51459014388485
274.51459014388485
261.51459014388485
246.51349397431972
211.51349397431972
211.51349397431972
211.51349397431972
206.51349397431972
181.51349397431972
456.5151330538566
475.51935715546756
720.5213934763545
753.5262801948824
753.5524940743087
753.6239789344488
748.6243651249573
748.6296678290934
748.6380038163172
748.6439776401372
748.6532458349441
748.665486097727
708.6801853556235
708.6802901664153
588.6802901664153
588.682246445008
623.6802901664153
628.6770608880756
625.6768946472063
638.6770608880756
638.6770608880756
638.6776116438784
628.679499445525
628.679499445525
628.679499445525
628.6800277845063
628.686396305158
628.6898238126382
628.6910522319822
630.6924665637576
658.6924665637576
392.69421674106536
373.6972899503947
128.70675845725148
148.7064306043189
158.7042500099817
158.6908348167315
158.69409352045614
158.6930560292689
158.68982381263822
158.6870984815756
158.68315053327171
428.6742849334205
471.6578316744594
471.6576790765021
471.67281665493783
476.67069801779235
441.6696411156649
436.6702650873174
436.66655207790916
423.6681807826854
423.6681807826854
423.6705746437745
423.67560425288707
423.67560425288707
423.6791801269781
433.67944634709374
463.67239892893014
471.6677291773757
474.66588805103044
469.66602144272827
441.66635363678756
432.66329603523866
432.6585890400999
432.6340241060373
379.6340241060373
369.64594329038874
369.64594329038874
369.6381080613328
369.63631267266305
369.63975350342076
369.6435005463019
369.64917731158073
99.64917731158071
56.65566017364357
56.65660018199655
56.64740110266164
51.65090476170487
51.65357321745298
142.65581783702706
208.65918828479013
228.6570648777308
245.6570648777308
321.65430359003904
321.64731096654697
321.6474911104282
336.64135796513403
341.6398549631607
315.6395501033615
307.64005740437756
359.64056073894375
366.6369520307521
376.6364196704687
485.6377948211224
486.6356669606879
538.6356669606879
538.6383160486901
565.6247490992298
569.6247490992298
587.6247490992298
634.6246213526117
634.6202631739665
634.6148700146733
634.6010185142304
634.6010185142304
634.5853725227919
634.5871419107519
634.5565226520513
634.5597289257267
638.569180235382
547.5750606881643
481.5568492491867
461.5568492491867
444.5568492491867
368.57082973331273
368.5597289257268
479.5651870600611
483.5651870600611
468.5651870600611
464.5651870600611
464.5637091064698
428.5622023315807
421.5622023315807
411.5622023315807
302.558142206555
301.558142206555
249.61427669196212
251.61352774627787
372.61618647582526
449.6180442757192
432.6180442757192
385.6180442757192
385.6180442757192
612.6180442757192
612.6180442757192
612.6180442757192
612.6180442757192
612.6151647595891
612.6173357234192
612.609336406363
608.5980750851039
616.5858188879398
728.5840169326832
728.5840169326832
728.5926128473359
728.5805148830894
728.5922063447625
617.5897182062882
598.5897182062882
598.5913864194044
598.5913864194044
598.5930170746641
579.5946116901255
579.6047047747302
579.6047047747302
579.6047047747302
596.6229380774685
596.6082070266049
594.6520026066215
446.65047733544145
365.65613196382225
364.65790783187276
364.6588893933275
364.66022308072314
137.66058845384882
137.66058845384882
141.66058845384882
141.66058845384882
141.6634352569971
141.66294657841073
141.66294657841073
141.66350474834553
133.66350474834553
21.663504748345517
21.663504748345517
21.660661267298163
47.66029633010576
47.679286760944166
47.68209437972665
47.6823476003015
47.686818644736746
52.69666513770344
52.70303873739156
52.702758072716186
52.700788680688355
52.700788680688355
52.700788680688355
58.69615226817015
58.68942324328609
70.66805209898928
190.66805209898928
263.66252456114273
291.66087918873006
338.65992920359656
480.6585890400999
507.65821152276436
520.6582115227643
516.6582115227643
516.6582115227643
516.6551051696086
615.6544647361309
712.6544647361309
712.6538176292844
712.6538176292844
712.6538176292844
712.6538176292844
712.6538176292844
778.6538176292844
778.6150175457827
778.6052159617707
778.607388951258
780.5886557884467
868.5101197339393
947.2664503212812
953.427603389034
961.6040173478003
961.6197152267816
961.6588893933275
938.6625245611427
938.6625245611427
926.6695155353939
806.6699539164895
733.6699539164895
705.6735847054333
658.6747471826691
530.6747471826691
503.67661652801536
490.6849172788504
585.6877461517378
614.6877461517378
660.6877461517378
583.6879756925271
486.68797569252706
558.6881129747253
625.6885682076424
630.6885682076424
630.6885682076424
717.6885682076424
635.6885682076424
792.6901334232264
869.6911389646265
914.6905728110311
912.6906602810704
819.6912255644352
806.6909218831219
906.6912255644352
904.6809668682495
904.6801853556235
904.6618859973806
904.6604425663496
904.6615283268058
904.6549456799279
904.6573727420016
904.6573727420016
904.6525858639889
904.6509047617049
890.6509047617049
890.6480284804592
890.6335789376884
795.6265123492974
766.6265123492974
720.6265123492974
698.6382121386251
698.640259210976
626.6399562633259
559.6389360248069
554.6389360248069
554.6389360248069
467.63893602480687
457.6431162866626
300.64482751091595
223.6527515127677
199.65813574042866
287.66058845384885
397.681686908806
464.6837947927383
404.6802377846288
513.6694526461889
543.6657543637733
565.6596339097242
565.6574494684941
565.6620995967039
566.6608066345491
575.657983895196
575.6585890400999
575.6638510164883
575.6655532760612
575.669641115665
575.6856377004952
575.6865843966315
575.6865843966315
595.6867250605841
620.6888847185069
620.6847721037702
620.6841877105446
629.6841877105446
656.6841877105446
720.6841877105446
720.6841877105446
720.6841877105446
720.6820943797267
720.6793400048851
720.6729947833676
699.6685012891222
611.666220978734
501.635990618159
378.62954920439523
339.62954920439523
224.62954920439523
194.62588795535416
172.6255104917053
172.62538419436393
172.61472216500428
171.61472216500428
162.61472216500428
162.61352774627787
162.6015570622989
162.5969391462847
162.5837885547478
162.44042856156275
162.386429689346
163.38841162153025
178.3823581128187
172.1940112963689
172.27154829616651
172.30665861682527
163.3177483149652
187.3177483149652
137.47298281259407
223.5041890018104
242.53267658711277
314.5326765871128
314.5666371812842
373.5773402163978
397.58099149990034
406.5849234290364
406.58559604454666
396.58559604454666
389.58559604454666
389.5862625546203
389.5862625546203
389.5862625546203
389.5862625546203
389.5862625546203
389.59220634476253
389.618745515472
389.6194395799906
389.6306092286679
407.6349054430079
407.635990618159
407.635990618159
413.635990618159
417.63588291116645
382.63588291116645
363.63588291116645
363.63233888000303
378.6304922859781
383.6301402080968
430.6301402080968
527.6181851042251
445.61185076908276
522.6036710957944
450.6036710957945
450.58801082289466
391.5971297287496
367.60349732846066
360.60047583768267
361.6022688029177
455.60572344720055
584.6191628065791
617.625130880514
617.6347959246675
638.6347959246675
640.6418512494084
650.654865781028
662.6529991638869
671.639243794817
671.6387300265193
671.6289528660228
687.6242366421945
687.6233302943496
687.623720231225
681.6241079123165
676.6257623713757
676.6365264923182
676.6365264923182
676.6373747959975
661.6396518836427
656.646676391477
559.6544647361309
456.6548657810279
463.6548657810279
437.65446473613093
437.65446473613093
465.6532458349441
491.6458510539006
504.64234076597967
502.64612736199894
501.6449212443987
407.6430198594622
296.63391309782725
263.62835110380877
271.618745515472
250.62319980993016
268.61367819054755
282.58714191075194
284.58604105672356
275.5842446051247
330.5842446051247
330.5842446051247
296.6031485014245
296.6282300925053
296.6278657275595
296.6274993502984
296.62588795535413
296.61307442691896
315.61307442691896
317.61185076908276
561.6083694943928
561.618465888204
560.6065611626021
552.625130880514
541.6266365285405
471.62663652854053
471.62663652854053
443.632224975569
417.632224975569
404.6307259641864
404.63357893768836
404.63357893768836
404.63357893768836
386.63357893768836
404.63357893768836
557.632679411466
557.6391413678316
537.6391413678316
590.6438825064375
576.6438825064375
591.6514983014146
540.6514983014146
542.6517509624477
561.6525858639889
592.6497873382658
677.6497873382658
684.6563665162886
684.6586642661687
697.6588893933275
712.6598555134399
724.6598555134399
480.6629465784107
521.6611685468868
521.679233468336
521.6716759160621
521.6860182582229
521.6894678908122
521.6919990467237
521.6910522319822
521.6947475899988
556.6962314787545
580.6935979149694
580.6947475899988
832.6986706269507
1213.7011882387621
1290.7018358713397
1129.7070193212257
1129.7039066598525
1129.7039066598525
1052.7022279248852
1052.7022279248852
1048.6991233221752
1072.6991233221752
1070.6990104946635
1091.6949099214703
1182.6887944663558
1191.6887944663558
1184.6995723467198
1184.6986327349102
1171.6985189031843
1258.6980229157016
1268.6980229157016
1378.696350084184
1337.691613629792
1339.6767279339058
1339.6767279339058
1344.6616000289364
1348.671978241626
1349.6705746437744
1349.677994114155
1349.6848689278906
1344.687376954625
1320.6878839870549
1320.6865843966316
1129.6816869088061
748.6809150932206
653.6804992229434
653.6786978473349
653.6786978473349
653.6805513698116
653.6887944663557
663.6887944663557
807.692212035142
779.7004229161288
779.7033527766997
739.7048964882872
617.7048964882872
523.7048964882872
523.6918708666145
523.6916565840678
525.6985189031843
464.69851890318427
667.6985189031843
573.6985189031843
638.6985189031843
792.6985189031843
792.6985189031843
787.6969784203171
783.6870519371435
789.6905728110311
849.683448778238
879.6712500610154
849.665486097727
863.6652841132845
903.6677939008065
846.6683091909117
846.6656203797451
846.6693896907663
846.6618146309178
846.6618146309178
916.6596339097242
921.6455735373914
1049.6455735373913
952.6407609749061
1108.6157504666703
1121.6026220004435
1159.6169070234591
1159.622806827599
1159.6241079123165
1161.645387850226
1161.6524197742738
1159.6364196704687
1099.6398549631608
887.6418512494084
871.6418512494084
806.6418512494084
695.6426326893677
707.6426326893677
707.6426326893677
707.6426326893677
701.6306092286679
641.6306092286679
611.6306092286679
611.6306092286679
605.632566097325
565.6500469766454
561.6562102468895
561.6552642500839
561.6496136480213
561.6491773115807
568.6491773115807
498.6487379286252
493.6487379286252
369.6487379286252
311.6462191978349
161.6462191978349
148.6462191978349
110.63737479599754
207.65398003863672
214.65828721186264
212.6630166307355
212.65714198798514
212.65714198798514
216.6559750997955
201.67463195934252
201.6894232432861
201.7028634903928
218.7094678765541
206.70987052893318
206.70987052893318
206.70987052893318
205.70987052893318
235.70987052893318
288.7101782251387
289.71027019186954
332.7128708829858
483.70619992414055
598.703491773864
621.7035957906362
657.7035957906362
768.7036996100966
774.7047271033907
774.7057356065295
774.7058354373544
760.7063318612738
822.7063318612738
855.7063318612738
855.7063318612738
855.7048287974255
758.6967043944971
751.6940935204561
769.682246445008
770.682246445008
861.6832501196268
989.6824990023317
1016.6758307138491
1020.6644009652446
1020.6368459074345
1049.6157504666703
1116.632679411466
1135.6341349259799
1166.6341349259799
1183.6407609749062
1158.6430198594621
1138.6503055459002
1174.6573727420016
1123.6524197742738
972.6524197742739
968.6576026355261
971.6573727420016
948.6573727420016
876.6576026355261
1000.6552642500839
1003.6528341724796
1016.6525858639889
1226.6513292920542
1238.6513292920542
1330.6513292920542
1330.6513292920542
1331.6513292920542
1381.6513292920542
1381.6513292920542
1363.6513292920542
1362.6513292920542
1291.6496136480212
1187.6493522095554
1168.6321108731127
1164.6184658882041
1164.6181851042252
1081.6205354908682
1014.6048755847523
995.6333552120544
990.6333552120544
989.6258879553542
1025.6233302943497
1024.6109185617356
989.5952006740802
989.5846978493784
989.5851483188928
878.5689018146518
852.5689018146518
839.5689018146518
800.5672096489604
663.5727099582105
660.5735016961754
647.5797941775778
437.61307442691896
363.6183256413519
232.6304922859781
233.63873002651923
276.6436918122225
283.6500469766454
292.6500469766454
319.65090476170485
465.65299916388693
756.6555021077588
941.6555021077588
1001.6556601736436
1011.662595100997
1011.662028480094
1006.6605884538488
1010.6624539394242
1052.6445454790994
1038.6445454790994
1022.648914049896
985.6538988869765
996.6615283268058
1000.6658880510305
1061.674862181363
1068.6853985631292
1076.6921269362683
1085.6924665637575
1096.700239120626
1126.7035611403367
1126.7048626533565
1126.7053679857747
1126.713508978857
1126.7104841711493
1126.711750442557
1126.7100861008923
1125.7121363979327
1087.71103052204
1031.7088739201902
1022.7142533752917
995.7172921394007
849.7174262038741
538.7201400241903
325.7217181632853
257.72166878954886
247.71931983131572
247.7191905099074
244.7182762378857
256.7164532565283
214.7164532565283
223.71653502312193
236.7152113603214
274.7134512845024
240.71039257001615
240.70859027403665
179.7046592019224
172.6972899503947
174.69105223198227
189.69070396546567
178.68153336528292
148.67739196238242
148.67411065265722
148.67305404072164
148.65843831119207
148.65266874336032
149.65056305411534
149.6492648213413
149.63534168551254
143.63391309782727
142.63555871610777
142.61397809376678
142.60047583768267
142.60101851423042
142.58216981485518
142.59441428441318
142.60981485844613
152.61029003050825
152.61029003050825
152.61076196353503
136.61154142971063
147.62737677382643
161.62943036631705
155.63810806133276
113.6431162866626
104.6660880281191
107.66792313872963
107.66811647533927
107.66830919091173
97.66945264618889
73.67281665493785
73.67263798964044
104.67233901295009
104.67233901295009
104.67233901295009
167.66811647533927
212.66811647533927
225.66460591571877
225.66287644526355
225.66287644526355
227.66308660240975
227.66202848009397
283.66131271344426
350.65985551343994
355.6588893933275
366.6555811911322
366.6452948027015
366.63748005788597
356.6419494524389
358.6419494524389
358.64165439080716
358.6516668554614
347.64115958446916
317.6391413678316
310.6306092286679
310.62449336147455
310.5719098491711
301.562506041437
301.5535206474135
301.55249407430864
301.54604004732124
315.5248436222719
319.5331152098501
288.5637091064698
288.57906642562705
288.57906642562705
225.57906642562705
197.57906642562705
276.57906642562705
298.58332966634725
323.60504597981816
321.62798740512756
335.63652649231824
601.6365264923182
910.6345763347617
921.6323388800031
917.6323388800031
917.635990618159
917.6442621922807
957.6427297019005
955.6513292920542
1044.6513292920542
1046.6407609749062
1046.6407609749062
1041.6436918122224
1041.6436918122224
1041.6436918122224
1130.6710666145955
1193.6800277845064
1256.6919990467238
1256.6935979149694
1294.696350084184
1280.7037341728562
1276.7076981768112
1365.7049978673208
1391.7031436172833
1391.7034223193875
1391.7034223193875
1374.7035264680878
1281.7035264680878
1259.7028985846343
1234.698897436872
1293.6923818485297
1282.6910088157288
986.6920843386298
620.6920843386298
638.6920843386298
646.6920843386298
662.6906602810704
669.6865843966315
629.6851102768292
629.6803425010617
540.6803425010617
677.6803425010617
677.6803425010617
677.6787516311791
677.6787516311791
677.6787516311791
588.6553436374736
532.6492648213413
469.6228068275992
469.6241079123165
431.6237202312249
431.6142766919621
431.60605973851284
342.6080441785787
316.6083694943928
320.6263879379408
320.6263879379408
320.6274993502984
320.6274993502984
320.6278657275595
381.6278657275595
322.6278657275595
374.6224115323756
351.6310749344348
541.6449212443987
512.6485613136123
510.6515826352108
494.66080663454915
488.66080663454915
640.6608066345491
682.6608066345491
707.6608066345491
568.6608066345491
568.664332493987
568.6726379896404
608.6726379896404
626.6741106526572
763.6742849334205
900.669137204315
900.6688200907731
1112.6656874089315
1139.6611685468868
1139.6516668554614
1139.6480284804593
1139.6457586831455
1139.6452948027015
1135.6313065576762
1135.6313065576762
1135.6299044411585
1135.632224975569
1190.6318820715946
1140.6318820715946
1140.6318820715946
1086.6318820715946
1083.6199897553406
955.5988224479721
1028.5909729484895
1015.5833296663473
1015.549689819943
1014.549689819943
862.5657703947116
820.5666371812841
795.5721774922627
795.5721774922627
796.5574983939271
796.5615913203949
756.5721774922627
738.5742852214611
601.5844715760435
457.5849234290364
457.5882264455197
245.5882264455197
218.5882264455197
218.5969391462847
218.59578486440913
242.63852336911066
242.63883310781125
245.64445119011177
245.64445119011177
269.6444511901118
376.64253552947866
330.64253552947866
418.64253552947866
535.6425355294787
546.6467674355533
787.647039784732
801.6561319638223
996.6584383111921
1001.6716152659883
1001.6716152659883
1001.6716152659883
1001.6685012891222
1001.6683091909117
1040.6670125799262
1204.6670125799262
1288.6746895991355
1378.6658212444224
1442.6655532760612
1442.6634352569972
1442.6602230807232
1442.669263580752
1442.6683091909117
1457.6683091909117
1509.6683091909117
1509.6644693591784
1512.6618859973808
1513.6351239293042
1933.6472207017466
1967.6655532760612
1972.6697664326034
1958.67233901295
1923.6756609498864
1917.6765049103076
1823.6770608880756
1741.6770608880756
1793.6745165105708
1664.6743429129158
1588.6677291773756
1315.6657543637732
1310.651074919326
1310.651074919326
1310.6517509624477
1310.6717970309005
1349.6717970309005
1310.6717970309005
1153.6717970309005
1069.6642639452443
979.6642639452443
915.6619572803794
915.662028480094
915.6650137462236
915.6551051696086
915.6551051696086
900.6551051696086
848.6551051696086
848.6551051696086
845.6551051696086
820.6551051696086
400.64426219228073
364.6082070266048
384.59674805434184
383.5882264455197
311.57480308532143
319.5721774922627
328.5694576438071
294.5694576438071
231.57082973331273
186.57082973331273
219.57082973331273
219.57082973331273
219.57082973331273
219.58263594136906
219.58309914777533
219.55814220655498
181.55814220655498
183.55814220655498
176.55814220655498
175.5587807662686
175.5587807662686
175.5587807662686
176.55782096176506
176.54260737638734
176.566923949234
176.61246531559905
191.61589611256392
197.61589611256392
201.61589611256392
243.67203852258754
243.67804854925916
243.67821155123525
299.6782115512353
406.6782115512353
456.6810185971433
649.6811219168293
689.6808632719805
750.6829008132527
886.6829008132527
916.6826500089758
887.6828006221403
926.6828006221403
989.6828006221403
995.6828006221403
1215.6847721037702
1646.684675116291
1738.6746319593426
1845.6746319593426
1900.6757741802705
1975.676337084955
1975.6757741802705
1988.6757741802705
1993.6759436182624
2009.6759436182624
2080.6759436182624
2144.671675916062


