Rainfall Prediction

801.1843468990166
869.6919666668482
979.048746476388
993.6203894234784
1036.6249389691577
1049.2745664220788
1078.7059782918866
1079.3708288175956
1140.8220831683652
1157.1744367335175
1171.1431679863679
1301.6675557815684
1389.0937324808735
1370.1706554909197
1348.087147243032
1360.3420413660326
1389.0519479729362
1410.9891484181674
1416.0409911166496
1457.554736604562
1400.7415315890185
1390.7958331998038
1333.5196535767045
1320.532447808708
1314.6121211970665
1312.3486631514888
1286.9736974918983
1234.1181020415418
1259.8536002566948
1199.512307149251
1153.102630562909
1148.868766959013
1032.5959310325838
878.1132665717105
888.2982102259382
790.8911251301456
786.8029676427973
776.636665033293
793.0807321469233
787.5219170714936
780.326411813182
775.5774609395853
707.489121154804
645.7367474584435
603.7256121462317
574.8724780402063
551.0099328821634
526.1944837224329
507.0274946881959
502.4798877429554
457.83014098307757
432.97322112395824
423.39078849978085
418.03979779476487
416.89515896041485
407.60595107401446
416.4125615924857
392.57239057015585
381.839633480061
354.87296007337994
432.59061277388315
455.06505243534093
439.8312384682897
411.7971068655948
362.9533341519014
400.6858799907604
409.4569203165209
408.9370914005944
407.3026800889557
387.43081920477675
355.9009642777453
401.15380041420747
399.2075757224743
399.2044221172586
399.2611109988526
399.21537172282075
399.2230451488741
399.26671243354997
417.8076536349156
449.616776590947
463.7107796771057
482.42250163898643
483.9731719715536
483.9731719715536
526.7463449299607
546.5424615124425
545.6524610925351
532.0074860400105
531.5904082759207
543.4084611375641
513.4069684300135
490.816557085036
525.2732623967968
526.1805791964811
542.2111114921153
570.0289521746474
488.63883302603836
483.83932158158484
489.6600732827644
488.97952632970913
489.80430021458506
487.60775649793356
456.7255833075761
456.3736406259112
456.3610424883436
456.29304434515313
456.27482627817864
459.2202898130394
469.60356498651214
484.6847320635687
460.20924646431837
448.21812087679575
485.78964886363906
484.3918837912272
484.3918837912272
420.2592663370168
486.54876264185236
506.2493920530309
532.8396719785237
564.816288865303
654.531621376972
659.4580666918719
605.2538814177224
568.000821403549
573.5839819466014
559.3705997745518
558.3531204342344
632.290035754118
702.5773478321171
703.8396630515515
703.8396630515515
735.6307915906366
768.6457865420823
780.4510337259426
807.2862578113084
807.280461860687
811.6613578469749
859.5976112041656
1009.8614732931208
1137.9038941601084
1094.932310097071
1107.2332093245755
1124.1308512481648
1037.9854852177784
1074.7511402357934
1074.8050400189381
1073.60159987371
1023.7914018161823
999.68119380542
1014.5471233273656
1001.1603746918868
925.0373125183919
920.7532328531636
955.368913284839
942.9073124586889
973.6970736492053
983.3950337514589
942.7625406263405
807.4164714697954
661.2322643343045
657.4763868233879
734.9288879079522
653.3664475378696
726.617159944604
716.2093593383934
753.3726872218379
753.3726872218379
751.7293449483727
750.771159123999
690.5243218464389
613.5380012691296
613.64054512747
602.8331163056462
645.1152424803181
645.1152424803181
614.7420998826349
614.7098806977035
614.7098806977035
614.7098806977035
614.7098806977035
565.2315416744934
572.6639201407747
618.5525860785692
680.5414570933187
665.3073722963657
722.8986260893657
686.2635759075176
673.8239113928746
708.5906264703442
729.8263494550283
686.0597675538027
689.9596312173185
637.9294325070541
630.0048491504594
591.8564316776733
591.8485420594043
481.9221410568295
487.10527812734676
487.7934522633035
476.36965555893187
490.7070685560498
507.29480524867404
654.7722139451491
654.5362413220512
621.1091563545694
623.8889518453573
625.9968101485044
677.5410182911914
691.4540877493725
691.4540877493725
691.4748855349742
715.3967719600132
699.550655080413
653.9664501771013
595.6915413385505
578.0186305534835
510.0218566661189
510.0218566661189
510.00678094163703
490.2744781220065
471.2294506247805
461.35679155614315
507.3642372232926
506.6001338752785
531.9728861589074
561.6481966926615
570.8240601754196
570.8709463182192
620.5104448444938
771.4039011718644
894.0160494568427
867.7158206655495
889.5978422097671
765.2146228617084
765.0561120159443
765.3856190354129
774.7785682119479
796.5546890577396
738.508230742148
721.6686281079792
755.8499482978136
895.3692529989546
876.7679107997415
876.7679107997415
876.7679107997415
876.771194170788
874.7329370412833
869.1536707968528
869.1919486227916
876.7136678566446
982.9721406786527
982.9895315209835
982.9837161149203
1005.0962338490419
1007.2135897819214
981.441153070165
949.6730446925067
939.077573875694
940.1666797972593
868.2939037075992
737.8864866964677
577.8158802794057
577.8134033703972
540.9816886751364
533.0207181882488
561.0262640558308
609.1598970420748
596.6843679510494
574.6787091680739
565.6952767659325
570.8877282107367
537.401085343891
431.5488679356053
437.1450841639926
466.39461050504275
520.3615201105989
538.110844591774
538.088498668879
566.9501814710363
609.1268245093772
687.9451273223954
640.2113769067091
646.5358680194254
647.0895221226324
571.1364808602575
568.1481836370353
573.6004320176339
588.6224660933792
599.0314292122232
632.6193979071013
663.4899351259121
672.2193058818871
661.0269865666178
716.6157420782488
712.3776320211493
711.2211627172471
683.0085248742948
647.8315241710861
645.8308524527829
629.6923293937964
675.4649584371703
687.8069394621607
701.7238049427074
731.617833785182
813.5811441178014
804.8949600809015
815.2558888166586
842.3111533892386
846.0413093331449
817.3130571110457
789.5560937795492
680.2356427900083
646.055985110655
656.2129314387125
658.5538389229334
656.7261635019554
671.617493775025
668.0813794546632
685.3546459135794
677.7749115386387
703.0466854694848
712.0923340147729
754.2469296982224
751.6931880982745
691.1680456291313
697.078320235541
703.5981972134264
723.0345388637834
705.9515166557369
722.7812511288121
759.6349403776187
719.5848900238398
699.6926832305944
669.9524666541147
667.934551386782
593.9411739366064
586.8677635830878
530.1651805407242
482.82784635502395
478.3377538048942
478.251053651415
456.3516686647768
456.3283912078918
455.7498903665652
430.1868039373212
426.9342878871259
434.48447522572854
478.4262857675359
513.2985592112916
500.94814852361105
539.4348847665904
557.7591865602808
572.0719162510698
524.5522951137707
568.1434670877842
573.6971729242908
574.8727299815314
594.9651358057959
603.9915086698161
614.9743110931424
600.0020931909546
603.1696042666345
602.3236764356163
602.3010382194373
601.3343487793757
591.6802881820188
595.7975961550997


