Rainfall Prediction

486.9531858232353
541.7514631814106
574.6363542863207
606.1558331804582
634.822476970542
637.0450606607761
642.8561424387103
647.72792208007
655.6225314677513
639.1385198763907
644.1392387578194
626.7800123963456
607.885695716774
582.5972344007705
540.3704152271102
504.38681610384253
406.0317733132824
522.0869650130936
565.7373868590167
0.0
480.2219904019528
0.0
495.75515051952004
558.6783052202613
586.9520899193633
562.6630011244207
550.9871240084656
553.2500046370558
505.6942997926775
484.87152080256794
480.01618923295325
464.4314413219774
418.10202606997285
385.55290295279957
348.186847232626
300.48800913025667
300.82344479978116
287.3060441826121
270.46649557876316
245.5659016953098
184.13643406241104
154.52762035576475
157.2207151080813
157.0743267020657
162.2467803257454
177.78020283972512
177.53360567635116
177.28789235479482
177.76532231687224
169.430582836763
169.20022904285332
161.17697677959396
147.93197547826318
145.57779574516155
144.6134443954487
139.456556884576
142.39163041446218
144.42886267575923
169.3790440823637
170.0991653365445
228.51023791201766
229.1639240799706
229.04056247905947
226.65079335145577
225.73413108742935
226.25233461713725
224.85970417729123
219.13641034804326
223.08815133888083
220.87650645301864
214.55601662599042
204.33529245498227
96.23358506862226
186.4295898298272
187.31104389990443
182.20842478959975
164.8148781943094
270.4084921332993
278.2109574332153
344.9290061488503
346.8791272073214
328.21099883320977
322.66122550682275
322.28093833955876
316.04612850868443
315.0562861159528
311.4717342346764
0.0
0.0
0.0
0.0
0.0
0.0
0.0
0.0
0.0
0.0
0.0
0.0
0.0
0.0
0.0
0.0
0.0
0.0
0.0
0.0
0.0
0.0
0.0
0.0
0.0
113.05925762458241
129.78521434598258
126.33118321704401
132.72443985325447
130.62549002990863
123.62461507166992
122.71891761013298
210.04434270429684
73.95086498691666
73.60934164399457
200.35583255305116
122.85321274519097
48.97555016349079
48.955507653856145
48.51632080836972
115.35869793833865
198.73321674011186
225.63738010093473
0.0
0.0
0.0
0.0
0.0
0.0
0.0
0.0
0.0
0.0
0.0
0.0
0.0
0.0
0.0
0.0
0.0
0.0
0.0
0.0
0.0
0.0
0.0
0.0
0.0
0.0
0.0
124.56240624172206
153.76461147450604
146.7512583995359
0.0
205.89573730060917
202.2456363739768
210.41256269830936
211.28459964772154
202.83487431900366
199.9557393800598
216.77014120000587
223.30135751845899
229.69233505644254
259.72404637742534
255.206076904528
273.6110647435863
0.0
0.0
0.0
0.0
0.0
0.0
187.73685796564365
303.1937537331245
310.46146522775433
308.07862153600496
0.0
264.80650473292155
295.08164279695734
294.6371592420978
280.68250045823885
230.76884929007022
219.8018947029869
0.0
0.0
0.0
0.0
0.0
0.0
0.0
0.0
0.0
0.0
0.0
0.0
0.0
0.0
0.0
234.41837964121046
265.2441196216504
259.7107706995961
241.25653400426984
249.73470999766198
305.2488182829988
263.6322515878858
0.0
0.0
0.0
0.0
0.0
0.0
0.0
0.0
0.0
0.0
0.0
0.0
0.0
0.0
0.0
0.0
0.0
0.0
0.0
0.0
0.0
0.0
0.0
0.0
0.0
0.0
0.0
0.0
0.0
0.0
134.32580090915343
142.20374376427714
128.17859841261497
125.55623567859315
117.79746108990608
117.825215817444
120.44818504681521
129.1906851366387
47.438978704551985
48.40601670413268
49.6251194112636
80.97101500523205
81.55405918149009
80.31472312458729
80.36583705558142
78.78434843177043
78.63568902539453
77.75818023091163
76.25869942159171
77.77637146794784
78.19584163247859
77.96658340903438
89.7686376064305
89.75848645756777
101.02708720115425
175.7085502177511
209.0206749872388
220.14700467364167
238.4840533195177
290.26057407095107
299.0811654009902
278.26030772976935
281.7872698530899
292.7247405753034
295.2535103521552
322.74519624619177
344.00680811380926
342.8781222823953
337.8782814177635
336.44175288630584
336.41757964801053
335.62397150117573
352.85731918565006
352.895491595191
353.26754693202355
352.60080414504336
356.6173353924108
378.6727941724098
396.25854100996156
397.8896676559967
398.0190068968746
394.1850253309534
391.46880188467725
0.0
0.0
0.0
0.0
0.0
312.19971671168776
324.2780001416943
288.7066295871425
281.7634599440312
279.84921798405344
310.35103861350177
313.31541374763793
322.87259508896983
305.5258304663661
283.8179583556509
305.7346866516259
323.1938869280816
325.76994530889937
321.35987396462923
347.5835590894797
325.3681503736207
366.4402254778567
393.2019676373472
404.5689951134428
398.3890456211874
376.4937627454673
377.45529066815294
401.3421324413713
414.4999315169641
416.40775200149545
415.47686089686664
416.27466706014377
421.7584385406093
420.9976013751354
420.465385340533
417.08896699078446
393.94473222900183
352.38899945151115
342.77787065282814
314.1688242375538
0.0
0.0
0.0
0.0
0.0
0.0
0.0
0.0
0.0
0.0
0.0
0.0
0.0
0.0
0.0
0.0
0.0
0.0
0.0
0.0
0.0
0.0
0.0
0.0
0.0
0.0
0.0
279.56492646120506
298.09674319846823
299.0722114333607
304.0749268059646


