Rainfall Prediction

1217.968287692743
1187.7168673893063
1247.2758258309202
1198.2608674305386
1220.3496241459063
1330.3245703061853
1460.7640390132867
1356.0201545801476
1283.7429475665465
1340.5781315588931
1278.4924708190163
1176.0328737110187
1102.5685347645347
1166.3552095946532
1138.3834794613829
1051.7643191565282
997.926879256874
1023.2855505956268
1040.2793770020514
999.3560831934561
1052.8774059058824
1085.3802198599674
974.9012169558769
982.5049884486916
980.6958097042118
977.9203560862828
983.2309575877412
1003.7587973286749
1049.0419836475546
1125.9089735035802
1121.6131815330518
1122.6774338726723
1225.907210685629
1202.9893597160576
1209.1724236597547
1237.4930396586567
1097.10213352336
918.0530575910951
915.8874115966253
909.8864133247964
856.9043864725478
995.7683829968564
1135.879544857613
1188.1434837800225
1312.2659313344823
1325.8153689562744
1317.4147483527934
1424.224350297404
1601.4693913350634
1558.252692110599
1669.3585281077526
1762.9159900842305
1711.9978908890644
1732.9814385876657
1921.0398133340682
2307.2674236400376
2467.2962288422787
2469.2967033123487
2463.4519013357335
2440.753903053825
2341.2308445203603
2374.7072508430506
2414.307421723091
2456.2573828002082
2535.833377003028
2589.060703872967
2636.4243944371597
2661.4988584364023
2692.6880942392663
2675.42348683245
2680.8249668352805
2584.626263416844
2464.7055881761275
2298.278428304201
2150.315195550428
2064.2015701450073
2084.5760793993886
2193.4878943145623
2093.7832940188628
1949.7844059218316
2016.817787062296
1931.6741124126588
1811.0348548012562
1820.8628333628471
1802.9102311497663
1585.4174042376205
1264.653966863479
1093.3017562381956
1076.3897971423798
1067.860849283234
1064.1922092329737
1064.9604563225555
997.7840955992209
957.9832115281354
838.070352966562
765.576982949669
688.3898732018067
581.4150830945265
546.3740090173703
511.56844670610855
559.3337124175739
559.3337124175739
500.94091379056664
545.6792688795043
492.60827828353496
485.96601924754884
478.7772041034479
445.9851445833284
374.2901126333855
360.72236682233313
260.6671729022955
154.38921152383665
122.23319856018017
133.26142748311784
178.4057479253605
286.90208802824304
332.03619882195983
305.05059933490577
315.5132792405236
315.5132792405236
337.76606055770816
307.72728061417024
312.07462946901484
327.1855334287871
724.7608377395709
873.7140586676458
921.7231931249335
1059.3437138539912
1254.0134947653207
1279.091060931368
1296.7340426803833
1310.490131549984
1312.207136178252
1313.4156828342354
1343.1069786187095
1356.8321122536986
1356.8321122536986
1497.2123079490225
1494.1405111792978
1594.5640753173743
1734.7361448687225
1737.82112485234
1743.2011290172807
1762.4648379632358
1725.40515298746
1702.113628653742
1602.2254816254042
1555.2035594023018
1542.476154010433
1529.7135719705045
1529.7135719705045
1503.6357164946992
1521.826366464201
1563.6366129157286
1810.1111533405294
1490.0980309659092
1369.1047146789804
1672.9367054562458
1744.7704106043377
1575.4704075360692
1598.0925397725273
1757.2462642674245
1740.8614293718897
1932.8054717141024
1985.6333465269727
1960.4603725104382
2027.2124051005815
2282.056788775582
2194.038726650898
2274.5306721948223
2229.23401082872
2269.238179698849
2333.8178275393675
2573.2412244481316
2651.0400349828947
2723.064549846941
2898.306849670884
3130.111991169212
3265.3969706191424
3336.0554910355168
3354.5021786182606
3370.8076024057345
3479.3088203847888
3598.960311586108
3825.562674332158
3540.570466481421
3431.6171470870627
3415.9324202266857
3081.862173993022
2863.8622917205776
2860.898203870025
2802.221424224736
2642.797305893489
2635.556122492206
2518.110766069734
2496.6001095829897
2492.1926699081423
2465.7794098397767
2268.456352029635
2276.6999929605045
2233.469735238448
2189.602627164528
2028.465439929752
1931.8206381654843
1738.1288958839775
1639.606258992947
1563.8327255644797
1429.383894703449
1247.6919432253812
1344.1740915472226
1306.8996412311576
1318.014490351021
1428.6081421608237
1436.7258127308119
1339.9184741018635
1067.2782605417715
1060.3127040819356
1087.5711343468965
1058.9095770363797
1189.0707367404386
1189.3478757817654
1192.5634973488513
1171.306614107296
1211.9927199540316
1245.867567313192
1136.8994620162482
1194.4761119382986
1223.1973043665876
1094.4891990587885
1096.8830726033384
1049.8477677635146
1019.2095049887685
1019.2095049887685
1019.2095049887685
1020.9392454214335
1003.9140372766619
986.0118775815998
1040.9324906456004
1052.5735833074223
1171.499911715717
928.4364503439912
989.0641605627543
973.8971002504263
1103.5843367974296
1018.2045263238191
949.3216256079861
949.3216256079861
990.6334611302063
983.7837273648761
1050.8715268127553
915.3634059805755
928.7106591401462
949.6728944280342
977.9549402851966
1052.8704704303034
1151.4412990582289
1135.0469326389903
1102.7144975342505
1169.5407995412259
1270.8953223620972
1238.2077432253375
1247.203471103116
1242.903516886368
1242.8132581030877
1242.8132581030877
1254.5224172725082
1239.460068364974
1241.8047809088405
1172.7794332928415
1139.896857420187
1021.8520437972737
1065.9415679516933
992.5818658127952
950.8905219275775
688.6187707220804
735.5190723838915
737.0559224984396
738.981928477832
739.5879389132782
943.7048575212667
962.5838965576232
949.329012256495
1018.1797653462169
1098.2507942618327
1171.6576961271703
1083.5851064499104
1004.4369211495693
1077.089809546544
1059.6029117879852
955.4756548369976
874.7790787843655
865.8156402491946
867.5847595157358
869.1500074390777
944.2840389881297
983.0316261101551
969.9024551843222
1047.3051343960276
1042.2045017386197
1045.3115139328013
1040.7219134648346
1051.0276536267195
983.3688804251891
1007.9559850675022
1007.9559850675022
973.8715057765846
1102.7223672856603
1253.861425440361
1344.2558958984234
1572.298854531576
1396.4277151503707
1389.5861190588882
1528.532559609348
1520.820138807399
1446.9805394677694
1430.8733182688547
1768.0800816092728
1769.454677781556
1809.3656120137343
1825.5687042730133
1844.5454084934609
1840.4657056175483
1852.5789365019352
1898.8926696455087
1897.2824895529222
1806.7922998723393
1787.5396483534128
1756.803048169732
1682.1693179046626
1681.2021467445081
1729.9847074033366
1841.1434825704819
2009.0919872280715
2023.9085021569463
2054.999321078756
2161.401777510451
2227.387371098723
2051.511403184905
1919.588254421702
1816.9404201004036
1665.5028338380762
1633.9771346887792
1604.2182516978712
1527.5833631640392
1686.53557252596
1736.9360634195427
1659.0449155497995
1291.1550233439211
1343.0463278267243
1252.334572462358
1317.753185046631
1409.8375477507984
1468.42151523557
1539.3437499475758
1626.5249835720715
1621.8105513670191
1664.8371245993794
1961.8381964099342
2346.7657839382823
2588.118680595671
2654.043765919696
2669.9950141355275
2957.8552369528747
2901.0354385621595
2927.8426296220914
3132.109345517612


