Rainfall Prediction

522.069070491826
593.6762935843676
595.9610730259687
614.862517287366
625.533681946059
611.7933762000756
635.5264326767888
639.6235439372065
677.7033363455016
664.5915691185037
630.3814353170083
610.373671221261
613.3116599610154
613.3116599610154
615.5505512405687
594.5505512405687
506.55055124056867
462.3109617128969
337.2523989601242
329.5833870791229
223.6618432714245
84.94495632338047
97.20378154109667
140.48482108412608
147.5045961644393
169.85844904877962
30.82832103994008
33.5580474287942
99.71633572414348
160.08280869871467
103.91360883994935
120.19584046121489
134.57300332214143
149.50608717909546
176.93689592477003
89.20999107460135
105.34362086340964
170.6489340188589
138.79192308050148
155.214880895564
58.35891569063246
130.707294538762
144.09945246053343
291.28258345358006
222.20992623091496
265.97878063813465
310.8485073819023
423.9901629911464
377.5684439948038
367.1246892939987
415.160238629873
414.2187210969463
300.5206964832201
415.52468389442464
372.5381333159979
372.7802756085356
332.50751631809584
331.98485706330325
415.77126788817867
383.44900170718495
337.8335988167431
337.8335988167431
337.8335988167431
389.14568059905633
405.97994981626914
407.3939167036505
387.9765757960029
389.4954262535019
404.3278238149441
346.9770432805822
402.56636714640143
545.637891768968
477.7405779069351
455.0973683764475
475.29639455731484
381.0579296984718
336.51939181721866
352.9316662638756
317.308962274944
285.2439473802356
456.8690569071091
608.7298302035437
641.4000422216602
642.178996299908
668.2631449034938
664.8243336757702
675.2486159253197
594.6976363556129
593.547884822931
644.9183852531864
693.2511340997747
720.765446911685
720.765446911685
717.8545044760839
713.3777894077338
707.9452731123779
669.1428992337788
669.1428992337788
669.077527151424
659.2373913215438
686.9762217650593
580.8992346169238
476.04240442013884
483.0224356833323
455.05277813344605
455.05277813344605
485.55736021276607
505.89400992695914
470.8437789520118
510.94390671878614
507.6506254528278
336.2553460386372
290.54578946338825
203.045675523608
211.045675523608
223.0529585861215
251.97477610904934
286.0581228857142
266.9366304476934
274.37259583221294
303.5075952871522
251.05470743653137
217.89857844408832
215.7031625458629
226.7633528681794
307.12524086864545
213.81290446319284
217.82353904979692
237.18998686544666
239.659431394048
497.6675733113731
559.6001050081032
551.7128176736622
542.2628860072891
517.6786568977823
454.6059244433019
431.42106486109105
428.3162561242427
301.1764314196787
292.7661579811262
399.73962809999347
321.21348771096257
287.74800120307805
379.63208706470846
401.46312362304036
524.54777892703
479.5492158517553
459.5492158517553
589.3590192815969
575.3590192815969
581.856675268685
454.47879674025785
439.8041296390649
459.5033460731433
497.2751652198181
582.2751652198182
593.6052514996479
659.2115250269705
665.0066511717561
673.4474086954091
652.2070791915623
408.20707919156234
449.20707919156234
460.6193861112553
457.1912495464799
484.78069587192545
472.48521326112797
483.5103081292612
424.48947070321
514.7651714056574
499.11876263503507
579.3478733994975
555.7707624290999
854.9475899327632
1194.0452281367263
1305.7107164988208
1163.210322456539
1062.3570212648924
1042.8055821988708
1087.9996594223064
987.0039927646021
1018.0247001796039
1108.8311262335628
986.7640596387946
1030.3346937189083
1224.3327030240941
1193.131969004389
1205.3210514051261
1217.7971532647048
1199.439056424249
1189.7333161015472
1238.2381058010894
1346.142725910396
1382.466690716575
1380.129933777008
1253.3536977086053
1260.664585296037
1265.1848403116726
1284.727974598865
1284.4995723843858
1288.3385256615488
1365.2854907838803
1289.8012696086769
1233.6273087792854
1162.6975906144519
648.8271752488597
670.736860660717
662.2445700004001
528.1037852472575
630.9755747663003
584.2275709254998
546.8865929164709
805.4167519516784
720.6758802960662
762.0280579777026
713.4932920508984
608.3182026188747
482.2594490185815
502.3473034281009
478.0208238490719
492.8283128253424
429.83338218105627
578.6929027344656
450.8294881178548
625.5226059739963
789.5899171742469
782.0970876313479
777.0970876313479
773.0970876313479
781.4084892880702
861.7588604043095
820.9073723741616
768.5417647837493
754.7399260925897
880.8710990981563
853.6209101536998
866.8028520369612
864.1157174985962
868.9583224807016
814.1649384308234
932.872324889615
937.5482236438789
1048.706016507304
945.8911833225625
1107.472167855536
1120.374085882343
1159.6338950379259
1159.5687705739438
1120.9093062159116
1100.2902413198572
1193.21144878513
1192.1854187593692
1081.7528695217243
876.2274223943881
846.1092038322638
821.4488322966514
578.5542505073337
590.5542505073337
582.756627337428
582.756627337428
576.756627337428
516.756627337428
606.6853812230295
585.9211282390354
585.5293890827169
564.8298012432869
548.206699698075
480.10399189635405
498.97676758851014
507.65835146992544
563.6834656091906
485.52166971824545
435.9428269427569
296.18247259498156
239.67448334071366
89.67448334071368
92.04831217582466
107.445472989056
194.8727274803791
201.8727274803791
199.8727274803791
199.8727274803791
199.8727274803791
203.8727274803791
178.98751381775918
196.71303921880676
194.481290048226
215.5876429352772
103.86216590887899
111.7358790871905
199.55948077509572
191.53261697804845
219.49479120120245
226.08859113902287
274.0356336994366
319.7838147563208
402.39830431994585
520.8886445690476
552.2019649194102
654.3664545576826
766.5301803782821
785.1307743634221
796.1814987036282
783.6883476623555
728.9230027868464
820.2373183130487
856.3857520962739
755.9267489029178
833.3209402357924
768.0572558437775
747.9566556280582
740.7453555178481
742.6244374131958
886.2218010761311
986.8182049267275
1011.9736670883485
1056.27022353506
1044.9991974243524
1030.002427870369
1029.5000581230322
1179.0945905846118
1117.757339122213
1227.2026649594627
1165.7613053828493
1159.1159051250868
1184.5138628416937
1159.0003480618518
1022.1477327242166
1018.532037981105
1021.6209400179607
981.8959400106612
859.911392676808
1042.7255798148926
959.3437910826547
982.2762578308975
1282.0345344348168
1181.6281374594407
1284.6865056726813
1359.7288650899038
1374.7851111040068
1421.0844487471472
1424.2705571589568
1409.6442639488002
1404.3138036876796
1308.509603552312
1221.6753520410034
1170.2625908711937
1134.5288421010503
1167.167392403692
1087.0684663283976
1007.8103325315093
1005.7431711387956
981.0399810690423
865.6926361050721
944.0315773882818
920.6031556102445
861.4978821419014
987.3315535534946
966.2054646216012
851.5855733564582
840.9250826523112
827.9250826523112
712.9902845675933
661.3274855543284
599.5348188453582
624.190435029984


