Rainfall Prediction

312.420901101397
236.6545515612211
200.92609005416995
107.23336562250368
98.98736550601173
74.70628226585883
136.21758447094274
140.60526769150985
139.35220174207146
139.35220174207146
139.35220174207146
141.85789474903436
132.45227072852487
132.45227072852487
132.45227072852487
143.11008769100445
135.59032127705527
135.59032127705527
135.59032127705527
134.96294333064336
153.73683787659994
186.69453489747056
187.31412338862847
213.8873025228256
306.3371865429284
376.0667833753853
389.9566971187684
411.6640545664382
478.36263583876513
481.9587714173184
481.9587714173184
481.9587714173184
473.5663995113461
510.6966747060558
530.423132323179
530.423132323179
530.423132323179
472.3670904122521
468.168714202651
478.96205349326806
479.56144640857957
534.0071676088473
610.289709491334
626.3401712313523
628.7168944863693
628.7168944863693
645.939664901829
685.6752826705745
696.9301977961545
715.2812754304316
725.3384858701394
710.5469420605162
698.7067650770465
720.0146277161765
689.8225013975324
600.1769634648499
597.7967044235874
599.581927096687
585.8908246948697
542.9638486899161
616.8303924918301
618.613829975841
626.3401712313523
750.7580223161981
757.8470233905864
812.1291869313967
812.1291869313967
812.7185807595775
842.1717081103524
842.1717081103524
831.5722890518753
830.9833112278257
789.1324301287507
727.7042524107322
716.4647051773088
714.0977843663521
714.0977843663521
664.9272254371822
625.1517019620183
613.8576307195275
610.8844091994549
610.289709491334
631.6873965632291
631.0933317734086
610.289709491334
610.289709491334
610.289709491334
544.157708804531
528.6308195034088
520.8618339858526
497.53191024258865
415.2781412366046
413.4712307142197
405.638197556534
278.295853220772
232.9682148122225
151.8636647871169
152.48815493142106
179.25334103462075
183.5954245784877
189.1724273831143
205.86724664566515
295.3757508582054
471.1676806981637
581.7219390834431
617.4248899094089
623.3688630482724
623.3688630482724
620.3971034671
622.7745473259972
647.7204920850063
639.4086287025218
629.9051487954615
607.9107252624402
614.4522197689068
616.8303924918301
653.062044156238
657.2156273553234
661.9615627174383
667.2994545482157
673.8217144193937
691.5996404586717
691.5996404586717
691.5996404586717
691.5996404586717
691.5996404586717
691.5996404586717
691.5996404586717
691.0072767487505
668.4854691383882
635.2514127673802
629.9051487954615
613.8576307195275
526.8383088354514
339.7477463829685
209.57022107273323
167.44722453546734
161.2208130253886
161.2208130253886
159.3511013592833
166.82498839154107
140.60526769150985
146.23870127660206
154.36103166924968
178.01201832161598
156.85683366444997
156.85683366444997
118.60852186813291
114.19036853353614
115.45339348533592
124.90872922643425
117.97777064537402
98.98736550601173
98.98736550601173
98.98736550601173
98.98736550601173
98.98736550601173
99.62265418314645
99.62265418314645
99.62265418314645
95.80835150451382
95.17202472690133
95.17202472690133
95.17202472690133
95.17202472690133
95.17202472690133
95.17202472690133
95.17202472690133
101.52751637631164
101.52751637631164
101.52751637631164
91.35027190474796
98.35190729622956
107.23336562250368
103.43090005588755
76.63428954498266
70.84368575359014
72.77610518578433
72.77610518578433
72.77610518578433
66.32554372270685
50.72206309106061
50.72206309106061
70.84368575359014
70.84368575359014
70.84368575359014
111.03030479581264
139.35220174207146
147.48941106699445
147.48941106699445
147.48941106699445
148.73970708691866
148.73970708691866
183.5954245784877
224.9737986869116
228.04978304725748
234.8116465306983
234.8116465306983
234.8116465306983
228.6647971933728
229.8946443566943
229.8946443566943
229.8946443566943
223.12746985686744
204.63237484205453
200.3081297404583
200.3081297404583
200.3081297404583
194.7432572708687
194.7432572708687
194.7432572708687
194.7432572708687
203.3972261843618
205.86724664566515
186.69453489747056
186.69453489747056
186.69453489747056
147.48941106699445
129.93970804549517
179.25334103462075
192.88698625884513
208.33616777430106
207.10184362300578
215.73649200616666
377.87948738280323
563.2480671557194
569.8055147486688
567.4212715003326
567.4212715003326
567.4212715003326
591.2494217944635
590.0587576560264
642.9712732093477
644.1586819583732
644.1586819583732
641.1900295237119
641.1900295237119
641.1900295237119
693.9689359063761
731.2524519462713
768.4766678021812
768.4766678021812
790.9021390376539
782.6424446066608
780.282037468852
832.7502062523337
848.0585023142924
848.0585023142924
848.0585023142924
838.0502013889889
783.2325119218834
770.2478297333464
755.4842531599787
790.3122496889173
783.8225654740725
608.5054991723
389.35314146575365
400.2123455356273
405.03544663639383
414.6758671570744
418.8911709462933
394.7840072358459
394.7840072358459
340.9604585474025
423.70691862317005
423.70691862317005
423.70691862317005
423.70691862317005
423.70691862317005
370.02227660327355
336.10870989774503
297.81284324741256
297.81284324741256
274.63111112510865
274.63111112510865
274.63111112510865
220.04900679650797
204.01483524779954
206.48457936196507
206.48457936196507
206.48457936196507
206.48457936196507
206.48457936196507
244.02100330767635
207.71903967795768
239.72490304196478
225.5891180489322
341.56675874308826
323.9686367170517
322.75376974295637
313.0290433461317
309.37956723060995
401.4183038671924
426.7158278911836
441.7498359416332
357.92307479709535
357.92307479709535
357.92307479709535
382.10798184810153
392.9740015468771
475.36517517434544
557.284612286401
557.284612286401
683.30508913059
699.2989226242875
699.2989226242875
699.2989226242875
699.2989226242875
699.2989226242875
696.9301977961545
696.9301977961545
696.9301977961545
696.9301977961545
729.4784195678614
699.891064424811
699.891064424811
667.892470159064
666.1133733615368
590.0587576560264
633.4694843751926
625.7459455837444
625.7459455837444
625.1517019620183
534.6044306376212
509.5003413455492
494.53833562657616
494.53833562657616
495.13709802957027
495.13709802957027
471.1676806981637
460.36841433532527
377.87948738280323
290.4994331331445
290.4994331331445
159.97443202767394
143.11008769100445
143.11008769100445
143.11008769100445
158.10415743127464
158.10415743127464
159.97443202767394
159.97443202767394
174.9072687891407
240.9526429362994
212.65418204872333
266.68482390631533
337.9283974974631
344.5977040373313
489.74737637364296
498.13055411730636
614.4522197689068
617.4248899094089
617.4248899094089
617.4248899094089
617.4248899094089
617.4248899094089
640.5962467351809
737.7560904812839
787.3625984504448
840.405424067667
878.061885126915
878.061885126915
878.061885126915
878.061885126915
878.061885126915
886.8804020305556
917.4307650895407
917.4307650895407
919.1923327292405
919.779499159922
1165.4761256827605
1185.2937318048916
1188.2072586984134
1180.0488516513485
1159.6455341635917
1156.1467641864792
1101.291151396086
1053.372151609278
1083.7671556925611
1008.3157489454005
963.7851455493137
803.2866910236174
800.3385264924782
800.3385264924782
800.3385264924782
800.3385264924782
823.325428020214
800.3385264924782
707.5874820473963
657.8089284228291
604.3416903460906
566.2290287807011
566.2290287807011
566.2290287807011
566.2290287807011
566.2290287807011
557.284612286401
526.2407611741912
526.2407611741912
524.4479854548903
509.5003413455492
255.6682170794438
233.5827508843239
245.86134803168744
245.24795534996656
200.92609005416995
205.86724664566515
211.42079742248498
190.4109152300166
151.23907485935075
123.02003776809647
143.73602283494435
143.73602283494435
143.73602283494435
143.73602283494435
143.73602283494435
143.73602283494435
119.86961895864964
121.13018143601803
116.71585835457425
116.08469545685264
116.08469545685264
116.08469545685264
116.71585835457425
116.71585835457425
116.71585835457425
116.71585835457425
126.16722049425174
129.93970804549517
132.45227072852487
158.7276766453111
158.7276766453111
158.7276766453111
193.5058172768585
259.34227578066645
289.8896912624542
406.8436088494926
430.9271087021389
467.5688447860902
548.9323020667364
566.8251602529097
549.5290313700772
572.7853667781599
610.289709491334
613.8576307195275
744.2579410917874
997.7744720443848
1051.6178024717924
1114.136811904202
1146.2318809737458
1189.9552738813948
1189.9552738813948
1197.529134935725
1200.441782880975
1209.7608633554973
1251.0891130874618
1288.3085059794987
1391.6634131657054
1382.962547390802
1400.362707718397
1455.4224783250304
1454.8432179408371
1529.514159961515
1622.5628001422863
1601.7703879274886
1525.464972519408
1491.3238039308017
1379.4817585420915
1349.884721053918
1338.2729273412835
1282.4950677339123
1296.4460358928668
1274.3549618828927
1226.6463374493321
1189.9552738813948
1186.4591678297602
1072.0798153158782
822.7362695850071
768.4766678021812
706.9955435234824
691.5996404586717
650.6881926398472
680.3419828923192
707.5874820473963
766.7053791758638
766.7053791758638
726.5213992361455
693.3766359208315
587.6771978584595
591.8447250047789
613.2630232803297
613.2630232803297
597.7967044235874
520.8618339858526
434.5356820901771
421.9012295419171
423.70691862317005
426.1141030638319
426.1141030638319
426.1141030638319
392.9740015468771
368.8129725553315
335.5020717125061
335.5020717125061
335.5020717125061
335.5020717125061
335.5020717125061
320.9311706837896
317.28488855560215
317.28488855560215
333.6819290425112
324.5760107554427
336.10870989774503
305.72858368409715
269.7420743568536
206.48457936196507
225.5891180489322
224.9737986869116
249.54054792030942
280.73806085429436
276.46369810836694
232.3536196555095
173.043415399375
164.95774495560664
183.5954245784877
173.043415399375
173.043415399375
171.17879709651288
174.9072687891407
192.88698625884513
192.88698625884513
231.1242513253944
234.8116465306983
245.24795534996656
271.575830246425
332.46830966560606
332.46830966560606
366.39395752248856
373.64938126170216
376.67105104045476
389.35314146575365
400.2123455356273
392.9740015468771
377.87948738280323
385.73113920734687
386.3348861133495
385.12736021583373
403.82985397850604
463.3690436880209
457.9674441406449
427.317524302065
475.36517517434544
488.54939638288414
489.74737637364296
490.3463302194842
489.1483984398877
569.8055147486688
575.7647194608849
614.4522197689068
612.0737531473917
606.7211216074243
606.7211216074243
569.8055147486688
565.6328770582771
555.4951745575759
529.8257166502633
469.96817006198137
469.96817006198137
436.33959281036095
429.12244351571394
426.1141030638319
451.36261446424436
426.7158278911836
424.91056796671575
433.3329360030494
425.5123497717979
424.91056796671575
424.91056796671575
377.2752856883658
316.06913727009675
292.3283880694377
330.64759251930855
288.06019336181447
305.72858368409715
302.68493016717
337.32187270799545
320.3235576739542
237.88286477848428
231.73896522375918
192.26808083944712
192.26808083944712
212.03752287169962
212.03752287169962
212.03752287169962
212.03752287169962
232.3536196555095
236.6545515612211
294.766367319289
363.3694201472162
366.99876231588723
436.33959281036095
448.3593599543755
410.45912220626275
420.69729287041616
421.9012295419171
413.4712307142197
413.4712307142197
413.4712307142197
413.4712307142197
413.4712307142197
493.93954941487885
512.4910030036747
572.7853667781599
579.93498017786
556.0916744836001
557.284612286401
521.4595816584247
521.4595816584247
532.8125763661269
535.7988916550323
535.2016719767047
531.6178980156085
500.5248939223087
500.5248939223087
500.5248939223087
500.5248939223087
480.7601581697175
476.5642340680543
419.49324057634914
351.2625625857986
347.62773038724254
277.68518262181396
265.4615737933078
265.4615737933078
250.15355674253152
248.31436708092286
248.31436708092286
248.31436708092286
248.31436708092286
248.31436708092286
248.31436708092286
165.5802490124193
146.23870127660206
41.51953894026063
26.840915210678418
45.47421097165707
65.67900143101488
66.32554372270685
66.32554372270685
53.988960888602435
50.72206309106061
50.72206309106061
52.029958050711485
52.029958050711485
52.029958050711485
52.029958050711485
52.029958050711485
53.33633064307922
53.33633064307922
53.33633064307922
53.33633064307922
53.33633064307922
88.79870954097817
88.79870954097817
88.79870954097817
88.79870954097817
95.17202472690133
95.17202472690133
122.39021618502572
179.25334103462075
226.20437596293237
226.20437596293237
226.20437596293237
226.20437596293237
226.20437596293237
226.20437596293237
259.34227578066645
252.60505181540924
251.9922587593827
321.5387436376465
358.52836378418164
396.59373210547705
396.59373210547705
395.3872799847697
395.3872799847697
395.3872799847697
405.638197556534
405.638197556534
528.6308195034088
529.2282790535396
529.2282790535396
529.2282790535396
535.7988916550323
502.91885823530487
515.48109431279
516.6769720266883
517.2748769787556
514.8831214882341
514.8831214882341
489.1483984398877
434.5356820901771
388.749554086197
388.749554086197
388.749554086197
388.749554086197
395.3872799847697
442.95181119131524
430.9271087021389
493.34073935991023
512.4910030036747
543.5607893788083
507.10739867568344
516.6769720266883
516.6769720266883
588.8680164060545
595.4161416926344
597.7967044235874
596.0113109253012
625.7459455837444
557.284612286401
587.0817595396693
587.6771978584595
587.6771978584595
581.1263057549405
667.892470159064
656.6223093341584
655.4356223578504
654.8422533661144
651.2816812069965
651.2816812069965
651.2816812069965
651.2816812069965
651.2816812069965
658.995479769643
663.1478781073107
663.1478781073107
656.6223093341584
609.6949912651359
566.2290287807011
490.94526001264893
471.7673981512347
371.83597984103426
371.83597984103426
323.9686367170517
323.9686367170517
250.15355674253152
243.40744360739345
240.9526429362994
232.3536196555095
201.54397959116972
144.3618511977887
112.29476406175708
156.2330281819029
214.50376428436482
265.4615737933078
200.3081297404583
206.48457936196507
241.56642773117338
247.70119473723602
287.4502695777269
365.18424545893924
399.6093203573058
399.6093203573058
399.6093203573058
391.76717430849124
387.54228391003574
387.54228391003574
390.56022110433724
426.1141030638319
426.1141030638319
447.1578710073621
491.5441657882777
491.5441657882777
491.5441657882777
499.327771090884
506.50910532969203
548.3355517486413
550.7224270414896
552.5123636174196
575.7647194608849
591.8447250047789
594.8209533888629
594.8209533888629
618.0193690637658
562.0555400375273
512.4910030036747
488.54939638288414
490.3463302194842
456.16644253447157
450.16139265017557
411.0616032473155
333.6819290425112
299.0311259152393
299.0311259152393
311.81271747749116
348.8394857925937
369.4176414791942
395.9905215889535
408.04889977096116
390.56022110433724
426.1141030638319
406.240918276275
362.7644095105987
362.7644095105987
379.08779216484703
382.7119221800383
375.4624826292412
334.89539556365963
332.46830966560606
334.2886813681328
311.2044923767623
299.0311259152393
295.98509011033
295.98509011033
228.6647971933728
228.6647971933728
229.27975089735517
234.8116465306983
344.5977040373313
388.14593492079496
443.5527580384099
469.36837680165377
498.13055411730636
502.91885823530487
509.5003413455492
497.53191024258865
460.9685919278007
440.5477516551836
416.48260136818675
401.4183038671924
411.6640545664382
385.73113920734687
426.7158278911836
444.1536777592909
465.76908359848846
449.56074179093116
444.1536777592909
444.75457039800267
442.95181119131524
442.95181119131524
502.32040224207293
501.72192288109363
511.294807005612
529.2282790535396
845.7039355081782
917.4307650895407
926.824611373897
1097.2029651842006
1158.479312175331
1065.6501626020608
1163.7270387900792
1235.3775232592027
1218.495586651814
1190.5379288126546
1194.616278677997
1217.913329085241
1217.331063350112
1224.8998820698625
1224.8998820698625
1225.4820419707185
1225.4820419707185
1209.1784827754336
1202.7717516521095
1185.2937318048916
1199.8592699283192
1199.276748662223
1217.331063350112
1215.5842170873705
1335.9502185936624
1362.0739890913806
1390.5033887626787
1333.046667784756
1377.7412689137
1393.4033974051472
1385.863011276389
1075.0020045108083
1038.1648758605672
1048.1088418118145
890.9947933806822
827.4491744704644
806.234521644167
664.3341264041069
541.769903410782
578.1478441505451
603.746785746567
594.8209533888629
598.9868718153731
613.2630232803297
605.5314433602408
618.613829975841
615.6413427830201
615.6413427830201
604.3416903460906
601.366979551129
577.5520926681969
544.157708804531
550.1257396859289
547.7387803884601
644.7523602778281
588.2726168061234
623.9631607147116
598.3917975984946
597.2015922681375
551.3190934638917
521.4595816584247
511.294807005612
529.8257166502633
501.12342011899324
517.8727593692491
517.8727593692491
532.8125763661269
532.8125763661269
568.01736254834
563.2480671557194
518.4706192293278
492.74190542700796
492.74190542700796
457.9674441406449
444.1536777592909
444.1536777592909
430.9271087021389
430.9271087021389
456.16644253447157
456.16644253447157
456.16644253447157
456.16644253447157
456.16644253447157
451.96318550414264
437.54206155333713
382.7119221800383
427.317524302065
424.91056796671575
448.96006423995055
447.1578710073621
447.1578710073621
447.1578710073621
447.1578710073621
464.5691149648144
480.7601581697175
444.1536777592909
429.72402673978127
442.35083717382787
453.1642480613972
417.68694446960177
417.08478752226296
417.08478752226296
417.08478752226296
417.08478752226296
417.08478752226296
416.48260136818675
416.48260136818675
416.48260136818675
416.48260136818675
391.16371348135004
391.16371348135004
391.16371348135004
391.16371348135004
391.16371348135004
409.2540707483586
471.7673981512347
501.12342011899324
389.9566971187684
328.82652763003955
300.8582229439754
300.2492340544718
300.2492340544718
300.2492340544718
322.14627662700553
285.6202231298401
268.51932345537784
278.9064762174386
298.42200645127025
285.01011555344917
285.6202231298401
299.6402017471841
323.9686367170517
348.23362623716787
376.67105104045476
383.315830121452
383.315830121452
404.43266546179746
404.43266546179746
404.43266546179746
405.03544663639383
405.03544663639383
412.2664762159164
430.9271087021389
430.9271087021389
440.5477516551836
406.8436088494926
363.3694201472162
321.5387436376465
320.3235576739542
320.3235576739542
336.71531020210955
336.71531020210955
336.71531020210955
336.71531020210955
314.8532227753914
314.8532227753914
308.77117523737144
298.42200645127025
278.9064762174386
260.566545551045
248.92748475404105
255.6682170794438
245.86134803168744
230.50947776767634
201.54397959116972
194.7432572708687
194.7432572708687
173.043415399375
173.043415399375
173.043415399375
176.77036725545307
177.3912340085408
169.935288230327
150.61438464043457
174.28606869454634
164.3351507669586
164.3351507669586
142.48404518972413
105.33283901095974
105.33283901095974
105.33283901095974
137.47176920317986
137.47176920317986
137.47176920317986
137.47176920317986
189.79170925122577
224.9737986869116
229.8946443566943
229.8946443566943
229.8946443566943
229.8946443566943
229.8946443566943
208.95322815784286
194.12457418455168
184.8353035547391
184.8353035547391
184.8353035547391
244.63450716508683
281.9588815676234
281.9588815676234
281.9588815676234
277.68518262181396
277.68518262181396
277.68518262181396
277.68518262181396
254.44311035149272
254.44311035149272
247.08796755833896
247.08796755833896
247.08796755833896
247.08796755833896
247.08796755833896
250.15355674253152
299.6402017471841
340.35412112072544
340.35412112072544
289.2799040875943
280.12757990876446
279.51705173818726
300.8582229439754
300.8582229439754
300.8582229439754
300.8582229439754
301.46716852207715
365.7891185928545
365.7891185928545
411.0616032473155
411.0616032473155
389.35314146575365
461.5687436189829
462.76896945888586
485.5540230055799
505.9107888470842
509.5003413455492
535.2016719767047
535.2016719767047
536.3960897014658
588.8680164060545
590.0587576560264
590.6540993525891
590.6540993525891
590.6540993525891
590.6540993525891
541.1728987644467
492.74190542700796
498.13055411730636
498.7291743887657
499.327771090884
552.5123636174196
548.3355517486413
527.4358344241525
527.4358344241525
558.4774675331057
559.0738642637713
695.1534882216237
641.7837948527635
663.7410106334182
620.3971034671
621.5858616317399
585.2953281218064
477.16372616346894
475.96471708420495
453.1642480613972
432.7315211385574
428.5208320664996
402.62413986796713
402.62413986796713
401.4183038671924
348.23362623716787
358.52836378418164
357.92307479709535
357.92307479709535
357.92307479709535
357.92307479709535
357.92307479709535
357.92307479709535
313.0290433461317
312.420901101397
316.6770332665985
264.2381220415713
290.4994331331445
290.4994331331445
290.4994331331445
297.81284324741256
297.20363619530093
191.64910072545715
181.73501250113912
158.7276766453111
157.48054325857657
156.2330281819029
163.71246602671502
163.71246602671502
163.71246602671502
163.71246602671502
163.71246602671502
163.71246602671502
173.043415399375
216.35275842182736
236.6545515612211
258.1177985782448
246.4746853786595
254.44311035149272
262.40256385685086
262.40256385685086
262.40256385685086
262.40256385685086
262.40256385685086
261.17860301953516
262.40256385685086
270.9646274976129
243.40744360739345
216.96896017512603
216.96896017512603
216.96896017512603
191.03004562150142
191.64910072545715
155.60912633966197
155.60912633966197
155.60912633966197
161.2208130253886
161.2208130253886
153.73683787659994
153.73683787659994
153.73683787659994
153.73683787659994
153.73683787659994
153.73683787659994
144.3618511977887
100.25777467321424
79.20170818293094
59.19737272745998
59.19737272745998
126.16722049425174
162.46682319403874
213.27077518809983
334.89539556365963
353.685064697565
353.685064697565
353.685064697565
352.4738851785634
339.14133425371915
339.14133425371915
342.17302178754977
345.2037825110416
345.2037825110416
331.8614424457674
331.2545367587194
331.2545367587194
331.2545367587194
331.8614424457674
330.0406096420274
330.0406096420274
335.5020717125061
346.415829498198
346.415829498198
347.02179816646924
347.02179816646924
347.02179816646924
347.02179816646924
347.02179816646924
347.02179816646924
344.5977040373313
344.5977040373313
272.79808877225895
229.27975089735517
178.6327205471023
53.988960888602435
36.88246075953426
36.88246075953426
50.72206309106061
50.72206309106061
50.72206309106061
50.72206309106061
47.445329450919125
44.15788717209208
44.15788717209208
83.0461583678422
83.68614900504588
83.68614900504588
83.68614900504588
83.0461583678422
79.20170818293094
82.40595663101247
76.63428954498266
81.76554173919365
83.68614900504588
192.26808083944712
196.59886645966975
199.07199571285128
199.07199571285128
226.81957263258525
242.1801559919452
337.32187270799545
358.52836378418164
451.36261446424436
451.36261446424436
451.36261446424436
451.96318550414264
448.96006423995055
448.96006423995055
457.3671364317703
457.3671364317703
458.5677257445154
468.168714202651
468.168714202651
468.168714202651
468.168714202651
432.1300783314074
431.5286075348876
435.7383169635736
435.7383169635736
435.7383169635736
435.7383169635736
432.7315211385574
432.7315211385574
417.08478752226296
415.2781412366046
309.9879173520613
305.72858368409715
303.29374644450144
303.29374644450144
275.8528839379546
269.7420743568536
218.20117058926766
221.8962729383472
134.96294333064336
134.96294333064336
134.96294333064336
156.2330281819029
156.85683366444997
156.85683366444997
146.8641081639606
154.36103166924968
153.11254579517907
143.11008769100445
143.11008769100445
143.11008769100445
149.98959361784162
149.98959361784162
149.98959361784162
145.61318985655595
145.61318985655595
145.61318985655595
145.61318985655595
149.364701274139
156.85683366444997
156.85683366444997
156.85683366444997
156.85683366444997
156.85683366444997
156.85683366444997
156.85683366444997
156.85683366444997
147.48941106699445
102.16214018358647
75.99185724076585
72.13221823736595
74.70628226585883
74.70628226585883
50.72206309106061
50.067529216529024
55.29313749160658
42.83968779871348
34.886538913675736
37.54656920863848
106.60001173558975
121.13018143601803
121.13018143601803
114.19036853353614
117.34688311057604
136.21758447094274
136.21758447094274
136.21758447094274
136.21758447094274
136.21758447094274
132.45227072852487
124.90872922643425
124.90872922643425
125.53803796935654
139.35220174207146
212.03752287169962
274.02015222286377
313.63714430891685
313.63714430891685
315.46120047139846
333.6819290425112
335.5020717125061
330.64759251930855
357.92307479709535
402.021237131324
445.3554359984555
445.3554359984555
440.5477516551836
440.5477516551836
440.5477516551836
521.4595816584247
466.96894990604517
453.1642480613972
453.1642480613972
453.1642480613972
450.16139265017557
432.1300783314074
432.1300783314074
432.1300783314074
432.1300783314074
432.1300783314074
432.1300783314074
432.1300783314074
432.1300783314074
431.5286075348876
418.2890722608008
347.62773038724254
286.23028458001903
246.4746853786595
304.5112504309969
306.9457470262481
294.766367319289
292.93794986996676
295.98509011033
266.0732239842247
221.28058053909416
176.77036725545307
177.3912340085408
185.45512529770193
191.03004562150142
204.01483524779954
163.71246602671502
163.0896903114527
191.03004562150142
234.8116465306983
245.24795534996656
252.60505181540924
252.60505181540924
267.29637369951786
271.575830246425
271.575830246425
271.575830246425
271.575830246425
271.575830246425
271.575830246425
271.575830246425
271.575830246425
271.575830246425
271.575830246425
271.575830246425
213.27077518809983
208.95322815784286
232.9682148122225
233.5827508843239
230.50947776767634
230.50947776767634
230.50947776767634
230.50947776767634
233.5827508843239
225.5891180489322
220.04900679650797
207.10184362300578
161.2208130253886
151.8636647871169
123.64972992720759
78.56019533934678
88.16033789591948
86.8830051326143
86.8830051326143
71.48807937886393
144.3618511977887
168.06937219088115
232.9682148122225
278.9064762174386
278.9064762174386
278.9064762174386
278.9064762174386
278.9064762174386
278.9064762174386
278.9064762174386
352.4738851785634
380.90000376581213
381.50400906398517
357.92307479709535
390.56022110433724
390.56022110433724
413.4712307142197
475.36517517434544
499.9263442574869
525.0455995140039
557.284612286401
558.4774675331057
558.4774675331057
558.4774675331057
558.4774675331057
558.4774675331057
558.4774675331057
539.3817564603435
533.4098828613759
533.4098828613759
533.4098828613759
460.36841433532527
437.54206155333713
424.308757600065
385.73113920734687
391.76717430849124
391.76717430849124
391.76717430849124
391.76717430849124
391.76717430849124
391.76717430849124
358.52836378418164
332.46830966560606
331.8614424457674
329.4335880410119
295.98509011033
295.98509011033
272.79808877225895
306.9457470262481
281.9588815676234
252.60505181540924
219.43312502346464
498.13055411730636
498.13055411730636
498.13055411730636
511.294807005612
520.2640639374548
520.2640639374548
520.2640639374548
520.2640639374548
520.2640639374548
520.2640639374548
520.2640639374548
520.2640639374548
470.56793801459685
463.96909217669224
463.3690436880209
475.36517517434544
501.72192288109363
503.5172908940732
517.8727593692491
572.7853667781599
547.7387803884601
545.3514839778953
545.3514839778953
541.769903410782
541.769903410782
542.9638486899161
547.7387803884601
463.96909217669224
507.10739867568344
507.10739867568344
516.0790444818069
254.44311035149272
256.893112747568
257.5054818167062
317.8927032313949
358.52836378418164
399.6093203573058
420.0952812010751
441.14880745028086
441.14880745028086
445.3554359984555
597.2015922681375
660.181963519792
690.4148970671378
690.4148970671378
685.082758506396
673.2288643378217
647.1269002991046
721.1978133934817
721.1978133934817
731.8437661887752
717.6480737273507
717.6480737273507
723.5640027068974
728.2956564625849
789.1324301287507
789.1324301287507
784.4126052755205
773.1994856787197
770.2478297333464
774.3800501414346
767.2958228166234
762.5718777222788
796.210532398203
823.325428020214
766.1149214192667
717.6480737273507
677.378469902703
657.2156273553234
636.4392767254745
636.4392767254745
632.2814435802105
480.7601581697175
448.96006423995055
418.2890722608008
418.2890722608008
418.2890722608008
451.36261446424436
454.96564372232365
385.12736021583373
411.6640545664382
346.415829498198
353.685064697565
416.48260136818675
410.45912220626275
405.638197556534
343.3854367402694
342.17302178754977
342.17302178754977
345.80982430547516
327.00511266973285
323.9686367170517
322.14627662700553
309.37956723060995
290.4994331331445
261.79060907281524
257.5054818167062
257.5054818167062
257.5054818167062
257.5054818167062
257.5054818167062
257.5054818167062
257.5054818167062
257.5054818167062
224.9737986869116
224.9737986869116
224.9737986869116
224.9737986869116
191.03004562150142
203.3972261843618
248.92748475404105
207.10184362300578
205.86724664566515
222.51190264044703
159.3511013592833
161.8438642435828
161.8438642435828
163.0896903114527
164.95774495560664
164.95774495560664
161.2208130253886
138.72550266331294
137.47176920317986
137.47176920317986
137.47176920317986
118.60852186813291
122.39021618502572
149.364701274139
149.364701274139
149.364701274139
149.364701274139
149.364701274139
160.5976691009046
168.69143175990493
243.40744360739345
339.7477463829685
393.5773680744739
399.0062644297182
399.0062644297182
403.2270121320978
491.5441657882777
442.95181119131524
447.7586288912186
456.16644253447157
432.7315211385574
439.3455579747196
525.6431914103937
693.3766359208315
761.3907496418119
761.3907496418119
761.3907496418119
761.9813207919391
761.9813207919391
793.8513819491856
806.8240478265875
814.4866832527655
814.4866832527655
810.950359711366
775.5605588043649
775.5605588043649
775.5605588043649
775.5605588043649
775.5605588043649
764.933963506877
766.7053791758638
695.7457405835257
601.961959313824
548.9323020667364
546.5451744321786
572.1894364193012
572.7853667781599
469.36837680165377
466.36902952329075
472.9667575195483
464.5691149648144
471.7673981512347
463.96909217669224
374.8581487378736
223.12746985686744
151.8636647871169
149.98959361784162
149.98959361784162
149.364701274139
149.364701274139
117.34688311057604
105.33283901095974
103.43090005588755
115.45339348533592
115.45339348533592
115.45339348533592
115.45339348533592
115.45339348533592
115.45339348533592
115.45339348533592
115.45339348533592
105.96650324838679
105.33283901095974
105.33283901095974
105.33283901095974
102.16214018358647
74.70628226585883
69.55412247101017
69.55412247101017
69.55412247101017
57.24677270374165
57.24677270374165
66.97180604276116
128.6827038506265
158.10415743127464
144.3618511977887
149.98959361784162
149.98959361784162
149.98959361784162
149.98959361784162
149.98959361784162
148.73970708691866
272.18698396011274
327.00511266973285
326.39789614946085
327.00511266973285
369.4176414791942
387.54228391003574
400.2123455356273
409.2540707483586
409.2540707483586
409.2540707483586
424.308757600065
443.5527580384099
443.5527580384099
526.8383088354514
528.0333379701964
573.3812771632639
648.9076239255689
648.9076239255689
648.9076239255689
648.9076239255689
648.9076239255689
632.8754728442474
575.1688887235678
547.1419879587945
540.5758727427541
534.0071676088473
534.0071676088473
534.0071676088473
534.0071676088473
534.0071676088473
533.4098828613759
411.6640545664382
351.2625625857986
456.16644253447157
536.9932661447948
495.13709802957027
477.16372616346894
548.3355517486413
539.3817564603435
662.554728807943
685.6752826705745
670.2643664626247
671.4502151754712
800.3385264924782
718.2397350910516
722.3809383509991
702.2594744761057
675.0073652272612
723.5640027068974
859.2399691655388
921.5409302246815
974.3373635755911
1056.8805883580417
1112.9692069293487
1112.9692069293487
1129.3123905363216
1152.6476815537596
1158.479312175331
1198.1116811706884
1238.8694906695116
1387.023147684028
1388.7632997246205
1391.6634131657054
1396.8831777072603
1285.4018826861782
1206.2664562106638
1206.2664562106638
1206.2664562106638
1127.5616720949404
1127.5616720949404
1067.9883515547742
1045.1844398630449
1045.1844398630449
1100.123144263993
987.2298470716563
1017.0976186358147
1029.9735891369232
1005.3879499171703
957.9212979240164
909.7961155214227
784.4126052755205
728.8870455101398
675.600165987951
592.4400090066127
535.2016719767047
535.2016719767047
526.2407611741912
536.9932661447948
536.9932661447948
539.3817564603435
498.13055411730636
344.5977040373313
342.7792477602339
339.7477463829685
334.2886813681328
334.2886813681328
334.2886813681328
334.2886813681328
334.2886813681328
331.2545367587194
331.2545367587194
267.29637369951786
267.29637369951786
267.29637369951786
189.1724273831143
186.69453489747056
154.98512766211437
135.59032127705527
135.59032127705527
135.59032127705527
136.21758447094274
125.53803796935654
117.97777064537402
154.36103166924968
171.17879709651288
256.280691219274
265.4615737933078
300.2492340544718
265.4615737933078
411.0616032473155
367.60353304084236
366.99876231588723
366.99876231588723
366.99876231588723
366.99876231588723
368.8129725553315
368.8129725553315
368.8129725553315
368.8129725553315
368.8129725553315
408.04889977096116
424.91056796671575
424.91056796671575
424.91056796671575
424.91056796671575
424.308757600065
411.6640545664382
411.6640545664382
411.6640545664382
411.6640545664382
411.6640545664382
411.0616032473155
411.0616032473155
411.0616032473155
376.0667833753853
359.1336177301426
275.2420216533945
266.0732239842247
223.12746985686744
222.51190264044703
65.67900143101488
65.67900143101488
65.67900143101488
65.67900143101488
65.67900143101488
179.25334103462075
228.04978304725748
238.49693489412763
281.9588815676234
351.8682418035071
405.03544663639383
377.87948738280323
375.4624826292412
427.9191923445349
430.9271087021389
430.9271087021389
430.9271087021389
430.9271087021389
430.9271087021389
430.9271087021389
430.9271087021389
430.9271087021389
430.9271087021389
430.9271087021389
430.9271087021389
430.9271087021389
430.9271087021389
430.9271087021389
430.9271087021389
430.9271087021389
430.9271087021389
430.9271087021389
430.9271087021389
448.3593599543755
510.6966747060558
633.4694843751926
526.8383088354514
484.9548754615696
556.6881537177143
523.8503492028434
467.5688447860902
458.5677257445154
447.7586288912186
433.3329360030494
383.91970573377967
386.3348861133495
386.3348861133495
386.3348861133495
395.3872799847697
421.2992756341557
422.5031546431633
422.5031546431633
422.5031546431633
422.5031546431633
422.5031546431633
422.5031546431633
433.9343229714492
463.3690436880209
525.6431914103937
543.5607893788083
544.157708804531
603.1518623894015
606.1262918187604
606.1262918187604
588.8680164060545
526.8383088354514
404.43266546179746
403.82985397850604
402.021237131324
359.73883670617835
429.12244351571394
445.9562746044259
402.62413986796713
403.82985397850604
403.82985397850604
400.81534002041013
469.36837680165377
501.12342011899324
517.2748769787556
566.2290287807011
610.8844091994549
609.6949912651359
610.8844091994549
647.1269002991046
704.6276338418406
730.6611227715283
735.3913388676498
724.7470065789128
712.9142318642571
651.2816812069965
641.1900295237119
645.939664901829
670.8572990910878
716.4647051773088
759.0283225811839
817.4332581137885
829.8053170782362
848.0585023142924
848.0585023142924
842.7604441869839
803.2866910236174
725.9299500843515
696.9301977961545
700.4831904944582
701.0753008490406
717.0563970944287
760.209564629792
689.8225013975324
711.7306178028832
752.5304670561618
699.2989226242875
629.311030567335
629.311030567335
628.1227405324581
594.2257459912197
537.5904210137369
511.294807005612
506.50910532969203
505.9107888470842
488.54939638288414
488.54939638288414
480.7601581697175
475.36517517434544
390.56022110433724
340.9604585474025
297.20363619530093
236.6545515612211
223.7429747977521
206.48457936196507
206.48457936196507
206.48457936196507
206.48457936196507
206.48457936196507
206.48457936196507
202.1617986166275
199.07199571285128
182.35522944727842
136.8447335645332
134.33544997249786
77.27648838282231
13.804925868227423
8.839651272572825
15.202123141546737
31.54710080746066
31.54710080746066
28.862661462833046
27.515681542050725
27.515681542050725
27.515681542050725
41.51953894026063
42.17986188452552
42.83968779871348
55.29313749160658
182.35522944727842
207.71903967795768
233.5827508843239
314.24520408654683
392.37060364424127
392.37060364424127
389.35314146575365
392.37060364424127
392.9740015468771
394.1807032849056
394.7840072358459
395.9905215889535
395.9905215889535
395.9905215889535
395.9905215889535
395.9905215889535
396.59373210547705
398.4031776969467
398.4031776969467
410.45912220626275
405.03544663639383
390.56022110433724
393.5773680744739
394.7840072358459
394.7840072358459
394.7840072358459
394.7840072358459
382.10798184810153
381.50400906398517
407.44626932988257
554.302112523546
502.91885823530487
497.53191024258865
552.5123636174196
531.0205261018109
454.96564372232365
486.7522451175717
505.31244919510453
505.31244919510453
506.50910532969203
505.31244919510453
506.50910532969203
572.7853667781599
573.3812771632639
601.961959313824
641.7837948527635
641.7837948527635
687.4527585120562
689.8225013975324
689.8225013975324
677.9712051421122
679.1566266247933
684.4902182060905
761.9813207919391
844.5265767504286
866.8878772266509
866.8878772266509
866.8878772266509
882.7654286533892
923.3022591284282
897.4590972080107
741.8938374683808
674.4145480434688
657.8089284228291
579.3392878811368
522.0573069858493
520.8618339858526
489.1483984398877
470.56793801459685
467.5688447860902
465.76908359848846
465.76908359848846
463.96909217669224
395.9905215889535
395.3872799847697
366.39395752248856
325.79064038266444
325.79064038266444
278.295853220772
274.02015222286377
274.02015222286377
274.02015222286377
285.01011555344917
288.6700714928158
236.6545515612211
292.3283880694377
274.02015222286377
274.63111112510865
348.8394857925937
332.46830966560606
324.5760107554427
324.5760107554427
324.5760107554427
323.9686367170517
323.9686367170517
389.35314146575365
389.35314146575365
394.1807032849056
394.1807032849056
403.82985397850604
423.105050987199
425.5123497717979
456.7668025767877
471.1676806981637
480.16081462174805
482.55804119032103
483.1572864448685
483.1572864448685
483.1572864448685
483.1572864448685
483.1572864448685
483.1572864448685
483.1572864448685
475.96471708420495
466.96894990604517
447.1578710073621
307.55426523570736
302.68493016717
325.1833452809233
261.79060907281524
261.79060907281524
227.4347082603049
227.4347082603049
227.4347082603049
227.4347082603049
261.79060907281524
194.7432572708687
202.77954739386243
218.20117058926766
228.6647971933728
231.1242513253944
270.35337557940846
268.51932345537784
250.15355674253152
288.6700714928158
342.7792477602339
340.9604585474025
340.35412112072544
340.35412112072544
340.35412112072544
340.35412112072544
348.23362623716787
348.23362623716787
348.23362623716787
343.3854367402694
343.3854367402694
332.46830966560606
369.4176414791942
369.4176414791942
346.415829498198
353.07949278525103
379.08779216484703
379.6918953786771
380.29596589148343
380.29596589148343
380.29596589148343
343.99158880646917
343.3854367402694
335.5020717125061
315.46120047139846
305.1199383476441
292.93794986996676
234.19722806109817
233.5827508843239
220.04900679650797
166.2026633535401
100.89272830208006
100.25777467321424
100.25777467321424
100.25777467321424
149.364701274139
168.06937219088115
160.5976691009046
210.18714676148176
210.18714676148176
210.18714676148176
210.18714676148176
210.18714676148176
171.17879709651288
171.17879709651288
171.17879709651288
154.36103166924968
240.9526429362994
308.16274127250114
311.2044923767623
337.32187270799545
337.32187270799545
376.0667833753853
379.08779216484703
392.9740015468771
409.8566113908214
410.45912220626275
625.7459455837444
641.7837948527635
698.7067650770465
705.2196346311807
714.0977843663521
714.0977843663521
714.0977843663521
714.0977843663521
714.0977843663521
667.892470159064
650.094686916335
649.5011640178064
601.961959313824
601.961959313824
611.4790904109921
643.5649862752402
680.3419828923192


