Rainfall Prediction

505.1556000407661
461.98531025406896
456.1088882621444
427.94476878733906
414.9027119829027
410.2357341372035
396.98400321658653
396.8686261188195
396.64160492474
411.00895807914003
406.3754368701305
404.9653764444241
375.3283755621478
543.1147390473498
526.1545570381332
517.0643527883137
490.9510439831925
517.5160570350699
513.075392504697
373.3113075719478
358.7214933066238
245.7227109666924
66.22115008835102
65.63818169698585
70.49324200890693
17.01916075369755
20.776293710466387
0.0
0.0
0.0
0.0
43.074718916854536
24.180475646891427
39.532926842427514
49.143906915971314
15.397660200909478
0.0
0.0
0.0
0.0
0.0
0.0
242.27532654122814
268.9664131448069
69.82826790922279
141.9875023992369
203.45043665901957
240.4301160913616
404.85072539419326
443.07471241868257
607.8032525431914
611.089045174269
626.5365463055294
605.032241392248
594.5733331048509
583.65885690568
676.019843076504
714.3600584548426
528.6783123609442
582.3122127077929
331.6587521561453
479.5118432392015
553.0304832781669
531.9506243889247
535.6247587986475
546.0034518649211
573.9958646234452
575.1029293988315
573.9429681977045
621.4364966659899
633.5769321119292
608.8796943221773
618.8310103683915
406.37222776427706
409.4803223746506
407.5098586754569
402.73223467398003
360.68230441749466
351.5033269047249
213.96371945510208
213.39675126343903
43.055993166665075
200.71788277278426
161.50425535582886
195.9188281571025
196.01027613417676
171.73994107395424
225.06014434887297
147.8097276585623
226.41328793067396
212.171104941956
212.67361873064664
204.92560955525357
212.0476749941593
220.30201658255802
229.62270228528047
168.4039141235284
196.797866583486
203.13794562760796
203.60355255918606
225.79494454345166
227.65760517647578
238.02122934686452
235.5678375802832
213.1380013280468
186.0043561906438
244.87730008541135
207.32752291796172
212.36205462709188
224.35264246919428
117.04912525221332
92.23774493459103
107.39724345890147
0.0
105.90646843415941
0.0
0.0
7.727960737178472
0.0
0.0
0.0
71.92394259843095
174.82816827779314
175.63369489808485
150.88043714001108
156.47518771891754
193.0968453862683
195.13484665793118
179.77492931073738
168.65787335204345
113.87107429762223
135.70673795866892
110.41187747951834
112.19114987622541
0.0
191.6197409775052
286.61380402511617
382.5248912592952
469.9474271080018
462.9403933901819
483.35572928311274
521.1844994247589
530.2138556493862
515.9719993592136
556.3014367024882
635.2855741033006
705.0853960422571
691.5358596752416
707.2945996562324
700.7063689348084
693.8212489970027
833.1827276042268
744.9130422834772
724.7610656114862
680.4903316014547
690.9244345529723
697.7765033276553
637.8072062208316
650.314561544822
669.6035096723458
662.2719673575496
681.107142593721
670.609764141387
670.609764141387
670.8992260609791
669.997451465872
651.6145268970182
555.032478480262
344.4584193614322
290.98698330777387
386.8699993822977
390.97810551106545
384.52247129137555
387.9665946235018
392.92343513319037
345.841113288714
325.4772996092657
270.01497550514375
147.15553049751432
150.14418689959456
170.76790033435742
201.228654793281
114.86524188291563
118.42358479497588
221.12065861221743
287.7164691295493
298.68891838367995
302.28154920585075
284.568889923701
307.7035943830629
313.8550904202334
310.9710695828422
313.8825675746897
308.1216095661361
291.69565257075664
286.2615729703913
281.3093864954384
264.25011534432684
264.25011534432684
264.3133412604531
264.7793524418689
135.94260241731794
167.33871524471
170.06735641174058
354.60901863761325
349.908514041121
346.35235717305915
345.9422505606119
348.8775365201355
127.0946507555167
344.4640351810334
297.13209503829063
290.92668889010156
203.77707765238603
184.0011644273909
123.77286674127821
108.26646052832554
118.48040220952792
123.6564533606979
114.26623814087851
0.0
217.17061401002067
261.0586125387501
364.90779145846534
427.45788029315895
417.95421159251237
423.36875895508825
388.0107971384166
409.30162628400814
402.9490161732275
397.609725155573
515.3566976411682
558.3234379049807
544.952416740976
505.09142865993
591.4290320754351
546.0194182646677
567.5085049227031
714.6723901082822
755.2943186392037
796.6200002259759
850.8638725240463
859.2668544926306
853.4306552354955
853.9858138559212
806.1333765903254
805.348583830431
798.3822012234192
764.7846312388831
753.0881213945204
744.0822402345793
744.3384930524318
621.2115329823325
582.8025255940003
554.0048037943836
491.9952829922546
456.55833378990565
487.9535262996793
593.3033925221193
589.5969268182507
582.5386864843233
595.0221219622811
536.0922518051469
495.9279124388377
331.61162438192264
240.75118694003908
256.1780914562637
235.58816815817104
216.28839589830145
227.93266421606825
215.21518952966653
192.89016031500424
153.92465224535002
748.7005471100434
755.0496068166359
757.0494880358654
713.7032695158828
842.1088862983128
792.8503652079479
787.7197854170017
775.8674609721861
768.5463116562094
766.8303928397535
764.2782504018055
764.2782504018055
685.601048353447
676.3209730967837
686.0958287527391
718.268186862562
798.6127831605877
802.162946007071
825.1999599592481
873.3116806158099
831.4805326538318
803.1455756766742
852.8980734691485
856.3246080979492
829.7473974587915
864.2456110840856
857.1931275401081
736.8356435730112
676.6896511922016
655.5103498435186
700.0692943613683
213.51022080740307
264.0811992824555
267.24562235073535
358.726679248491
441.1002367011366
553.0706648020684
578.7829181653007
604.085627737119
597.1257184707483
579.9856082029032
936.7067428924399
1042.70674289244
1092.9368648777065
1092.6692570130635
1083.6692570130635
1063.6692570130635
1019.6692570130635
1139.2184640275932
1139.0460609033862
1167.2790873163528
1143.2790873163528
1143.314169382716
1153.314169382716
1161.0905070193542
1264.0905070193542
1264.0905070193542
1256.6080538271597
1241.589861307683
1227.7831227304246
1197.409927858134
1182.6143868361316
1169.6341097097043
1207.92490234799
1314.0478650111052
1188.7094299506443
1086.8799328429375
1017.2301090550557
981.3282665165481
657.6108384547919
816.8674330383581
803.9084408541352
689.8931624055149
661.1769156750735
620.0654331042027
610.1597822451472
602.7274517220962
589.1318977176714
606.488433735779
614.7038354121286
660.9984148449774
468.16518802900174
530.19744703797
581.9991103237634
609.3599185196689
607.5123901195541
459.08758791905916
467.90046678745324
469.89026599044183
522.9973440818666
509.5681367437313
349.30614478040775
374.0558511719776


