Rainfall Prediction

931.3482712202498
926.1875078867778
988.4918602565374
1196.9772459186297
1309.1156982953926
1339.013710483092
1229.8554424458785
1205.349520391117
1268.576676415459
1149.4952551235772
1090.0771180280822
977.390376907093
985.488243974732
934.0664167913217
972.0952978839313
1044.2600961494256
936.8016818737854
947.3021158105719
1172.6702744013278
1077.523056144144
822.5483361595352
911.39518460606
865.930472714456
831.0351081533993
733.3477392394293
654.882245318274
664.3004022300684
663.0794622914652
680.2074534689057
634.5027092265518
654.2238996462046
598.3648084315312
466.43441544101563
374.001445934063
300.5018659706671
167.08219765340073
147.5885244817062
164.59037406117153
118.47813742771487
339.3859033117373
186.77433420300025
182.28166777097704
169.9669826174425
179.83923789172647
295.6383701926425
141.1177755409682
56.43028444104186
174.53552030348797
0.0
0.0
0.0
0.0
0.0
0.0
0.0
0.0
0.0
0.0
0.0
0.0
0.0
0.0
142.7714741695676
137.71718366901436
188.853909446561
328.03198344408816
490.94143894865164
465.52302636215654
495.54481308765924
460.05948116903664
463.5908482698218
551.4995008027827
513.7435865345203
532.7530373991963
454.40526106821454
452.2309472358353
468.16448887638927
453.1183254867107
474.6926289919053
436.862572297046
472.0191627623516
514.485909554049
519.2352004656282
447.2884179376386
484.4744024875448
497.06864002797533
535.0428814681038
494.2354437244354
490.2257104107994
546.2666225383457
474.5362076003545
519.7249787269317
760.2842152777251
643.3583689042263
714.0274624792003
814.8275660914888
774.6549270140389
623.7374985223587
682.1139207435594
745.8406158466468
733.622386804379
681.3614896457839
693.6878240188535
671.7263406089202
795.5338842930863
769.4562746786112
815.7922502868353
898.618583507709
881.7569833238847
971.1947094398513
967.4988496249334
932.1837743931442
933.1920989505799
921.2258933316125
974.4207206311662
1059.0570661305117
1209.8134706630583
1216.2163002466893
1237.4648094842262
1245.1095177167076
1287.5799166542313
1376.9584706892613
1293.7452642021524
1024.2060486733164
968.2007641723819
844.2360421719762
789.5932612845864
650.4735651930455
669.0164879328291
600.3475306397779
591.5219711188824
549.4554373889216
590.2205161437898
548.6104928605927
571.9681222580332
435.07548857018344
456.3358968467752
426.23754712663646
336.7219757857818
355.6497814819768
302.0725613357471
258.3521037933611
287.7075799770239
268.04987435262115
275.20437251984856
313.74711198721127
222.37315604799585
338.20167479872947
498.25644599646233
274.57713564430765
378.12213513678626
370.2332578990405
328.3352465138968
375.3365554732015
374.0916589418156
350.73217890417004
332.0313487332876
468.846878926267
504.3365055133178
463.5458285365344
565.8651769639499
468.8129874622448
515.8148887941767
534.5324531982395
577.7168333907453
609.8986153574832
631.7827415871035
646.4190233592144
654.7502649149894
722.8481767585736
737.5265594890985
665.9972811963343
616.7530620891959
670.3377101045019
664.0845353113747
653.6011916644973
692.8286308334541
694.1304712389606
403.5774965901259
392.31098078686784
470.40944474103287
371.813562154144
341.0488389358288
315.0777783622146
293.83243464473384
290.2183527292107
302.18924333270286
377.9036659312373
221.53904746503054
246.13215402132914
326.55241266983194
279.3521714094552
266.12262189547926
304.66478502186914
312.0521849363449
298.0799291935501
332.27177043081747
444.4028858539571
426.8449118036379
436.75209783814216
439.97884751932645
424.8815935924515
444.04081519989865
418.67163497359627
394.9935911928011
449.35951715839053
421.36029680085284
440.06603534142437
400.53787570056403
426.2809862474403
427.9573038458424
412.6787809052603
495.3532272107533
474.11555877041445
449.0587840783405
464.5527390944951
479.5946419158064
438.24057785844616
473.11091079058104
399.6308985843442
441.0493388892172
394.134834799015
344.63938097626215
373.5654004762205
210.54682117469198
325.66869780078287
224.76925667431033
112.29110590624718
23.723350254999474
76.6143929278665
61.88029272343113
0.0
63.509892894803414
93.48095470531104
105.32331371807882
175.21465959948827
143.5636488751999
154.59529909195777
184.30710909936624
172.4478178226965
112.47104512134183
118.12497524561269
112.96209676158665
85.12547956787786
238.1968564331862
338.7050940166332
336.9596503418261
353.13038976827704
450.5003646431886
438.8629353804272
471.33438021828505
494.6357240782164
517.9017812903887
521.1280377880894
866.1541716233003
907.1190733140596
995.1325453156735
1022.0785282832584
1065.9826953136749
1032.3525727786487
1075.3780097618446
1053.474722254628
1060.3135199158976
982.3145719938484
943.5320746972177
947.5064179799572
860.0537511645956
859.0375720852924
869.0856709891304
954.20495868458
1023.917647298784
1006.336610863154
1062.7534838966665
1023.728872959487
1083.4751165880475
984.5100516496243
806.2484895859849
825.3164008464081
869.1446377807807
825.5419956488231
805.4047434074615
821.7060864758771
850.2121523571357
855.035789163146
859.7220713697129
529.7995094558843
567.4159896017337
441.4673320916595
418.6354497225727
440.997663570034
455.97390392331687
472.4928059127691
409.87519480238973
518.8480401433145
577.2212229483482
713.8837995921606
1039.1063423624412
1169.3041881062966
1256.4747272967509
1290.0143383782774
1602.4449153348214
1621.4577729626892
1698.2928575923727
1893.9747205899885
1942.1713293761673
1926.8520312507817
2010.9432815663226
1910.6391083202157
1897.0720270920792
1875.4882224373073
1889.7847761199694
1920.9186272901634
1882.3841088298232
1868.3661724829894
1861.1985402785224
1805.1664820800972
1790.8617805886245
1835.8926726044963
1853.5271325012816
1830.2285652637204
1815.2291514186836
1788.8973634743193
1815.3574752010577
1837.8245412421804
1812.3246838647162
1778.6079749905302
1526.1115760986665
1220.060755461045
1185.9149381024963
1083.1765271097813
1020.7018445818107
645.7211865902373
570.3941305960473
510.12418290949785
294.7435161197919
201.46439008743585
222.1006651267228
196.1887703862099
228.90466340527018
288.7531263345524
224.05034707570613
187.70515822716595
191.70079154520224
144.0564063215155
184.1950603919601
255.0381237808611
207.31980727115547
273.15235644904794
189.04070268439307
241.5546454055082
150.8377198574883
218.2070714989553
310.29914582336824
269.68802501154937
276.5590021944049
283.50624010496074
274.8909824417235
267.0211729554892
289.1373998827946
364.6219329004765
388.21943834866204
406.1682802904958
429.98911060787105
407.22494211368837
398.8123581048925
369.9748159510551


