Rainfall Prediction

991.1545601917259
1008.1929399792317
1038.045705526237
1111.4059283779825
1291.1020829836257
1304.6616228807409
1312.4370573826266
1262.579161643534
1253.7752795695483
1187.1625913536623
1056.1625913536623
1007.1839211250594
1014.9722510620923
1015.9722510620923
1042.9722510620923
1188.8072057149498
999.1696097635586
1035.2371832645617
1233.2704211652285
1131.9058843798985
981.604146720989
1002.166201120245
999.3999993393617
824.1933180214284
729.1933180214284
686.4206239616811
678.2639461748763
677.2639461748763
648.579365692636
650.369093964569
637.1873215062722
628.1873215062722
490.3406040794878
410.4709799000478
338.02466963138295
236.22779708623722
215.1828048669866
186.90892218696916
187.13762937776443
186.72241417331185
186.08874363943514
185.54810449269277
186.7082616729393
175.56756898758667
168.8079842879728
141.6346669533951
69.87303240666682
66.3939750406357
0.0
0.0
0.0
0.0
0.0
0.0
0.0
0.0
0.0
0.0
0.0
0.0
0.0
0.0
142.8432614206401
182.61299022085697
224.59396243779454
356.77877028100005
486.3120147838257
486.3120147838257
481.3120147838257
486.21715009486934
487.21715009486934
488.88348432522696
489.79757687298013
489.33024317382035
490.92968868282264
491.9690620300562
492.0227072948569
490.40469535695263
491.150240282611
494.45750543008603
494.6996838928682
510.2681776141737
501.49157903043624
477.299819496742
483.6495124873902
488.3681776251966
495.1219781399046
499.82859343665416
500.39657245573613
479.33133950077735
477.8570914208106
520.8570914208105
769.2526991774516
685.1704511884839
733.104272936626
867.7701039976714
730.6197557702503
603.6197557702503
656.6197557702503
778.4571665333303
761.5035525328306
690.2120247293285
688.2120247293285
691.4430759372408
802.529638622892
803.529638622892
851.529638622892
918.9716791863432
923.5916474658991
1001.1795415340885
1002.5488584109414
1000.7625467783469
983.4687708172171
985.6612291579315
992.2433163355795
1111.723425960766
1248.7899446861022
1371.739814268306
1375.8661776880983
1379.2510547369793
1313.3143908492796
1387.6833916006726
1344.5620302184677
1080.6782834398625
958.1191334694503
927.9272106378785
797.0344910998163
701.0105705121669
697.4497232779102
643.8412973826048
612.4340766725331
606.9419021454954
603.5121823516051
603.5121823516051
697.1670134437256
487.31284568252147
489.8909830511775
442.34873770882615
376.83291533517865
375.8191199015141
296.3766116824158
290.0389486641465
290.1041353216002
289.92989133005295
308.8934486536204
316.6827058077427
234.23441655683135
325.84812026209966
295.84659655677433
296.9973247169762
418.9973247169762
462.9276428426831
379.8133529890807
379.38987579288766
379.4036807830838
381.63478685174925
383.5565971025983
487.6886001529907
485.6635998360208
494.66751176612456
495.1271907157446
509.4061166786497
541.6088920217397
543.0951010952072
594.6799156193558
618.9359127979574
633.4923536114735
633.0086239390434
633.0464093153278
631.385398190395
634.0133313651058
634.582696541436
633.2849429803495
631.1604115989755
630.4473682278369
616.6241347070986
598.7970160110178
563.1386965461222
332.16898568550994
324.3880886531274
361.41430212857097
257.95650195045573
255.632872673404
199.21416408162892
199.27801905617014
201.21920742805628
201.63455395232492
257.89586985066137
149.85177689525617
164.18080943972237
189.35108738981396
206.35108738981396
211.13437584133123
275.13437584133123
272.7673386753963
243.0197278626216
306.0197278626216
394.42133343291846
392.6887535125542
391.33884349174286
391.19138962312826
389.02833107327297
389.4035859223891
404.0645011085415
405.85423788549235
406.6033801613486
399.5193680948271
401.1173685921884
384.36522554938733
445.4967142562298
445.36130514987883
406.86996298873794
417.2931938469999
458.03824681105164
459.5373794067755
463.62510184161886
460.78842301037014
461.5774963556836
401.6976824826005
400.6976824826005
386.58681655695955
358.17226276519125
342.402244195209
418.8801930073011
231.38546789116742
233.17020471475647
211.17020471475647
124.17020471475647
24.7783999943494
23.95728061302421
26.508554779459672
31.086543003757868
110.06042941886642
140.08073215819394
127.21134101869828
209.46909466568326
210.35135673431265
207.32641963549867
207.8344004573994
203.149475165917
140.4181648177027
139.72587412568936
141.36540050856718
108.74218279393358
250.15822254110861
360.17919273792904
365.17919273792904
408.17919273792904
407.6416403100719
471.40883984340815
476.40883984340815
499.40883984340815
525.2492386605901
525.5405963568237
883.8400996420255
909.070608647545
1126.7722965651224
1080.5302975276327
1163.312598007806
1134.2376927355076
1167.0197237765292
1166.586140333265
1143.3149190719435
951.6250895634937
921.6032781559136
920.5342923795977
839.2959011034941
839.2959011034941
998.9444219304426
1065.0194869676097
1126.5703381879064
1009.7735407939002
1009.0962300676945
1018.9688416021582
1096.3548686233503
937.3548686233503
826.7409018027424
821.0011548794407
865.0011548794407
850.5303784681093
797.2875331057244
791.6926325320107
834.4916132318369
849.6313564475723
852.8434656555186
492.2514868725765
536.1321298505783
442.46091236467083
431.73733673918963
448.5226275280069
464.5753810468388
464.99394026171063
466.5451302147292
466.84701959996033
522.779676053706
744.779676053706
1058.6783731035123
1224.6783731035123
1288.712179279221
1316.8470195999605
1634.391245499295
1665.6805958194948
1723.6805958194948
1901.9419527161226
1992.0648194485834
1950.164819761087
1948.1897420052082
1953.0230036575551
1952.8507826760888
1870.5921744808008
1873.5159640494758
1905.2094431906569
1934.5039433451684
1883.3846082717585
1843.1900809091244
1839.0927915856525
1841.160539985004
1815.571081770122
1832.9645152507069
1862.5841467100558
1830.9124926494019
1816.7862188934716
1817.4928432396964
1816.9532623796438
1815.56831523622
1759.56831523622
1537.7141805578813
1223.830428362474
1059.2935409296892
1060.2935409296892
1016.8465523909142
641.7588183453735
558.1227337159359
498.8078150529543
289.6252657333505
189.24979658549907
169.9880964261396
148.61974047499345
166.62766728480693
166.8175591084726
167.1104288565095
166.61315173455566
156.12990631384807
131.54090678503186
153.1988363671043
199.46982107642194
212.78483043200544
223.77857842445943
179.77857842445943
163.87324832932308
132.93421211006157
157.23153363820137
246.59752637687737
248.35654354377445
245.2263271508694
246.5047956976947
248.58317203960468
252.68703222221313
254.5000125729872
340.95065152891425
374.83014524872436
382.0055153505339
382.33226265537155
372.7540015995181
371.8334444944186
371.67739378750616


