Rainfall Prediction

1643.6622494992753
1630.8310647842
1648.8990310031327
1648.4489128467142
1647.3601832016443
1668.5232165525929
1635.568698186363
1634.6331214930533
1569.2904135269503
1617.5481928804222
1473.350968063095
1135.4976087781156
1031.7886138062333
888.2200546300004
765.0456271280026
687.0596285825458
364.53314659199805
251.23555811796652
0.0
103.1926740115556
0.0
0.0
0.0
0.0
0.0
0.0
0.0
0.0
0.0
0.0
0.0
0.0
0.0
0.0
0.0
0.0
0.0
0.0
0.0
0.0
0.0
0.0
367.46981280604206
399.89135993218366
562.2057296361874
746.8748813972225
780.6657679926099
1087.9953957573525
1254.1597510838494
1520.0566320202727
1534.4977627808312
1523.1263016946023
1597.4572535597886
1465.619634021424
1124.6106459755474
1089.1081607678527
1909.2761796509953
1923.6006455496943
1933.362014232052
1890.0183695478784
1952.556478730277
1993.7926193505298
1923.192439978901
1803.759798559226
1742.5672599208276
1998.935420588895
1891.4903067664075
2014.1060719836858
1772.606738291089
1768.122524562624
1758.377488200688
1689.2773461573809
1660.0001964165442
1720.555243404808
1380.7532127275392
1265.7540034827502
686.3366867800885
630.1283189914059
639.0386713561376
1110.612619592228
407.99981583492
253.64054588593714
304.8342357583865
289.3970275928782
363.9377992531672
861.9449493616569
246.2861527690309
3.229336627747351
0.0
0.0
0.0
0.0
0.0
0.0
0.0
0.0
0.0
0.0
0.0
0.0
0.0
0.0
0.0
0.0
64.3753382316819
225.6352769686402
0.0
19.644049085216338
41.55410030464676
53.514692247932174
85.50074016029617
21.89145210954654
17.69427782599556
0.0
0.0
0.0
0.0
0.0
0.0
0.0
0.0
0.0
0.0
18.07087253465756
4.231200206928953
107.77214820756342
154.41028688815106
136.55555032719968
153.73813082670955
141.16743517162297
145.62619617659857
119.4521951237708
66.48351761462129
448.2358021201542
0.0
0.0
0.0
0.0
0.0
89.18418351901533
0.0
0.0
0.0
0.0
0.0
81.20343501629989
155.08819642230333
268.5122940414869
244.51660275893602
767.5856227706823
416.8187539809044
797.3177968327104
814.6398519778709
720.4857279966852
894.299187423957
814.7906904478616
826.5165426209355
902.5858852784057
1009.1809925359877
904.9355831723807
937.5013285718886
1060.1734918265367
1061.9161992616073
802.4527201397113
856.8586593490319
900.1874148827545
897.9305348034335
932.5433921376799
781.497996026646
731.0386569196609
931.6937117489693
654.3536836707689
650.6695430205255
1245.046108672691
760.8455589916593
772.7468828310037
1385.3835729488674
1682.135757014993
1556.8484555421587
763.7996051574825
889.2886123828812
1125.342857938432
936.2505484926924
791.8814431859055
713.7023488688917
907.6187173511074
874.5502642377844
964.6048809862017
703.4290867636659
693.3329831128414
661.4018930171196
856.4488238243532
821.9388812153438
791.3872665996863
870.3873753740696
764.0703926998573
760.4452944246601
831.956656062784
881.0646248136873
788.047442190523
839.0880063870396
713.2555451533311
994.1644172177091
912.3673125087766
1034.6447282495212
942.1134775770427
963.0632121147287
831.270645301569
781.5781988318306
1642.8269637886644
779.1852802345423
673.317055835986
509.1690443655816
255.5675488946964
97.65705417237095
0.0
0.0
0.0
0.0
0.0
0.0
0.0
0.0
0.0
0.0
0.0
0.0
0.0
0.0
0.0
0.0
0.0
0.0
0.0
0.0
0.0
0.0
0.0
0.0
0.0
0.0
0.0
163.24790941198674
170.25193695162613
614.7430049069236
419.9662827224287
1044.7856214223723
677.1015089783627
710.5285139149044
1112.5598721672968
1085.4605644327758
1351.0963877077381
1153.9403139905223
1237.1976489228805
1120.809255708366
1208.0851703671437
1260.0899517721612
1502.538508721921
938.5902331536491
953.8637366965479
689.6735012778311
580.2633919701085
386.5892445744057
344.5892445744057
1074.1686524634104
825.5868921340918
970.0147543979642
1007.2567119920909
983.2220352047439
969.0977198016061
1004.7781349126583
1074.7753439954238
1343.573637194209
1020.4397590540693
853.1298319668774
774.6586765099379
806.2788090678501
810.6869185320063
810.3246319314746
643.6269052918427
777.3226652669426
807.5707183905647
610.0212420100157
620.193107320229
696.3238636437445
747.1564359746237
742.7054250149718
456.22802741195284
485.4047439237585
378.74690549687745
358.8590950725429
476.1453378354873
802.5387303458696
817.3254227242107
790.3254227242107
405.9355914119926
366.7310515864419
389.47287007721167
352.3810229229692
560.2787690418379
1004.707679959089
1316.3746940859928
1079.1979440222137
916.0714247745921
566.0820346495277
659.0162661658638
878.2376511328522
827.3152037667437
915.4269641268369
1174.6136021039988
1104.8118076605597
964.3661611462409
1151.436186530613
767.2874755226304
1325.0836458003969
1316.2003411580959
1492.2083576644654
1505.873550492376
1459.8780688844029
1498.829852235178
1590.0152243523712
1735.6207049199415
1709.356019791078
2072.5152530566666
2105.8828873834427
2105.8828873834427
2108.0345442772377
2176.0345442772377
2247.7709862159245
2256.5152545994647
2075.7350669604043
1701.3042612084685
1449.8975310443022
1332.8094377541017
1373.0323958111946
1497.0134817277208
1177.8654712037915
1166.6618567770126
1028.8308854603067
933.3724647398409
928.0580282634695
856.2481487071262
767.0939464775704
975.2119111372162
1546.0893518849978
1017.3269785136196
495.89154646309635
523.830287072854
470.206756273034
251.7243017303159
410.7951112188819
330.5951596079442
186.83885074516746
408.9536065941809
0.0
226.6031019945595
0.0
0.0
0.0
0.0
0.0
0.0
99.93365750831865
0.0
106.9490792316838
159.0056002942111


