Rainfall Prediction

1086.335952582666
1166.9639887827004
1175.1911931643572
1279.519574794394
1312.1748219856704
1310.2259672470816
1312.0320546316975
1312.0320546316975
1315.2210746422986
1313.51677575029
1314.0120613824308
1242.831197997201
1092.865545832615
950.1651961622626
816.0319728210377
736.2076443300853
582.9074608962688
550.001019332261
541.43732170399
268.07506113920067
242.10956943472155
123.36339209438853
210.46525645919584
369.04006160654683
598.468345202198
609.9958254590636
623.5229167391947
669.3334265543002
669.7887126442101
670.7810296788955
671.1199565584394
672.2644115995275
757.6455582027986
811.0882741111577
811.095038333675
813.1830867194928
816.3754017941549
818.2289719319942
819.775023437308
819.4970134120225
931.5742202251243
979.1701366797082
1063.8713397899567
1112.5522193964703
1210.430614258509
1413.869810311393
1413.1392453850572
1418.1154574772852
1420.0460289555622
1415.8263450891875
1414.0008343316117
1416.2907368251679
1415.3212089938845
1206.2294238720283
1040.0578821820607
814.2421672777872
1029.5536265444625
1291.7834251540696
1361.4343477587922
1379.016718626854
1400.435612316188
1397.7142271481664
1386.7774525643983
1277.2775497874995
1217.898874992711
1213.948656401321
1179.701624245141
1177.3510606903992
1176.917233001014
1139.3851877809318
1110.6669269918402
1008.3836411969262
913.6104031502562
865.9342448201344
809.0931561827617
693.2002437072134
479.73108010273813
475.9434092348787
497.3612541771591
537.4536929014995
578.8095469126669
585.0606569240098
592.0727640647495
628.5965667969652
632.9630612396094
636.3515543927633
648.8658729068657
430.60699162226894
145.3160048520446
31.882940245963894
7.254599788525923
0.0
4.0138680035189935
1.1585147640679878
0.0
0.0
0.0
0.0
0.0
0.0
13.650971457304848
0.0
0.0
0.0
22.628765809730083
57.69234947402265
69.2913178935359
124.33803648260849
119.11213548536344
119.6263490641744
132.40997701187896
91.60302326561418
71.27014533575476
57.82910655653728
0.0
0.0
0.0
0.0
0.0
0.0
0.0
0.0
0.0
0.0
0.0
0.0
0.0
0.0
68.32886746731339
198.5091806542139
203.5929684575647
185.12053362622763
216.52926138768663
237.1416566360865
232.64366457258495
155.90354647271946
148.05041125302594
147.49954663625996
93.4443955073283
98.73336391057504
89.47437043156876
64.35752322476644
62.56599787299655
60.437126012688665
55.1064016739889
90.80328399877806
97.86012680629449
106.02768610192457
106.14804628518372
106.0296154589534
106.8454875823717
104.97152903379006
260.8912563958995
403.63313174620424
452.3868423325302
462.32422369435
489.53417127167774
652.3282232540391
722.7914856814647
699.8711632973817
640.6237693870315
647.3696249167494
644.5286713167545
634.1348990973964
635.1012622169649
634.7006121605793
635.6292516393445
634.7525388000757
660.5929704561875
695.904386349213
710.5480399488722
714.0972010331986
717.5748475221152
726.4782513983457
728.4568688541195
727.5977323272704
705.1206773269475
731.4443731842998
691.0358097425873
894.7507245701622
1124.071805464069
1168.3759545138785
1141.863782328519
1101.832755516816
949.5289337490458
1183.7461931572211
1197.1504244704963
1261.3509714666022
1079.1479687659746
1050.2000087869612
1014.54017770352
1017.8950228633412
1022.4416529643772
1038.4765622246673
1057.32943429241
1061.5496995021679
1066.223087841682
1082.7636858224776
1076.328611645562
1047.0288010637755
1018.828746944286
1008.3633069860502
974.4576514993869
984.0018064011001
971.238422500063
980.0318461104641
978.9271666526862
975.4931209966813
930.8783788474884
1107.708199894793
898.8740211792335
652.1194145682641
582.4745961734603
581.4192831068075
458.74212420892945
478.4703764094531
215.55392547097375
189.39449631841921
87.70227646928029
93.07635976225839
56.732760587846755
46.21521045689779
46.88265049899485
55.33208084241963
33.193858756296095
166.9362200103003
154.58085032761335
300.66031634163255
277.4368262123929
280.5486173395713
365.81971221114486
358.8590218798534
441.63490316810976
468.69737742686465
473.6120801510291
467.00079395947944
478.9843470825341
479.1001495878053
503.2610986832949
508.7325768876754
389.90690131856275
441.4190632196626
1057.8022741022019
1095.2923336505412
1089.2560458231976
1127.1517153121454
1132.5978415935058
1136.535034258367
1150.9962894094458
1240.4575445605246
1274.1720488980511
1274.1720488980511
1265.7972760963169
1271.3012402996012
1279.1237785837588
1281.2891713570139
1114.7143336044496
1109.130199836239
906.744813859448
881.2465153419652
847.1703771984227
845.7598235255489
803.1424510163739
807.6886102311314
1186.2066756254835
1176.9779895307977
1215.8165706036298
1224.2298864719191
1227.763677668361
1209.2129222973717
1201.2768592187033
1238.3416933605304
1239.246219238303
636.2527674147227
624.4562978479919
672.8865928169452
705.3759062547626
706.0126728476151
712.1677444715157
715.5122769760475
635.2248705294563
592.9698475532666
595.46638744093
588.4479486001129
590.7339606432398
592.4869117915492
594.3739285164578
595.1194144694188
629.7062286165353
640.517176489966
640.2896204737838
638.8676037572753
643.5259939153414
645.9367131874459
622.5062276031415
254.03928290028074
266.31858661297053
233.29873767997384
264.95121612087144
378.2577390364563
931.59267715627
1154.387660756371
1135.1070074677339
1145.020638637978
1121.6386465457442
1234.3003837652234
1182.7031961277132
1142.5520052675708
1118.174265303446
1101.4175909723244
1063.6734826554139
1087.035598990653
1015.6935235511085
1084.4750789273717
1205.7322004402786
1278.2675823320096
1282.8699145124478
1410.6595445711823
1453.8234546440024
1432.8528171950961
1450.1299031429528
1535.6648971891977
1564.6763658593343
1821.783361046058
1827.2832411799359
1826.6232555638705
1824.4233035103193
1889.982223891002
1856.374559490146
1836.4072541234082
1716.8013039402283
1093.7946106787722
966.2084806419134
1098.0459558398452
1046.6468810854092
1045.2304744519042
932.7412541558296
922.5157844528345
919.3069677886276
921.062090974794
917.5991909862056
918.4649159833527
920.4794892349038
1106.3038220263404
1099.1945176531942
942.8152859219645
949.7047376050723
914.3446052722503
798.1824562613831
748.1690310427945
732.1252051582819
702.9701513089012
625.5413624794643
582.4012783715752
369.212708988602
389.81909593378793
374.22157019076883
377.3307476792304
380.01962439405895
541.5658724533282
597.445725658412
607.2290399612925
888.1608109199356
951.0295295521659
946.1357350821552
1003.2725449557473


