Rainfall Prediction

1690.522351022552
1598.261478022167
1541.0151211868213
1492.3259377929057
1535.964553701557
1628.1629988770173
1686.596003659455
1642.4539129489503
1746.7328271826707
1581.1757112998043
1505.5644061839298
1177.0439877721506
1070.727086041513
946.4367297862605
819.1989937204955
747.4490436123604
509.1666931774606
456.7110734829746
561.7759430154674
230.29459179631473
212.75534334567374
74.68815544256647
76.43800239186854
126.08611891588376
167.71234672353364
160.51333800155902
168.25823489643545
171.1866606845855
160.63422595650295
136.5990156689523
136.637459336174
136.39586623325576
152.6698971105351
139.38501596014333
141.531778341843
177.78476184482648
176.61637327690593
179.30625443856533
179.8441505216967
183.0207322101444
228.11021796906903
255.03675898644295
414.32919746960727
606.0256207443445
770.1193196636372
825.8068970501922
809.6207499502394
805.3901974673464
1034.8746742688563
897.9956919277306
895.7169525308801
918.2442832734322
1128.1854031141077
1020.9548566175346
1058.6952362296138
1333.3390369305791
1977.4282807907111
2547.0532991292303
3280.1724574786654
4122.344875612088
3941.4279680350974
3932.530679225899
4060.8971963966856
3838.1771042251094
3598.7934395453026
3631.283452069965
3390.79685306745
3407.8891419254396
3399.8594045492555
3464.486192031354
3482.175750318246
3301.957976099351
3386.1200946419367
2814.7446161782073
2316.1689838001957
1596.9698732474767
1321.419850598644
1303.259474752497
1389.8864494188822
1123.3244644261213
1265.3839837215128
1349.5128344547343
1352.0756873402295
1335.9537485943347
1377.917776047596
1050.8251675222803
564.9051030589774
252.26034732950245
109.39096683755395
35.38953386321108
34.98238889377653
0.0
36.684268744089586
34.611592298953624
40.191108786257445
48.281713518579394
48.57599805542685
52.87599804265174
51.77520959259785
44.71038421033087
40.37997431728078
42.11761253057591
0.0
0.0
0.0
0.0
100.35517122676296
87.34407589478556
75.18125837241624
63.00485803701537
85.35684957945875
81.16809834293144
64.47841982396787
59.9405072490852
65.41188953833097
146.9876318769418
204.5949858654999
189.47105874808648
137.09158985107774
0.0
27.642646624904387
165.2309841352366
167.04534581149088
186.51620213897922
362.6968179931465
440.1820360136732
440.38617640828255
450.470393297137
621.485951121274
781.5344219317428
855.6329360274261
797.7216284543454
709.4961361175211
774.3319125799646
819.5985616315022
656.9462144656769
464.46410787021483
488.6659880881241
623.7153474600007
817.9203173871697
1022.9839674674674
802.720076583256
713.7166141432023
701.1243222116017
649.9866320190579
718.0747970126433
694.2679902969264
591.6372968585871
543.5869314296743
558.8015046849094
539.5723629563271
0.0
994.3113710210772
1319.8271341041684
1420.0000714859073
1082.9461279692443
941.5730271077538
1576.9793311839896
2051.5464505223217
1825.4440431782846
1593.5750943422854
1848.0663983358809
1758.3054151697188
2115.719972130046
2207.331662623582
2113.665568853393
2296.021852558926
3102.9915670629553
3249.6384258607586
3247.55169689612
3229.5034064660026
3115.828038854243
3486.8426832280884
4271.05736171234
3776.7181868627986
5228.085325535724
5710.269050979387
6531.924024533623
6779.866695809918
9124.843803535305
12242.430729650408
13531.138934941551
13624.607448805154
14189.514888609818
15191.452984252135
20578.66041285666
21379.00432903288
22405.867664833946
20532.910296476854
18805.43130825706
18323.57620520048
17919.24784530055
16649.926501811377
17414.860544945965
18683.66698663219
15679.31415952415
16675.108479731836
17582.484919640963
18254.698295131395
25222.040527161535
24949.19376348167
24018.069413941794
17070.261619980265
15753.305955020525
13288.38258263463
12314.221090395744
8114.355285442126
5921.031989937902
4966.574044152345
5797.378547086395
4735.223403782106
3646.006187508709
3376.664850433126
3763.3709404503143
3112.8722611375156
2233.754649443733
1250.5436205808564
1180.6874623584442
614.5929159270921
529.3742690196406
423.17719113727765
411.4154245320844
418.11519277912635
414.2154400499018
421.8317079428846
644.2904442323496
706.1072752127194
1152.2509991306617
865.5159378863926
928.1565343522186
763.5295913470371
693.2938660221288
716.5815163479232
707.3232728563186
588.6156633638517
472.5679079580549
447.8844273714719
704.8990356810765
840.1035685120097
1284.6501069266744
930.9900945503881
1144.4601444377624
2132.4383868688205
3372.1174217641546
2994.860511341892
2443.3551119969284
2452.532289137602
2171.070432822257
2179.8918448467043
2467.9648759971474
2096.5527535476454
2080.3570402501527
1981.4571825576431
1880.8705855280048
2059.579263654206
1971.8139988996436
1774.6717904970155
1788.753549641478
1347.7721307606796
1307.653104280408
1178.145481197421
880.8141920790614
1159.3251347243151
1161.6158893614538
1855.5718041500188
2045.351751287606
2097.0247213383
2097.7313758519776
1685.8195414662339
1560.4546412407763
1180.1185525761418
1244.0102397213072
1029.2811562579088
513.4127913159218
120.3054471149144
108.48561472322814
119.02295817000487
116.6352709096459
117.42375657675309
94.31931155766677
433.9800930252843
641.6073072395895
769.0512940261037
1012.4242611991579
1234.6034405122887
1162.92923732321
1234.0747769685743
1415.6929690501272
1495.1735203063472
1788.070235761311
1734.4285440363046
1736.4742878720235
1734.4087942233932
1730.6327340684286
1674.5506805404007
746.8605879504729
732.105853409173
756.681034228807
841.5215168638625
1127.1397204298187
3227.005545450367
3605.177829008153
3559.817360109677
3599.178833069235
3550.5098032669057
3910.497866155846
5967.196968786009
6400.696419452926
8447.893168894183
10655.242349313054
8847.949620548905
7731.325303628946
8924.977976116501
8466.837966049749
8658.289270011868
8484.994860761308
8351.19523842557
8219.978008433587
5898.581056715066
5328.647540820416
4888.137857023502
5402.631900118727
5432.637332672308
6460.647200309299
6479.286789668116
6479.447339206716
6480.499967488752
6678.279364574662
6678.60205293461
6586.959022672779
6190.072989282622
5226.740040494784
5829.906426778373
5959.993063190228
5695.584472561084
7064.0023505243125
6280.276105381867
7811.997536746953
7533.154956052641
6710.970370198735
4912.177871934044
4904.762251674196
5131.097601467706
5459.185197072804
6500.468728327914
5933.629058188613
5406.416134667193
5352.160629191734
5097.019710053123
7035.44707237378
10540.046048835198
14824.770399623761
13674.638119156569
6647.093465966923
3854.744793597812
3060.5315147801957
1914.3131365831323
1920.158122680464
2097.5525773253853
2857.616250008871
3179.01863700001
3303.790428548096
4437.468871665158
4256.413918637143
4217.632210094209
4537.6464523825425


