Rainfall Prediction

809.1015008627696
782.6585928816588
808.0449925430397
768.1316880236964
704.934950366
748.4267907874088
635.4586739124337
620.4633592058024
587.4741095556418
661.4508271636712
715.4355371772926
718.4347243545216
769.4214375031764
832.4062706916776
902.3907980255067
917.3876497803619
904.3903750365014
767.8509614390169
803.5235965508298
748.9559528363006
677.9639836783775
730.734676579147
873.3116586537344
831.3893719184346
1362.6435281489223
1247.8611425997735
1232.3318871371207
1225.332952548471
1243.9724709954792
1243.8177594232538
1243.6152619941931
1302.5814622641053
1239.6519308472352
1194.6949607424076
1194.668965464959
1176.5856790566268
1173.5148707739625
1173.5062878835577
1138.5221209569015
1130.527413868066
1058.5627533459412
1004.5944029054376
1001.5638361722537
941.5750189719504
866.5869011840616
796.6354732015664
776.6519308472353
776.6519308472353
688.7471853571068
583.9096775721274
583.8922402279932
560.9684650175187
444.52966427491856
261.6386552341629
151.75568437994707
106.83404804249282
103.84050026762861
103.84050026762861
90.87100974799009
62.956868269079145
62.956868269079145
62.956868269079145
58.97247099547915
118.81007065282992
206.68865098871572
206.68865098871572
203.691780736414
203.691780736414
203.691780736414
203.691780736414
203.691780736414
201.69389506009716
201.69389506009716
201.69389506009716
201.69389506009716
201.69389506009716
201.69389506009716
204.6907319789021
212.6825362941078
216.67856257249596
226.66896546495892
291.6159740422263
640.2418639263816
643.6050411658206
685.9684650175187
760.7444299312076
820.6886509887157
925.6028760585776
1090.5152895331846
1057.968990951274
1062.8777594550925
1071.7569650811506
1111.8944946008019
1108.7283389568358
1043.6277708206007
1067.028887655033
1083.3906420771532
1083.389832808064
1092.0345873379042
1127.7006915760119
1130.2632355278274
1091.319517382566
1055.9421542226873
1210.3982475096093
1333.219703618035
1401.1479251540873
1426.0494481968278
1439.0921187036056
1489.5506200131208
1510.0078865384016
1833.4403990639607
1786.2730398427111
1704.738277227889
1365.405354646966
1591.213619905831
1572.2646332662268
1520.4990107910055
1469.112565724943
1397.4531387327772
1252.548023480774
1023.4226423694462
978.5412435359808
1157.727824246622
1122.9108590791607
1105.7635824754122
1115.8094336666077
1057.8659727561064
1073.9856783632397
1027.8111353852196
985.7267625771111
1155.9935509812087
1156.216251855324
1229.787612494588
1241.5455890607307
1110.0575351951625
982.6580752732267
912.0744316402977
908.7222620633871
849.3634929311902
795.9443068401838
791.9007574661708
723.7722557080625
724.1745673087798
574.9467943177686
585.7549360814699
761.8735502411181
744.9286575751102
777.8119662381988
815.7499788816486
877.6775815307417
877.6775815307417
955.613141502622
967.7261301719232
858.1144369378115
897.3918599034323
929.3851705954909
957.9684650175187
1001.8449151062797
973.7835490337623
973.7835490337623
938.9007812769356
856.4008137962077
858.4003664672828
793.4155079443256
778.419190989275
775.4199367208964
780.4186955437239
785.4174628579906
750.4262740573636
745.4275686640894
758.8761215885751
738.7163766165129
738.70936164527
763.5918694689738
645.6661753768403
645.6661753768403
645.6443523003438
644.6427074721835
611.6717957565385
573.7116726713973
488.8471579277082
488.8471579277082
411.2058774220059
418.73770165265125
303.89789614723804
314.2551440065944
346.3543845524843
368.0489329868581
305.2840632356737
305.3348907776846
305.3348907776846
352.06669463915205
314.2172903123761
332.06669463915205
332.12213937561484
332.12213937561484
332.12213937561484
327.16498070037767
322.2172903123761
322.3348907776846
322.3348907776846
309.9518529260318
309.9518529260318
570.1301049330333
565.0859567282505
582.9892659877959
595.9388121769113
595.9388121769113
596.1557664514324
596.1557664514324
596.0606186255164
596.0433085586917
595.6536557081425
595.6536557081425
575.6717957565385
590.6580356677587
537.7116726713973
472.8063308464191
413.5176961926325
405.42364133212396
405.39845407263437
444.52966427491856
389.5563834507455
442.53057207390736
430.5361132883181
430.5361132883181
1116.4927756941474
659.1082061423109
701.5384555410778
712.3112910469152
772.1467578714471
786.3773361677588
761.6777255869614
886.1246245047253
832.8976588916935
1172.2857567300262
1135.980690868976
1200.4342810134044
1202.2478868328546
1214.1613711645061
1259.8078318604896
1267.293118596688
1332.2929935775894
1261.638086072353
1343.633175366169
1237.7140996332296
1248.8059902831094
1220.6106463871465
1228.4756235320235
1229.538044852745
1239.5089912508179
1238.507591830804
1168.534600443668
1053.9613060235065
1326.9987518560336
1346.4807660801384
1240.0910593356743
1323.1916949497752
1454.451072620789
1627.1854373041076
1616.1613000298585
1557.0813068834568
1542.4941386204282
1552.6667993905596
1427.0052544228968
1179.4337871663877
800.6631346902457
808.965139703697
1047.3624736128047
607.955227328222
1011.3690955577689
993.3725017112118
988.373459588293
988.373459588293
988.373459588293
988.373459588293
641.7313200926355
533.3892077332544
940.3829279179523
932.3845561506145
933.2691816173977
932.7676007028965
932.7236468748694
932.5832580490724
932.5832580490724
574.9568682690791
513.9518529260318
525.7818969983726
426.0324632123114
195.70037676331654
38.07935441736016
100.84715792770821
505.9458559677627
607.8471579277082
998.0547006312862
1048.0171168383577
1047.6795485217767
893.6542675514767
935.4644805709042
953.6622242622362
1049.1921093609162
1145.2816093067183
1145.5994688870683
1180.9104800281314
1332.1570921374282
1423.6203108984769
1440.3181954792485
1440.3090287820921
1508.5951702309465
1607.2912080251845
1639.5671905732602
1679.699827535355
1708.9693251814535
1759.3033469497475
1828.7515525799727
1842.3359776695588
1876.766225160246
1899.7386147268235
1901.3837156583634
1937.0810410746342
1959.6084335768146
1944.6990433607525
1959.2452707943808
1776.499000142712
1751.4833059969246
1471.5616001614503
1425.6639756558918
1363.1506136921982
1274.693610517197
1306.9751759815927
1296.762512467093
1222.1064064210425
1228.3699482458674
1120.1844400475015
1082.9228791587764
1053.8205604884365
1012.11523157425
659.8340480424928
659.9221433847505
762.786893631126
782.786893631126
779.7471853571068
769.8761215885751
769.804486036117
769.7025852226403
769.7025852226403
811.6865916630486
829.6746673847683
919.595041542494
987.5238686445418
1020.5082957587032
1367.6035436186298
1409.5375245770388
1339.552253169319
1151.675633982809
1094.7403660752457
1007.613141502622
978.6346857757156
1041.5918694689738
1023.6159740422263
985.5319420829167
993.5638361722537
1066.5744439011871
1091.5850709167175
990.1057169648122
1291.656551561473


