Rainfall Prediction

587.8325050663384
572.2661806101663
542.8050053903017
492.5434454619783
480.5694712255387
473.141675613125
468.2832030756669
471.5696976066291
463.26574006094836
476.71330132620074
482.0583316431544
488.5013124206832
438.84405237797193
437.345931824556
437.5130349439351
437.0112373164232
389.2829965394368
421.660609268182
486.63028755158024
426.63368010965985
427.2232742929236
512.5350255819791
401.7266089428366
404.36603548822126
423.70606560006803
435.5034001817224
428.9237340419557
439.6369362587712
439.8071574386199
393.1655047043495
387.2924230756733
387.67082839808927
397.91393861447875
360.83893369031796
369.01529020710205
421.85952332814117
421.80936748561925
421.14785688888725
420.05954882367206
418.4210865506817
439.0428262577829
456.30781852452685
604.0218375541465
772.2599444597399
0.0
876.5325769491976
889.7752129817327
903.2983146763191
1032.5002412717197
955.3077106256799
965.5664731572466
976.8954623338263
880.5296946807883
882.9364859823852
1018.185755661727
1208.3635469612368
1272.869274951396
1264.3121417217753
1203.135945324747
1141.739430060229
1160.74751684742
1212.2652854402397
1226.0400584349497
1234.5518334201815
1246.6248349046348
1236.799164495901
1199.3701293396314
1197.8637549743903
1197.984423575062
1191.9645268989261
1190.4060198805892
1164.643287337229
1148.6327107570742
1075.2159341638471
961.552822211809
936.0739065158418
910.5044975863494
957.0876499618853
947.1475483602197
812.6207869882244
791.7301811767486
786.173256583279
771.4534659361766
787.9623127403624
767.2020548435969
658.1160666827394
446.7565749723364
341.2111413054131
338.7662158994544
345.0204882446447
342.47616912157207
334.38130393626443
279.2213855347181
260.5320534335228
251.77100533799324
268.2543645999563
267.94529882587193
265.5420857224777
265.5420857224777
270.08791295258663
270.3584361033064
270.88822294845204
270.88822294845204
255.99116934281997
254.2729641363522
251.77320563963707
241.75538854971623
245.0310944987901
201.44835856208158
195.9785943286313
190.84379198882215
187.46293983541142
166.14840953351884
166.5625833207131
185.18526225619738
286.8012652169949
326.2138845997151
302.7763480994796
312.63064819658246
313.7754731937815
307.1716334686135
312.81907110018847
313.7529992899452
311.88445798566136
486.25388716591726
558.7761283688172
558.4182598889457
559.2048380040859
613.4458981619945
636.2290230860069
641.2440631727868
652.1743543751844
651.9690737090947
651.9690737090947
670.2478465670254
702.1036457758771
730.9229708246627
847.9527708768488
795.2731797912081
809.4300658648294
865.2695808183759
865.3817548022329
865.4228513324366
865.3118323757767
881.8051215221794
838.7699286171007
767.9396572891461
745.7214854201205
752.3546665729895
736.3131315636596
735.4409757374281
746.486261282615
761.2673628653727
775.6476970702923
791.1966267662244
651.8025499430239
577.4883689214533
712.3058501911423
807.8749715468174
758.604015442535
737.5411529937547
820.7256486546662
812.8959804280908
964.3857424993597
998.3552561809664
986.9279539600907
967.5080552343605
1073.5308201434934
956.002884082694
958.8579262650225
938.8699116416178
922.8772717965794
973.2876624295851
1110.7586136645034
1172.2815422675417
1202.0673863059292
1279.4842129732476
1324.4111724858071
1312.651214229797
1304.2818416406942
1301.6987163012889
1291.3241766252913
1334.3364778466084
1355.326704645559
1454.387209858429
1403.952047253429
1393.8611989458066
1399.4668638887479
1271.233447535796
1210.279201916051
1210.1781441238022
1216.8496656412315
1155.9366803972518
1142.231735669866
1061.1436630240803
1084.665402238992
1069.814471575079
1113.002771765411
985.9582164753258
931.6861026107243
940.7929508817791
923.172202098298
953.9297653515337
916.782865215634
817.5342377504701
772.4474053281243
793.2126876320409
749.8207547664404
697.4739167358357
697.5076612366901
688.4344892562093
699.1500191771485
699.0023361639537
683.3708356395339
630.2562171240407
468.27374752438544
465.488814348304
462.52421605274486
492.0777523849323
510.99631929946827
510.51456858011915
512.5002218563343
510.9379762476699
508.69239535312556
504.1688437914016
427.59525674545347
418.335435274923
420.1059306187179
320.2085412326232
317.1104636291946
276.0751221530399
249.2369078871211
250.63238646325289
249.38723764440914
262.3320671781735
264.71923865748073
253.78716809040446
280.39527327385747
306.76063531299604
416.7252484676764
433.94136313582874
478.4968913282647
435.6204474460526
610.2483846859818
559.8242509045048
592.5838510203542
592.5235780426212
610.8398636394252
610.3816475922447
602.704838705001
630.6758281828521
630.6825150926883
635.0825871040818
640.4562189698223
704.9762814794493
735.6309677831309
735.7488407529237
736.1917204441623
754.9868858528044
754.5995942864771
737.9486370369691
737.9486370369691
737.2187434701541
736.6226185003964
719.4262127564475
700.6584366932285
702.0076562768628
702.2343448517137
656.5080824611923
652.7345395283702
534.5479090713301
514.9342674351611
451.8290898023211
467.78406050198015
231.99518917428668
252.35811639717141
245.4701488966014
249.26337349571048
242.8076012300487
418.0397016952043
482.9577264631182
469.84175529740656
528.998022457421
613.3292630825546
672.2727815608375
627.3333868617791
612.6203626401432
679.4373515200375
683.0832816112362
658.2284290033858
663.1495692084646
663.1929992752974
664.3605863317671
663.8384864748211
663.0391661320022
657.6688550249784
669.1917505559619
645.4247666203938
645.0993529985745
647.5095148571726
615.854261706665
632.2000161052305
632.2000161052305
632.2944729042098
633.262949235422
632.9542135831082
563.112472799768
572.8932162511308
610.8784849980302
719.556996964746
623.400745950246
592.5644325170497
658.571899463771
628.6222999601168
577.2466108822932
569.1371072803894
559.0925725215072
553.5835374796403
536.7133768111798
552.4330951340601
565.3748893777672
558.9802036495631
573.6849417305874
606.7562243103009
607.9380089939935
607.9380089939935
607.9873135409848
608.0266040844524
599.1275289316875
599.8510029692964
618.0667745088188
635.0485219338977
678.6828298112754
691.5242007694819
691.8111368219242
727.7371638248259
729.8386902547659
691.7553727763495
675.2739623158641
621.0447425079635
511.062534938221
510.1938960149904
502.0183352380662
458.2705104900065
527.8885645497364
543.0993968349717
500.7150212990952
504.6675157227896
493.85859638155193
446.2700248141519
474.4780974117903
461.79313028999684
473.5629166408555
621.0239203873776
703.3713241983583
754.5809882885467
852.048570481548
903.4127855268927
964.4824651738008
989.5317510699863
992.8136395725913
971.6184620306728
959.472271474039
895.6898984862756
0.0
898.3073706542159


