Temperature Prediction

395.3921408863421
426.08004243857204
426.08004243857204
426.1972762799158
426.1972762799158
471.65393352329073
467.3427354816408
470.75198477489386
405.482575092948
424.21770437070137
453.34827464430833
459.7407066431683
412.7227661777278
442.20609269619047
430.14172173775347
471.0527132567909
398.242862839488
420.75533090411153
416.9271837327397
412.8526576009308
402.826843240277
427.27775749976763
431.8234232241051
469.0117753713069
492.88807061455014
492.88807061455014
445.0561010755622
454.840417153658
414.2471362812372
414.2471362812372
424.8930922077015


