Rainfall Prediction

713.9226387355442
780.7625494783908
806.9480737931981
802.9102494285936
774.6627453693904
723.5956207879105
630.0557509038443
612.5241229813946
576.5631434160766
652.4370441872671
702.7711927344653
701.014943910507
744.2151120211004
806.1036334464002
874.9167820870174
889.6684982237938
876.8835593072488
916.2266348931417
1009.719975216862
1001.8441296183729
1024.4884635859823
1138.7509124209125
1316.2168516845009
1357.6503012060339
1328.0540935961776
1214.6446609406726
1199.857433218389
1192.9571690641296
1210.7012748105544
1210.7012748105544
1210.7012748105544
1268.875216263623
1206.7579796265877
1162.4023122159876
1162.4023122159876
1144.6634305732211
1141.7071436010356
1141.7071436010356
1107.221308491891
1099.3399346405863
1028.4270050501952
975.2667366947551
972.3140409644902
913.2754170085256
839.5211940540327
770.7334119497949
751.0894285260943
751.0894285260943
664.7131211438102
561.7925631261796
561.7925631261796
539.2723789645906
425.85762548813403
247.75192319072806
141.59032635400914
98.55969349108945
95.704369859013
95.704369859013
88.5116531527669
56.93774225170145
56.93774225170145
56.93774225170145
53.189750324093346
116.78859144290686
210.1038486054823
209.10801545862373
191.6472999055927
191.6472999055927
191.6472999055927
191.6472999055927
191.6472999055927
198.78469441883138
204.28332924419232
203.60614428204354
196.5010759454787
189.7171431429143
192.89189188073323
192.61250543006184
201.16507814870798
219.81178099966624
224.76249312870024
276.8535718005177
629.7277406825843
619.6031498015994
677.8545934056043
747.4484291196633
810.767498406879
897.5369075765443
1059.939449490367
1304.3803331527988
1306.3530355963826
1306.3530355963826
1343.8381916478759
1306.3530355963826
1247.1810106228554
1244.2229123600034
1247.1810106228554
1247.1810106228554
1257.0416908072696
1291.5582656834229
1291.5582656834229
1291.5582656834229
1301.4213176836563
1427.7116205618468
1501.7444271472189
1529.3893953593233
1561.975007807621
1561.975007807621
1603.4537301345733
1679.515062974617
1942.4242218239547
1932.5365318491686
1868.273577781849
1524.4525601334296
1600.4907417989418
1575.8004975155163
1501.7444271472189
1442.5162371902122
1361.59679158147
1198.8716638594994
960.6089921529142
959.1208822404682
1174.2293226985726
1139.7363166019763
1122.98529729661
1132.8386182949225
1075.6983483893066
1100.3250835190345
1100.3250835190345
1137.7655144627527
1221.5458041975282
1221.5458041975282
1285.6406820746042
1290.571988799826
1167.3301283532805
1093.4291793368109
1065.8488310914984
1067.818679953926
1072.7434217033683
1028.4270050501952
964.440532323881
701.8793873263235
699.055612829385
814.9483219073321
814.9483219073321
736.3594500778295
719.6686992625671
752.0715199124621
789.3993007078498
850.3352060516173
850.3352060516173
927.0484249189157
938.8551769952052
830.6742434027697
870.0
901.4713249550525
929.0161332303406
972.3140409644902
944.7590012963734
944.7590012963734
910.3242766996441
829.6912982204943
831.6571984977576
767.7865280406683
753.0536227750357
762.3067231879525
768.1641451824877
759.9286623047636
738.3273307881174
740.4316144112522
753.2861231848085
733.8978959624135
736.362418079236
759.6441119138279
622.5441558772843
622.5441558772843
634.014867892551
630.1869529068442
596.1750167607466
569.5994280013618
484.42522661727145
486.2091481476456
406.55693176987353
408.3900198837004
288.5071443154641
298.2236111653688
340.0853635726325
372.60961741177215
304.15723858909695
302.55604621243685
307.1326043141377
335.1851122777732
304.52158024006457
315.7243331175029
324.64982551096915
324.64982551096915
323.76575180240076
310.86164285278295
321.6417522824594
313.9546394726399
316.9478028631848
297.38562337943745
305.4246384325503
550.5481341030023
543.1882382004187
565.9571255572893
582.8443320288333
584.7468406802485
587.742676848505
586.3087152320796
577.0404726958888
579.1033696487972
573.5459614787251
574.7828980209978
568.7848317627718
572.2294678796944
530.5587839201238
476.59225520244837
414.399169153928
405.71706090984304
396.4762531687215
448.73553895860294
372.2010101267767
445.43167948872446
430.0585899609868
429.85705023786556
440.20091674173153
430.0446059796045
438.1131648745486
435.62244167356806
489.37258300203047
489.37258300203047
496.465687212763
620.5386691202817
528.6031009608942
882.7841101405237
865.0834493966968
932.9516506074799
955.58344385519
968.3772233983162
986.0938877329123
991.015628816561
991.015628816561
991.015628816561
991.015628816561
1030.3963192261979
1023.5038463814561
1023.5038463814561
1031.3809871393998
1031.3809871393998
1031.3809871393998
1031.3809871393998
992.0
987.0782206009752
1287.6131892026795
1340.878577613459
1345.8112920364258
1436.594271260657
1663.708354355875
1833.6756419551311
1825.7680673575655
1771.4089211219064
1771.4089211219064
1771.4089211219064
1650.8660723975938
1492.859228418438
1098.3547923174785
1098.3547923174785
1017.5962965079607
994.9531592820758
982.1566333438187
964.440532323881
959.5198475226056
959.5198475226056
959.5198475226056
959.5198475226056
920.1617121097814
912.2916949344318
912.2916949344318
904.4222302971586
904.4222302971586
904.4222302971586
904.4222302971586
904.4222302971586
904.4222302971586
563.4409473595911
492.30638856417954
527.0546490467833
407.3118391344228
191.00727017526606
33.675444679663244
98.69109211271093
505.4137236760109
585.301821929543
983.5994865754981
1037.1671934727501
1017.5962965079607
1121.0147090640671
1127.9118789018814
1127.9118789018814
1187.042883414103
1206.7579796265877
1206.7579796265877
1239.2928578572858
1397.1186061502483
1456.3347701416376
1456.3347701416376
1456.3347701416376
1461.270166537926
1461.270166537926
1464.2314560500397
1474.1026993224466
1474.1026993224466
1474.1026993224466
1474.1026993224466
1474.1026993224466
1508.655368854188
1531.3641576347873
1518.5284912880188
1520.503164683737
1533.338935969896
1526.4272821251811
1533.338935969896
1319.1760947209561
1304.3803331527988
1008.7354683901966
989.0469093826591
1003.8130461211379
918.1941563985013
948.695048315003
948.695048315003
889.6684982237938
870.0
870.0
837.555136271329
695.1299423149112
636.2706393394628
636.2706393394628
636.2706393394628
737.3413666281214
756.9821485477562
754.0357370917809
744.2151120211004
744.2151120211004
744.2151120211004
744.2151120211004
785.4693147646258
803.155589796288
891.635547098622
958.5357345548955
991.015628816561
1332.9864889533565
1374.423411543888
1305.3666818319716
1120.029424497074
1063.8790096766415
978.2195028358586
949.6790804732683
1011.689011157193
993.9687652439061
956.5675327089966
964.440532323881
1036.3044345514563
1060.9243291829175
1122.98529729661
1411.9211344706805


