Rainfall Prediction

893.949979801988
1055.4025854377126
1354.8149036245882
1396.8814495160264
1528.4106824491896
1527.6450594645341
1528.211146447274
1527.7850746982783
1528.351009120837
1528.3092696392323
1528.2135244776796
1527.9116445757086
1521.4308488042386
1522.0043642130895
1513.2957358896979
1485.1847362560168
1481.3063121523785
1481.5965588813933
1479.6788335234041
1511.2681573326447
1500.4794756686472
1495.6351255331786
1369.9303367872837
1373.0740457517177
1334.1347280944947
1319.7166317034194
1243.423672431152
1215.338126879724
1280.9096850094109
1153.3048548435575
1060.54290821853
1021.8780943545038
786.8966381964692
567.6884138403606
592.5110931602521
487.8475232801828
494.14093466209033
487.41236388262695
491.3035091097983
496.23493971621554
500.95592752040164
513.911078883535
515.3600508006133
516.5102233953395
509.8205998228609
512.8182170233149
506.7741984410812
500.31953477628923
491.08954448372515
484.7221035000171
458.3554377369925
426.9604361355957
422.6324276199273
420.0294915288973
390.43894304951857
395.2812669177691
402.412959722658
399.4962725023561
407.8711459856707
571.08104921421
451.42374604564327
464.28764057630275
460.69720529658196
497.47501544201066
528.0534787198758
473.4197135271085
470.21378646932374
470.1211819725148
532.2445809010903
581.38886574855
581.1178486968953
610.0024055837639
522.9128454116725
512.2782599410785
484.325086932835
496.7594340009325
484.3526566249546
467.50429365459
438.35616246375423
496.648295291635
524.1324418106918
523.3489493235563
576.31521807592
573.4041463744492
562.9595373527552
579.4144209707497
583.1631116328813
593.9169303182582
590.565502395407
598.559240166481
550.5214095017286
522.1146893802177
536.9777118622867
540.3134301287613
512.7466173184373
492.79428586396796
414.6854881878735
416.81769180906883
399.6676732183785
392.2116549964201
359.3096799245286
358.94096338890046
356.79551422302904
353.4868494715138
355.3801417976763
366.7524546621684
396.5077343293811
544.8691929163704
730.4550391569214
719.4079281619319
532.1334493755012
467.4402674678771
464.00108165658986
434.4336896903875
428.3513113098715
494.98619277542895
369.5977603550151
353.85152469398867
368.3216761876269
397.0653222410754
521.3632432588511
527.521512494609
450.9911996880604
422.9318352025685
417.5185869218571
411.73183404895457
446.33903116346704
454.6486531397245
457.5585569166933
481.6554863771839
513.7570666304216
566.7833668463971
594.0353363400535
588.1883360126918
650.4802588653813
665.4355998575819
667.1486401271906
715.8980978417292
857.4368176129759
1099.6528236985268
1099.8161594608805
1130.562122902965
1165.8231531333827
1164.8679658646686
1251.2587610618245
1253.607393159865
1255.0608257372714
1136.3411932290792
1126.9008663696798
1189.5568885644159
1153.6188633951888
989.8132112352622
985.0484132097831
1011.5862368460724
1028.824493423564
1048.402167888622
1076.661849926539
1086.904045151612
1093.2810650841086
1182.7118125094353
1163.4607421493713
1215.963192582619
1216.717807025547
1176.0155482862986
1168.2097944162995
1252.4800740639512
1312.3198676997856
1307.533092639827
1294.305485519541
1092.1009900460074
887.466548836477
869.1384023508293
857.278149442282
839.7039362606768
839.7039362606768
828.1027846711304
816.5363499542054
753.6210961188044
751.2081411081485
738.6256900763931
716.0545175263445
653.1647970112667
640.3112200189871
654.3555353252532
647.6579200855758
686.1477932897911
674.1206739238432
653.8025534356663
600.8109930269042
600.9231063738757
504.74337267191635
506.79557527208584
467.33967685064636
461.7382564175612
461.0574285112178
461.721147465022
323.9686498783268
298.23867293781024
305.3539143403647
246.14457711932008
247.71480002243032
255.87593327259438
401.5139512901877
400.867383347665
406.24836279011413
410.5289650812202
412.3575658103047
483.10290221829524
504.75549615503303
514.3462533962839
515.6588414824223
550.8754823530679
527.3450305408387
494.0217993126203
476.82734054045625
457.39747676357695
405.24073757818223
422.862028276646
423.9698835310728
425.9622818080474
420.8753130145425
412.61067900322786
418.25475412188956
396.08686242610395
517.363484863339
567.3936770816496
634.8971620043397
687.0157398358403
724.9138682154514
657.9315706688725
724.822661108977
724.9916278250561
740.7046123330663
687.5323246386598
773.8861604361525
682.4062112432241
676.6023680715572
684.4579764694175
747.4831122379846
899.4271952544069
821.7085823139291
758.7749191700184
766.6413451245287
765.6630188567531
864.4663534666621
812.9219347619785
850.8021392830294
924.2193243405196
850.6037404988572
860.1417462334305
850.9502448792267
851.3375996426955
854.8013378725792
800.336228211404
787.684309052583
749.9775354739265
702.4294153331663
712.7282674498955
712.821183519781
720.0272119217454
589.2576876584852
564.2621916052495
565.529910166108
621.883738981788
624.2277654886805
610.1109246263168
593.6131616248482
645.8123929497419
621.3749711306955
558.9958958371271
481.7460022364127
483.33292381605213
437.8203471345461
466.24679514470404
451.00177550270325
463.8837441395144
479.53319075497177
462.9031727676661
487.77978908981726
551.8674705740656
662.7168956542457
566.7468550151011
563.3256297464095
580.1881895900063
556.7618635034994
564.8396362767415
558.6651230459086
560.0218525509804
551.9727792606078
552.596251565966
536.8944008365278
534.2099253488482
545.9508892775286
551.0804624886874
539.6298275006426
539.6298275006426
521.29872159492
515.0230569343813
488.08454457630216
490.5700305073218
496.64771996695566
512.2810776108253
510.06724092131617
550.2061245057522
718.035383067534
689.1816005044068
659.2400645849848
657.2078500542111
667.9024805056451
645.3200787903727
593.3851848163206
529.7930969675456
548.9511033082993
629.9685425698908
640.7389110878607
935.9257606368234
874.2637016722944
986.1792528257322
930.2352371195811
906.93109605529
913.5511574966879
960.4189725028405
923.4682733120696
882.3320088612659
858.7211236160347
858.7211236160347
870.3975348330165
923.8079565054434
902.3319288621972
914.362734513022
920.1751501462675
981.6363649868836
1009.7834797266046
1060.3180348487895
1048.391687124137
1109.5750456864885
1106.7145380320185
1216.2213964908742
1134.2100035288154
986.7111734953934
1103.0442836671873
972.7177342703137
1042.7886661680823
1011.69104991336
891.0139305368768
795.3027554908734
622.5779036410482
651.2768821004244
691.1384026604962
659.5304131171689
669.442190364634
604.4933005300579
584.2096021432799
757.7258691662876
775.4388556007843
860.4409596647324
1127.8424596248362
1255.4715261392503
1349.9638693510105
1530.629438690425
1555.0096730389514
1501.8537575677765
1360.378077765723
1436.21601754947
1370.4356281873756
1525.0904840830979
1441.1231148559586


