Rainfall Prediction

553.2945497958905
531.5765210235063
533.2464088040624
631.357783390751
634.7547333872575
633.4168018992194
637.8013724881957
637.2207700439361
654.0727244629499
655.0571271010822
624.2422594768323
608.7004727500839
607.3595138462753
595.088264729897
597.9363114745267
593.5355563254058
584.6806766289596
561.6832884980028
549.6428181506424
426.8741222473417
342.59039554772795
289.4482256360349
84.05421148683773
60.131911169411865
72.33516103934113
86.3847804241756
94.21112444841157
86.02203085826517
66.48197156109029
63.645555306065106
61.484116189993735
64.63804494553416
131.11863755395032
126.54502373258953
130.22202602854782
128.9403683848708
122.00057024508078
121.84963347693987
126.8491934525686
118.84766660007728
125.26243370691411
130.18593752175866
305.06474018571413
314.2303112541246
318.2341360084511
321.10110050277166
366.76374042051293
396.1224546364726
552.1464496280673
589.2520409364511
742.7443913372211
740.6972333918441
739.8809131707352
740.6129621680251
737.8659370860829
736.570569756678
750.2208102467926
745.9473695649824
748.8633427096282
765.3790387065377
770.1364837799164
780.7652157423606
777.5718299061106
720.5644658847573
710.1923071520114
702.4897770432128
706.019181132464
705.861878670955
706.4220848190289
703.4390107637946
707.550240243142
689.0686811009249
681.8422842895208
512.7338857101887
501.25508004072293
489.53102252536354
496.6673395650561
455.1235129433879
448.09973876280446
369.4207691805882
393.8685090636502
268.7551398502037
271.3193476664716
261.96003987353475
280.47824778696736
280.497908945428
283.4951754756779
275.9953863161038
296.17350049199507
291.4409688352964
294.2644845380539
290.95369995903326
227.12531416437835
255.30931489307545
257.0005849571428
258.4992169001496
253.38037577323067
253.97021810591656
255.15794475490293
252.39430357402537
257.3069042123173
261.0146270496929
253.57828632914692
253.0131183503774
250.4660667159619
251.41542232515314
257.90723053921676
256.38009806501674
253.4568169235337
236.93146318620356
159.84978820914858
115.27843347097915
105.27146816564216
107.87614561982203
107.20154244979538
68.51502950312485
70.08692522049594
80.02612670205406
60.503592660972785
45.7364119717342
57.2509749715923
164.69811535405088
185.36543585710643
185.56430113517135
174.93473227676108
179.0781822748356
207.47860445257984
206.89473004821218
209.19752701132023
210.78631223469296
224.47656893738727
214.24060492745528
197.59090715021236
196.5904562178174
196.44714013224421
230.81997658184866
345.164744028755
441.68335247574134
508.2503111204146
513.6013654196737
515.4957640239251
540.8628600800661
543.7580331986052
535.7554708017428
581.3708205787689
651.4248608650366
732.0120938175918
722.8036320579617
724.7767957705106
723.5761604632983
709.5873650615822
844.4059981025976
751.2887813370734
732.0579804433278
732.0975278159249
733.0976517252824
733.1304844117591
706.4508828235491
708.1233196042292
709.4174128475471
710.9023923173235
704.384914047619
693.7965542333128
714.012845665621
704.3416357654495
705.0185227640707
684.7520395298609
571.5338958018958
473.28832095091707
409.0380179899539
512.4815571309662
501.5128613808365
483.09769756960105
500.90817227897924
525.5786603081004
472.4845650693679
403.8885740444127
339.8859160424084
328.8774792972638
339.7445043790339
350.5095527109576
375.7896487088369
318.4281164878891
342.44551692251986
382.72698651915266
425.76522950692157
439.24084578073314
456.30938990348074
445.2287437619006
466.76780891547173
474.46964933164435
473.66209132696673
475.97116715288007
491.01205138330806
463.45862360912565
463.62533755796034
466.7329434047584
466.19238341385744
466.1936583883118
464.0231192935858
462.3060303819491
361.18971396941095
354.5010939766275
390.67203688883933
388.0035666154007
377.4684626988317
374.5183907645437
370.3842287252396
367.82763131181326
372.1650432000824
359.24668942597305
350.79689794692854
332.78851052306476
258.86635917746236
244.5902330151042
199.1064750517454
128.04947585263528
138.9414782004852
134.81080329737088
134.43442259786679
109.78024423252504
227.95157154116148
267.45660085494603
375.46019437694866
453.67687630445624
463.00735280138883
461.9637707161287
457.9276859324912
458.3073855987476
458.30224461505384
472.2825590901725
583.1817393848306
640.567825943696
630.5040487714358
590.0242437132337
645.9627948682016
642.6612372566408
680.9424326055339
788.4733499824686
835.3219944646871
873.4826299789024
922.5545413081899
935.2062419959848
939.4072139963556
946.5878465144629
945.5218038214107
948.3296799623396
945.5939264640945
927.8711273143457
921.2199008992304
878.5077228170255
878.2858486493592
752.808609763652
714.4866083598004
683.7238344653956
622.1925976272008
631.4810002089981
630.5689734566761
629.5595575882371
629.5381128145119
629.1596035351574
628.0250041508094
572.5475483012874
529.5242094799884
529.2078909364798
525.1833620920181
470.2203684656148
472.5741996673833
434.5561782059853
490.42792850917715
451.00559972962986
402.8173631690921
349.0814654572001
804.5809071421946
802.8035938486798
804.1321045482487
826.1029815781112
846.6375702250918
852.0910710237431
844.1846668536061
845.329700957123
829.6743693561788
828.7731765578013
829.15645103714
840.380396956548
767.2156994476384
741.9094227908366
752.9778625606854
773.6097674432884
803.1303341255052
805.2514449935856
829.0643267213125
918.8335048226285
880.5484373863807
874.6039397886934
891.100363372014
886.1175012818107
897.718733365443
900.3922696322945
912.8166231801683
779.6113467861237
845.2665131444331
837.7023551677172
849.4091833281361
414.8028650882477
421.85604811314687
429.6758885057029
529.8955567721192
605.0641130264679
666.5136061353193
697.0511230089603
732.8650499550401
733.7553243331054
745.549932946436
1009.3860738539423
1115.5494752764184
1169.0936681797934
1171.9941411421078
1161.6621901297453
1148.1798620342095
1102.8244332608072
1232.3465693333426
1237.3156438741648
1251.61091899768
1230.5165034666188
1229.8274122548046
1240.4810736132858
1231.2459703215602
1334.7769853923057
1336.2928474794157
1338.8748718846537
1317.3079874177863
1309.262732982642
1326.0201120724512
1316.5379290686403
1326.2324997518226
1388.34584288032
1423.2818455722606
1325.2678909373149
1237.2295848644212
1166.7022803421376
1124.53726864095
1082.520318891974
1076.2164928009895
1064.3488813278955
804.0481007618367
754.4006622926825
695.8373225716009
693.2027864439939
685.833566464379
745.9286214267485
757.8087119710655
634.9682918552102
671.76908510978
565.1099511438414
575.7490082958711
685.2139862029399
674.4975542176091
667.9204646336684
562.3326502876204
561.6764427915774
563.3737235143527
566.9573110360425
538.2167117418102
528.987963239144
526.898864091851


