Rainfall Prediction

502.3569714289006
477.55529534289417
475.1533010327207
441.8254797519579
420.0371928497221
412.9450761306709
401.28307497639616
394.8766540025515
396.1302555947261
416.269175647744
409.4050572636786
402.56105225111077
401.6158594941212
400.0682527060257
400.5574037671865
400.19531854644595
400.6585500330874
394.02499637805005
385.36365741763564
266.59901600260827
193.0046899287478
105.01074847294848
0.0
0.0
0.0
0.0
0.0
0.0
0.0
0.0
0.0
0.0
5.912858079483968
19.085222128851157
31.982083960323862
59.557034059682024
54.97270029775471
51.85369329172673
59.55732298058805
54.41147998083272
74.43821309270874
77.80476215019561
250.81558704497803
257.48118660154796
261.4274759112199
259.0
303.54294792448707
328.0500250250313
485.0510469979183
519.4217789750378
673.1502256775419
673.4116949271303
679.388075025287
681.1164367152169
675.918681542924
679.1502823096574
694.5292318766573
695.0
699.7296158229032
718.781992612826
716.0858194998078
715.4753606633368
715.6871128339808
655.5881375807485
654.2089396636534
661.3910123704703
661.1531033421302
661.4050565388847
661.2648632295887
656.6022599591442
656.8574332183888
631.6488719253647
630.0
455.8488310914984
448.9092157844514
442.6022599591443
444.3399346405863
394.685511878664
385.0
297.9268944441743
304.4660636009775
165.0875959130498
165.3011335174416
164.975007807621
199.57919331114596
200.2256363972973
200.2256363972973
183.9125954943451
195.9125954943451
193.6763096926881
177.77562927776248
180.27732777227996
180.8516487579866
191.38351425239193
192.09471582550813
192.44866623500587
185.2712646555861
185.57198879982604
185.57198879982604
185.13538281766648
191.13538281766648
203.13538281766648
203.13538281766648
203.13538281766648
203.23044737829952
203.5582656834228
204.80056818640392
203.3803331527989
207.27386365609286
191.95457671628338
123.9483219073321
82.60612308660185
76.43650900181103
80.43650900181103
79.95004159736656
42.50409863604619
42.52119405403265
50.931116292502736
31.572122060875678
2.781975783158046
5.518017328266481
117.17013582068097
141.53460270741044
136.70412908073052
128.192736727919
133.60557562741877
166.40248146683024
167.53441429665085
167.53441429665085
167.53441429665085
168.17733604399967
161.72987351213203
148.91211004999272
148.1372461161154
146.36840764140052
168.4240151503987
293.9143904143023
394.29285785728575
462.4116585263994
464.14550275891696
467.9001661134152
497.91678208701734
501.8109609613472
493.9827637429062
538.3689352199419
612.3993007078498
684.8930613548896
684.5922545773165
676.0345032840795
676.4167881440871
681.5906001785607
817.0217494138478
725.1672494243741
701.3423439881241
700.504902432036
700.2900797356351
693.5773815983958
661.7938362669795
661.4534265946116
661.1671322196474
659.9033763890676
659.9033763890676
659.711024305676
658.9843788128358
658.9063869282376
658.0625611546574
637.0807503325194
520.4058829184432
420.43650900181103
355.301515190165
448.51984752260563
452.07822060097527
431.2738636560929
428.2738636560929
432.8639169484382
384.35034456537096
311.0758447336913
238.51866191443358
239.7735045483277
253.2585889125102
262.71997521686205
284.01562881656105
218.84412961837296
218.09388773291238
263.48809748682254
335.2428870015406
352.3568931079109
365.8795604428779
367.6686992625671
392.0370624745745
399.35417481105156
400.701778718653
400.68202219765567
398.7970589825291
399.2979401543626
398.87068006749894
399.2418236794807
399.2418236794807
400.6031498015994
401.93758116896805
402.1462791162469
309.55238941047276
301.4168204187276
341.5990654409673
342.55238941047276
334.8960584136121
331.76032305624756
331.0357370917809
331.741973659122
336.741973659122
319.8551769952051
310.8551769952051
289.8551769952051
216.4058829184433
201.800662258917
157.05004173625613
86.05004173625613
101.11689440503213
97.40886200213737
94.78012273546265
70.78012273546265
185.78012273546267
223.88255578153604
328.88255578153604
405.5500385208241
405.84412961837296
406.44053232388103
406.44053232388103
406.63122571728377
406.9355508659819
406.9355508659819
527.9355508659819
574.9355508659819
575.58344385519
535.3197307232637
588.3399346405863
590.6152903470496
631.3643578734473
734.6451062424843
775.6627453693904
817.0517703477398
875.2815858113835
877.2815858113835
877.2008064647255
877.1806527080183
875.1299423149112
875.1299423149112
873.7688115730137
841.7688115730137
832.5591545319755
832.4137715517326
832.3775453661337
709.6980566038302
670.6571984977576
648.555136271329
583.8337937420033
593.8337937420033
593.800662258917
592.2982650317053
592.2667366947551
592.2509842672249
592.2509842672249
537.2509842672249
494.2509842672249
494.4877073952153
491.8452405257735
436.48729087325256
434.50396850395276
395.35034456537096
449.6052329561603
408.0285830999086
358.53083494237904
304.1625190872123
763.2905847300703
763.3303835963253
760.4044337396311
783.5284912880189
796.8417687454867
796.5512364478745
796.5271172933445
797.2691762911674
799.5552344265178
799.5812545754029
800.079029548283
799.6594209746384
716.7508170021895
706.3171126371665
705.3171126371665
725.3171126371665
769.3171126371665
759.5213501234787
781.1017090422898
876.8588957374787
839.1655196003968
835.2925362541894
841.1927841761355
810.5757169259532
811.9449974232585
817.5084130974761
828.1253607758144
695.1537383143038
773.4432328959604
784.58344385519
800.0161332303406
367.032274865596
360.2226594677353
362.1099884472397
463.4665726924764
540.2597842736002
610.0370624745744
642.7688115730137
676.4027028261025
676.3183558406884
683.3183558406884
935.8873016277919
1043.2342478677256
1091.7044894760897
1090.310238944154
1079.6446609406726
1059.2089396636534
1016.0285830999086
1141.4891321465252
1139.8890598294645
1157.7370712710624
1133.7370712710624
1133.7370712710624
1143.7370712710624
1151.7370712710624
1254.7646581360132
1254.7370712710624
1246.5445477328835
1228.1670542656623
1223.772170092383
1230.971440223726
1218.971440223726
1194.1405752697203
1247.4086825248155
1294.3793510821308
1197.511220327036
1114.4659550917634
1046.2391556957275
1014.9162220027321
981.3060423601796
981.5014563681844
974.5014563681844
727.5882445338475
688.8211237778607
644.8699329875592
646.9524348201508
649.3184583077306
702.9002487577582
707.0227390241641
589.5479212008828
632.6073781646991
521.3956525163155
531.436509001811
631.9092157844514
621.4440765288749
613.4440765288749
510.429179336811
508.32508351903454
508.65333599893387
514.6533359989339
483.5784500658632
478.50373155111157
475.50373155111157


