Rainfall Prediction

327.56588147808503
332.1853268066981
362.7324417283945
362.7324417283945
362.7324417283945
390.5841811234945
393.37331316965384
393.37331316965384
416.6423318749857
417.5740379703044
418.5058147397953
449.292719806799
434.35662507796883
445.557134269103
445.557134269103
427.8274218950934
385.008017999008
258.60172021627795
228.48773461824078
223.03055060528635
254.0287905718348
297.14195356669325
299.90291979638414
270.5071443154641
349.76096042925263
388.7251471070208
388.7251471070208
398.02339909349575
419.43766196449826
421.30156690933313
426.8949502431635
406.39829309886073
411.0535918667002
380.36338880711554
380.36338880711554
381.292154805236
360.87832192191183
358.0977920590786
497.9441904283785
581.5504383412339
580.608940520838
579.6674872456151
548.6252070788707
563.6696972613744
551.4451223918163
551.4451223918163
548.6252070788707
548.6252070788707
547.6853316366291
535.4713944825621
524.2044730194045
492.3225190413266
448.3587272314195
445.557134269103
445.557134269103
359.02454828835704
298.0621631541371
298.0621631541371
288.8652166246335
284.2711220217175
284.2711220217175
277.844453760471
305.4278556234837
346.0580374951781
348.83509330777235
348.83509330777235
347.9093168887609
345.13253519427076
357.1711233039023
234.86180308196114
132.27985245521955
132.27985245521955
158.0827589962352
194.03253998255224
265.00954986313707
269.5905534202871
269.5905534202871
269.5905534202871
269.5905534202871
269.5905534202871
272.34071147656425
316.48939749510373
344.207124943196
385.008017999008
499.818524621679
574.0197087771812
576.8433957120228
576.8433957120228
582.4919806052801
615.4731979538593
613.5871656817686
610.7584265606556
604.1594912501622
571.1964292458034
520.4504673450396
562.7290636110974
721.334064831493
781.0678959804363
776.3226957598346
768.731913994126
869.4557219543954
891.3499186165619
922.7856435679278
1041.123283207108
1002.9146672399154
913.2569531837219
908.4934847690615
908.4934847690615
908.4934847690615
908.4934847690615
908.4934847690615
905.6356868052974
859.9406265620629
831.4108271673158
789.6110969278736
673.0728439453061
691.0420091830663
697.6654230381639
712.8109426455959
732.70235076356
721.334064831493
713.7578236988232
713.7578236988232
716.5986662636724
716.5986662636724
716.5986662636724
671.1821037905281
657.006221758717
633.3985915147612
633.3985915147612
628.6799800202739
515.7591301090001
569.3144706265729
541.1075641424594
398.02339909349575
449.292719806799
449.292719806799
514.8210199667692
602.2744588443107
605.1020706766564
607.9300607416875
651.3382119895259
656.0614594785748
656.0614594785748
656.0614594785748
656.0614594785748
679.6915697476451
601.3320060509304
623.0189612126384
607.9300607416875
582.4919806052801
560.8479360704375
553.3253056020534
553.3253056020534
600.3895956551352
631.511028130851
866.600927575158
931.3634404570088
788.6617363865182
950.4317858551692
1077.4503086166474
1077.4503086166474
1091.7973531421067
1015.3289534377789
1012.4638137787827
1012.4638137787827
959.9692958383906
959.9692958383906
896.1112408393972
1022.9702103310424
1034.434483267924
1106.1484833118382
1110.9330881297
1147.3103619551116
1513.2348335799336
1532.494915496093
1701.2025288246641
1710.8522595047812
1696.3780225814464
1664.542365275446
1664.542365275446
1664.542365275446
1664.542365275446
1664.542365275446
1664.542365275446
1613.4350533644883
1581.6281275356919
1342.991310273657
1277.6955288117517
1274.8163406471217
1075.5376822103512
948.5245485405254
948.5245485405254
931.3634404570088
938.9896993695768
938.9896993695768
938.9896993695768
938.9896993695768
953.2928078049209
962.8309758869387
750.7115401077805
736.4928104877916
662.6755785214692
614.5301612582367
574.0197087771812
220.3042045758172
385.9371822580444
224.84895255075443
362.7324417283945
390.5841811234945
402.6753737887727
480.149210378724
525.1431033314493
640.006300166689
642.8387593500435
668.3462660140003
706.1837122832442
710.9172806173547
715.6516855702215
742.1794537942201
786.7631019991993
853.2815768702792
981.9138022728902
991.4584004739909
1056.415531115829
1134.8626999075038
1134.8626999075038
1168.3821241668716
1170.298137462517
1410.2726983261387
1400.6571986591086
1397.7727957357013
1397.7727957357013
1397.7727957357013
1397.7727957357013
1441.0506844268305
1500.7182110222736
1308.4148997645216
1308.4148997645216
1131.033231996869
1102.3211201027832
1089.8841761315987
1031.5681484512688
985.731389580835
957.1078122370803
1231.6444603427228
1218.2194457474507
1230.6854308871266
1225.8905133227458
1221.0959801938543
1194.2538017474685
1151.1409888841304
1084.145082712203
955.200266054496
945.663859182331
892.3021346802307
806.704469920189
887.5412973735954
854.2327925466768
852.3303870149215
601.3320060509304
598.504902432036
598.504902432036
598.504902432036
598.504902432036
598.504902432036
556.1459376332937
497.9441904283785
500.755774261365
500.755774261365
500.755774261365
500.755774261365
500.755774261365
487.63933586725005
503.5678516247667
417.5740379703044
167.93139781701666
216.67146221299976
171.52019374546717
203.07400113308208
234.86180308196114
266.8415586676122
265.00954986313707
265.00954986313707
265.00954986313707
265.00954986313707
254.0287905718348
254.0287905718348
176.91049745279565
176.91049745279565
176.91049745279565
176.91049745279565
176.91049745279565
176.91049745279565
176.91049745279565
176.91049745279565
176.91049745279565
176.91049745279565
176.91049745279565
174.21429632704815
174.21429632704815
174.21429632704815
174.21429632704815
180.50862325381055
177.80969009874786
198.5508241963001
198.5508241963001
241.24351480497043
371.0801998050838
368.29685385841435
410.12238671798696
515.7591301090001
579.6674872456151
603.2169539417745
622.0755987358783
622.0755987358783
664.5656606204909
702.3974653237675
702.3974653237675
702.3974653237675
702.3974653237675
705.2370997086003
709.9704997682395
709.9704997682395
714.7047380278511
719.4398066307897
752.607901472185
752.607901472185
753.5561284816596
753.5561284816596
791.5099044593061
796.2574252861543
843.7708470718761
927.5508569238465
920.8797196448035
916.1153157731792
878.9733313872405
878.9733313872405
859.9406265620629
714.7047380278511
821.906195923081
793.4088269284431
691.9881071925865
594.7360289094659
571.1964292458034
552.385190106629
560.8479360704375
529.8370218107176
492.3225190413266
497.0071061649445
509.19347156073457
554.2654687639928
560.8479360704375
563.6696972613744
563.6696972613744
558.9669956096234
557.0862431147187
588.142161869236
658.8958584902812
769.6806574328664
783.9153679009435
764.9372402796754
769.6806574328664
722.2812431347327
639.0622246534584
640.006300166689
699.5581373076535
741.2316008665035
741.2316008665035
718.4927268557349
669.291508848749
562.7290636110974
548.6252070788707
517.6355080985996
587.2003550538319
638.1181880490078
640.9504145076576
689.1499177385483
748.815302652079
815.2545719314479
829.5096851670884
817.1548988512436
855.1840340031795
945.663859182331
938.0363378161057
959.9692958383906
1070.7564412698323
1243.1540003425916
1283.4542959322314
1254.6657106903915
1144.4375692576868
1130.0759081207661
1123.3751260778356
1140.6074167026882
1140.6074167026882
1140.6074167026882
1197.1291577569123
1136.777537014585
1093.7106027827772
1093.7106027827772
1076.4939861492858
1073.6251300122117
1073.6251300122117
1040.167681844974
1032.5235737305447
963.7849127471723
912.3042124841548
909.4461313651609
852.3303870149215
781.0678959804363
714.7047380278511
695.7728462420379
695.7728462420379
612.6442113136299
513.882962572092
513.882962572092
492.3225190413266
384.07893285776316
215.76370905071062
117.28147936051177
78.19166350239314
75.6258786917713
75.6258786917713
64.58272864022125
41.32977431471281
41.32977431471281
41.32977431471281
38.08637029667827
88.51191151829849
166.13846217806625
166.13846217806625
163.45092616920752
163.45092616920752
163.45092616920752
163.45092616920752
163.45092616920752
161.66050165186127
161.66050165186127
161.66050165186127
161.66050165186127
161.66050165186127
161.66050165186127
164.34652011256537
171.52019374546717
175.11279899811785
184.11030712783614
243.0682262143628
566.4918764223223
569.3144706265729
609.8155963557908
680.6372452174385
737.4405051370109
837.114894819129
994.3221876988744
1231.6444603427228
1233.5625650596244
1233.5625650596244
1270.0179846448577
1233.5625650596244
1176.0465712185223
1173.1722806343894
1176.0465712185223
1176.0465712185223
1185.628597863862
1219.1782750696432
1219.1782750696432
1219.1782750696432
1228.7674178671552
1351.6381697255626
1423.736506918476
1450.6713822726842
1482.428186105367
1482.428186105367
1522.8643119147207
1597.0482389383285
1853.775501587911
1844.1124389092242
1781.3236251921303
1445.8608817657253
1519.975349795691
1495.9046413254905
1423.736506918476
1366.0520025930675
1287.2937621392348
1129.1186015271646
892.3021346802307
890.3977268170162
1105.1916157228566
1071.7126522116303
1055.45962180375
1065.019568543842
1009.598856173029
1033.4790186781006
1033.4790186781006
1069.800248998816
1151.1409888841304
1151.1409888841304
1213.4255322375848
1218.2194457474507
1098.494043449115
1026.7913179935608
1000.0503218458192
1001.9598649005243
1006.7340813597982
963.7849127471723
901.825621770162
645.6715658116884
645.6715658116884
757.3493440840884
757.3493440840884
681.5829562789881
665.510756930209
696.719117422896
732.70235076356
791.5099044593061
791.5099044593061
865.6493799114332
877.0696102495152
772.5270669341526
810.5042375924947
840.9181378415459
867.5525004965151
909.4461313651609
882.781070389022
882.781070389022
849.4769727860746
771.5782339550649
773.475929655905
711.864094930823
697.6654230381639
694.8266095619233
699.5581373076535
704.2905209808008
671.1821037905281
666.4558899814349
678.7459299397016
659.8407327901016
659.8407327901016
683.4744848981267
572.1374769814136
572.1374769814136
572.1374769814136
571.1964292458034
540.1680788630797
504.50531975105855
425.0302127515515
425.0302127515515
352.53910270146116
359.95139167944717
254.0287905718348
263.17807032013303
292.54261223493035
312.80052087086915
254.94309887113735
254.94309887113735
254.94309887113735
298.0621631541371
263.17807032013303
279.68003282898655
279.68003282898655
279.68003282898655
279.68003282898655
275.0920168104244
270.5071443154641
270.5071443154641
270.5071443154641
258.60172021627795
258.60172021627795
500.755774261365
496.07007731817305
512.9449580600665
525.1431033314493
525.1431033314493
525.1431033314493
525.1431033314493
525.1431033314493
525.1431033314493
525.1431033314493
525.1431033314493
506.3804186605623
520.4504673450396
470.7917978623779
410.12238671798696
354.3916450340265
346.98363150596373
346.98363150596373
384.07893285776316
333.1095084905201
382.221000992936
371.0801998050838
371.0801998050838
378.5060984680808
378.5060984680808
385.9371822580444
393.37331316965384
444.62339882776985
444.62339882776985
444.62339882776985
558.9669956096234
464.24515660206265
822.8565372230225
805.7545978055977
871.3590439706352
893.2543749711156
905.6356868052974
922.7856435679278
927.5508569238465
927.5508569238465
927.5508569238465
927.5508569238465
965.6928515492681
959.0154461024875
959.0154461024875
966.6468534299005
966.6468534299005
966.6468534299005
966.6468534299005
928.5039685039527
923.7386401872235
1215.3430509509174
1267.1391463021625
1271.9372833103332
1360.2861115800056
1581.6281275356919
1747.5298448644394
1739.8071273857117
1686.7297332209318
1686.7297332209318
1686.7297332209318
1569.101293556288
1415.0809203157878
1031.5681484512688
1031.5681484512688
953.2928078049209
931.3634404570088
918.9738883698753
901.825621770162
897.0635776719411
897.0635776719411
897.0635776719411
897.0635776719411
858.989256815301
851.3792230216482
851.3792230216482
843.7708470718761
843.7708470718761
843.7708470718761
843.7708470718761
843.7708470718761
843.7708470718761
505.44284214333516
447.4247986588324
459.5708098605551
366.44171010083926
156.29547193864798
21.547834587944152
73.06628886910346
440.8891065134326
536.4106320182767
905.6356868052974
953.2928078049209
953.2928078049209
1053.5478603826518
1060.2393584656493
1060.2393584656493
1117.6322781309188
1136.777537014585
1136.777537014585
1168.3821241668716
1321.8591625098743
1379.5075857979289
1379.5075857979289
1379.5075857979289
1384.313769451352
1384.313769451352
1387.197634679812
1396.8113535425282
1396.8113535425282
1396.8113535425282
1396.8113535425282
1396.8113535425282
1430.469324643785
1452.5956670377618
1440.0886814674698
1442.0126995712658
1454.5199999857405
1447.785045669694
1454.5199999857405
1246.0317255858304
1231.6444603427228
944.7103406211553
925.644702571335
939.9430834501622
857.086594093297
886.5892030014925
886.5892030014925
829.5096851670884
810.5042375924947
810.5042375924947
779.1697276916825
641.8945675956028
585.3168730498635
585.3168730498635
585.3168730498635
682.5287028624297
701.4509885240636
698.61176302172
689.1499177385483
689.1499177385483
689.1499177385483
689.1499177385483
728.9124040473101
745.9711797725993
831.4108271673158
896.1112408393972
927.5508569238465
1259.4628904108802
1299.7736061846817
1232.603505072579
1052.592008323163
998.1408611435825
915.1625048630293
887.5412973735954
947.5709631740443
930.4102603039871
894.206639452403
901.825621770162
971.4171864107722
995.2768249943019
1055.45962180375
1336.2667298970482
1355.481566400228
1355.481566400228
1358.3642536914724
1403.541715834297
1318.978020036801
1307.4546998250057
1307.4546998250057
1307.4546998250057
1307.4546998250057
1307.4546998250057
1307.4546998250057
1267.1391463021625
1216.301833670514
1108.0622719304677
1038.2565375316424
1004.8243334030585
662.6755785214692
608.8728077191996
608.8728077191996
608.8728077191996
580.608940520838
577.7847147387133
576.8433957120228
503.5678516247667
503.5678516247667
503.5678516247667
496.07007731817305
427.8274218950934
404.53668571754764
346.0580374951781
81.62190949398037
52.01973376401417
52.85033190436932
50.361831329915034
13.370160616951274
22.31184063133736
28.51925930159214
30.88534411766968
30.88534411766968
109.38605174245987
147.37553737877266
196.74291494974148
196.74291494974148
284.2711220217175
321.10282421678306
334.9581614924729
350.6869179214905
353.465329335788
353.465329335788
353.465329335788
356.244542336988
356.244542336988
356.244542336988
356.244542336988
356.244542336988
382.221000992936
529.8370218107176
534.5322068617099
617.3593943474716
653.2273978957276
662.6755785214692
662.6755785214692
662.6755785214692
661.7305928807324
661.7305928807324
661.7305928807324
631.511028130851
616.4162756797824
613.5871656817686
613.5871656817686
526.081784942132
485.76645992646615
439.02235271276396
439.02235271276396
363.6596306806699
405.467452594621
438.0890745796612
422.2336241971541
431.55798970170156
450.2267761993333
532.6539818579573
574.9608926275795
652.2827860429913
652.2827860429913
716.5986662636724
856.1353011989594
834.2627410090486
691.9881071925865
687.2579661786776
604.1594912501622
568.3735599551562
561.7884765108936
564.6103773524791
567.4326951846942
579.6674872456151
667.4010597005047
667.4010597005047
674.9637287363896
695.7728462420379
764.9372402796754
851.3792230216482
856.1353011989594
856.1353011989594
851.3792230216482
851.3792230216482
837.114894819129
756.4009941583645
721.334064831493
759.2461356587843
746.919189550577
727.9649979684508
644.7272585378747
599.4472277507725
529.8370218107176
560.8479360704375
497.0071061649445
359.95139167944717
355.3180494743808
347.9093168887609
347.9093168887609
347.9093168887609
436.22271682744696
598.504902432036
595.6781829367613
592.8518501367665
580.608940520838
493.25932474801203
493.25932474801203
485.76645992646615
465.1802095351354
527.9593015462403
454.898008984357
574.9608926275795
586.2585920809604
586.2585920809604
586.2585920809604
630.56730574832
630.56730574832
618.3025538687108
641.8945675956028
641.8945675956028
641.8945675956028
641.8945675956028
641.8945675956028
634.3424323497533
691.0420091830663
691.0420091830663
736.4928104877916
736.4928104877916
817.1548988512436
817.1548988512436
820.0055950738194
829.5096851670884
798.1566333947912
798.1566333947912
874.2142148580955
902.7781023237256
905.6356868052974
918.0210075611401
918.0210075611401
959.0154461024875
935.1763886456798
1214.3842838007224
1087.0145471973256
1343.952018672002
1416.0426022887093
1471.8411496852584
1450.6713822726842
1535.3843144661512
1571.0283807609164
1508.420519607001
1535.3843144661512
1631.7532667338562
1697.3429046048814
1714.7124185168293
1861.5065617543123
1771.6671246031658
1771.6671246031658
1725.3286364128744
1725.3286364128744
1643.324562777189
1643.324562777189
1640.431602094012
1539.2370020618375
1401.6186917062596
1401.6186917062596
1654.8973104973322
1630.7890580558437
1627.896493215299
1615.3631114248772
1615.3631114248772
1573.9190922277542
1463.1800920586238
1170.298137462517
1170.298137462517
940.896490025251
1091.7973531421067
1069.800248998816
1192.3369775391373
1320.8987678680512
1371.818367380287
1382.3912571662145
1355.481566400228
1259.4628904108802
1245.0724687943953
1237.3989572394
1204.7974725169665
1204.7974725169665
1238.3580932574434
1401.6186917062596
1401.6186917062596
1476.6532625649493
1677.0824146840791
1756.218607440631
1799.6734421628807
1799.6734421628807
1799.6734421628807
1468.9540237000722
1464.1423842638994
1627.896493215299
1627.896493215299
1627.896493215299
1627.896493215299
1627.896493215299
1627.896493215299
1627.896493215299
1589.3378446963018
1365.0909877787828
1440.0886814674698
1293.0533911717055
1080.3193869540437
994.3221876988744
991.4584004739909
1027.7466445392313
1035.3899674740596
996.2314830191466
1051.636175397491
943.7568443925998
943.7568443925998
915.1625048630293
753.5561284816596
753.5561284816596
706.1837122832442
510.13126317956716
433.4236794519836
517.6355080985996
558.02659581078
567.4326951846942
751.6597053291345
827.6086506899805
666.4558899814349
697.6654230381639
716.5986662636724
716.5986662636724
716.5986662636724
724.175697842386
724.175697842386
724.175697842386
724.175697842386
617.3593943474716
617.3593943474716
617.3593943474716
617.3593943474716
633.3985915147612
801.0056583998042
872.3107425903244
860.8920218455713
796.2574252861543
791.5099044593061
791.5099044593061
786.7631019991993
786.7631019991993
786.7631019991993
760.1945771993245
760.1945771993245
760.1945771993245
674.9637287363896
845.6727844780042
898.0159385485618
959.9692958383906
883.7330667356068
883.7330667356068
869.4557219543954
1134.8626999075038
1415.0809203157878
1742.7030770237932
1935.9450965561875
1948.5173672287424
1948.5173672287424
1948.5173672287424
1948.5173672287424
1948.5173672287424
1958.1892513272132
1961.090969339371
2045.2707524230902
1837.3488023397
1760.0805181094404
1762.9770469854916
1762.9770469854916
1765.8736578226417
1794.8442316500627
1823.8227924345083
1826.721080686554
1841.213686197093
1841.213686197093
1841.213686197093
1841.213686197093
1797.741731391763
1582.5918049903355
1519.975349795691
1270.0179846448577
1270.0179846448577
1289.2135813098714
1274.8163406471217
1154.971885105842
979.0508335950728
670.2367881318207
510.13126317956716
634.3424323497533
646.6159114328403
646.6159114328403
706.1837122832442
727.9649979684508
803.8549376683835
886.5892030014925
827.6086506899805
827.6086506899805
889.4455593185942
886.5892030014925
886.5892030014925
889.4455593185942
860.8920218455713
832.361438379243
829.5096851670884
815.2545719314479
815.2545719314479
815.2545719314479
815.2545719314479
815.2545719314479
815.2545719314479
815.2545719314479
815.2545719314479
815.2545719314479
796.2574252861543
793.4088269284431
629.6236230168183
527.9593015462403
526.081784942132
542.0470986079168
445.557134269103
640.006300166689
640.006300166689
580.608940520838
561.7884765108936
480.149210378724
396.1631363492941
349.76096042925263
351.61296545479144
291.623088716092
291.623088716092
291.623088716092
286.10840292462206
304.5067579910931
307.2703772381566
330.33725492925305
493.25932474801203
527.0205177230262
616.4162756797824
687.2579661786776
734.5975167345266
801.0056583998042
801.0056583998042
810.5042375924947
834.2627410090486
863.7463605152299
863.7463605152299
865.6493799114332
954.2465259223991
946.6174000439829
927.5508569238465
952.3391117335209
743.1273382055579
743.1273382055579
788.6617363865182
844.7218026777458
939.9430834501622
1000.0503218458192
1138.6924426680637
1331.4638654598712
1474.728382044148
1482.428186105367
1672.2591219963729
1762.011528243727
1798.7075823542466
1813.1964044978888
2066.566533722145
1967.8619176206228
2008.4955331527399
1955.287603712144
2021.0753184385592
1985.274670350559
1917.5726605295474
2091.7387853999617
2198.288973703436
2203.1341093428123
2303.94952932928
2365.0531906811357
2363.1130243964562
2272.9220806306625
2268.0746213255525
2234.1468578402237
2168.252843684678
2168.252843684678
2171.159284641383
2124.6635829834927
2064.630408130853
1964.9600359346778
1908.8709411783932
1792.9126095127215
1597.0482389383285
1450.6713822726842
1442.9747268890596
1256.584538073203
1181.7955925595083
1126.2467856517167
1109.0191929160205
899.9207322887211
830.4602427487132
806.704469920189
792.4593513511363
657.006221758717
644.7272585378747
658.8958584902812
498.88132996242604
422.2336241971541
425.0302127515515
339.58146648211846
392.4435253583892
473.59840136134113
476.4055384582612
476.4055384582612
479.2132047606133
483.8938128690626
591.9098255843467
607.9300607416875
681.5829562789881
728.9124040473101
1002.9146672399154
1029.6573570018945
1032.5235737305447
1035.3899674740596
1052.592008323163
1105.1916157228566
1102.3211201027832
1097.5373192274922
1097.5373192274922
1097.5373192274922
1032.5235737305447
1032.5235737305447
981.9138022728902
958.0616182250213
958.0616182250213
960.9231674017157
946.6174000439829
937.0829988224399
918.0210075611401
905.6356868052974
864.6978575449023
750.7115401077805
675.9092251913715
717.545680046135
717.545680046135
714.7047380278511
819.0553356143441
709.9704997682395
691.0420091830663
617.3593943474716
570.2554270922242
301.74412323999593
271.4238638653921
245.8064078104288
243.0682262143628
226.66801628270332
181.40871435074774
197.64677112845357
275.0920168104244
327.56588147808503
327.56588147808503
327.56588147808503
327.56588147808503
327.56588147808503
344.207124943196
446.49093427557773
596.6203799299616
667.4010597005047
667.4010597005047
650.3936758128249
631.511028130851
631.511028130851
662.6755785214692
740.2837794795366
725.1229741255237
815.2545719314479
815.2545719314479
706.1837122832442
706.1837122832442
734.5975167345266
734.5975167345266
734.5975167345266
1077.4503086166474
1228.7674178671552
1471.8411496852584
1508.420519607001
1573.9190922277542
1766.8392129483032
1881.8031494877775
1802.571074597022
1750.4260163097128
1758.1495444890622
1758.1495444890622
1761.0460186159667
1761.0460186159667
1743.66841210064
1637.538732370711
1480.503164683737
1449.7092579875227
1473.7659594571098
1473.7659594571098
1473.7659594571098
1473.7659594571098
1442.0126995712658
1355.481566400228
1325.7008789152535
1234.5216402868207
1234.5216402868207
1234.5216402868207
1234.5216402868207
1205.7560829964777
1205.7560829964777
1205.7560829964777
861.8434426256395
792.4593513511363
558.02659581078
567.4326951846942
564.6103773524791
500.755774261365
452.0950796977865
463.3101646337631
465.1802095351354
584.3751980601585
584.3751980601585
592.8518501367665
592.8518501367665
595.6781829367613
595.6781829367613
595.6781829367613
555.2056794788037
621.1322766762999
746.919189550577
784.8645835362742
818.1051035250748
930.4102603039871
930.4102603039871
930.4102603039871
930.4102603039871
930.4102603039871
930.4102603039871
978.0965531075175
1102.3211201027832
1102.3211201027832
1126.2467856517167
1129.1186015271646
1047.813035531769
1043.0345442145174
997.1861617450162
935.1763886456798
819.0553356143441
779.1697276916825
755.452674879612
750.7115401077805
623.0189612126384
623.0189612126384
611.701298243318
630.56730574832
627.7363768429117
627.7363768429117
627.7363768429117
627.7363768429117
538.2892563439566
413.8476398407601
376.649132168222
344.207124943196
235.7730147866689
235.7730147866689
281.5161035764254
284.2711220217175
302.66489134154716
302.66489134154716
256.7721332638983
268.6740917779667
302.66489134154716
310.0349688318964
348.83509330777235
350.6869179214905
364.58690526080545
364.58690526080545
364.58690526080545
404.53668571754764
398.9536439108995
685.3661550488779
688.2039244390259
742.1794537942201
742.1794537942201
742.1794537942201
723.2284541586075
723.2284541586075
723.2284541586075
723.2284541586075
765.8858635967687
768.731913994126
871.3590439706352
899.9207322887211
1086.058040732762
1086.058040732762
1086.058040732762
1038.2565375316424
1035.3899674740596
1016.2840403199934
1016.2840403199934
1135.820109882391
999.0955811865831
995.2768249943019
965.6928515492681
922.7856435679278
1049.724567047248
1035.3899674740596
1035.3899674740596
1035.3899674740596
980.0051353048256
944.7103406211553
655.1167346903555
770.6294307705998
995.2768249943019
1057.3714594626636
1097.5373192274922
1152.0986877435585
1166.4661767735197
1176.0465712185223
1176.0465712185223
1132.947931512736
1130.0759081207661
1026.7913179935608
998.1408611435825
812.4042883055374
812.4042883055374
820.0055950738194
1088.927614919729
1088.927614919729
1088.927614919729
1088.927614919729
977.1422938717536
977.1422938717536
945.663859182331
946.6174000439829
987.6403094532004
858.989256815301
858.989256815301
858.989256815301
858.989256815301
858.989256815301
858.989256815301
858.989256815301
740.2837794795366
464.24515660206265
403.60599270329385
364.58690526080545
311.8785641997457
302.66489134154716
293.46225132809667
293.46225132809667
298.0621631541371
298.0621631541371
298.0621631541371
298.0621631541371
298.0621631541371
341.4314499202002
343.2818070840133
258.60172021627795
258.60172021627795
258.60172021627795
258.60172021627795
260.43185440500565
260.43185440500565
260.43185440500565
257.6868580048532
218.4874893986238
285.18970263393555
489.51243946175526
511.069108227255
511.069108227255
511.069108227255
1092.7539688950621
1193.2953816512431
1196.170689818663
1196.170689818663
1196.170689818663
1246.9909973987662
1248.9095860227615
1244.1132270410947
1282.4944653317264
1282.4944653317264
1277.6955288117517
1280.5748473805768
1280.5748473805768
1280.5748473805768
1280.5748473805768
1318.978020036801
1317.0573275719491
1134.8626999075038
1134.8626999075038
1154.0141358744204
1163.5923795903532
1154.0141358744204
1154.0141358744204
1156.887433800934
1156.887433800934
1156.887433800934
1087.0145471973256
877.0696102495152
855.1840340031795
855.1840340031795
855.1840340031795
284.2711220217175
233.95074733330753
265.00954986313707
265.00954986313707
265.00954986313707
216.67146221299976
217.5793893224163
217.5793893224163
199.45507294859294
199.45507294859294
206.6959670034422
203.97921065951968
203.97921065951968
208.50806661517032
211.22758741564675
133.16528168422334
126.09141621237036
193.12948365821185
193.12948365821185
175.11279899811785
166.13846217806625
166.13846217806625
166.13846217806625
163.45092616920752
163.45092616920752
163.45092616920752
163.45092616920752
163.45092616920752
163.45092616920752
163.45092616920752
163.45092616920752
158.97680155165887
127.85780152532487
95.43806847833713
95.43806847833713
95.43806847833713
95.43806847833713
92.83674490071849
92.83674490071849
78.19166350239314
98.04400489564543
101.5254930609235
108.51087470692394
145.59497261067008
141.1487812649354
207.60192466784582
237.59590280132906
246.7194291975436
178.7091096281168
178.7091096281168
194.93579814071205
203.97921065951968
332.1853268066981
376.649132168222
407.32920699586396
425.9625471256189
505.44284214333516
686.3120430257914
745.0232012514463
745.0232012514463
745.0232012514463
745.0232012514463
754.50438630245
884.6850876449754
884.6850876449754
884.6850876449754
884.6850876449754
887.5412973735954
895.1589280873726
895.1589280873726
949.4781561115127
1159.7608821261747
1162.634480315828
1154.971885105842
1114.761090914765
1114.761090914765
1058.3274068196224
1058.3274068196224
1048.7687916726384
1067.8879205647884
1096.5806130274905
1079.3630090425015
1069.800248998816
936.1296824213482
890.3977268170162
858.989256815301
839.967287434742
854.2327925466768
855.1840340031795
832.361438379243
853.2815768702792
965.6928515492681
1027.7466445392313
1018.1942744157078
873.2624662324272
873.2624662324272
904.6831348770555
940.896490025251
1237.3989572394
1392.9657123464767
1445.8608817657253
1388.158948851293
1154.971885105842
1162.634480315828
1162.634480315828
1194.2538017474685
1194.2538017474685
1282.4944653317264
1441.0506844268305
1441.0506844268305
1424.6983009207647
1453.5578274946374
1629.8248595709358
1629.8248595709358
1629.8248595709358
1629.8248595709358
1629.8248595709358
1629.8248595709358
1533.4580373491417
1347.7949868567848
1311.2955835398377
1290.1735123582018
1177.0047007487751
1114.761090914765
1114.761090914765
1224.9315758729797
1287.2937621392348
1356.4424488737304
1372.7794740379566
1072.6688818003568
913.2569531837219
860.8920218455713
860.8920218455713
860.8920218455713
839.0164634336486
839.0164634336486
807.6543700028703
807.6543700028703
703.3439761643026
516.6972928642612
516.6972928642612
513.882962572092
457.70150277342725
287.94616044042755
287.94616044042755
287.94616044042755
292.54261223493035
292.54261223493035
292.54261223493035
292.54261223493035
425.0302127515515
429.69256997102457
472.66280735436123
517.6355080985996
566.4918764223223
590.0259066325359
496.07007731817305
466.11532326178263
368.29685385841435
317.41187702723687
317.41187702723687
314.6447500428355
314.6447500428355
314.6447500428355
314.6447500428355
314.6447500428355
314.6447500428355
314.6447500428355
314.6447500428355
674.9637287363896
727.0176242486348
727.0176242486348
727.0176242486348
731.7548158428824
802.905149739938
802.905149739938
845.6727844780042
853.2815768702792
905.6356868052974
932.3166434008986
932.3166434008986
960.9231674017157
997.1861617450162
953.2928078049209
907.5408617867951
1037.300994631731
1048.7687916726384
1034.434483267924
1002.9146672399154
1002.9146672399154
1002.9146672399154
1002.9146672399154
1002.9146672399154
1002.9146672399154
1002.9146672399154
1002.9146672399154
1002.9146672399154
1002.9146672399154
1002.9146672399154
1139.6499211480348
874.2142148580955
821.906195923081
821.906195923081
821.906195923081
817.1548988512436
745.9711797725993
745.9711797725993
731.7548158428824
719.4398066307897
709.9704997682395
686.3120430257914
686.3120430257914
523.2658941349627
482.957575558931
558.02659581078
617.3593943474716
592.8518501367665
558.02659581078
581.5504383412339
589.0840124283035
598.504902432036
598.504902432036
598.504902432036
598.504902432036
778.2206875966476
780.1187971698682
780.1187971698682
780.1187971698682
780.1187971698682
780.1187971698682
644.7272585378747
543.9263146185878
543.9263146185878
609.8155963557908
619.2457541555999
636.2302318920268
636.2302318920268
636.2302318920268
607.9300607416875
607.9300607416875
573.0785701935669
570.2554270922242
570.2554270922242
570.2554270922242
570.2554270922242
495.1331040347573
436.22271682744696
286.10840292462206
286.10840292462206
263.17807032013303
255.85754666149094
246.7194291975436
287.94616044042755
315.5670216944582
401.74482921216656
235.7730147866689
233.95074733330753
233.95074733330753
250.3729660608036
250.3729660608036
250.3729660608036
250.3729660608036
541.1075641424594
541.1075641424594
489.51243946175526
480.149210378724
463.3101646337631
463.3101646337631
463.3101646337631
463.3101646337631
463.3101646337631
455.8324444311602
455.8324444311602
455.8324444311602
455.8324444311602
491.38576949129373
519.5120954715296
540.1680788630797
552.385190106629
552.385190106629
555.2056794788037
555.2056794788037
555.2056794788037
527.0205177230262
498.88132996242604
411.9848692545969
402.6753737887727
402.6753737887727
402.6753737887727
413.8476398407601
413.8476398407601
413.8476398407601
413.8476398407601
127.85780152532487
127.85780152532487
114.6459914101876
114.6459914101876
188.6172744153007
236.6843816299221
284.2711220217175
302.66489134154716
467.9857324149998
608.8728077191996
630.56730574832
665.510756930209
708.0770387162551
674.0182682972039
645.6715658116884
656.0614594785748
643.7829896907762
643.7829896907762
640.9504145076576
640.9504145076576
640.9504145076576
626.7928135692542
626.7928135692542
626.7928135692542
626.7928135692542
626.7928135692542
626.7928135692542
598.504902432036
598.504902432036
601.3320060509304
601.3320060509304
601.3320060509304
601.3320060509304
601.3320060509304
601.3320060509304
523.2658941349627
473.59840136134113
425.0302127515515
406.39829309886073
242.1557957044059
107.63613212885286
87.64861002444047
56.18322879263921
20.028868741220084
18.522774424948338
18.522774424948338
0.0
0.0
0.0
47.88354332819163
176.91049745279565
327.56588147808503
471.72727279972537
543.9263146185878
690.0959460091774
715.6516855702215
732.70235076356
1008.6439108883533
1018.1942744157078
1135.820109882391
1243.1540003425916
1252.7469428002996
1252.7469428002996
1252.7469428002996
1252.7469428002996
1252.7469428002996
1252.7469428002996
1252.7469428002996
1252.7469428002996
1252.7469428002996
1252.7469428002996
1252.7469428002996
1252.7469428002996
1252.7469428002996
1252.7469428002996
1252.7469428002996
1252.7469428002996
1252.7469428002996
1252.7469428002996
1252.7469428002996
1185.628597863862
1048.7687916726384
898.9683234329085
775.373744120328
702.3974653237675
563.6696972613744
538.2892563439566
521.3888911674558
254.94309887113735
245.8064078104288
134.9371355229714
215.76370905071062
358.0977920590786
571.1964292458034
580.608940520838
592.8518501367665
635.2863125029976
635.2863125029976
635.2863125029976
635.2863125029976
635.2863125029976
715.6516855702215
767.7832005067925
767.7832005067925
767.7832005067925
767.7832005067925
770.6294307705998
770.6294307705998
770.6294307705998
878.0214584229661
922.7856435679278
1001.9598649005243
1046.8572986497554
1142.5224589538723
1339.1486116878953
1339.1486116878953
1345.8734758737774
1345.8734758737774
1345.8734758737774
1342.991310273657
1342.991310273657
1342.991310273657
1146.3527474508603
988.5948008422426
779.1697276916825
981.9138022728902
1244.1132270410947
1314.1763929409715
1338.1879708630267
1369.8961933204089
1369.8961933204089
1369.8961933204089
1288.2536645651062
1235.4807307371602
1235.4807307371602
1235.4807307371602
1235.4807307371602
1232.603505072579
1232.603505072579
1232.603505072579
1133.9053071106848
1088.927614919729
1009.598856173029
959.9692958383906
857.086594093297
639.0622246534584
639.0622246534584
653.2273978957276
653.2273978957276
689.1499177385483
689.1499177385483
689.1499177385483
689.1499177385483
689.1499177385483
689.1499177385483
686.3120430257914
476.4055384582612
211.22758741564675
105.88796869961661
84.20118935974405
56.18322879263921
81.62190949398037
85.92372795464357
85.92372795464357
85.92372795464357
85.92372795464357
85.92372795464357
85.92372795464357
85.92372795464357
107.63613212885286
114.6459914101876
105.88796869961661
114.6459914101876
185.91245416341985
213.04150319015244
215.76370905071062
264.0937436211783
264.0937436211783
243.98080557192458
289.78439040540326
273.257686560023
276.0093708217638
276.0093708217638
276.0093708217638
276.0093708217638
285.18970263393555
280.59800701842056
280.59800701842056
280.59800701842056
280.59800701842056
280.59800701842056
280.59800701842056
253.11462244813427
248.54590881981488
248.54590881981488
248.54590881981488
253.11462244813427
308.19180032364045
372.93618058101606
372.93618058101606
354.3916450340265
346.98363150596373
346.98363150596373
337.7318595839356
264.0937436211783
236.6843816299221
233.95074733330753
185.91245416341985
185.91245416341985
185.91245416341985
141.1487812649354
123.44452720032096
120.8009455994361
120.8009455994361
120.8009455994361
120.8009455994361
112.01414507823651
112.01414507823651
112.01414507823651
112.01414507823651
112.01414507823651
260.43185440500565
394.3031777726078
439.02235271276396
453.02932643688376
481.08527415655044
640.9504145076576
705.2370997086003
683.4744848981267
617.3593943474716
617.3593943474716
612.6442113136299
612.6442113136299
612.6442113136299
612.6442113136299
612.6442113136299
612.6442113136299
640.9504145076576
667.4010597005047
681.5829562789881
686.3120430257914
714.7047380278511
731.7548158428824
731.7548158428824
731.7548158428824
731.7548158428824
779.1697276916825
779.1697276916825
972.3713175104374
1200.0046569626925
1260.4223707953688
1260.4223707953688
1215.3430509509174
1076.4939861492858
1274.8163406471217
1274.8163406471217
1333.3849703681008
1170.298137462517
1143.4800056094205
1112.847054187474
1112.847054187474
1112.847054187474
1112.847054187474
1112.847054187474
1112.847054187474
1112.847054187474
1112.847054187474
1112.847054187474
1084.145082712203
1057.3714594626636
1043.0345442145174
1030.612742866343
1001.9598649005243
984.7769611555475
984.7769611555475
984.7769611555475
984.7769611555475
937.0829988224399
1102.3211201027832
908.4934847690615
682.5287028624297
623.0189612126384
623.0189612126384
512.0070065663687
512.0070065663687
275.0920168104244
261.3471250727524
178.7091096281168
178.7091096281168
138.48474544054167
134.05104366768887
134.05104366768887
134.05104366768887
136.71029752449346
281.5161035764254
281.5161035764254
478.2772574612234
501.6930787373446
548.6252070788707
548.6252070788707
574.9608926275795
595.6781829367613
595.6781829367613
595.6781829367613
595.6781829367613
603.2169539417745
603.2169539417745
624.9058070726431
624.9058070726431
462.37523380224025
502.6304379061072
1111.8900623140032
1114.761090914765
1114.761090914765
1114.761090914765
1119.5464907729136
1119.5464907729136
1124.332328533647
1200.963188434173
1220.137119890941
1220.137119890941
1229.7264167228925
1229.7264167228925
1229.7264167228925
1226.8494661498673
1073.6251300122117
1073.6251300122117
871.3590439706352
847.5748264940943
800.0559550830882
800.0559550830882
773.475929655905
774.4248220685157
1139.6499211480348
1144.4375692576868
1192.3369775391373
1197.1291577569123
1197.1291577569123
1175.0884580099662
1175.0884580099662
1203.8388778029337
1208.6320088481086
616.4162756797824
613.5871656817686
658.8958584902812
701.4509885240636
696.719117422896
696.719117422896
694.8266095619233
619.2457541555999
600.3895956551352
600.3895956551352
590.9678443838044
590.9678443838044
590.9678443838044
590.9678443838044
590.9678443838044
619.2457541555999
638.1181880490078
638.1181880490078
638.1181880490078
638.1181880490078
638.1181880490078
616.4162756797824
259.5167192354629
254.94309887113735
225.75840214541157
253.11462244813427
354.3916450340265
881.8290986429843
1096.5806130274905
1082.2321980573543
1093.7106027827772
1108.0622719304677
1223.0137471747246
1177.0047007487751
1144.4375692576868
1144.4375692576868
1144.4375692576868
1141.5649293114711
1141.5649293114711
1141.5649293114711
1154.0141358744204
1336.2667298970482
1336.2667298970482
1348.7557624817582
1460.2932870098473
1503.6064908379171
1481.4656695401923
1489.1661289870576
1571.0283807609164
1595.1205771602763
1843.1461794639752
1843.1461794639752
1843.1461794639752
1843.1461794639752
1901.1366313210071
1891.469479157128
1874.0706820635883
1767.8047771519575
1228.7674178671552
1059.2833731621258
1044.9458827630376
995.2768249943019
969.5089886242666
855.1840340031795
855.1840340031795
849.4769727860746
849.4769727860746
849.4769727860746
849.4769727860746
849.4769727860746
1023.9254574156928
1014.3738867020714
883.7330667356068
896.1112408393972
883.7330667356068
782.9661813963781
740.2837794795366
733.6499177470121
707.1303586404791
626.7928135692542
615.4731979538593
419.43766196449826
445.557134269103
445.557134269103
445.557134269103
445.557134269103
595.6781829367613
659.8407327901016
669.291508848749
930.4102603039871
992.4129754101637


