Rainfall Prediction

374.16015717181864
376.16015717181864
367.16015717181864
422.16015717181864
422.16015717181864
388.16015717181864
388.16015717181864
388.16015717181864
388.16015717181864
388.16015717181864
388.16015717181864
407.16015717181864
409.16015717181864
653.1601571718186
653.1601571718186
652.1601571718186
644.1601571718186
633.1601571718186
563.1601571718186
563.1601571718186
535.1601571718186
509.16015717181864
496.16015717181864
496.16015717181864
496.16015717181864
496.16015717181864
478.16015717181864
496.16015717181864
649.1601571718186
649.1601571718186
629.1601571718186
682.1601571718186
668.1601571718186
683.1601571718186
632.1601571718186
634.1601571718186
653.1601571718186
684.1601571718186
769.1601571718186
776.1601571718186
776.1601571718186
789.1601571718186
804.1601571718186
816.1601571718186
572.1601571718186
613.1601571718186
613.1601571718186
613.1601571718186
613.1601571718186
613.1601571718186
613.1601571718186
613.1601571718186
613.1601571718186
648.1601571718186
672.1601571718186
672.1601571718186
924.1601571718186
1305.1601571718186
1382.1601571718186
1221.1601571718186
1221.1601571718186
1221.1601571718186
1144.1601571718186
1144.1601571718186
1140.1601571718186
1164.1601571718186
1162.1601571718186
1183.1601571718186
1274.1601571718186
1283.1601571718186
1276.1601571718186
1276.1601571718186
1263.1601571718186
1350.1601571718186
1360.1601571718186
1470.1601571718186
1429.1601571718186
1431.1601571718186
1431.1601571718186
1436.1601571718186
1440.1601571718186
1441.1601571718186
1441.1601571718186
1441.1601571718186
1436.1601571718186
1412.1601571718186
1412.1601571718186
1221.1601571718186
840.1601571718186
745.1601571718186
745.1601571718186
745.1601571718186
745.1601571718186
745.1601571718186
755.1601571718186
899.1601571718186
871.1601571718186
871.1601571718186
831.1601571718186
709.1601571718186
615.1601571718186
615.1601571718186
615.1601571718186
617.1601571718186
556.1601571718186
759.1601571718186
665.1601571718186
730.1601571718186
884.1601571718186
884.1601571718186
879.1601571718186
875.1601571718186
881.1601571718186
941.1601571718186
971.1601571718186
941.1601571718186
955.1601571718186
995.1601571718186
938.1601571718186
938.1601571718186
938.1601571718186
938.1601571718186
938.1601571718186
1008.1601571718186
1013.1601571718186
1141.1601571718186
1044.1601571718186
1200.1601571718186
1213.1601571718186
1251.1601571718186
1251.1601571718186
1251.1601571718186
1253.1601571718186
1253.1601571718186
1251.1601571718186
1191.1601571718186
979.1601571718186
963.1601571718186
898.1601571718186
787.1601571718186
799.1601571718186
799.1601571718186
799.1601571718186
793.1601571718186
733.1601571718186
703.1601571718186
703.1601571718186
697.1601571718186
657.1601571718186
653.1601571718186
653.1601571718186
653.1601571718186
653.1601571718186
660.1601571718186
590.1601571718186
585.1601571718186
461.16015717181864
403.16015717181864
253.16015717181864
240.16015717181864
202.16015717181864
299.16015717181864
306.16015717181864
304.16015717181864
304.16015717181864
304.16015717181864
308.16015717181864
293.16015717181864
293.16015717181864
293.16015717181864
310.16015717181864
298.16015717181864
298.16015717181864
298.16015717181864
297.16015717181864
327.16015717181864
380.16015717181864
381.16015717181864
424.16015717181864
575.1601571718186
690.1601571718186
713.1601571718186
749.1601571718186
860.1601571718186
866.1601571718186
866.1601571718186
866.1601571718186
852.1601571718186
914.1601571718186
947.1601571718186
947.1601571718186
947.1601571718186
850.1601571718186
843.1601571718186
861.1601571718186
862.1601571718186
953.1601571718186
1081.1601571718186
1108.1601571718186
1112.1601571718186
1112.1601571718186
1141.1601571718186
1208.1601571718186
1227.1601571718186
1258.1601571718186
1275.1601571718186
1250.1601571718186
1230.1601571718186
1266.1601571718186
1215.1601571718186
1064.1601571718186
1060.1601571718186
1063.1601571718186
1040.1601571718186
968.1601571718186
1092.1601571718186
1095.1601571718186
1108.1601571718186
1318.1601571718186
1330.1601571718186
1422.1601571718186
1422.1601571718186
1423.1601571718186
1473.1601571718186
1473.1601571718186
1455.1601571718186
1454.1601571718186
1383.1601571718186
1279.1601571718186
1260.1601571718186
1256.1601571718186
1256.1601571718186
1173.1601571718186
1106.1601571718186
1087.1601571718186
1082.1601571718186
1081.1601571718186
1117.1601571718186
1116.1601571718186
1081.1601571718186
1081.1601571718186
1081.1601571718186
970.1601571718186
944.1601571718186
931.1601571718186
892.1601571718186
755.1601571718186
752.1601571718186
739.1601571718186
529.1601571718186
455.16015717181864
324.16015717181864
325.16015717181864
368.16015717181864
375.16015717181864
384.16015717181864
411.16015717181864
557.1601571718186
848.1601571718186
1033.1601571718186
1093.1601571718186
1103.1601571718186
1103.1601571718186
1098.1601571718186
1102.1601571718186
1144.1601571718186
1130.1601571718186
1114.1601571718186
1077.1601571718186
1088.1601571718186
1092.1601571718186
1153.1601571718186
1160.1601571718186
1168.1601571718186
1177.1601571718186
1188.1601571718186
1218.1601571718186
1218.1601571718186
1218.1601571718186
1218.1601571718186
1218.1601571718186
1218.1601571718186
1218.1601571718186
1217.1601571718186
1179.1601571718186
1123.1601571718186
1114.1601571718186
1087.1601571718186
941.1601571718186
630.1601571718186
417.16015717181864
349.16015717181864
339.16015717181864
339.16015717181864
336.16015717181864
348.16015717181864
306.16015717181864
315.16015717181864
328.16015717181864
366.16015717181864
332.16015717181864
332.16015717181864
271.16015717181864
264.16015717181864
266.16015717181864
281.16015717181864
270.16015717181864
240.16015717181864
240.16015717181864
240.16015717181864
240.16015717181864
240.16015717181864
241.16015717181864
241.16015717181864
241.16015717181864
235.16015717181864
234.16015717181864
234.16015717181864
234.16015717181864
234.16015717181864
234.16015717181864
234.16015717181864
234.16015717181864
244.16015717181864
244.16015717181864
244.16015717181864
228.16015717181864
239.16015717181864
253.16015717181864
247.16015717181864
205.16015717181864
196.16015717181864
199.16015717181864
199.16015717181864
199.16015717181864
189.16015717181864
165.16015717181864
165.16015717181864
196.16015717181864
196.16015717181864
196.16015717181864
259.16015717181864
304.16015717181864
317.16015717181864
317.16015717181864
317.16015717181864
319.16015717181864
319.16015717181864
375.16015717181864
442.16015717181864
447.16015717181864
458.16015717181864
458.16015717181864
458.16015717181864
448.16015717181864
450.16015717181864
450.16015717181864
450.16015717181864
439.16015717181864
409.16015717181864
402.16015717181864
402.16015717181864
402.16015717181864
393.16015717181864
393.16015717181864
393.16015717181864
393.16015717181864
407.16015717181864
411.16015717181864
380.16015717181864
380.16015717181864
380.16015717181864
317.16015717181864
289.16015717181864
368.16015717181864
390.16015717181864
415.16015717181864
413.16015717181864
427.16015717181864
693.1601571718186
1002.1601571718186
1013.1601571718186
1009.1601571718186
1009.1601571718186
1009.1601571718186
1049.1601571718186
1047.1601571718186
1136.1601571718186
1138.1601571718186
1138.1601571718186
1133.1601571718186
1133.1601571718186
1133.1601571718186
1222.1601571718186
1285.1601571718186
1348.1601571718186
1348.1601571718186
1386.1601571718186
1372.1601571718186
1368.1601571718186
1457.1601571718186
1483.1601571718186
1483.1601571718186
1483.1601571718186
1466.1601571718186
1373.1601571718186
1351.1601571718186
1326.1601571718186
1385.1601571718186
1374.1601571718186
1078.1601571718186
712.1601571718186
730.1601571718186
738.1601571718186
754.1601571718186
761.1601571718186
721.1601571718186
721.1601571718186
632.1601571718186
769.1601571718186
769.1601571718186
769.1601571718186
769.1601571718186
769.1601571718186
680.1601571718186
624.1601571718186
561.1601571718186
561.1601571718186
523.1601571718186
523.1601571718186
523.1601571718186
434.16015717181864
408.16015717181864
412.16015717181864
412.16015717181864
412.16015717181864
412.16015717181864
412.16015717181864
473.16015717181864
414.16015717181864
466.16015717181864
443.16015717181864
633.1601571718186
604.1601571718186
602.1601571718186
586.1601571718186
580.1601571718186
732.1601571718186
774.1601571718186
799.1601571718186
660.1601571718186
660.1601571718186
660.1601571718186
700.1601571718186
718.1601571718186
855.1601571718186
992.1601571718186
992.1601571718186
1204.1601571718186
1231.1601571718186
1231.1601571718186
1231.1601571718186
1231.1601571718186
1231.1601571718186
1227.1601571718186
1227.1601571718186
1227.1601571718186
1227.1601571718186
1282.1601571718186
1232.1601571718186
1232.1601571718186
1178.1601571718186
1175.1601571718186
1047.1601571718186
1120.1601571718186
1107.1601571718186
1107.1601571718186
1106.1601571718186
954.1601571718186
912.1601571718186
887.1601571718186
887.1601571718186
888.1601571718186
888.1601571718186
848.1601571718186
830.1601571718186
693.1601571718186
549.1601571718186
549.1601571718186
337.16015717181864
310.16015717181864
310.16015717181864
310.16015717181864
334.16015717181864
334.16015717181864
337.16015717181864
337.16015717181864
361.16015717181864
468.16015717181864
422.16015717181864
510.16015717181864
627.1601571718186
638.1601571718186
879.1601571718186
893.1601571718186
1088.1601571718186
1093.1601571718186
1093.1601571718186
1093.1601571718186
1093.1601571718186
1093.1601571718186
1132.1601571718186
1296.1601571718186
1380.1601571718186
1470.1601571718186
1534.1601571718186
1534.1601571718186
1534.1601571718186
1534.1601571718186
1534.1601571718186
1549.1601571718186
1601.1601571718186
1601.1601571718186
1604.1601571718186
1605.1601571718186
2025.1601571718186
2059.160157171819
2064.160157171819
2050.160157171819
2015.1601571718186
2009.1601571718186
1915.1601571718186
1833.1601571718186
1885.1601571718186
1756.1601571718186
1680.1601571718186
1407.1601571718186
1402.1601571718186
1402.1601571718186
1402.1601571718186
1402.1601571718186
1441.1601571718186
1402.1601571718186
1245.1601571718186
1161.1601571718186
1071.1601571718186
1007.1601571718186
1007.1601571718186
1007.1601571718186
1007.1601571718186
1007.1601571718186
992.1601571718186
940.1601571718186
940.1601571718186
937.1601571718186
912.1601571718186
492.16015717181864
456.16015717181864
476.16015717181864
475.16015717181864
403.16015717181864
411.16015717181864
420.16015717181864
386.16015717181864
323.16015717181864
278.16015717181864
311.16015717181864
311.16015717181864
311.16015717181864
311.16015717181864
311.16015717181864
311.16015717181864
273.16015717181864
275.16015717181864
268.16015717181864
267.16015717181864
267.16015717181864
267.16015717181864
268.16015717181864
268.16015717181864
268.16015717181864
268.16015717181864
283.16015717181864
289.16015717181864
293.16015717181864
335.16015717181864
335.16015717181864
335.16015717181864
391.16015717181864
498.16015717181864
548.1601571718186
741.1601571718186
781.1601571718186
842.1601571718186
978.1601571718186
1008.1601571718186
979.1601571718186
1018.1601571718186
1081.1601571718186
1087.1601571718186
1307.1601571718186
1738.1601571718186
1830.1601571718186
1937.1601571718186
1992.1601571718186
2067.160157171819
2067.160157171819
2080.160157171819
2085.160157171819
2101.160157171819
2172.160157171819
2236.160157171819
2414.160157171819
2399.160157171819
2429.160157171819
2524.160157171819
2523.160157171819
2652.160157171819
2813.160157171819
2777.160157171819
2645.160157171819
2586.160157171819
2393.160157171819
2342.160157171819
2322.160157171819
2226.160157171819
2250.160157171819
2212.160157171819
2130.160157171819
2067.160157171819
2061.160157171819
1865.1601571718186
1440.1601571718186
1348.1601571718186
1244.1601571718186
1218.1601571718186
1149.1601571718186
1199.1601571718186
1245.1601571718186
1345.1601571718186
1345.1601571718186
1277.1601571718186
1221.1601571718186
1043.1601571718186
1050.1601571718186
1086.1601571718186
1086.1601571718186
1060.1601571718186
931.1601571718186
787.1601571718186
766.1601571718186
769.1601571718186
773.1601571718186
773.1601571718186
773.1601571718186
718.1601571718186
678.1601571718186
623.1601571718186
623.1601571718186
623.1601571718186
623.1601571718186
623.1601571718186
599.1601571718186
593.1601571718186
593.1601571718186
620.1601571718186
605.1601571718186
624.1601571718186
574.1601571718186
515.1601571718186
412.16015717181864
443.16015717181864
442.16015717181864
482.16015717181864
533.1601571718186
526.1601571718186
454.16015717181864
358.16015717181864
345.16015717181864
375.16015717181864
358.16015717181864
358.16015717181864
355.16015717181864
361.16015717181864
390.16015717181864
390.16015717181864
452.16015717181864
458.16015717181864
475.16015717181864
518.1601571718186
618.1601571718186
618.1601571718186
674.1601571718186
686.1601571718186
691.1601571718186
712.1601571718186
730.1601571718186
718.1601571718186
693.1601571718186
706.1601571718186
707.1601571718186
705.1601571718186
736.1601571718186
835.1601571718186
826.1601571718186
775.1601571718186
855.1601571718186
877.1601571718186
879.1601571718186
880.1601571718186
878.1601571718186
1013.1601571718186
1023.1601571718186
1088.1601571718186
1084.1601571718186
1075.1601571718186
1075.1601571718186
1013.1601571718186
1006.1601571718186
989.1601571718186
946.1601571718186
846.1601571718186
846.1601571718186
790.1601571718186
778.1601571718186
773.1601571718186
815.1601571718186
774.1601571718186
771.1601571718186
785.1601571718186
772.1601571718186
771.1601571718186
771.1601571718186
692.1601571718186
591.1601571718186
552.1601571718186
615.1601571718186
545.1601571718186
574.1601571718186
569.1601571718186
626.1601571718186
598.1601571718186
463.16015717181864
453.16015717181864
389.16015717181864
389.16015717181864
421.16015717181864
421.16015717181864
421.16015717181864
421.16015717181864
454.16015717181864
461.16015717181864
556.1601571718186
669.1601571718186
675.1601571718186
790.1601571718186
810.1601571718186
747.1601571718186
764.1601571718186
766.1601571718186
752.1601571718186
752.1601571718186
752.1601571718186
752.1601571718186
752.1601571718186
886.1601571718186
917.1601571718186
1018.1601571718186
1030.1601571718186
990.1601571718186
992.1601571718186
932.1601571718186
932.1601571718186
951.1601571718186
956.1601571718186
955.1601571718186
949.1601571718186
897.1601571718186
897.1601571718186
897.1601571718186
897.1601571718186
864.1601571718186
857.1601571718186
762.1601571718186
649.1601571718186
643.1601571718186
528.1601571718186
508.16015717181864
508.16015717181864
483.16015717181864
480.16015717181864
480.16015717181864
480.16015717181864
480.16015717181864
480.16015717181864
480.16015717181864
346.16015717181864
315.16015717181864
151.16015717181864
129.16015717181864
157.16015717181864
188.16015717181864
189.16015717181864
189.16015717181864
170.16015717181864
165.16015717181864
165.16015717181864
167.16015717181864
167.16015717181864
167.16015717181864
167.16015717181864
167.16015717181864
169.16015717181864
169.16015717181864
169.16015717181864
169.16015717181864
169.16015717181864
224.16015717181864
224.16015717181864
224.16015717181864
224.16015717181864
234.16015717181864
234.16015717181864
277.16015717181864
368.16015717181864
444.16015717181864
444.16015717181864
444.16015717181864
444.16015717181864
444.16015717181864
444.16015717181864
498.16015717181864
487.16015717181864
486.16015717181864
600.1601571718186
661.1601571718186
724.1601571718186
724.1601571718186
722.1601571718186
722.1601571718186
722.1601571718186
739.1601571718186
739.1601571718186
944.1601571718186
945.1601571718186
945.1601571718186
945.1601571718186
956.1601571718186
901.1601571718186
922.1601571718186
924.1601571718186
925.1601571718186
921.1601571718186
921.1601571718186
878.1601571718186
787.1601571718186
711.1601571718186
711.1601571718186
711.1601571718186
711.1601571718186
722.1601571718186
801.1601571718186
781.1601571718186
885.1601571718186
917.1601571718186
969.1601571718186
908.1601571718186
924.1601571718186
924.1601571718186
1045.1601571718186
1056.1601571718186
1060.1601571718186
1057.1601571718186
1107.1601571718186
992.1601571718186
1042.1601571718186
1043.1601571718186
1043.1601571718186
1032.1601571718186
1178.1601571718186
1159.1601571718186
1157.1601571718186
1156.1601571718186
1150.1601571718186
1150.1601571718186
1150.1601571718186
1150.1601571718186
1150.1601571718186
1163.1601571718186
1170.1601571718186
1170.1601571718186
1159.1601571718186
1080.1601571718186
1007.1601571718186
881.1601571718186
849.1601571718186
683.1601571718186
683.1601571718186
604.1601571718186
604.1601571718186
483.16015717181864
472.16015717181864
468.16015717181864
454.16015717181864
404.16015717181864
312.16015717181864
261.16015717181864
331.16015717181864
425.16015717181864
508.16015717181864
402.16015717181864
412.16015717181864
469.16015717181864
479.16015717181864
544.1601571718186
672.1601571718186
729.1601571718186
729.1601571718186
729.1601571718186
716.1601571718186
709.1601571718186
709.1601571718186
714.1601571718186
773.1601571718186
773.1601571718186
808.1601571718186
882.1601571718186
882.1601571718186
882.1601571718186
895.1601571718186
907.1601571718186
977.1601571718186
981.1601571718186
984.1601571718186
1023.1601571718186
1050.1601571718186
1055.1601571718186
1055.1601571718186
1094.1601571718186
1000.1601571718186
917.1601571718186
877.1601571718186
880.1601571718186
823.1601571718186
813.1601571718186
748.1601571718186
620.1601571718186
563.1601571718186
563.1601571718186
584.1601571718186
645.1601571718186
679.1601571718186
723.1601571718186
743.1601571718186
714.1601571718186
773.1601571718186
740.1601571718186
668.1601571718186
668.1601571718186
695.1601571718186
701.1601571718186
689.1601571718186
622.1601571718186
618.1601571718186
621.1601571718186
583.1601571718186
563.1601571718186
558.1601571718186
558.1601571718186
448.16015717181864
448.16015717181864
449.16015717181864
458.16015717181864
638.1601571718186
710.1601571718186
802.1601571718186
845.1601571718186
893.1601571718186
901.1601571718186
912.1601571718186
892.1601571718186
831.1601571718186
797.1601571718186
757.1601571718186
732.1601571718186
749.1601571718186
706.1601571718186
774.1601571718186
803.1601571718186
839.1601571718186
812.1601571718186
803.1601571718186
804.1601571718186
801.1601571718186
801.1601571718186
900.1601571718186
899.1601571718186
915.1601571718186
945.1601571718186
1479.1601571718186
1601.1601571718186
1617.1601571718186
1908.1601571718186
2013.1601571718186
1854.1601571718186
2022.1601571718186
2145.160157171819
2116.160157171819
2068.160157171819
2075.160157171819
2115.160157171819
2114.160157171819
2127.160157171819
2127.160157171819
2128.160157171819
2128.160157171819
2100.160157171819
2089.160157171819
2059.160157171819
2084.160157171819
2083.160157171819
2114.160157171819
2111.160157171819
2318.160157171819
2363.160157171819
2412.160157171819
2313.160157171819
2390.160157171819
2417.160157171819
2404.160157171819
1870.1601571718186
1807.1601571718186
1824.1601571718186
1556.1601571718186
1448.1601571718186
1412.1601571718186
1172.1601571718186
966.1601571718186
1027.1601571718186
1070.1601571718186
1055.1601571718186
1062.1601571718186
1086.1601571718186
1073.1601571718186
1095.1601571718186
1090.1601571718186
1090.1601571718186
1071.1601571718186
1066.1601571718186
1026.1601571718186
970.1601571718186
980.1601571718186
976.1601571718186
1139.1601571718186
1044.1601571718186
1104.1601571718186
1061.1601571718186
1059.1601571718186
982.1601571718186
932.1601571718186
915.1601571718186
946.1601571718186
898.1601571718186
926.1601571718186
926.1601571718186
951.1601571718186
951.1601571718186
1010.1601571718186
1002.1601571718186
927.1601571718186
884.1601571718186
884.1601571718186
826.1601571718186
803.1601571718186
803.1601571718186
781.1601571718186
781.1601571718186
823.1601571718186
823.1601571718186
823.1601571718186
823.1601571718186
823.1601571718186
816.1601571718186
792.1601571718186
701.1601571718186
775.1601571718186
771.1601571718186
811.1601571718186
808.1601571718186
808.1601571718186
808.1601571718186
808.1601571718186
837.1601571718186
864.1601571718186
803.1601571718186
779.1601571718186
800.1601571718186
818.1601571718186
759.1601571718186
758.1601571718186
758.1601571718186
758.1601571718186
758.1601571718186
758.1601571718186
757.1601571718186
757.1601571718186
757.1601571718186
757.1601571718186
715.1601571718186
715.1601571718186
715.1601571718186
715.1601571718186
715.1601571718186
745.1601571718186
849.1601571718186
898.1601571718186
713.1601571718186
612.1601571718186
566.1601571718186
565.1601571718186
565.1601571718186
565.1601571718186
601.1601571718186
541.1601571718186
513.1601571718186
530.1601571718186
562.1601571718186
540.1601571718186
541.1601571718186
564.1601571718186
604.1601571718186
644.1601571718186
691.1601571718186
702.1601571718186
702.1601571718186
737.1601571718186
737.1601571718186
737.1601571718186
738.1601571718186
738.1601571718186
750.1601571718186
781.1601571718186
781.1601571718186
797.1601571718186
741.1601571718186
669.1601571718186
600.1601571718186
598.1601571718186
598.1601571718186
625.1601571718186
625.1601571718186
625.1601571718186
625.1601571718186
589.1601571718186
589.1601571718186
579.1601571718186
562.1601571718186
530.1601571718186
500.16015717181864
481.16015717181864
492.16015717181864
476.16015717181864
451.16015717181864
404.16015717181864
393.16015717181864
393.16015717181864
358.16015717181864
358.16015717181864
358.16015717181864
364.16015717181864
365.16015717181864
353.16015717181864
322.16015717181864
360.16015717181864
344.16015717181864
344.16015717181864
309.16015717181864
250.16015717181864
250.16015717181864
250.16015717181864
301.16015717181864
301.16015717181864
301.16015717181864
301.16015717181864
385.16015717181864
442.16015717181864
450.16015717181864
450.16015717181864
450.16015717181864
450.16015717181864
450.16015717181864
416.16015717181864
392.16015717181864
377.16015717181864
377.16015717181864
377.16015717181864
474.16015717181864
535.1601571718186
535.1601571718186
535.1601571718186
528.1601571718186
528.1601571718186
528.1601571718186
528.1601571718186
490.16015717181864
490.16015717181864
478.16015717181864
478.16015717181864
478.16015717181864
478.16015717181864
478.16015717181864
483.16015717181864
564.1601571718186
631.1601571718186
631.1601571718186
547.1601571718186
532.1601571718186
531.1601571718186
566.1601571718186
566.1601571718186
566.1601571718186
566.1601571718186
567.1601571718186
673.1601571718186
673.1601571718186
748.1601571718186
748.1601571718186
712.1601571718186
832.1601571718186
834.1601571718186
872.1601571718186
906.1601571718186
912.1601571718186
955.1601571718186
955.1601571718186
957.1601571718186
1045.1601571718186
1047.1601571718186
1048.1601571718186
1048.1601571718186
1048.1601571718186
1048.1601571718186
965.1601571718186
884.1601571718186
893.1601571718186
894.1601571718186
895.1601571718186
984.1601571718186
977.1601571718186
942.1601571718186
942.1601571718186
994.1601571718186
995.1601571718186
1224.1601571718186
1134.1601571718186
1171.1601571718186
1098.1601571718186
1100.1601571718186
1039.1601571718186
858.1601571718186
856.1601571718186
818.1601571718186
784.1601571718186
777.1601571718186
734.1601571718186
734.1601571718186
732.1601571718186
644.1601571718186
661.1601571718186
660.1601571718186
660.1601571718186
660.1601571718186
660.1601571718186
660.1601571718186
660.1601571718186
586.1601571718186
585.1601571718186
592.1601571718186
506.16015717181864
549.1601571718186
549.1601571718186
549.1601571718186
561.1601571718186
560.1601571718186
388.16015717181864
372.16015717181864
335.16015717181864
333.16015717181864
331.16015717181864
343.16015717181864
343.16015717181864
343.16015717181864
343.16015717181864
343.16015717181864
343.16015717181864
358.16015717181864
428.16015717181864
461.16015717181864
496.16015717181864
477.16015717181864
490.16015717181864
503.16015717181864
503.16015717181864
503.16015717181864
503.16015717181864
503.16015717181864
501.16015717181864
503.16015717181864
517.1601571718186
472.16015717181864
429.16015717181864
429.16015717181864
429.16015717181864
387.16015717181864
388.16015717181864
330.16015717181864
330.16015717181864
330.16015717181864
339.16015717181864
339.16015717181864
327.16015717181864
327.16015717181864
327.16015717181864
327.16015717181864
327.16015717181864
327.16015717181864
312.16015717181864
242.16015717181864
209.16015717181864
178.16015717181864
178.16015717181864
283.16015717181864
341.16015717181864
423.16015717181864
622.1601571718186
653.1601571718186
653.1601571718186
653.1601571718186
651.1601571718186
629.1601571718186
629.1601571718186
634.1601571718186
639.1601571718186
639.1601571718186
617.1601571718186
616.1601571718186
616.1601571718186
616.1601571718186
617.1601571718186
614.1601571718186
614.1601571718186
623.1601571718186
641.1601571718186
641.1601571718186
642.1601571718186
642.1601571718186
642.1601571718186
642.1601571718186
642.1601571718186
642.1601571718186
638.1601571718186
638.1601571718186
520.1601571718186
449.16015717181864
367.16015717181864
170.16015717181864
144.16015717181864
144.16015717181864
165.16015717181864
165.16015717181864
165.16015717181864
165.16015717181864
160.16015717181864
155.16015717181864
155.16015717181864
215.16015717181864
216.16015717181864
216.16015717181864
216.16015717181864
215.16015717181864
209.16015717181864
214.16015717181864
205.16015717181864
213.16015717181864
216.16015717181864
389.16015717181864
396.16015717181864
400.16015717181864
400.16015717181864
445.16015717181864
470.16015717181864
626.1601571718186
661.1601571718186
815.1601571718186
815.1601571718186
815.1601571718186
816.1601571718186
811.1601571718186
811.1601571718186
825.1601571718186
825.1601571718186
827.1601571718186
843.1601571718186
843.1601571718186
843.1601571718186
843.1601571718186
783.1601571718186
782.1601571718186
789.1601571718186
789.1601571718186
789.1601571718186
789.1601571718186
784.1601571718186
784.1601571718186
758.1601571718186
755.1601571718186
581.1601571718186
574.1601571718186
570.1601571718186
570.1601571718186
525.1601571718186
515.1601571718186
431.16015717181864
437.16015717181864
297.16015717181864
297.16015717181864
297.16015717181864
331.16015717181864
332.16015717181864
332.16015717181864
316.16015717181864
328.16015717181864
326.16015717181864
310.16015717181864
310.16015717181864
310.16015717181864
321.16015717181864
321.16015717181864
321.16015717181864
314.16015717181864
314.16015717181864
314.16015717181864
314.16015717181864
320.16015717181864
332.16015717181864
332.16015717181864
332.16015717181864
332.16015717181864
332.16015717181864
332.16015717181864
332.16015717181864
332.16015717181864
317.16015717181864
245.16015717181864
204.16015717181864
198.16015717181864
202.16015717181864
202.16015717181864
165.16015717181864
164.16015717181864
172.16015717181864
153.16015717181864
141.16015717181864
145.16015717181864
252.16015717181864
275.16015717181864
275.16015717181864
264.16015717181864
269.16015717181864
299.16015717181864
299.16015717181864
299.16015717181864
299.16015717181864
299.16015717181864
293.16015717181864
281.16015717181864
281.16015717181864
282.16015717181864
304.16015717181864
421.16015717181864
522.1601571718186
587.1601571718186
587.1601571718186
590.1601571718186
620.1601571718186
623.1601571718186
615.1601571718186
660.1601571718186
733.1601571718186
805.1601571718186
805.1601571718186
797.1601571718186
797.1601571718186
797.1601571718186
932.1601571718186
841.1601571718186
818.1601571718186
818.1601571718186
818.1601571718186
813.1601571718186
783.1601571718186
783.1601571718186
783.1601571718186
783.1601571718186
783.1601571718186
783.1601571718186
783.1601571718186
783.1601571718186
782.1601571718186
760.1601571718186
643.1601571718186
542.1601571718186
477.16015717181864
572.1601571718186
576.1601571718186
556.1601571718186
553.1601571718186
558.1601571718186
509.16015717181864
436.16015717181864
364.16015717181864
365.16015717181864
378.16015717181864
387.16015717181864
408.16015717181864
343.16015717181864
342.16015717181864
387.16015717181864
458.16015717181864
475.16015717181864
487.16015717181864
487.16015717181864
511.16015717181864
518.1601571718186
518.1601571718186
518.1601571718186
518.1601571718186
518.1601571718186
518.1601571718186
518.1601571718186
518.1601571718186
518.1601571718186
518.1601571718186
518.1601571718186
423.16015717181864
416.16015717181864
455.16015717181864
456.16015717181864
451.16015717181864
451.16015717181864
451.16015717181864
451.16015717181864
456.16015717181864
443.16015717181864
434.16015717181864
413.16015717181864
339.16015717181864
324.16015717181864
279.16015717181864
208.16015717181864
223.16015717181864
221.16015717181864
221.16015717181864
197.16015717181864
312.16015717181864
350.16015717181864
455.16015717181864
530.1601571718186
530.1601571718186
530.1601571718186
530.1601571718186
530.1601571718186
530.1601571718186
530.1601571718186
651.1601571718186
698.1601571718186
699.1601571718186
660.1601571718186
714.1601571718186
714.1601571718186
752.1601571718186
855.1601571718186
896.1601571718186
938.1601571718186
992.1601571718186
994.1601571718186
994.1601571718186
994.1601571718186
994.1601571718186
994.1601571718186
994.1601571718186
962.1601571718186
952.1601571718186
952.1601571718186
952.1601571718186
830.1601571718186
792.1601571718186
770.1601571718186
706.1601571718186
716.1601571718186
716.1601571718186
716.1601571718186
716.1601571718186
716.1601571718186
716.1601571718186
661.1601571718186
618.1601571718186
617.1601571718186
613.1601571718186
558.1601571718186
558.1601571718186
520.1601571718186
576.1601571718186
535.1601571718186
487.16015717181864
433.16015717181864
893.1601571718186
893.1601571718186
893.1601571718186
915.1601571718186
930.1601571718186
930.1601571718186
930.1601571718186
930.1601571718186
930.1601571718186
930.1601571718186
930.1601571718186
930.1601571718186
847.1601571718186
836.1601571718186
835.1601571718186
855.1601571718186
899.1601571718186
902.1601571718186
926.1601571718186
1018.1601571718186
976.1601571718186
972.1601571718186
972.1601571718186
966.1601571718186
966.1601571718186
968.1601571718186
976.1601571718186
836.1601571718186
908.1601571718186
908.1601571718186
923.1601571718186
490.16015717181864
494.16015717181864
495.16015717181864
594.1601571718186
661.1601571718186
729.1601571718186
763.1601571718186
798.1601571718186
798.1601571718186
805.1601571718186
1059.1601571718186
1165.1601571718186
1216.1601571718186
1216.1601571718186
1207.1601571718186
1187.1601571718186
1143.1601571718186
1268.1601571718186
1268.1601571718186
1286.1601571718186
1262.1601571718186
1262.1601571718186
1272.1601571718186
1280.1601571718186
1383.1601571718186
1383.1601571718186
1375.1601571718186
1356.1601571718186
1351.1601571718186
1358.1601571718186
1346.1601571718186
1338.1601571718186
1395.1601571718186
1441.1601571718186
1344.1601571718186
1262.1601571718186
1194.1601571718186
1160.1601571718186
1125.1601571718186
1125.1601571718186
1118.1601571718186
864.1601571718186
811.1601571718186
760.1601571718186
760.1601571718186
760.1601571718186
815.1601571718186
821.1601571718186
705.1601571718186
749.1601571718186
641.1601571718186
653.1601571718186
757.1601571718186
747.1601571718186
739.1601571718186
636.1601571718186
634.1601571718186
634.1601571718186
640.1601571718186
609.1601571718186
604.1601571718186
601.1601571718186
580.1601571718186
549.1601571718186
502.16015717181864
495.16015717181864
495.16015717181864
495.16015717181864
495.16015717181864
495.16015717181864
495.16015717181864
495.16015717181864
495.16015717181864
442.16015717181864
442.16015717181864
442.16015717181864
442.16015717181864
387.16015717181864
407.16015717181864
481.16015717181864
413.16015717181864
411.16015717181864
438.16015717181864
336.16015717181864
340.16015717181864
340.16015717181864
342.16015717181864
345.16015717181864
345.16015717181864
339.16015717181864
303.16015717181864
301.16015717181864
301.16015717181864
301.16015717181864
271.16015717181864
277.16015717181864
320.16015717181864
320.16015717181864
320.16015717181864
320.16015717181864
320.16015717181864
338.16015717181864
351.16015717181864
472.16015717181864
630.1601571718186
719.1601571718186
728.1601571718186
728.1601571718186
735.1601571718186
882.1601571718186
801.1601571718186
809.1601571718186
823.1601571718186
784.1601571718186
795.1601571718186
939.1601571718186
1221.1601571718186
1336.1601571718186
1336.1601571718186
1336.1601571718186
1337.1601571718186
1337.1601571718186
1391.1601571718186
1413.1601571718186
1426.1601571718186
1426.1601571718186
1420.1601571718186
1360.1601571718186
1360.1601571718186
1360.1601571718186
1360.1601571718186
1360.1601571718186
1342.1601571718186
1345.1601571718186
1225.1601571718186
1067.1601571718186
978.1601571718186
974.1601571718186
1017.1601571718186
1018.1601571718186
845.1601571718186
840.1601571718186
851.1601571718186
837.1601571718186
849.1601571718186
836.1601571718186
688.1601571718186
439.16015717181864
324.16015717181864
321.16015717181864
321.16015717181864
320.16015717181864
320.16015717181864
269.16015717181864
250.16015717181864
247.16015717181864
266.16015717181864
266.16015717181864
266.16015717181864
266.16015717181864
266.16015717181864
266.16015717181864
266.16015717181864
266.16015717181864
251.16015717181864
250.16015717181864
250.16015717181864
250.16015717181864
245.16015717181864
202.16015717181864
194.16015717181864
194.16015717181864
194.16015717181864
175.16015717181864
175.16015717181864
190.16015717181864
287.16015717181864
334.16015717181864
312.16015717181864
321.16015717181864
321.16015717181864
321.16015717181864
321.16015717181864
321.16015717181864
319.16015717181864
519.1601571718186
609.1601571718186
608.1601571718186
609.1601571718186
679.1601571718186
709.1601571718186
730.1601571718186
745.1601571718186
745.1601571718186
745.1601571718186
770.1601571718186
802.1601571718186
802.1601571718186
941.1601571718186
943.1601571718186
1019.1601571718186
1146.1601571718186
1146.1601571718186
1146.1601571718186
1146.1601571718186
1146.1601571718186
1119.1601571718186
1022.1601571718186
975.1601571718186
964.1601571718186
953.1601571718186
953.1601571718186
953.1601571718186
953.1601571718186
953.1601571718186
952.1601571718186
749.1601571718186
649.1601571718186
823.1601571718186
958.1601571718186
888.1601571718186
858.1601571718186
977.1601571718186
962.1601571718186
1169.1601571718186
1208.1601571718186
1182.1601571718186
1184.1601571718186
1402.1601571718186
1263.1601571718186
1270.1601571718186
1236.1601571718186
1190.1601571718186
1272.1601571718186
1502.1601571718186
1608.1601571718186
1698.1601571718186
1839.1601571718186
1935.1601571718186
1935.1601571718186
1963.1601571718186
2003.1601571718186
2013.1601571718186
2081.160157171819
2151.160157171819
2406.160157171819
2409.160157171819
2414.160157171819
2423.160157171819
2231.160157171819
2095.160157171819
2095.160157171819
2095.160157171819
1960.1601571718186
1960.1601571718186
1858.1601571718186
1819.1601571718186
1819.1601571718186
1913.1601571718186
1720.1601571718186
1771.1601571718186
1793.1601571718186
1751.1601571718186
1670.1601571718186
1588.1601571718186
1375.1601571718186
1281.1601571718186
1191.1601571718186
1051.1601571718186
955.1601571718186
955.1601571718186
940.1601571718186
958.1601571718186
958.1601571718186
962.1601571718186
893.1601571718186
638.1601571718186
635.1601571718186
630.1601571718186
621.1601571718186
621.1601571718186
621.1601571718186
621.1601571718186
621.1601571718186
616.1601571718186
616.1601571718186
511.16015717181864
511.16015717181864
511.16015717181864
384.16015717181864
380.16015717181864
329.16015717181864
298.16015717181864
298.16015717181864
298.16015717181864
299.16015717181864
282.16015717181864
270.16015717181864
328.16015717181864
355.16015717181864
493.16015717181864
508.16015717181864
565.1601571718186
508.16015717181864
748.1601571718186
676.1601571718186
675.1601571718186
675.1601571718186
675.1601571718186
675.1601571718186
678.1601571718186
678.1601571718186
678.1601571718186
678.1601571718186
678.1601571718186
743.1601571718186
771.1601571718186
771.1601571718186
771.1601571718186
771.1601571718186
770.1601571718186
749.1601571718186
749.1601571718186
749.1601571718186
749.1601571718186
749.1601571718186
748.1601571718186
748.1601571718186
748.1601571718186
690.1601571718186
662.1601571718186
524.1601571718186
509.16015717181864
439.16015717181864
438.16015717181864
188.16015717181864
188.16015717181864
188.16015717181864
188.16015717181864
188.16015717181864
368.16015717181864
447.16015717181864
464.16015717181864
535.1601571718186
650.1601571718186
738.1601571718186
693.1601571718186
689.1601571718186
776.1601571718186
781.1601571718186
781.1601571718186
781.1601571718186
781.1601571718186
781.1601571718186
781.1601571718186
781.1601571718186
781.1601571718186
781.1601571718186
781.1601571718186
781.1601571718186
781.1601571718186
781.1601571718186
781.1601571718186
781.1601571718186
781.1601571718186
781.1601571718186
781.1601571718186
781.1601571718186
810.1601571718186
914.1601571718186
1120.1601571718186
941.1601571718186
871.1601571718186
991.1601571718186
936.1601571718186
842.1601571718186
827.1601571718186
809.1601571718186
785.1601571718186
703.1601571718186
707.1601571718186
707.1601571718186
707.1601571718186
722.1601571718186
765.1601571718186
767.1601571718186
767.1601571718186
767.1601571718186
767.1601571718186
767.1601571718186
767.1601571718186
786.1601571718186
835.1601571718186
939.1601571718186
969.1601571718186
970.1601571718186
1069.1601571718186
1074.1601571718186
1074.1601571718186
1045.1601571718186
941.1601571718186
737.1601571718186
736.1601571718186
733.1601571718186
663.1601571718186
778.1601571718186
806.1601571718186
734.1601571718186
736.1601571718186
736.1601571718186
731.1601571718186
845.1601571718186
898.1601571718186
925.1601571718186
1007.1601571718186
1082.1601571718186
1080.1601571718186
1082.1601571718186
1143.1601571718186
1240.1601571718186
1284.1601571718186
1292.1601571718186
1274.1601571718186
1254.1601571718186
1150.1601571718186
1133.1601571718186
1141.1601571718186
1183.1601571718186
1260.1601571718186
1332.1601571718186
1431.1601571718186
1452.1601571718186
1483.1601571718186
1483.1601571718186
1474.1601571718186
1407.1601571718186
1276.1601571718186
1227.1601571718186
1233.1601571718186
1234.1601571718186
1261.1601571718186
1334.1601571718186
1215.1601571718186
1252.1601571718186
1321.1601571718186
1231.1601571718186
1113.1601571718186
1113.1601571718186
1111.1601571718186
1054.1601571718186
959.1601571718186
915.1601571718186
907.1601571718186
906.1601571718186
877.1601571718186
877.1601571718186
864.1601571718186
855.1601571718186
714.1601571718186
632.1601571718186
560.1601571718186
461.16015717181864
440.16015717181864
412.16015717181864
412.16015717181864
412.16015717181864
412.16015717181864
412.16015717181864
412.16015717181864
405.16015717181864
400.16015717181864
373.16015717181864
300.16015717181864
296.16015717181864
206.16015717181864
110.16015717181864
103.16015717181864
112.16015717181864
136.16015717181864
136.16015717181864
132.16015717181864
130.16015717181864
130.16015717181864
130.16015717181864
151.16015717181864
152.16015717181864
153.16015717181864
172.16015717181864
373.16015717181864
414.16015717181864
456.16015717181864
588.1601571718186
717.1601571718186
717.1601571718186
712.1601571718186
717.1601571718186
718.1601571718186
720.1601571718186
721.1601571718186
723.1601571718186
723.1601571718186
723.1601571718186
723.1601571718186
723.1601571718186
724.1601571718186
727.1601571718186
727.1601571718186
747.1601571718186
738.1601571718186
714.1601571718186
719.1601571718186
721.1601571718186
721.1601571718186
721.1601571718186
721.1601571718186
700.1601571718186
699.1601571718186
742.1601571718186
987.1601571718186
901.1601571718186
892.1601571718186
984.1601571718186
948.1601571718186
821.1601571718186
874.1601571718186
905.1601571718186
905.1601571718186
907.1601571718186
905.1601571718186
907.1601571718186
1018.1601571718186
1019.1601571718186
1067.1601571718186
1134.1601571718186
1134.1601571718186
1211.1601571718186
1215.1601571718186
1215.1601571718186
1195.1601571718186
1197.1601571718186
1206.1601571718186
1337.1601571718186


