Rainfall Prediction

404.5018796992481
414.54949121184086
388.15649867374003
185.56451612903223
254.52263023057216
203.68894601542416
298.4511278195489
328.6729857819905
461.48506694129765
582.48322147651
723.9633027522935
976.2030848329049
809.1
720.8900966183575
557.28
633.8276315789474
178.28491620111734
2.503382949932341
22.618750000000002
121.21280991735537
123.51508620689654
133.08064516129033
156.63594470046084
152.96064814814815
79.85150812064965
98.80232558139535
132.8
132.5
245.74545454545452
20.190255220417633
0.0
0.0
0.0
0.0
0.0
0.0
0.0
0.0
0.0
0.0
0.0
0.0
0.0
0.0
0.0
24.46875
53.67638483965015
70.57725947521865
126.3125
160.10491803278688
165.72368421052633
139.20792079207922
130.55445544554456
137.32673267326732
141.0891089108911
0.0
0.0
0.0
0.0
6.443478260869565
147.15838509316768
298.2197614991482
438.48314606741576
450.20754716981133
491.8333333333333
496.2325581395349
686.3201663201663
607.8472803347281
755.9377880184331
801.042654028436
869.7051597051596
560.5461165048544
167.21311475409834
0.0
0.0
0.0
0.0
0.0
0.0
0.0
0.0
0.0
0.0
0.0
0.0
0.0
339.8340248962656
504.6752411575563
332.6076794657763
337.11864406779665
213.14788732394368
130.92
108.91522491349481
46.324058919803605
0.0
0.0
0.0
0.0
0.0
0.0
0.0
0.0
0.0
0.0
0.0
0.0
0.0
0.0
0.0
0.0
0.0
0.0
0.0
0.0
0.0
0.0
0.0
0.0
0.0
0.0
0.0
0.0
0.0
0.0
0.0
0.0
0.0
0.0
0.0
0.0
0.0
0.0
0.0
0.0
0.0
0.0
0.0
0.0
0.0
0.0
0.0
0.0
0.0
0.0
0.0
0.0
0.0
0.0
0.0
0.0
0.0
0.0
0.0
0.0
0.0
0.0
0.0
0.0
0.0
0.0
0.0
0.0
0.0
14.252891287586738
0.0
104.18957345971565
191.3235785953177
244.68875838926175
237.50294860994103
398.56429232192414
633.5112936344968
414.9344262295082
487.23837209302326
879.2763157894736
1126.0129482071713
1364.6127292340884
1834.1271676300576
1852.873108265425
2369.908724832215
2354.3827493261456
1840.9369158878505
1742.8060747663553
1772.6705607476638
1766.8457943925234
1591.1915887850466
1106.0043196544277
1121.6315789473686
1475.9660087719299
1348.6033402922756
1346.1549738219894
1297.9214659685865
1208.324607329843
1142.1361256544503
1323.9268292682927
799.0341578327444
791.472320376914
346.7703180212014
524.9162011173185
466.83741648106906
664.7348066298342
884.3944751381216
902.9038674033148
1419.3111395646606
1432.177777777778
1197.4592592592594
1400.9074074074074
3056.510843373494
4501.887043189368
4109.403333333333
4251.386666666666
3897.5999999999995
7053.870967741936
7087.694300518135
7450.980392156863
8519.8
7510.204878048781
10330.993150684932
10194.31875
8853.6
9767.561403508773
10365.956140350878
14449.078947368422
10782.894736842105
14808.508771929824
13543.315789473685
10538.482456140351
10955.421052631578
13381.105263157895
20183.29411764706
22386.65625
34220.28070175439
28584.59649122807
14528.464646464645
7373.435643564357
1466.1391304347828
1452.2292263610316
2423.9656160458453
2448.859598853868
2138.3381088825217
2138.3381088825217
2045.5014326647565
1157.8595988538682
709.860310421286
569.6949891067538
200.14224137931032
14.425661914460285
151.04040404040404
242.2789256198347
287.75054704595186
530.2319474835886
348.0769230769231
67.12202852614897
23.05061559507524
17.192408376963353
11.114690721649483
9.98719590268886
5.256570713391739
0.0
0.0
0.0
0.0
0.0
0.0
0.0
0.0
17.057603686635947
78.30831408775981
75.34642032332563
17.837182448036952
13.30484988452656
14.064665127020787
5.767898383371824
5.70554272517321
88.57516339869281
62.9986962190352
74.49867374005305
92.66666666666666
31.75207756232687
233.46260387811634
293.6652949245542
340.61246612466124
243.21923076923076
375.66295707472176
671.8491921005386
1192.8778625954199
1583.525925925926
3346.5714285714284
3595.4619469026547
3423.080357142857
4176.831683168317
4652.234567901234
4419.644970414201
5144.210526315789
5175.789473684211
7241.379310344828
7479.968390804598
5145.655172413793
4872.971098265895
4278.841040462427
3952.450867052023
3952.054945054945
4055.1923076923076
3800.6813186813183
3764.460273972603
4542.5
5964.1037463976945
6273.604651162791
6666.889534883721
6335.392441860466
4917.453488372093
4968.356083086053
4372.518292682927
5445.541818181818
5858.752851711027
7043.140425531915
5920.238297872341
6358.985507246377
4467.857142857142
4309.811320754717
9598.038834951456
12333.4375
25968.600000000002
65413.26315789474
66027.36842105263
72680.0
80066.47368421053
74900.8947368421
58966.75
6874.005434782609
1918.8961625282166
1222.3164556962026
933.1683168316832
813.6409836065574
705.1914893617021
691.655737704918
162.00819672131146
453.6229508196721
428.4754098360656
388.3360655737705
160.0522022838499
175.35830618892507
130.42532467532467
65.33634992458522
77.59011627906978
68.1482558139535
59.77906976744186
11.720930232558139
0.0
0.0
0.0
0.0
0.0
0.0
0.0
0.0
0.0
0.0
0.0
0.0
0.0
0.0
0.0
0.0
0.0
0.0
0.0


