Rainfall Prediction

2089.357775293087
2349.355558771491
2555.378888149481
2381.2417839670047
2546.1539033551812
2566.7980430230823
2577.6128154534545
2530.768231945518
2503.2502645851396
2272.6340215891523
2396.6211362873214
2316.336137836492
2271.340353554002
2462.886873691329
2519.1140342171007
2658.8459663022836
2587.1575717403175
2437.147978597323
2187.694516593002
1667.0421233968068
1564.6411496926369
1450.3688164749976
1433.6710596135708
1426.2454012269618
1308.5412267932088
1195.4252286545648
1096.9701898301284
1076.0023301819094
791.8596720432597
678.7588274115399
536.6420208672909
523.5283531920437
168.93310133643885
0.0
0.0
0.0
0.0
0.0
0.0
0.0
0.0
2017.4122094029321
0.0
0.0
0.0
0.0
0.0
0.0
0.0
0.0
29.766999341857627
124.5923040252394
219.01724854301835
137.72554556779244
135.53035364223888
108.49007514515858
19.02093052347368
10.89249446559188
52.72692219718488
77.4794245137042
309.758464416019
450.0290974743788
377.88126059613546
321.1447053605667
218.14470536056672
242.1489394692536
358.85462245880956
236.8099064395742
209.66252855559424
83.5382664138375
56.844354406188245
43.09894649105013
4.098946491050128
70.60419446936686
148.18276471298356
202.6479782664649
176.33262458156992
444.42701773587135
463.42701773587135
698.7262843097709
757.5103655046033
762.3144064044619
755.6416134723656
704.5263098791863
766.6940231021329
828.6270729289776
915.057118709326
941.6896618016899
962.3139101660985
937.6688285924587
1058.489541748042
842.3320569188329
788.7253368905922
836.047603102914
984.0121770978099
1185.9112272434622
1217.3123337244358
1151.1209072291645
1186.4718488627523
1182.8761666810449
1206.9367493073337
1261.5428527053737
1255.5095040460901
1265.842852437432
1198.2005366764638
1147.8115026130645
1131.8264207211064
1111.4964969757614
741.4787728785669
722.4787728785669
432.1226810786867
465.7871372184181
470.38707970153746
429.0495427246477
394.49919991227677
386.5318941622742
329.687650258446
256.549611451666
228.46362509965223
500.6358159245611
452.06067032598804
210.5260585743971
236.21459903770946
279.19851760826265
200.4555056465993
111.34659269021273
56.32468894668273
38.28368502756322
57.947446517705714
0.0
7.543962010424366
0.0
0.0
34.429107573018996
58.33029713996734
110.83858922320098
129.01806352309313
138.02409604676478
264.1760206091317
353.1356214932169
428.1356214932169
468.8712137842582
473.246829130161
563.3693422479561
547.915048304526
654.4674502280998
1272.1744236781597
1257.9757517414655
1331.1600268846764
1831.1993835383366
544.6039363512493
638.8736868606554
798.9407798371346
842.1482153695163
841.7999032716725
944.0851746444691
1015.9376938357582
1080.8917389978978
1046.5446442909242
1076.135528269919
1263.072257107948
1184.9140968744425
1237.5194645715258
1198.5194645715258
1074.0888182888689
1046.0888182888689
1038.0888182888689
1082.0888182888689
1054.4953244406258
947.1912729531884
1142.548520337014
956.0273239480192
908.2106557970947
722.7743654292474
634.1338002410541
691.2508422673461
618.4359415786796
664.1502816682926
682.689539417634
630.7871058680752
566.0488954592647
596.7236988986929
564.1399624678562
366.88955566600794
275.4085566740071
107.97576878846391
25.804135738769588
0.0
0.0
0.0
0.0
0.0
0.0
53.80718348125072
221.00259287998878
277.7844152950827
273.7844152950827
273.7844152950827
237.78441529508268
265.00572471446173
262.2747829316804
246.33347813859373
383.7789192882097
270.8344250653087
385.2320867502036
697.8571600820472
758.8571600820472
785.2123898469001
728.3070233804441
724.3070233804441
947.6692765646909
951.3832293243714
879.6247314472026
874.2284867542807
1156.352693887683
12159.421636989395
1655.430474639651
1289.0
1308.0
2524.228035268377
2206.2886505733345
2310.037355286971
1761.4428018204737
1842.4304607569734
1193.0
1032.0
1014.0
1029.0
1029.0
1010.0
1008.0
1008.0
1008.0
1025.0
1025.0
1215.794258170426
927.9133489017041
883.6446475776011
870.5609851942154
849.0621517571842
849.0621517571842
552.7425721743684
435.69523142251074
348.8005198631608
329.2606099100183
197.26060991001827
368.2606099100183
341.2606099100183
518.8630111595517
566.5404231106818
477.71842669430015
576.7531448693051
455.42148585476025
419.95758767032015
357.3801831046785
364.534908741291
435.33980482604716
450.1349840454101
416.49915329825603
443.958028570597
446.958028570597
246.5375895851546
249.52854954366921
250.52854954366921
323.5285495436692
442.51497897458967
487.55668220250163
577.8167899361042
628.26802230665
652.5263990174033
703.5925260186488
926.5925260186488
1030.3343639785753
1434.1235891879892
1540.6375184305625
1548.6375184305625
1638.6375184305625
1872.1160986124332
1943.4459993914868
1701.8587659700497
1666.5245253865046
1544.8805389210704
1415.2318020461016
1372.242424371118
1400.8075322053733
1381.4903662178745
1344.4272419830627
1110.4494481314669
1030.7378974697035
1092.6616910969688
1234.253236222456
1349.2044734908332
1495.9223042486162
1443.285205241053
1529.2729580799023
1451.2631873030853
1260.6979296714808
1298.2992250053358
1184.1628592013706
1099.468887700001
1109.6692589443653
1098.0836162052863
939.8839592568812
902.2459418739734
464.1427887624115
546.9703833887834
584.116469198615
538.3778754361695
418.9066631130472
297.8626534226973
450.8161721208445
532.8093675573747
657.6150589395779
688.4163737674141
946.095204488515
864.095204488515
1558.721358096846
1462.3240178889712
1652.4307484116366
1668.2603207812845
1678.1480876703536
1594.2617682650498
1497.646574991722
1612.3655265193406
1813.9326762324918
1969.3494734953897
2003.9850873704672
1924.6134077380889
1814.3062566517021
1801.2575336350162
1739.291509254134
1664.5469862172251
1560.3011753326048
1385.1712685666414
1315.7355224868563
1228.7019061382375
1070.9966418912782
1019.8205760615587
965.8786436893532
925.4151428568962
918.5874679247107
782.7921396879158
702.2461936131905
662.2440619991055
588.2360674148597
532.174809092402
616.1406489662825
395.7954059297939
330.1950976748146
223.5919228961675
371.7274566173728
602.7022618209295
675.5288653463815
635.8416807948473
680.1796011993117
592.352312243601
259.6128940897372
239.3394153718456
302.6510990044156
342.4271073495015
348.289304915971
408.04958838062885
415.5671997217678
485.2177588793558
630.3569669711092
719.6678578476977


