Rainfall Prediction

2154.688151395123
2228.765832176112
2348.5966809389033
2422.4619116808335
2581.928899843642
2702.710829903516
2418.114913455717
2476.0852696900843
2548.9606221805184
2513.9320706661265
2573.8422607818657
2450.7742257472246
2292.6005730344823
2041.9196575003805
1921.0
1864.0
1691.0
1884.0
1881.0
1533.0
1429.0
1206.0
1233.0
1243.0
1210.0
903.0
815.0
653.0
285.0
134.0
101.0
0.0
0.0
0.0
0.0
0.0
0.0
0.0
0.0
0.0
0.0
0.0
0.0
0.0
0.0
0.0
0.0
0.0
0.0
0.0
0.0
0.0
0.0
0.0
0.0
0.0
0.0
0.0
214.9290803786115
318.19015978463005
529.3646847840129
547.4399790373147
785.8314568921314
770.0696282707714
742.8417157937072
756.402725423217
887.6108585345297
887.3742920225761
879.6506621519499
1042.6789186082947
1111.0797459765297
990.2163904554396
999.7096689340638
860.0098682696074
721.101844320421
605.280491559531
350.73166970956305
623.4708696424301
652.5219046687561
786.1864404524226
840.4532276647597
766.5361021877221
720.121512922493
409.70484751997367
381.6505248382345
378.63462236244044
372.4407382169526
131.246574817726
0.0
0.0
0.0
0.0
0.0
0.0
0.0
0.0
0.0
0.0
0.0
0.0
0.0
0.0
0.0
0.0
71.01768128584884
694.6342866656287
84.74425802644332
165.61802486501
42.5453591213288
0.0
0.0
0.0
0.0
0.0
125.98121031190622
158.8225812410467
196.74601656783796
194.75422101896947
212.72485962994546
532.4273853773007
557.450705231558
472.7457433295569
416.25591961558166
391.40344919091274
351.43179076206025
346.73863751791527
346.9608286137234
321.10508558663764
271.64699815879254
183.81997837785707
110.2788690920711
90.24346551514668
118.7462087220569
121.69488051864064
141.56648885653973
36.58820250892798
0.0
0.0
0.0
0.0
0.0
0.0
0.0
0.0
0.0
0.0
0.0
0.0
0.0
0.0
0.0
0.0
0.0
0.0
0.0
0.0
0.0
0.0
0.0
0.0
0.0
0.0
0.0
0.0
0.0
0.0
0.0
0.0
0.0
0.0
0.0
0.0
0.0
31.857612224458006
58.82552764394326
62.82082011227344
441.56929938968995
611.6939587659978
870.3605888796424
1060.8313670169632
1300.3733936698802
1430.1355181966032
1481.6193316589972
1422.8043071698023
1276.0432064259376
1356.556959945351
1360.7782427385675
1321.7405879048363
1085.5039133784792
1034.5276277473342
985.6681940616073
909.6782977840616
952.2104493392935
994.2747475435872
867.972906765182
814.219429864708
776.6841476120645
669.4961372011343
633.1257914520852
598.5064555908199
563.2932809065663
439.62012111639746
414.51802472347373
265.8876118523243
119.68454671366682
240.54887349296595
292.43521906236697
272.4423734610055
260.5124260763405
438.48728505363374
510.3275352102591
337.3907008104254
396.5853229915923
438.613872369699
345.66526301240697
350.26662386936925
230.19924153185218
211.55507734897049
140.73360209528516
232.283800089908
189.8469384110988
185.0376310329279
185.10015138990923
185.17317652492412
172.92855108981638
508.05153206574363
511.55120426321236
740.778758830748
881.8939972544289
912.7281955496879
863.263965055031
888.2096667667839
890.3797843995841
908.3550264627688
958.28803215167
943.5339025875493
766.135422235335
676.9469226542077
657.4669491979034
655.5084583713407
469.52702015729193
284.2731057987556
923.5071679513084
888.0645138395164
894.0133837485848
598.6654997856942
600.7595851206916
551.875633432139
569.3139302981047
638.7365813567443
623.6211594926496
623.6211594926496
668.9591574362373
729.7813582067168
524.5200081335032
518.5729264243798
250.479742448705
220.5820212978254
0.0
0.0
0.0
0.0
0.0
0.0
178.05061949628686
58.4129148542135
263.59323932464355
392.40043219157525
496.3538931319248
546.362032160696
460.1334381285153
647.0309096188557
679.0083977502413
68.85350162970153
120.28092314150791
205.67258396756057
556.5369936026415
528.1748853142418
388.47714018556024
321.31867306968894
198.80469030827888
120.978751339957
105.59433964104667
97.0
163.0
197.1614509930732
199.56361399231758
308.77663663216345
370.3730201172056
674.5340744736327
753.4517510181299
751.4169634217453
487.0
487.0
464.0
58.0
170.0
126.0
69.0
105.0
583.5014353492991
897.731361855208
754.9312513411402
739.9954139302172
742.2652673015614
1014.6109750228567
1010.5642961364985
1020.665858606477
1014.773903104749
1200.9414743516538
1334.4677753817068
1443.1085836831742
1504.660888628744
1527.5560165408306
1814.2835642319758
1732.178064642921
1897.3933955573245
2090.343410096461
2180.328400983869
2155.3619484544524
2070.236085371459
2095.3792514939096
2218.475488099198
2564.7141771675333
2564.7141771675333
2564.7089511715367
2564.7089511715367
2622.657458808511
2612.667320548858
2594.6852594500106
2487.786561884507
1971.515539199724
1722.8881290118231
1480.1954125838183
1408.643131821399
1398.3299778827857
1149.8687971899099
517.0
360.0
335.0
335.0
263.0
143.0
319.0
314.0
50.0
53.0
0.0
0.0
0.0
0.0
0.0
0.0
0.0
0.0
0.0
0.0
0.0
0.0
0.0
44.92323565843473
54.917810133951455
329.77444530601736
551.4235789625778
717.2703029437571
813.4494669834038


