Rainfall Prediction

2305.2687517172017
2341.2687517172017
2451.2687517172017
2424.2687517172017
2593.2687517172017
2676.2687517172017
2675.2687517172017
2635.2687517172017
2455.2687517172017
2353.2687517172017
2282.2687517172017
2209.2687517172017
2124.2687517172017
2005.2687517172017
2087.2687517172017
2078.2687517172017
1973.2687517172017
1872.2687517172017
1620.2687517172017
1066.2687517172017
946.2687517172017
946.2687517172017
807.2687517172017
634.2687517172017
740.2687517172017
609.2687517172017
520.2687517172017
421.26875171720167
128.26875171720167
0.0
0.0
0.0
0.0
0.0
0.0
0.0
0.0
0.0
0.0
0.0
0.0
0.0
0.0
0.0
0.0
0.0
0.0
0.0
0.0
0.0
0.0
0.0
0.0
30.268751717201894
38.26875171720201
0.0
0.0
0.0
0.0
0.0
0.0
92.26875171720201
115.26875171720201
123.26875171720201
130.268751717202
156.268751717202
279.268751717202
401.268751717202
444.268751717202
303.268751717202
172.268751717202
157.268751717202
151.268751717202
246.268751717202
364.268751717202
429.268751717202
404.268751717202
679.268751717202
682.268751717202
938.2687517172018
1012.2687517172018
1060.2687517172017
1048.2687517172017
1051.2687517172017
1192.2687517172017
1252.2687517172017
1305.2687517172017
1354.2687517172017
1439.2687517172017
1403.2687517172017
1433.2687517172017
1187.2687517172017
1212.2687517172017
1282.2687517172017
1350.2687517172017
1501.2687517172017
1695.2687517172017
1728.2687517172017
1742.2687517172017
1724.2687517172017
1889.2687517172017
1973.2687517172017
1982.2687517172017
2117.2687517172017
2015.2687517172017
1915.2687517172017
1885.2687517172017
1872.2687517172017
1506.2687517172017
1487.2687517172017
1175.2687517172017
1150.2687517172017
1100.2687517172017
1049.2687517172017
987.2687517172018
867.268751717202
911.2687517172018
905.2687517172018
920.2687517172018
1137.2687517172017
1231.2687517172017
1093.2687517172017
1102.2687517172017
1161.2687517172017
983.2687517172018
928.2687517172018
623.2687517172018
645.2687517172018
587.2687517172018
549.2687517172018
548.2687517172018
369.2687517172018
458.2687517172018
371.2687517172018
244.268751717202
543.2687517172018
541.2687517172018
629.2687517172018
649.2687517172018
1158.2687517172017
1163.2687517172017
1209.2687517172017
1156.2687517172017
1146.2687517172017
1083.2687517172017
1195.2687517172017
955.2687517172018
688.2687517172018
698.2687517172018
719.2687517172018
412.268751717202
655.268751717202
738.268751717202
669.268751717202
510.268751717202
674.268751717202
1487.2687517172017
1531.2687517172017
1228.2687517172017
1513.2687517172017
1781.2687517172017
1770.2687517172017
1734.2687517172017
1678.2687517172017
1669.2687517172017
1651.2687517172017
1604.2687517172017
1663.2687517172017
1530.2687517172017
1666.2687517172017
1513.2687517172017
1613.2687517172017
2126.2687517172017
2049.2687517172017
2437.2687517172017
2524.2687517172017
2611.2687517172017
2610.2687517172017
2546.2687517172017
2513.2687517172017
2475.2687517172017
2384.2687517172017
2475.2687517172017
2252.2687517172017
2195.2687517172017
2045.2687517172017
1923.2687517172017
1612.2687517172017
1569.2687517172017
1606.2687517172017
1442.2687517172017
1155.2687517172017
841.2687517172018
889.2687517172018
1097.2687517172017
1160.2687517172017
1154.2687517172017
1138.2687517172017
1111.2687517172017
1266.2687517172017
1023.2687517172018
976.2687517172018
1335.2687517172017
1238.2687517172017
1312.2687517172021
1112.2687517172021
1387.2687517172021
685.268751717202
926.268751717202
970.268751717202
1422.2687517172017
1532.2687517172017
1496.2687517172017
1618.2687517172017
1705.2687517172017
1732.2687517172017
1831.2687517172017
1842.2687517172017
1867.2687517172017
1974.2687517172017
2135.2687517172017
2155.2687517172017
2290.2687517172017
2246.2687517172017
2201.2687517172017
2140.2687517172017
2265.2687517172017
2287.2687517172017
2289.2687517172017
2519.2687517172017
2388.2687517172017
2350.2687517172017
2327.2687517172017
2550.2687517172017
2557.2687517172017
2660.2687517172017
2554.2687517172017
2255.2687517172017
2142.2687517172017
1806.2687517172017
1776.2687517172017
1669.2687517172017
1438.2687517172017
1315.2687517172017
1285.2687517172017
1651.2687517172017
1414.2687517172017
1270.2687517172017
1264.2687517172017
1190.2687517172017
1214.2687517172017
1134.2687517172017
931.2687517172018
707.2687517172018
623.2687517172018
576.2687517172018
517.268751717202
572.2687517172018
534.2687517172018
501.268751717202
250.268751717202
0.0
0.0
26.268751717202008
41.26875171720201
38.26875171720201
229.268751717202
330.268751717202
404.268751717202
431.268751717202
290.268751717202
456.2687517172018
646.2687517172018
791.2687517172018
852.2687517172018
691.268751717202
411.268751717202
637.268751717202
707.268751717202
670.268751717202
921.2687517172018
861.2687517172018
825.2687517172018
731.2687517172018
593.2687517172018
1000.2687517172018
859.2687517172018
662.2687517172018
303.2687517172018
362.2687517172018
427.2687517172018
383.2687517172018
1019.2687517172018
528.2687517172018
967.2687517172018
787.2687517172018
537.2687517172018
344.2687517172018
324.2687517172018
248.26875171720178
220.268751717202
183.268751717202
55.26875171720201
63.26875171720201
86.26875171720201
280.268751717202
201.268751717202
270.268751717202
533.2687517172018
492.268751717202
708.2687517172018
960.2687517172018
1087.2687517172017
1152.2687517172017
1434.2687517172017
1318.2687517172017
1536.2687517172017
1608.2687517172017
1807.2687517172017
1816.2687517172017
1727.2687517172017
1731.2687517172017
1886.2687517172017
1976.2687517172017
1918.2687517172017
1857.2687517172017
1791.2687517172017
1781.2687517172017
1888.2687517172017
1878.2687517172017
1862.2687517172017
1857.2687517172017
1842.2687517172017
1700.2687517172017
1667.2687517172017
1650.2687517172017
1467.2687517172017
1396.2687517172017
1411.2687517172017
1174.2687517172017
1278.2687517172017
1116.2687517172017
854.2687517172018
790.2687517172018
692.2687517172018
596.2687517172018
656.2687517172018
397.268751717202
625.268751717202
217.268751717202
428.268751717202
578.2687517172018
577.2687517172018
380.2687517172018
576.2687517172018
558.2687517172018
631.2687517172018
911.2687517172018
1070.2687517172017
992.2687517172018
1011.2687517172018
1099.2687517172017
1135.2687517172017
1341.2687517172017
1047.2687517172017
1499.2687517172017


