Rainfall Prediction

618.8967125574748
540.7183038296985
553.4134396619506
507.2427618671981
490.52443674115597
520.4582613061964
510.98197802550544
517.0850491593175
499.951772180256
526.9882004712067
538.3048677490725
551.4753173134862
542.0976044993353
539.3435862913781
540.3324059556415
539.3597459797563
539.2444350734158
575.7042200457211
572.4706869962187
598.8740257777247
620.4457144798916
801.7289809782975
866.8268476254949
875.7222216735036
953.7938020566395
979.5167384685496
938.661651111944
980.4587587463478
1003.8171505952969
990.6200140156977
979.7956030150262
981.8494612418962
980.2047815260711
979.7075930101125
972.0621281846886
971.9601946637739
972.3708437225102
973.5183839734786
966.6935812768795
963.4650455996972
959.2268750793446
964.9151685650428
964.8430941478157
971.8933090112051
970.7510623635695
1015.4856358318166
1010.7981061308781
1014.0260942595463
983.6415791331821
999.8770297407965
1002.4569745991738
996.2481043750666
804.9699373573385
649.1081920758437
581.7794930550286
564.9133846051091
560.7906188115014
649.3305802347553
459.3902102715779
487.7449226980027
504.4493380953765
515.8996645324368
511.90892891808534
534.8766112248647
540.4980428915574
536.9698627980191
542.9077719510171
550.3178200355579
547.4810440697898
544.6173619284467
543.2318514650834
543.1367098606985
527.8611252577099
582.2213662093693
582.5011174902828
627.1074033921167
598.1196672788882
627.5189617579334
598.8808533642732
649.4980826598644
622.2694970305888
632.0187726348707
616.9706502639656
634.3872857092204
618.4105771403996
625.8034265255973
626.3328229159467
640.5984317598749
632.930340096635
656.0127427080138
664.5756637036698
637.001545287952
620.7865314210968
620.4427556211255
597.6530213389289
588.5697187825406
589.350357180957
580.5458175229405
580.537311327274
596.9031953814466
596.9031953814466
595.9129742759959
593.9924593321194
595.1889870608791
593.0541921222066
583.8947219140496
547.0328869804177
577.4455473125474
576.2477820163714
541.8096351076656
558.3217264318616
569.5152213569727
510.02497500125526
507.2168306932889
517.4950231045401
540.7092578909437
518.3648360028778
509.4732968776027
515.6442993041044
516.4118794960593
491.6920182419832
505.8575057183843
507.83774590272543
507.53021599937387
485.8501396779154
492.3688586439975
500.787989814887
490.1707971406834
475.902513263436
477.4513337926651
454.704322209042
475.1209230036334
564.151954617551
561.869016903386
560.3051630029961
554.2949026520631
594.0426007227613
611.8391366332112
539.6390245625234
490.40925004925276
465.81868754285637
442.6338760126616
437.3641457296173
411.0629493470161
426.746330843466
401.0069591059109
387.9819601042049
395.76734975615017
411.58529044152
394.78372395193264
395.2042351341432
406.02604631432973
442.77225034980137
462.518032923612
481.49658676386167
486.0405454102179
487.30455273495664
506.93610296875687
505.33167393667753
505.33167393667753
505.3915539187244
504.6458430848237
509.18552113698763
520.1106622453935
519.9781930585328
525.9984045823792
509.4412945296851
499.3651078976457
481.2770307786335
487.14060229592
487.2858820545722
498.211642782867
493.68261696443534
489.6043756868322
486.680612147527
475.91712610656936
483.38229056471573
481.9251297219
473.2263703807221
456.87882225990086
438.76197953246105
427.6987525767849
443.58558927016276
436.0855816743596
420.444408196247
392.69741932506645
385.67053155468284
386.0001186929088
362.5465790529226
362.5465790529226
362.5465790529226
367.2439609508864
367.30044627104326
359.2955373858012
337.28784792715624
363.214240162574
352.5303395454291
352.44883475999217
327.77283603389833
281.4905437146725
281.4905437146725
285.47730966604934
326.85832603016263
332.0498841793227
331.9602654833935
332.13691729530683
389.65650046506414
424.2496776239254
428.88162959891224
428.94476822881995
429.25950392482844
429.82204721389775
431.1152015277046
414.8960008940965
394.5731377078795
386.4774555464658
389.3957203310693
389.2307901985924
447.9950859894104
479.6218866498408
481.1216822478278
482.06419538291925
477.622821340512
478.30557960972527
478.15107821101446
478.15107821101446
457.45531718716285
457.39693884550763
449.46082517611967
442.3028989009182
436.0167342521603
431.0552260796491
431.0552260796491
435.08603461716183
476.95243001489007
512.8534580362875
512.6555722282394
469.18850539396954
455.1863749790847
447.3516648919345
464.83347662594264
429.93280648534164
434.728682051807
434.728682051807
406.1133391710695
435.2384110305028
435.1780198735832
460.246880678164
470.97358586771446
453.9879751728003
445.8444898038711
470.6046466925248
496.5953887866941
609.5208725270476
627.7877314523662
652.6696467810099
652.7134259475081
654.2454061150884
687.383978571423
689.5022453432613
689.7805876824347
689.3247599874767
702.686890674551
697.5937659003561
666.3091326353655
634.6178335853583
639.7074749515994
639.6215006067924
642.7733912343655
685.6239539955972
686.3736730813795
676.6455087339012
679.7752167288555
699.1585291438881
697.8647312438476
772.4822111086485
740.0801735638663
748.4285393348293
716.2346226438764
715.1205091370629
692.4207949089907
624.4477626435236
621.4338190108546
605.5929833345394
591.6785143241729
592.2629221206394
573.9680424931626
574.8856730268008
572.9486306927923
530.146754866508
536.3948820097772
536.6370792338389
541.1979493414464
547.0333548683606
551.6955034290568
552.2553719231419
549.213918069961
514.9996880487137
514.5890784444191
518.0348716146085
484.0013597376227
507.1785274144294
506.83536899138306
415.26499967945284
488.46730854259766
488.6819954731139
396.8199923942945
390.1950774386349
368.75928290573677
371.39675142389075
366.1549467077884
373.7439021164415
381.5973855522486
380.77846032806747
373.03552628948484
374.78954532261696
376.53482488617624
375.67392122150324
425.85746295405085
445.6851860485419
467.7117284427853
457.65344938648315
466.33096848085063
476.34093288979363
462.53806682802104
467.7497670454872
468.3277208391373
468.0081662713262
462.1835898610872
463.78614035255
468.9583446009106
438.0972618276188
415.8579733207261
412.5376807752415
420.181671775571
342.9905996707375
364.29300626665565
316.6795961206805
328.33935924147045
336.59234436791803
356.290350804219
344.16551617104176
359.0122573563808
348.9858944712901
347.0569260535529
357.43079826087273
388.70615890976796
388.16691362683724
377.9767620300553
319.9825510233855
288.818014464866
264.7052001395078
268.17934301255286
366.4567214220132
410.8498017814264
464.95124336483457
578.8948385504156
594.8877112978297
595.7337217655627
599.3174257334354
597.89664187287
586.6028682054796
581.6911136772724
587.1019875299992
590.7179099660116
594.4388712781428


