Rainfall Prediction

588.5885452380553
554.1543233760175
541.7804820826285
503.56881016235525
478.71154019529854
482.9272372432007
487.401973700091
483.92129060041606
482.51303756676634
461.9747592359286
456.65415646385657
467.83140631242316
471.94175036710465
472.3962037514076
473.48807513977715
494.084204364742
583.6688249745893
186.56836123364425
429.814194067112
267.19072803163937
127.28476767987733
244.397216795835
238.6172637421026
185.35645218626374
185.92041918800237
230.1540749656377
232.63282961973033
228.80051086787822
230.28975634166858
223.5959252930197
217.67271386555677
216.63661009357284
172.88741618313253
172.7700705772399
160.36745029435718
167.34255815770243
165.29878190949896
150.25178790706718
167.5112383824774
118.40358333760028
183.824618731775
91.2689632678195
174.84747749907893
355.3619630819471
361.0781796837685
301.98786320882726
368.5326239857508
410.6362865362127
94.38345168979248
238.35604560991533
160.20954679673318
165.45750895557995
192.69888074490302
438.14972164950905
102.06278565860434
52.43356694330548
391.7176908161033
271.7176908161033
247.46226531988626
290.8934732338854
116.19060285102421
327.52044777987885
326.0007529559955
196.7549093955647
181.99465246258097
287.2064850802738
343.15728709877885
342.313701358329
297.1662555307315
272.07373315029673
286.97422821193464
240.4831142250931
234.427215896512
489.714389589008
97.57417147141523
89.6417263548153
215.4370782092271
171.12858234786975
159.26304628426877
362.7752747865852
286.11117014939754
459.667947356259
454.01468670443876
451.760509934958
529.5846091220241
537.867432550181
538.8318555492649
514.1542677520694
537.5561484097354
524.838080964977
497.2340481357166
497.2340481357166
498.1197227644655
515.2508555687115
518.6317363871386
519.3684715247249
502.38342624031384
505.45770390715364
505.83523998966734
508.0436129839987
524.1150609202389
556.2239449716642
102.61482105306847
98.39517370647867
125.57036079339335
127.11311534077996
98.77591371454997
561.3373894835556
567.2616897282303
537.3332923924673
386.2675751573563
310.6675659989935
301.7012223987349
309.8728403613209
304.6401569479047
233.26074522052411
228.4457148848461
248.80168413699604
208.5577985902092
183.06386139425834
193.80510369962627
407.42005104095887
157.4183893431272
157.23362360045002
129.7604734324005
137.1253589607264
202.06099810932372
203.3305616513984
181.23467724253504
178.3441038435016
499.863716761651
489.6014333710872
467.53835979480795
464.7998764325292
466.33878801873533
519.007912020983
276.63237773386686
505.35043386428146
256.83687875513795
285.4194960795913
280.08757127253443
358.0454157181209
360.2748471083738
375.44970082077816
429.4402004095044
271.3226319930754
415.789380811607
458.25928419163654
332.71809997733175
357.9555344998509
326.99916848129385
158.71837079119763
516.4813041676413
433.52491071442887
371.5645443862948
203.51919006514947
179.80710350131403
113.47640664741414
781.5828167770392
766.7773978573388
757.6093539406891
520.4051586701197
425.1636158081939
416.0545402285165
417.3586461282902
412.6509182476602
372.39319703129024
130.73526627020482
450.43336049164895
305.9036649811516
471.9191812812728
460.341837100155
416.51042462172103
154.32479556707585
994.2102828559053
894.7118289191002
737.6124449473059
586.2186071544816
579.3606081459455
606.5145629772096
624.274115393235
666.9403665407451
536.5195336909692
533.2171071169383
624.016232211743
770.5244756769802
805.4992042351821
829.7653169334571
829.7397700587131
878.0219300884053
903.9079953914074
892.1342109428005
908.2745321932669
905.5763309718084
894.9188047687596
894.9948507325047
894.6445446629502
905.9518927995043
904.9188035260522
903.2570993553308
915.8455638207772
704.3052103612407
703.8275908359763
239.85363162034537
256.92384867626436
246.55147007868788
250.5542573352756
256.29549804583
206.52267027762818
151.6844481076472
129.22510537713842
101.55705533776933
720.7631145865994
574.82530454627
546.3051968468735
454.7388706175732
305.5914631866671
343.252290401046
343.94524290216157
343.94524290216157
286.57671273607014
527.4025376170525
594.9604315226583
244.73507971946103
329.0152413321327
169.77396051299468
171.49755483813118
176.29210629461556
182.38036869219226
168.3845241663675
110.65501749242057
321.67510343855037
445.16788789330894
433.16721192940287
314.4356226891512
479.00368589640703
476.7944834321152
550.385190570501
758.4741109446612
187.91199910484863
329.50119956666214
568.7247652049583
596.3376223966441
642.4951646865389
704.0964987797207
711.9698415616741
739.4977621591361
330.92753439762623
459.00206480621557
845.0561337942408
852.6554973073063
841.803702209266
573.8778192476163
470.9203584652538
399.68833858751356
258.88163245985305
306.5988523220227
383.4402295864606
379.5403976871015
380.38201144317134
380.6577672284534
598.1224657659826
488.26811286781935
404.2838068540575
403.60518828219824
428.2057221564983
347.9805157965898
353.6758791584265
302.3227374595826
441.6395795519622
356.67418053138516
221.90679365355976
113.07552977991847
387.0490258641931
348.99642745102267
248.9684836881205
176.41378979869611
179.40419369688476
127.08798560595562
162.6012658744423
165.3852844788943
163.9355384774982
139.3845253883317
202.16164178902153
275.6379605457874
135.09845367793747
136.58432278645992
285.3235240955856
121.37525885164769
213.09491712263048
180.26556458759615
230.23522964587866
120.04357413194327
160.439495286218
150.44740145099684
396.13635960908067
224.32797187698694
97.53799094857604
692.1486061455445
712.7062549580318
436.26466478995656
580.417366655764
637.279905649488
645.9442606550498
124.95338658483081
892.0194501383131
891.7517537810613
239.07726893997378
363.92290744494557
197.1232958634406
234.0172454557911
305.34133067111947
295.2518305376627
256.3807607978648
152.46601443206032
351.57145398580536
465.93646265005646
91.08761236580958
160.67369881375828
138.54501976995425
762.09961993349
429.2806729193483
429.03961198705866
293.23730967920426
194.07510165114073
726.1573440577357
731.5848927031518
603.8624284190512
478.9956297570267
471.98871437804706
363.12766746952934
687.5571051604104
653.6984385450805
181.19384740714992
177.8854258170932
242.19277100042393
391.12532395294636
612.2268579487314
456.72443249047967
318.3607038029419
187.38175836478788
161.11622281150764
92.44838331634675
106.32852956713495
159.171745021314
446.8433081484168
343.4751204703993
247.6636539516074
245.92194194953518
332.58617289234314
516.1586267004336
548.7588812207006
332.68221217657856
431.4051539843936
166.74756906701379
199.8434915889015
457.244348954355
429.0532684273489
413.88694672310464
322.50023158419805
347.66436940710355
362.94027759722263
417.1618346731776
491.6959364385968
162.5037396172707
156.08256206620376


