Rainfall Prediction

1581.6343615558544
1570.6343615558544
1590.6343615558544
1631.6343615558544
1640.6343615558544
1680.6343615558544
1705.6343615558544
1679.6343615558544
1695.6343615558544
1563.6343615558544
1534.6343615558544
1358.6343615558544
1099.6343615558544
794.6343615558544
533.6343615558544
403.6343615558544
197.63436155585438
154.63436155585438
242.63436155585438
0.0
0.0
0.0
0.0
0.0
0.0
0.0
0.0
0.0
0.0
0.0
0.0
0.0
0.0
0.0
0.0
0.0
0.0
0.0
0.0
0.0
77.63436155585441
60.63436155585441
208.6343615558544
199.6343615558544
402.6343615558544
546.6343615558544
477.6343615558544
433.6343615558544
532.6343615558544
465.6343615558544
439.6343615558544
452.6343615558544
986.6343615558544
639.6343615558544
292.6343615558544
120.63436155585435
654.6343615558544
1238.6343615558544
1624.6343615558544
1880.6343615558544
1867.6343615558544
1824.6343615558544
1839.6343615558544
1656.6343615558544
1518.6343615558544
1566.6343615558544
1563.6343615558544
1568.6343615558544
1547.6343615558544
1561.6343615558544
1519.6343615558544
1256.6343615558544
1300.6343615558544
1047.6343615558544
1019.6343615558544
640.6343615558544
334.6343615558544
298.6343615558544
378.6343615558544
379.6343615558544
438.63436155585435
359.63436155585435
343.6343615558544
312.63436155585435
339.6343615558544
309.63436155585435
293.63436155585435
416.542951944818
0.0
0.0
0.0
0.0
0.0
0.0
0.0
0.0
0.0
0.0
0.0
0.0
0.0
0.0
0.0
0.0
0.0
0.0
17.54295194481776
76.54295194481776
67.54295194481776
0.0
117.54295194481776
157.54295194481773
0.0
0.0
0.0
0.0
0.0
0.0
0.0
0.0
0.0
0.0
0.0
0.0
0.0
0.0
0.0
0.0
0.0
127.63436155585421
420.5429519448178
360.5429519448178
337.5429519448178
345.5429519448178
326.5429519448178
126.54295194481776
0.0
0.0
0.0
68.54295194481776
114.54295194481776
0.0
0.0
0.0
0.0
0.0
13.451542333781447
0.0
0.0
0.0
0.0
0.0
184.54295194481776
560.542951944818
626.542951944818
575.542951944818
658.542951944818
352.6343615558544
475.63436155585435
414.6343615558544
261.6343615558544
505.6343615558544
442.6343615558544
411.6343615558544
411.6343615558544
395.6343615558544
451.6343615558544
523.6343615558544
652.6343615558544
710.6343615558544
705.6343615558544
664.6343615558544
724.6343615558544
508.63436155585435
1004.542951944818
963.542951944818
1124.542951944818
1284.542951944818
1301.542951944818
889.6343615558544
1395.6343615558544
1544.6343615558544
1509.6343615558544
1433.6343615558544
1147.6343615558544
1517.6343615558544
1519.6343615558544
1648.6343615558544
1343.6343615558544
1300.6343615558544
1149.6343615558544
1133.6343615558544
2299.542951944818
2352.542951944818
2381.542951944818
2343.542951944818
2354.542951944818
2350.542951944818
2384.542951944818
2353.542951944818
2269.542951944818
2229.542951944818
2163.542951944818
2073.542951944818
1067.6343615558544
1448.6343615558544
1459.6343615558544
1402.6343615558544
1294.6343615558544
1640.6343615558544
1234.6343615558544
748.6343615558544
1240.542951944818
1302.542951944818
972.542951944818
1027.542951944818
384.5429519448178
433.5429519448178
63.54295194481775
2.5429519448177587
103.45154233378145
0.0
0.0
42.45154233378145
0.0
475.4515423337813
513.4515423337813
758.542951944818
849.542951944818
993.542951944818
933.542951944818
987.542951944818
1083.542951944818
1064.542951944818
943.542951944818
933.542951944818
957.542951944818
1041.542951944818
1125.542951944818
1126.542951944818
502.542951944818
626.542951944818
1148.6343615558544
1251.6343615558544
1094.6343615558544
975.6343615558544
947.6343615558544
872.6343615558544
882.6343615558544
1076.6343615558544
996.6343615558544
996.6343615558544
1038.6343615558544
1216.6343615558544
1226.6343615558544
1242.6343615558544
1033.6343615558544
1019.6343615558544
507.6343615558544
455.6343615558544
360.63436155585435
420.63436155585435
394.63436155585435
396.63436155585435
1251.6343615558544
1382.6343615558544
1477.6343615558544
1486.6343615558544
1485.6343615558544
1350.6343615558544
1350.6343615558544
1515.6343615558544
1530.6343615558544
358.6343615558544
409.6343615558544
426.63436155585435
619.6343615558544
610.6343615558544
586.6343615558544
573.6343615558544
476.6343615558544
617.6343615558544
619.6343615558544
633.6343615558544
682.6343615558544
689.6343615558544
732.6343615558544
715.6343615558544
789.6343615558544
917.6343615558544
900.6343615558544
902.6343615558544
872.6343615558544
819.6343615558544
772.6343615558544
0.0
169.54295194481776
32.54295194481776
100.54295194481776
387.54295194481773
1007.6343615558544
1408.6343615558544
1378.6343615558544
1402.6343615558544
1434.6343615558544
1613.6343615558544
1656.6343615558544
1604.6343615558544
1641.6343615558544
1740.6343615558544
1743.6343615558544
1713.6343615558544
1712.6343615558544
1647.6343615558544
1899.6343615558544
1872.6343615558544
1894.6343615558544
2111.6343615558544
2102.6343615558544
1956.6343615558544
1918.6343615558544
2076.6343615558544
2096.6343615558544
2622.6343615558544
2642.6343615558544
2606.6343615558544
2657.6343615558544
2928.6343615558544
2914.6343615558544
2873.6343615558544
2662.6343615558544
1659.6343615558544
1224.6343615558544
1191.6343615558544
1074.6343615558544
1979.542951944818
1606.542951944818
1572.542951944818
1554.542951944818
1553.542951944818
1494.542951944818
1494.542951944818
1524.542951944818
2074.542951944818
2115.542951944818
1808.542951944818
1866.542951944818
1831.542951944818
1528.542951944818
1546.542951944818
1625.542951944818
1591.542951944818
1341.542951944818
1201.542951944818
480.54295194481796
483.54295194481796
319.542951944818
288.542951944818
288.542951944818
879.542951944818
1111.542951944818
1176.542951944818
954.6343615558544
1216.6343615558544
1250.6343615558544
1413.6343615558544


