Rainfall Prediction

596.243238955378
640.4365698490367
635.3329835605892
685.4137436614471
689.4229471086671
725.3867933730253
727.779499573875
727.779499573875
748.065505153125
748.8411046410313
748.9699593441649
753.7791453734973
666.6235819411131
668.4482029297409
643.0225501489042
585.9436833007077
562.7930347827698
468.91043920987727
443.335087715827
436.6600508404679
442.8837319206927
464.41683862668026
466.38610613953756
442.74145954495833
481.3003220443552
503.5593311616815
503.5593311616815
509.09920447786993
521.6176760808629
525.9429626870199
495.4936931990154
481.87446498024775
419.09903364240773
371.17785494288313
267.06366282218175
256.34351952019387
215.4530111184339
294.50466889338105
348.94985313079013
373.49163310574977
373.2077169620157
372.9235846658133
366.83511282318653
358.3838724049954
354.7196075775908
354.7196075775908
368.5295103516135
358.2429343336725
357.95530447249973
354.1948616228078
349.83567571075423
363.7375427420161
385.49708170101627
385.0415561988082
412.69359093642345
450.39982238007156
460.0999891327971
468.8645859947198
475.40298694896734
510.2469990112632
512.2362736081856
506.92011204922613
529.3278757065416
555.4817728782826
579.8258359197182
591.3501500803056
590.6267857115862
588.4513573779909
562.8889766197238
462.6391682510248
362.62790846817074
362.8636107410056
414.9698784249286
487.19605909736174
568.4083039506021
573.9860625485605
573.9860625485605
582.0884812466229
600.3898733323206
605.4791491042446
616.5354815418168
665.1631378842336
683.9824559153546
714.0196075739098
818.7514885482652
854.3711137439046
796.6906551479062
795.0496839820767
799.9306219916825
811.11774730923
778.5833288736666
830.0602387778853
827.0707345807854
810.7724711656163
852.6535052411384
888.7316805425584
1035.364670055918
1075.067439745061
1072.3730694119467
1087.2607782864238
1152.6152870754404
1158.6867566344235
1177.5041401201102
1214.2166198829598
1143.7106277376283
1085.0548373239023
1080.5054372838667
1080.5054372838667
1041.2698977690654
1008.4850023674124
998.9919919598956
994.98743710662
970.3236573432599
972.1368216460068
948.1940729618594
864.1151543631207
874.9205678231596
878.8680219464126
836.520173098055
834.8269281713426
822.3344818259782
798.9993742175271
727.3747314830231
727.0900907040337
719.8937421592161
591.6392481909901
522.8183240859104
413.7825515896
407.5892540291022
443.6079350056759
447.6203748713859
414.36216043456477
453.6022486716749
534.7663040992766
590.9923857377521
697.4933691441088
719.386544216668
770.361603404531
829.1441370473532
828.9137470207621
832.3821237869059
877.5329053659469
874.6462141917725
867.87902382763
852.0240606931238
856.7683467542437
872.9261137118078
848.7749996318223
865.87296989801
859.1484155837104
845.5855959038091
834.8987962621577
840.9090319410299
840.9090319410299
873.7436695049641
894.754714991768
1039.1506146848974
1075.3613346219959
993.7313520262909
1085.299497834584
1132.5458048132093
1102.9868539561112
1105.1199029969553
1053.292457012771
971.6419093472656
773.4701028481967
586.1100579242776
521.1995778969895
494.49974721934893
526.6697257295126
526.2508907355882
556.5608681896348
509.9117570717506
528.6009837296938
620.9863122485068
673.1983363021628
662.5405647958471
664.3493057119877
571.3982849116718
555.0243237913091
558.241883057873
581.8066689201835
564.6219974460789
514.8475502515283
514.8475502515283
507.1725544624827
502.3345498768724
464.3662347759578
454.9296648933767
454.4381145986767
418.9534580356152
386.5682345977227
385.21422611321094
381.88218078355004
383.3666652175173
383.3666652175173
383.3666652175173
383.3666652175173
386.1346915261565
401.39755853766724
356.6847347448444
353.474185761846
318.0943256331367
319.17236722498393
323.49652239243625
204.19353564694453
225.24875138388668
168.80758276807353
212.99765256922433
220.40417418914734
223.53746889503782
230.97618924902196
208.9353967139125
229.2596780945136
274.2115971289325
279.28480087537883
286.63565723754607
364.3693181375183
411.82520563948003
431.6248370981448
443.7059837324712
461.1127844681819
495.1363448586662
497.4233609311087
572.4630992474537
658.7867636800241
663.4756966159348
683.117852204142
683.6534209670862
747.5841089803876
734.882303501724
736.2146426145027
736.2146426145027
736.2146426145027
724.8158386790399
702.9957325617276
708.8793973589584
663.7092737034793
663.7092737034793
609.9475387277172
602.4997925310846
599.2436899959815
583.7225368272155
584.3457880399242
579.8499805984303
621.4563540587545
618.2038498747804
621.2245970661496
548.0647771933533
511.8691238978964
599.4597567810537
612.03431276359
619.1938307186208
581.1127257253966
590.8214620340057
769.7960768930951
902.9728678094376
950.5266961006408
931.3871375534451
930.4020636262583
789.0773092669691
804.320831509417
803.4799312988471
840.0857099129827
840.8900046974039
840.8900046974039
810.4757861898158
769.6291314652792
771.6553634881312
803.965173375066
826.0726360314812
847.6036809736022
847.6036809736022
849.7364297239468
857.9044235810886
785.0528644620055
536.670289842842
607.1367226580846
546.8683571025115
589.7033152357209
625.7715238008199
640.2499511909392
632.7416534415922
626.427968724258
641.228508411783
638.4951056977649
549.2868103277194
435.56859390915685
375.49700398272154
377.84388310517875
382.4944444040985
384.51137824516974
372.83910739084223
372.83910739084223
345.45622009163475
386.80356771881
386.80356771881
386.80356771881
386.80356771881
384.16923354167756
358.0279318712438
340.552492282761
319.753029696358
324.8461174156157
309.3250717287559
324.95384287618447
324.95384287618447
316.0126579743286
369.9026899064131
370.94473981982816
389.87177379235857
433.77413477523066
458.1702740248433
466.81902274864507
516.798800308205
475.10209429132175
528.2082922484274
525.2485126109354
652.0935515706316
634.3752832511683
633.1350566822216
624.312421788963
622.4724893519392
712.8534211182548
738.1856135146498
753.9416423039651
690.3274585296459
690.3274585296459
690.7387349787183
714.6467658920734
742.2129074598474
821.7390096618269
917.3330910852393
959.5311355031686
1062.9167418005984
1073.0931925979216
1052.1919976886347
1052.1919976886347
1041.3107125157217
953.9711735686776
1017.4084725418793
1000.534856964014
937.8832549949914
873.3384223770302
877.4565516309056
845.4466275289055
851.492806781126
809.2329701637224
780.8514583453117
736.5052613525581
772.8311587921388
799.0212763124647
803.4550391901217
804.9509301814614
742.1711392933573
721.02704526252
708.8300219375587
727.1004057212456
767.4894136077709
825.9370436056249
811.931031553789
792.9539709213896
717.6747174033651
607.2882346958485
573.2215976391678
420.0
413.15130400375114
424.6009891651219
424.6009891651219
440.82422800930533
426.31209225167424
395.3605949004023
390.6852953465231
398.3842366359392
499.6638870280701
486.7648302825503
548.9790524236786
642.6663208851076
675.211078108172
843.9401637557013
858.4404463910121
950.4588365626362
973.6256980996342
1021.2942768859522
1017.3662074199241
1028.6189770755739
1083.5926356338898
1186.2208900537876
1295.9861110366885
1325.9411751657763
1312.4404748406687
1334.4924128671546
1330.7050762659621
1340.4223215091579
1340.4223215091579
1340.4223215091579
1378.9071759911906
1369.0062088975346
1343.9765622956377
1345.3118597559453
1335.5998652291037
1507.7161536575775
1520.9181437539628
1500.0173332331863
1489.434120731763
1428.3917529865537
1389.3951921609632
1352.882847847514
1281.992199664257
1248.2455687884496
1153.0550724054772
1112.2283938112712
1012.1190641421591
951.4252466694375
876.1620854613603
876.1620854613603
858.795668363552
776.5326779988077
588.0816269872746
421.38106269741166
341.35172476494097
322.1397212390921
311.432175601687
291.71047290078565
243.87496796514398
243.87496796514398
243.87496796514398
234.30749027719963
320.3248351283428
420.98931102820177
420.2439767563599
410.99878345318734
287.0540018881465
273.83206532471684
281.25433329995116
280.88787798692914
251.88092424794698
255.09998039984245
258.67353942759587
244.8999795835026
217.08063018150654
194.79219696897513
212.91547618714804
216.9907832144029
219.0
223.94418947586027
253.74396544548603
374.9639982718341
341.6796745491309
354.82953653832146
366.453271236593
379.5062581829185
402.9888335921977
437.34997427689416
485.81477951993185
486.1769225292373
486.1769225292373
493.00709934036445
506.471124547096
502.7434733539561
507.22775949271545
558.3627852928596
558.3627852928596
560.5345662847208
630.136493150492
734.2806003157103
778.182497875659
931.8594314594878
1005.0243778137922
1075.0581379627802
1179.0394395439025
1211.3760770297554
1192.0461400466006
1233.8330519158578
1304.6336650569767
1406.0814343415534
1549.8564449651458
1774.0214203892804
1648.7061593868084
1740.0129309864337
1752.2556891047607
1744.5558173930692
1710.2558288162622
1667.6966150952037
1568.2353139755526
1407.4352560597592
1430.636222105396
1609.9987577634959
1651.0687447832086
1633.7683434318342
1651.4475468509438
1642.2813400876234
1660.347553977781
1703.8309775326895
1785.7805016294697
1837.129554495273
1791.4019649425418
1815.7830266857327
1747.4057914520026
1644.5364088398894
1585.3106951004904
1531.4261327272693
1541.4142856480862
1531.2478571413578
1470.4822338267131
1402.5334220616635
1195.6144863625566
1134.5474868862916
1066.6358328876825
1029.5940947771603
938.1513737132191
917.1270359116015
907.9977973541565
951.5912988252887
1007.2934031353526
1050.0666645503989
1095.6158085752504
1072.1240599855971
985.3628773198227
925.1486367065564
944.9105777797178
976.8520870633383
998.9874874091266
971.991769512479
904.9110453519727
808.6995733892778
760.8981535001908
763.4769151716376
736.2581069163177
729.2880089511962
727.8859800820455
700.1128480466559
679.5351352211304
632.3314004539076
630.2285299794036
635.6815240354246
627.2726679841869
627.2726679841869
623.186970338758
569.7789044883989
569.7789044883989
584.9307651337891
576.1171755814958
571.5312764844982
526.9079616024036
455.73347474154235
396.3836525387998
380.74006881335725
383.8619543533847
345.45622009163475
373.3041655272547
388.6283571743061
365.9781414237741
285.7656382422491
278.695173980462
294.75583115521226
306.8615322910319
289.92412800593195
296.3815108943201
299.74322344299964
315.48692524413747
315.48692524413747
344.1511295927997
344.36027645476184
352.26694423405667
371.5158139299053
404.457661566696
404.457661566696
576.9783358151327
580.3430020255263
591.9586134182017
608.9006487104444
617.67629062479
611.839848326341
599.4981234332598
605.9471924186133
606.4404340081555
605.453549002729
620.5739279086739
655.327399091477
659.7438897026633
607.3055244273676
602.0174416077992
570.7670277792857
565.9584790424117
566.3179319075108
592.7410901903123
600.8593845484982
643.6575176287464
656.7099816509568
655.3899602526727
658.4094470768171
658.4094470768171
643.0622053891832
646.2955980045044
677.6901947055159
661.2473062326984
621.3276108463232
691.4014752659991
609.9458992402523
791.4025524346001
780.7016075300473
834.8484892481988
820.4474389014814
824.0145629781066
839.9249966514867
834.050358191878
833.4368602359749
833.4368602359749
783.4538914320357
728.3110599187685
696.9648484679841
743.1608170510606
694.2564367724652
716.1340656608928
712.4099943150713
753.7745020893185
719.8222002689275
614.8568939192273
691.3494051490895
639.739009284255
640.8985879216774
696.6168243733423
748.9626158894715
785.8326793917392
784.1562344329094
810.3505414325334
818.1479083882083
917.4399162887999
988.0708476622514
945.0693096276061
888.895944416443
901.5409031208734
829.306939558569
830.7490595841804
826.7018809704016
810.7774047172257
808.7397603679443
808.7397603679443
808.7397603679443
808.7397603679443
868.9614490873574
882.0289110907873
934.4613421645648
936.4987987178628
916.3132652101027
917.3330910852393
886.227961644181
886.227961644181
896.1947333029804
706.0651528010712
666.6670833332031
672.6782291705299
586.9752976062962
399.2367718534955
179.4435844492636
287.94964837623957
626.2395707714421
683.117852204142
818.535277187245
764.754862684769
760.624743220992
709.633708331277
695.2639786440831
695.2639786440831
691.2322330447272
694.1872946114759
694.1872946114759
703.3491309442275
746.1769227200745
761.6167014975447
761.6167014975447
616.2223624634212
578.3597496368502
297.4894956128703
235.819846493038
313.6000637755037
381.11415612648136
383.0939832469312
383.0939832469312
343.53165792980417
336.1606758679545
338.64878561719365
341.8332927027442
342.0526275297414
343.4748899119119
342.70978976387585
343.4748899119119
323.1284574283113
321.3362724623537
283.12011585191186
280.3872322342799
282.4393740256482
353.93219689652426
359.6665122026236
359.6665122026236
348.48242423399205
357.49125863438957
357.49125863438957
400.4934456392514
446.39892472988777
482.72559492945885
482.72559492945885
482.72559492945885
518.9219594505516
525.6614880319843
524.656077826227
559.8499799053315
552.2137267399281
551.514279053589
626.2395707714421
680.5630022268327
725.1372283919783
763.3505092681867
789.746794865291
802.8013452903526
929.0317540321213
955.8054195284728
931.8122128411926
991.5684545204128
967.3370663837916
928.1864036927066
914.7639039664825
949.7452289956502
911.0620176475364
905.560599849618
910.3142314607633
943.6508888354846
952.326624640937
979.3635688547946
1067.5673280875544
1010.7670354735556
953.902510742057
954.8753845397838
969.9896906668648
941.4924322584861
945.8329662260668
1003.3842733469565
989.1309316768939
1061.159742922808
1082.3585357911675
1115.9480274636448
1060.3999245567684
1049.952379872535
1004.1832502088452
1041.8574758574227
1031.6278398724999
848.64126696738
814.2204861092603
835.047902817557
786.3205453248694
790.0316449358215
788.6406025560692
788.0374356589921
735.1870510285121
790.2214879386664
783.2783668658288
777.081076851058
724.9937930768787
704.4160702312236
655.3991150436503
345.7658167025769
287.2699079263263
289.1055170694603
285.29984227124976
176.81063316441123
210.23320384753688
228.65476159485505
226.66274506411503
218.1284025522582
338.2380818299442
377.24792908642985
378.9630588856914
378.9630588856914
416.61493012132917
440.50879673395855
392.4971337474963
395.19615382743797
394.5427733465663
387.12788584652486
359.3994991649265
302.88611721239386
265.4675121366078
315.69447255218137
372.6405775006259
416.49969987984383
371.4162085854628
439.27212522535507
478.7650780915417
518.9913294073418
575.9930555136928
656.9018191480368
688.4242877760778
688.4242877760778
687.9614814798863
680.9052797562962
677.0753281578055
662.3345076319065
657.4876424694231
686.4779675998349
686.4779675998349
654.892357567257
662.751838926155
632.2499505733472
632.2499505733472
584.1874699101309
618.9103327623477
668.5244946896112
658.6592442226861
666.49531131134
694.4479822132108
761.9370052701207
791.7783780831603
840.1660550153166
857.0099182623268
852.8235456411836
884.3641783790205
852.1296849658507
781.4729681825213
750.2466261170389
701.2289212518263
649.9723071023873
579.9448249618234
549.0355179767516
550.3208155249082
568.1126648825917
643.5813856848254
663.0708861049472
691.134574449868
712.129903879903
727.9725269541427
801.3632135305438
783.7754780547807
738.9506072803513
736.9993215736362
754.0749299638597
751.7659210153117
709.4159569674198
653.5900856041193
667.0802050728233
663.8200057244434
631.8093066740945
584.3586227651647
561.6778436078816
530.0924447678914
475.83190309183766
449.67543851093313
387.6815703641327
390.19994874423037
471.98305054313124
502.13942286978425
538.2192861650351
615.4339932112947
735.8505283004151
737.8732953563234
741.2152184082569
724.9827584156743
645.5973977642723
630.5711696549407
608.0624967879535
584.6024290062435
628.3764795089007
566.6762744283548
666.319743066345
686.5806580439038
703.7478241529419
690.9124401832695
710.4998240675362
710.9992967647718
702.9743949817803
715.4704745829838
763.7905472051876
763.3177582108253
770.8475854538302
784.7713042664086
995.1472252888012
1080.7247568183122
1086.439137733909
1221.7823046680617
1256.60733723785
1264.1732476207524
1323.068403371496
1366.8321038079257
1364.580521625602
1323.9002983608698
1326.2431903689458
1398.6568557012117
1419.835906011677
1426.5342617687106
1435.7767932377233
1436.1295206213122
1466.2932858060833
1438.8356403703656
1625.4325578134578
1529.944443435774
1704.211254510426
1747.0555228726992
1793.600289919691
1779.8345428718928
1920.54211096763
1961.3959314732963
1944.0370366842294
1918.3839553123873
2009.374529548934
2059.8847055114516
2064.2228561858333
1883.377285622825
1806.0813935146998
1815.0107437698543
1647.499924127464
1585.5674063249407
1528.096855569044
1382.2156127030255
1242.3703151637196
1246.2082490498929
1218.4432690938056
1209.0632737785065
1314.370571794728
1321.160096279024
1311.3706569845156
1321.067749965913
1317.7708450257958
1301.386184036084
1244.4990960221708
1115.2569210724496
1092.1162941738394
954.193900630265
1030.1262058602333
1017.8644310516013
1166.6619047521865
1168.4040397054437
1226.720832137451
1204.807868500202
1192.262554976881
1104.2191811411356
1066.86456497533
1052.8917323257886
1058.915482935253
1028.726397056088
1060.2980712988212
1125.1719868535654
1141.9115552441003
1170.8817190476586
1286.884610211809
1310.0610672789264
1269.7972279068813
1236.6697214697222
1236.6697214697222
1079.6258611204162
1060.9019747365917
1116.4152453276513
1099.0072793207514
1099.0072793207514
1132.0083921950402
1132.0083921950402
1132.0083921950402
1132.0083921950402
1119.0187665986662
1035.1425022672
1044.317959244214
925.0108107476366
898.8820834792515
861.479541254463
885.2739688932461
898.6923834104749
901.8736053350269
885.4490386239064
908.5967202230041
880.2272433866154
896.0357135739624
847.4137124215067
759.6578177047874
771.1809126268622
757.3242370345743
623.0521647502719
577.0615218501404
626.8492641776012
649.2903818785552
654.3989608793706
747.066262121373
781.3257963231472
705.2800862068913
720.6698273134515
729.8390233469296
706.4156000542457
706.4156000542457
709.9345040213217
709.9345040213217
709.9345040213217
726.8266643430193
725.8594905351862
748.9833108955099
657.4313652389883
601.5978723366632
581.3449922378278
648.8220094910467
675.6071343613831
671.3933273424751
671.1668942967912
628.5857141233803
608.6706827176745
619.0718859712497
641.287766919033
626.0990336999411
616.6871167780304
632.2847459807962
658.5317000722137
646.4240094550944
749.1748794507195
777.8945944020951
802.9757156975546
793.8293267447355
793.8293267447355
787.7118762593338
895.0083798490381
994.8225972503841
1109.854044458099
1194.825510273362
1198.567895448564
1212.4046354249888
1163.256205657206
1096.834080433317
1029.1647098496917
1029.5970085426627
1030.3339264529727
1079.1686615168178
1024.6999560847069
1003.6782352925662
1004.4744894719826
969.9592774957101
970.7275621924001
968.4843829406854
958.8117646337054
926.3055651349613
897.4363487178352
876.291047540713
888.5943956609225
870.6411430664186
832.1724580878654
729.5697362144348
702.8093624874386
644.7332781856386
606.0907522805475
610.4637581380241
607.1869563816404
585.6551886562604
542.2370330399797
443.0259586073936
365.8688289537659
437.43799560623444
428.0233638482834
428.0233638482834
414.0410607657168
358.40479907501236
375.6248128119334
393.4971410315455
438.020547463244
438.020547463244
453.2626170334368
452.57043650684915
535.8544578521298
586.557755042076
584.1010186602999
574.8338890496975
573.8989458084062
569.2011946579171
569.2011946579171
541.4979224336877
521.0566188045211
507.8631705489186
507.8631705489186
507.8631705489186
587.9710877245581
633.1784898431089
626.1429549232348
625.0807947777631
555.989208528367
511.8945203848152
511.04207263198987
518.2431861587762
451.8561718069147
535.312992556691
527.1811832757311
503.5891182303287
495.86490095589545
460.76024134033094
421.37868954184194
400.38731248629745
440.98072520236076
432.47312055201763
432.47312055201763
397.3474550063206
387.3499709564982
398.09420995538227
415.3745297920902
429.40190963711376
517.0454525474526
533.2916650389353
574.5650528878344
668.8572343931103
690.231845107135
764.0942350260209
764.0942350260209
746.9939758793239
827.3451516749221
842.230372285398
863.5276486598445
883.0696461774688
928.3426091696966
948.7407443553798
939.6004469986166
952.5675829042262
888.840255614022
889.7724428189491
915.6484041377454
945.9471444007852
995.1964630162228
1025.0092682507802
1042.118995124837
1069.7850251335547
1129.9530963717034
1133.49194968469
1201.9138904264314
1299.1012277724935
1306.9238692441118
1285.7876963169308
1369.653240787609
1377.9368635753963
1392.38679970761
1538.8775129944554
1500.2399808030714
1513.5114799696764
1437.1214284116704
1500.2879723573071
1489.5707435365398
1341.1070054249958
1368.695729517704
1351.2549722387703
1318.709975695945
1287.5169901791587
1245.1626399792117
1236.1067915030642
1216.4209797598855
1129.7008453568583
1147.7085867065734
1134.749311522153
1119.124657935835
1092.6737848049618
1077.4933874507074
1045.3860530923491
988.7001567715057
880.3896864457239
877.2530991680793
826.7405880927826
730.5107802079309
750.0446653366718
744.540798076237
673.9866467519961
657.228270846591
647.5554030351379
510.6623150380298
454.57672619701947
419.7320573889967
422.30320860727545
369.0934840931224
349.9828567230115
351.05697543276364
316.46326801068085
338.3134641127958
369.17881846064785
370.19724472232366
381.0984124868536
429.49272403615873
452.1349356110408
519.8807555584261
513.9163356033743
551.4272390805518
578.4064314995123
672.9947993855525
681.4910124132233
682.3950468753419
683.2978852594233
687.0123725232319
704.9106326336694
715.9259738269034
675.5590277688545
636.1894371961861
636.1894371961861
617.9166610474264
578.1306080809076
565.4025114907079
501.08881448302157
501.08881448302157
501.8007572732429
507.56378909453343
505.1247370699637
487.90880295399467
484.7679857416329
474.2309563915034
443.5031003273821
422.05449885056316
434.13131653913194
420.0476163484326
346.1935874622752
326.1180767758819
261.3120739652112
258.0
364.603894658299
401.0660793435416
344.2353845844439
415.03011938894264
408.1874569361484
406.12067172208805
393.4920583696703
355.4349448211304
361.9778998778793
420.3248743531603
457.3969829371418
459.50190423979745
459.50190423979745
450.166635813895
449.7377013326768
460.10433599347874
518.9759146627134
594.8529229986182
625.282336229003
625.282336229003
623.0256816536538
624.7711581051097
624.7711581051097
639.687423668779
674.0178039191546
667.4578638386097
705.5139970262816
705.5139970262816
659.1661399070799
656.7647980822359
669.1188235283776
592.4187708032216
541.054525902889
569.6490147450446
323.0541750233233
287.6317089613035
291.0463880552377
351.96732802917944
372.1303535053275
383.62481671549875
375.74193271446296
357.5471996813847
344.88258871679795
344.88258871679795
482.27896491553514
484.23547990621256
481.9253054156837
467.5596218665594
443.6214602563767
428.3176391417939
440.84691220422536
424.2746751810671
439.0364449564523
444.44572222038545
680.6761344428053
668.490837633546
665.7416916492461
643.3910164122592
688.7902438333458
712.7636354360399
847.169404546694
864.6768182390459
974.6907201774314
974.6907201774314
830.5070740216486
798.6513632368006
674.631010256718
679.938967849321
684.9233533761278
647.5152507856475
618.2232606429493
632.0854372630333
633.2724532142544
704.5644044372381
704.5644044372381
680.418988565134
679.926466612383
684.8948824454743
684.8948824454743
684.8948824454743
662.653755742771
695.9885056522127
759.2338243255499
762.5077048791048
775.8891673428622
708.317725318236
703.2296922058965
700.3056475568364
700.3056475568364
666.5268186652357
658.7852457364236
603.9569521083436
645.034882777668
497.22228429546476
502.3494799439928
502.9612311103113
524.0333958823617
523.9847326020101
512.8742535943874
480.56633257022906
463.1673563626867
450.4198041827202
428.4343590329795
427.1603914222385
391.19815950487293
400.9463804550429
397.5047169531451
403.2245032237004
396.1742041072336
396.1742041072336
396.1742041072336
396.1742041072336
373.5451779905611
339.0575172444935
324.59205165869355
311.384007296457
261.99236630100506
261.99236630100506
283.9718295887816
285.2367437761131
293.53023694331733
284.2094298224462
217.43274822344495
189.90523952750752
195.0743448021805
200.922870773837
212.1084628203222
173.21374079443004
175.13423423191708
184.60769214742922
161.20173696334663
151.594854793954
156.6492898164559
350.5424368033063
375.62348169410285
389.26083799940625
377.3804446443933
382.8263313827825
408.96943651084734
408.96943651084734
408.96943651084734
408.96943651084734
420.20352211755676
414.7963355672275
426.8442338839779
433.43511625155617
475.2999053229445
502.06374097319554
625.444641834911
699.8356950027628
749.8799903984637
743.2496215942529
745.4984909441467
809.473903223569
763.5692502975745
756.4139078573318
777.0353917293601
807.7982421372307
905.9045203552083
899.9822220466358
894.9189907472072
894.9189907472072
871.7740532959214
935.1149661939969
742.4715482764306
789.2452090446923
891.2036804232802
917.2971165331329
930.5487628276123
932.3507923523206
937.8928510229726
941.5694345081514
941.5694345081514
924.9097253245853
923.7883956837735
882.4720958761246
870.6474602271576
788.9106413276475
776.2319241051607
708.1030998378696
732.3933369440222
677.4363438729871
756.4125858286601
759.557766071811
706.257743320383
703.9708800795669
696.8299649125316
659.4929870741614
611.2151830574892
508.5980731383083
509.53213833869205
521.5227703561945
529.6649884596867
548.1933965308228
488.57036340736016
487.5961443653959
493.6294156551046
441.6763520950607
423.372176695635
410.20726468457383
381.77873172820927
387.84146245598856
385.58267595938486
385.58267595938486
388.33490700682574
388.33490700682574
388.33490700682574
388.33490700682574
388.33490700682574
413.31102090314505
414.3404397352496
363.98626347707136
363.98626347707136
320.844198950207
317.43345759387114
337.07417581298034
337.53814599241963
335.211873298068
333.60155874935595
309.6013565861752
349.3708631239875
451.4864339047188
452.36379165446033
446.5265949526411
432.60027739242145
543.5181689695387
549.3923916473543
493.8096799375241
388.9267283178157
413.3086014106167
418.39335558777697
418.701564362972
377.0543727368773
553.7869626489955
599.7099298827726
710.0753481145505
780.8303272798771
780.8303272798771
780.8303272798771
780.8303272798771
791.9696963899565
791.4164516864682
736.9667563737187
832.5623099804602
873.8192032680445
878.0034168498435
845.9787231366993
885.2796168443053
886.3328945717856
913.0060240765117
981.666440294258
978.1410941167945
905.8807868588449
923.200953205747
924.2261627978295
924.2261627978295
552.9719703565453
506.13041797544633
535.5707236210732
535.5707236210732
525.9847906546348
477.3887304912004
478.2886157959439
478.2886157959439
426.0844986619438
414.9698784249286
414.98433705382183
392.57355998589617
395.7575015081837
399.6798718974975
402.0149250960715
327.60952367109235
319.8999843701153
386.18130457079354
368.76957575157957
339.402416019686
331.2476415010377
329.98333291243665
312.0801179184602
309.832212657109
296.9309684084838
315.7594020769611
302.08939074386575
285.2542725359254
265.0396196797754
406.2093056541172
406.2093056541172
401.2492990648083
369.6187224695199
328.78868593672746
328.78868593672746
328.78868593672746
328.78868593672746
324.9430719372241
324.9430719372241
302.22839045993015
332.58983748755765
320.4372013359248
327.31636072766054
371.749915938121
371.6221199013859
453.6353160855094
482.99068313995457
498.52983862553305
454.42051010050153
443.99549547264553
460.52144358324944
469.97872292264464
584.5801912483864
619.4239259182681
643.0178846657377
659.490712595712
655.200732600323
792.1515006613319
823.4658462862925
831.0
575.098252475175
577.9809685448129
582.1709370966572
700.6825244003164
745.9772114481782
789.2946217984764
810.0851807063254
832.2175196425511
835.6039731834693
839.7362681223194
1005.7246143950142
1165.511904701106
1194.3014694791261
1190.5309739775778
1165.8408982361186
1155.3376129945739
1104.155786109913
1167.9726024183958
1162.9273408085305
1181.9390847247585
1184.90505948789
1175.984693777942
1175.9931972592358
1107.2560679445382
1127.0953819442257
1108.034746747592
1092.9194846831124
1093.500800182606
1091.9125422853242
1080.9801108253564
1088.5908322230166
1150.8683677988547
1212.346485127086
1228.0806162463439
1099.7417878756812
1063.1180555328745
1049.2368655360904
1052.3858607944142
1179.5978128158768
1248.5179213771823
1266.753330368624
1077.5379343670459
952.1864313252946
920.7019061563846
920.7019061563846
932.5963757167406
970.2298696700694
1008.0803539401013
977.5822216059373
1012.0587927586025
920.0858655582098
939.0910498987838
1080.3124548018504
1072.159036710506
1065.5913851003113
977.0977433194696
975.2999538603495
975.2999538603495
952.3339750318687
869.3986427410615
853.8665001040854
844.7591372693165
791.5756438900834
746.3799300624314
706.9582731675187
733.2134750534799
750.8641688081807
769.9435044209413
774.3797518014014
688.131528125256
637.357042794696
619.7249389850307
619.7249389850307
577.5378775457069
570.5260730238365
570.5260730238365
560.3124128555426
514.4074260739244
497.900592488099
478.66585422400874
434.8206526833793
432.35864742132776
426.6098920559625
289.2956964768055
291.6573331839952
291.6573331839952
294.95762407505254
296.7220922007662
296.7220922007662
293.18253699700466
321.871092209288
321.9689426016118
336.56797233248443
351.1552363271834
338.99557519236146
351.27624457113524
359.5497183978872
349.2563528412905
313.113397988652
292.4038303442689
292.4038303442689
302.50950398293276
310.39974226793424
375.97872280223515
447.365622282267
482.9534139024177
486.4072367882698
486.4072367882698
489.0766811043029
773.3239941964816
758.7542421627704
763.0229354351021
770.4362400614343
751.906909131709
791.8813042369418
869.2088356660901
1028.5295328769125
1084.241670477574
1115.3474794878948
1130.8545441390772
1131.3089763632215
1147.6976953884678
1193.1906804865682
1177.7308690868215
1156.1435896980963
1232.1087614330156
1235.7993364620327
1199.658284679433
1182.0896751092955
1182.0896751092955
1182.0896751092955
1182.0896751092955
1173.6694594305502
1175.077018752388
1117.3925004223001
1036.5568001802892
988.1153778785148
985.8823459216622
1009.6286446015683
1073.7178400306107
853.3176430849182
825.9394650941435
831.9903845598217
824.2815053123538
828.6126960166613
786.7706146012318
704.1817947092924
532.4462414178544
431.8888745962322
426.4106002434742
419.64389665524743
418.7266411395387
368.62989569485546
312.85939333828543
316.24990118575533
328.4509095740184
341.43813495273196
331.87648304753384
338.3666650247923
340.4173908601028
342.9635549150959
342.9635549150959
342.9635549150959
342.9635549150959
371.0714216966863
370.32958293930557
370.32958293930557
370.32958293930557
364.42283133744513
308.99838187278584
271.93749281774296
251.06971143489213
251.06971143489213
238.96443249990153
240.6948275306306
264.892430997943
373.6575972732255
416.25953442533904
388.48423391432505
396.35085467297785
385.51394267912025
384.6218922526382
384.6218922526382
384.6218922526382
382.93863738202236
491.6116353383024
509.9519585215847
419.4710955477147
419.8773630478309
430.6878219778219
435.93118723027834
436.0321089094242
473.2641968287903
493.52710158612365
551.6321237926595
440.34986090607543
449.0434277439099
449.0434277439099
506.35758116177146
506.9536467962332
529.1067945131682
564.1879119584183
805.1148986324871
805.1148986324871
768.270785595808
761.3803254615922
739.1643930818096
703.3917827214077
685.387481648155
681.104984565522
676.7953900552219
671.6874273052906
671.6874273052906
671.6874273052906
671.6874273052906
695.2121978216435
623.6537500889416
584.8059507221177
677.0059083937156
736.8731234072796
708.1525259433874
694.6797823457943
746.6927078792186
722.4956747275377
783.5113272952727
729.6108551824047
713.4633837836388
714.117637367962
782.1572731874326
748.9385822615898
751.1737482100929
740.2540104585722
725.218587737518
442.58332548798086
483.7974782902449
478.4516694505308
492.4489821291136
639.3731304958005
727.2833010594977
790.428364875654
819.5663487479217
1013.0187559961563
1148.793715163867
1188.3560072638165
1240.190711140831
1353.7680746715812
1323.4999055534533
1298.3728278117962
1310.7047722504103
1244.442043648478
1204.2308748740834
1201.7333314841526
1201.7333314841526
1160.5291896372103
1148.3936607278881
1116.6001970266707
1104.2019742782568
1104.2019742782568
1133.8544880186346
1072.085817460524
1065.3656649244897
1072.3227126196666
1061.3486703246958
1035.1144864216712
1007.8611015412788
933.3579163429215
898.5159987445967
863.8408418221495
756.0185182917148
684.5502172959995
650.9477705622779
631.9873416453845
503.72413084941644
351.90623751221005
323.10988842807024
257.8429754715067
144.0416606402467
139.81416237277253
139.16896205691842
39.83716857408418
39.83716857408418
39.83716857408418
196.51208614230322
341.91958118832565
449.7377013326768
532.4321553024386
508.86343944127094
569.1107097920403
578.9645930452051
488.7289637416633
564.8929102051113
514.7484822707105
505.6144776408207
527.9374963004617
529.8848931607694
531.1694644837935
508.8909509904848
492.55862595228194
567.1578263587659
598.722807315706
739.2989922893173
752.9993359890831
802.9315039279503
752.9993359890831
945.5834177903079
892.183837558157
891.4196542594291
891.4196542594291
891.4196542594291
891.4196542594291
893.7102438710211
893.7102438710211
893.7102438710211
870.4584998723374
820.9141246196218
804.0167908694444
765.4913454768773
730.5436331938017
658.6964399478716
644.6301265066659
634.611692296951
449.1091181439094
441.73408290508894
338.1094497348455
416.47088733787865
524.6741846136514
651.4844587555408
656.4998095963166
662.9630457272864
653.8883696778831
638.3964285614386
555.7697364916518
546.035713117741
498.1013953001939
526.1178575186362
286.4960732715197
286.4960732715197
286.4960732715197
286.4960732715197
286.99825783443356
486.62922230379877
551.8967294702877
601.0091513446364
671.5459775771127
783.8099259386806
861.1666505386747
866.053116153969
931.365127111811
996.9212606821062
1002.9656026006077
1002.9656026006077
1002.9656026006077
1001.9346286060783
1001.9346286060783
1001.9346286060783
928.7776913772208
865.4149293835876
772.8926186735127
862.6239041436309
965.87059174612
991.565933259105
1000.2139771068988
1011.5161886989254
1011.5161886989254
1011.5161886989254
982.1405194777375
962.6551822953014
962.6551822953014
982.7054492573042
1051.470399012735
1174.5535321985117
1067.4071388181737
1022.456845055086
1055.3961341600602
1003.0194414865547
912.0032894677519
881.4164736377463
824.8836281561175
705.8803014676072
662.803892565516
671.8705232408994
671.8705232408994
689.042814344653
697.3951534101739
720.8023307398499
721.8725649309579
721.8725649309579
721.8725649309579
720.4685975113697
607.0831903454418
418.12079594299064
312.81623998763234
293.5779283256832
265.1433574502669
314.80311307228203
321.87575242630504
339.53792129893236
340.4056403763016
340.4056403763016
335.341616862566
316.51540246882143
275.88040887312025
303.4666373755112
311.11251983808046
283.7446034729119
321.84779011203415
406.12067172208805
409.3433766411764
412.3299649552528
451.8274006741955
450.0699945564023
471.3119985741929
527.3234301640692
521.9109119380433
549.4997725204261
571.5767664977295
570.999124342586
571.5767664977295
597.7792234596315
620.1451443009129
631.9177161624764
634.0346993658943
629.2614718858925
623.915058321243
595.3402388550601
563.4758202443118
560.9812831102299
572.1013896155122
591.9459434779496
614.9796744608719
699.0958446450672
769.1553809211764
777.8720974556164
759.7795732974137
749.9826664663657
731.5770636098429
685.6004667442985
599.8291423397166
572.2473241527653
569.4980245795415
519.652768683089
535.6323365891943
509.32602525298074
458.21392383907323
444.8246845668527
424.21928291863395
401.6441210823333
401.6441210823333
401.2505451709692
377.3274440058661
358.2122275969931
349.0042979678044
347.30390150414377
347.0907662269338
495.68639279286253
599.6082054141688
625.0055999749122
630.4942505685519
585.4246322115256
623.9711531793757
607.6610897531617
531.6521419123599
492.1463197058371
471.932198520084
470.23398430993905
470.23398430993905
470.23398430993905
470.23398430993905
470.23398430993905
465.0623614097361
471.24091503179136
458.76900505592135
398.6376801056318
396.0757503306659
301.8045725299734
121.26829758844642
94.79978902930111
127.82800945019835
189.59957805860222
195.31512998229297
186.22566955175648
201.64324932910597
222.94393914165957
228.24986308867744
284.4099154389664
281.85102447924504
268.1771802372454
332.9864862122786
624.0721112179265
682.5935833275903
681.7829566658293
787.0857640689482
872.1381771256204
872.1381771256204
868.6426192629509
872.1381771256204
872.8356088061486
874.2288030029667
874.9245681771657
876.3144412823516
876.3144412823516
865.4461277283526
855.1777592991997
849.625799984911
845.4537243397772
836.1429303653772
829.2798080262174
842.238089853457
836.4317067160953
820.7472205252967
804.7925198459538
870.9615376123104
794.2839542632094
693.6749959455076
664.498306995586
653.3115642631776
595.3889485034132
616.1168720299745
542.6370794555049
504.00992053728464
422.37424163885754
446.0
390.34343852561426
355.1295538250794
367.81245220900286
375.0319986347832
378.26974502331007
523.2972386703374
522.6547617691816
668.2963414534005
728.4215812288925
759.9480245385207
779.3747493985162
823.6152014138642
837.4162644706634
867.8058538636393
869.3555084083841
869.3555084083841
866.6850639072997
867.4704605921748
885.5822943126178
936.2051057327128
857.5750696003237
903.7709886912724
1315.4345289675196
1317.0561871082039
1329.4923843332085
1360.7575096246942
1343.6517405935215
1217.4826487469954
1161.125746850874
1182.928991951757
1115.918007740712
1057.2081157463747
1059.9155626746879
1025.8918071609696
1005.4576072614897
1000.9995004993759
937.2683713856987
937.2683713856987
846.8860608133776
769.7460620230545
748.3782466106294
719.3038301024122
665.8941357302976
666.2807216181479
737.607619266504
733.143914930759
747.6630257007498
749.0994593510263
764.6175514595516
762.9075959773896
687.7921197571254
776.8654967238538
752.5357134382394
547.3070436235953
618.6081150453815
623.8910161238099
634.5904190893525
632.5662020690008
632.5662020690008
631.1386535461127
597.809334152621
648.351756379205
648.351756379205
647.6912844866758
647.6912844866758
655.8902347191945
671.9880951326444
673.973293239428
714.7978735278946
736.7550474886481
744.0282252710579
745.9557627634497
746.4368694002193
746.4368694002193
734.384095688353
492.048778069817
488.0901556065232
461.9523784980439
486.49768755873856
563.0808112518131
854.5612909557746
926.9304181005174
758.1061930890685
755.624906947885
789.2832191298634
738.9993234097038
725.5618512573549
665.2067347825035
665.2067347825035
665.2067347825035
664.4080071763133
715.0314678390035
612.6556944973253
628.9992050869381
701.106268692557
718.4705978674423
725.7272214820111
818.2273522683045
826.8639549526874
791.1959302220911
854.6847371984596
959.0839379324418
963.4625057572298
1032.0193796629983
1032.0193796629983
1032.0193796629983
1032.0193796629983
1060.128294122933
1057.5216309844448
1052.8133737752385
1016.1259764418977
853.1541478537158
781.4640106876324
820.1841256693524
801.3600938404657
765.3646189888843
728.2307326665086
755.672548131795
753.8991975058734
754.5230281442707
754.5230281442707
754.5230281442707
716.1319710779571
781.9565205303937
769.1124755196732
697.5284940416412
690.0652143094883
671.1162343439473
563.8395161745938
548.3283687718518
529.2428554076097
449.1157979853303
326.50574267537775
322.64531609803356
269.72207918522355
277.39863013360394
342.0
363.8048927653393
355.2435784078299
468.39940221994306
491.4936418713878
494.7989490692154
578.3390009328439
596.377397291346


