Rainfall Prediction

525.3834714324595
579.7151606240004
301.1418537953118
232.77173343148786
250.66779265199386
314.43438969848154
275.46597980892864
316.7903631195861
364.52595620312866
475.59387926081865
811.8633763460493
881.5544159951934
817.9659381567482
770.2911672524202
514.1462817827219
493.45504793362034
496.9200029088794
253.61333527258626
352.0
53.981308683306324
19.870979945875618
95.34624794948391
155.3462479494839
153.3462479494839
216.02142279736574
196.5424212279465
77.6273517517736
147.65853902857515
187.89434489931386
296.6797055670611
212.8779429280285
104.79016391165615
328.6814735752498
113.28274373047506
265.03387237175207
165.2713314938698
272.8785898866731
331.81356597190313
439.12157883262864
211.55396616786382
211.07440528081932
575.6880852340461
558.7224561454838
471.49250085529127
496.0270387889505
783.6142554720022
610.0230308875166
328.10384596365293
112.01893285460525
917.6194077327866
756.1446830900305
742.3026481536161
743.1092823200581
485.10928232005807
567.1092823200581
314.549348092376
239.55462458617774
655.9941638351411
753.1893612609896
641.417219287326
1028.4650663125763
1218.6886305763014
609.4540590053494
781.0094901476322
1372.5970747274353
1311.5052082368095
111.0271507123809
550.5529669827962
672.2914409533957
578.8159742113697
581.4159518475911
422.3461013607374
288.2402945254431
612.3228711561208
403.4556947920816
818.0755320988444
237.388516415801
307.03100101373883
165.73385838072727
220.4296262211605
185.29805477672414
34.01312291661309
53.86055423543678
137.91069477877812
116.91069477877812
168.86192879171406
341.5693563717672
285.46357414229533
113.21151745406875
123.96845704359606
27.793265217496483
657.5335060449287
643.5335060449287
656.0008012825658
659.5017956929166
662.0
89.49880546172483
89.49880546172483
105.49880546172483
120.1422266592166
221.02237031464995
399.7826576255166
56.78265762551659
42.78265762551659
84.78265762551659
84.78265762551659
487.40717134319846
374.1516583436378
316.04040507106674
359.53205961939744
339.0992795741124
416.075346000635
141.5211098713375
161.80033023124363
73.21916077110285
143.50974550117323
34.35877095105592
145.19643203077433
133.19643203077433
147.92494355403315
95.35438054420729
95.35438054420729
210.84170847315374
105.47727312185717
82.0
79.82038342972476
74.70099644754586
276.6919773675154
257.6919773675154
239.6919773675154
553.8259049699217
44.55804976510913
531.8259049699217
104.9317865527708
139.47695625949962
203.9239675736788
201.8537682876828
283.99494951335316
310.0
304.1078802027246
333.32327051189804
333.32327051189804
319.6868736445239
347.2532096449538
329.2532096449538
160.2532096449538
222.62509150805818
242.62509150805818
247.20634608346109
261.2063460834611
317.56143223297585
368.5189124007062
372.5189124007062
366.0355976271583
296.46287486068655
211.46287486068655
284.77360168714824
314.867847971939
306.421854544261
312.24154608009417
298.6775194385407
112.84457370420282
519.7610465713717
284.21819985271816
156.1641399923592
418.6443733574944
499.63685428963487
46.37448831579749
6.247629483862674
102.78884847844802
46.273618538561834
488.6852389914521
507.1672823264654
110.38797428851979
630.5006227512836
559.2634919510092
874.2972039079424
789.7564144314571
890.6018544356588
986.907444707801
1212.0331421619935
963.0739942623259
1015.1652250363844
1114.817788018801
981.0271687099743
857.0691109604761
781.0435380875144
848.6690816673463
614.5707100175441
853.8663236079034
657.4689877830549
642.2257424320669
478.86556368390467
565.1924883248541
1584.5938573246901
1612.9098424089207
1284.167354723913
1578.7471149801283
1428.4344644814498
1613.4182021909367
269.1185030782218
413.35554526230095
372.4343819260596
238.65490661697618
442.2000162905209
820.2377648986906
508.92298174918164
749.8527972935751
276.3597127299303
169.5397423952279
652.7521324950874
700.556232747847
1224.649566072417
781.4046213033674
552.6602321464852
669.6252327658563
333.3956390429892
579.585135350283
95.98299078693859
103.40251997817855
293.7508786634142
430.2504164325835
491.0436943139875
106.64627828843604
557.4328226718895
424.6765765534505
424.6765765534505
303.6204776434298
939.1256280349805
879.6685546147648
1324.3669210646406
828.3147416720519
406.51442371445256
322.3262699312846
338.4338405273615
482.723999793816
722.1054417622227
814.8613674687413
478.5423370264692
478.5423370264692
268.4759296030479
995.4211531118884
973.0526814237878
1041.0302608915836
1030.1866827860522
984.007700793262
1334.473417232899
1720.9025643992295
1279.821227671252
860.6848289245183
934.6984473561797
1112.3463454860284
1080.1712060062146
1316.3040310557876
1016.4632107537655
1367.2661075790425
451.04571713345615
504.09420700458725
106.538042722866
103.35651429606644
699.7341551109141
58.73415511091409
88.73415511091409
88.73415511091409
155.1861075204436
614.598631634371
595.416654956007
1061.904199515093
923.2707274370681
772.0087358384874
452.9374500974831
801.8188919572578
890.9048797381847
145.4666769246552
231.5215648215595
48.52156482155951
142.95794816372322
151.86123312616525
161.66750764528237
159.63513994724227
225.35020299814593
145.40018738290394
158.39488638899587
185.2948202119202
191.2837217478098
266.59234973761556
231.93839930456153
180.77999373164593
140.05759702568474
101.91023111770326
66.47247098675022
132.53429773684422
455.85128196882994
321.45480174873904
370.3143162360068
203.49821798187517
47.885717617464934
99.32461721683563
49.25081721165256
631.5845311908648
785.7019031333263
700.6061422128566
1231.644218188771
1009.7717796032664
984.3337140888036
354.0218387241082
1137.88318070216
892.9506762965514
399.84551238302555
685.0091325346218
521.1151320966596
888.9468780212553
904.0944496941943
1233.7610179196986
542.6971139514399
636.6690239839015
129.19655638125857
770.8867071024317
548.1932756877369
390.72862736999684
600.4168030981598
633.8622810388138
626.3614205176467
642.3791925005535
959.6220832781333
1186.945367683967
1027.0875477396885
981.7118179574734
194.84450828936838
28.212621767516396
64.13394911836811
204.02128973474294
1233.236021920194
1540.1225812160276
1287.2135029358792
1316.6701676682594
1334.6612700037772
1042.2424003079043
1379.4140414162625
1399.5406748405262
1084.593666420075
1153.3092154645083
964.8604623222778
1277.1724032622374
1167.3244327846298
1093.881501123904
902.3127257824652
829.3120584618515
781.3414603069627
676.5196648092085
573.377948682807
722.705081573834
729.1582454582455
670.807960248263
639.8139074372571
564.045710904372
468.3751556878209
415.91461298383973
419.91461298383973
360.92943690563106
358.27138795592845
432.75928681986613
690.0473706184378
436.7504483639872
902.8946211202964
286.73919568424867


