Rainfall Prediction

481.94674864090234
328.57586263606464
314.21194672621886
336.50747179527053
327.7886857112029
340.12688147833114
272.0
269.0
291.77706650955537
525.8544934643575
684.5671378211464
1040.71099853222
939.3643839144648
750.0
715.0
638.0
738.0
788.0
840.0
1040.983132119466
834.1604427351184
774.9800991317675
891.0
720.0
477.0
402.0
454.0
400.0
189.0
328.0
223.0
154.0
660.0
692.0
957.0
934.0
708.0
732.0
622.0
607.0
554.0
568.0
420.0
601.0
825.0
963.0
1009.0
908.0
900.0
895.0
887.0
934.0
919.0
959.0
1032.0
827.0
554.0
360.0
321.0
283.0
45.0
146.0
238.0
0.0
0.0
0.0
0.0
0.0
59.0
212.0
0.0
715.8572944903054
1148.7465333256507
1564.4572415219764
1612.670142705932
1618.6397773102133
1529.512353868287
1471.393988722526
1470.4015330955967
1526.4370999833914
1559.2712785170859
1552.828654993058
1458.4153943847323
1487.5199091694667
1463.2615475246437
1417.7868640131653
1585.409393443114
1744.052553735725
1882.4996220327366
1859.3979028059
1824.1679294223177
1885.3384751259166
1876.2986534952774
1842.135208536627
1642.316999824513
1489.406106563269
1423.9492106342093
1277.1684409472675
1103.7283131896836
934.4241027481189
809.2508264067782
650.2755936178528
248.65224584631852
0.0
0.0
0.0
0.0
0.0
0.0
0.0
0.0
0.0
0.0
0.0
0.0
0.0
0.0
0.0
0.0
0.0
0.0
0.0
0.0
0.0
0.0
0.0
0.0
0.0
0.0
0.0
0.0
0.0
0.0
0.0
0.0
0.0
0.0
0.0
0.0
0.0
0.0
0.0
0.0
0.0
0.0
0.0
0.0
0.0
0.0
0.0
0.0
0.0
0.0
0.0
0.0
0.0
0.0
0.0
0.0
0.0
0.0
0.0
0.0
0.0
0.0
0.0
0.0
0.0
0.0
0.0
0.0
0.0
0.0
0.0
168.0
334.0
309.0
308.0
418.0
403.0
355.0
357.0
426.0
420.0
505.0
542.002479983993
510.7318168636813
397.43354806309696
610.4864936953805
649.6786615192766
789.8103181830363
594.0164195082151
773.527624853425
1399.9608648323622
1877.8505753164332
1881.8180563206654
1878.7836110307383
1836.4370517546658
1834.4129855272422
1907.7573374737879
1903.6806547357887
2083.5916269340682
2192.2383354232456
2320.8195541864998
2120.8355833853816
1595.809357495185
1751.4472653750497
2027.8170978827509
2154.9520607587606
2285.0505739594882
2286.0496887397007
2481.136919830924
2659.767529520506
2613.6754718608454
2659.2480662544713
2644.4445468167896
2553.5950311096644
2431.7943004408885
2372.7904754842816
2195.5288946616706
2152.504804611575
2041.47948458047
2495.2911592188834
2379.662102499362
1847.30798953084
1408.0886152359517
1462.4871628637418
1458.4463489485065
1533.1222110733784
1557.192676857409
1544.0676272299474
1574.0676272299474
1319.3459952651967
1609.8325071141014
1391.5561534834592
1260.0817104595878
1422.742279672589
1387.6949304963173
1222.9839161735076
1111.9691999436895
1048.079813494241
1044.962234234437
1017.0
912.0
1043.734242150225
994.3883615397637
833.0
879.0
714.0
592.0
541.0
278.0
240.0
0.0
0.0
0.0
19.0
0.0
0.0
0.0
0.0
0.0
0.0
0.0
0.0
0.0
0.0
0.0
0.0
107.0
388.0
237.0
623.0
356.0
262.0
117.0
42.0
157.0
218.0
424.0
515.0
525.0
874.4016304075144
846.0008921846571
864.331767313582
703.2179299217518
712.0665497439406
569.0
679.2753677040702
719.7606007498819
693.0
509.0
269.0
240.0
212.0
312.0
528.0
449.0
401.0
416.0
235.0
0.0
33.0
0.0
0.0
0.0
9.0
147.0
196.0
135.0
130.0
266.0
541.0
554.0
886.0
1147.0
1201.0
1690.4746668926578
1738.4753362672632
2251.1409129151816
2286.283348337346
2466.746003519234
3153.4325218986173
2589.9057808269586
2435.8662959663075
2306.560155496233
2442.6561743338143
2444.7079364267074
2685.284768077193
2559.3074394011323
2425.258613290502
2296.8827252899528
2417.857796935803
2419.849876406345
2463.978445835366
2778.2658800599515
2790.2658800599515
2914.3944821287264
2916.3998441053545
3755.439431569993
3873.487043912543
3886.4913913932487
3793.3134005650722
3697.1768869193957
3614.165158393169
3321.9867959500407
3122.7590197622876
3221.887537178071
2963.5493323596825
2751.363902013906
2061.0582189027605
1756.6581597243037
1692.2489193526942
1613.3473296343739
1712.738777386894
1892.5303065727383
2046.1044368194603
1848.9379497959387
1650.299430988317
1483.1619910640077
1589.09645047729
1686.7255877873515
1722.0653144536354
1588.0861276516882
1578.055504919037
1496.7822233943411


