Rainfall Prediction

498.37818787657824
568.1302667522652
629.1682736304859
651.309650064348
618.5852977937517
659.7522195703903
666.7861366077614
665.3015802205067
686.6078293377682
671.9116625417837
643.6332973749453
612.3676414374316
613.5938146055913
621.8738456917056
624.7716270868638
641.9070455772359
638.3488836410196
567.3994908892171
477.5503410216526
265.19342439919984
203.81551791164898
114.30556003437944
174.70222422271775
126.97569431910769
158.10332751342082
204.43649108517135
183.06169650810764
149.22398269889752
121.41348630656586
162.74649146206923
187.54353244148257
181.42507755470587
211.08035766728182
122.62941573117203
337.29176027239015
248.14442386397326
244.3972442142705
203.6366443994807
205.463640180172
204.32850578793747
200.79840636817812
200.79840636817812
186.76188047886004
203.26337594362641
204.6655808874565
201.15665537088253
196.69265365030796
192.1561864733998
170.49926686059385
72.0
57.253820833198546
66.783231428256
99.05553997631834
102.975725294848
100.1998003990028
121.89339604752999
129.15881696578055
133.92535234226565
170.37605465557652
186.06450494385004
216.5848563496534
257.83715791173313
483.229759017385
517.2832879573822
549.9854543531129
645.8606660882825
781.8247885555945
781.8247885555945
778.6912096588737
781.8247885555945
783.6491561917234
788.0939030344036
788.7211167453297
343.11076928595526
537.9330813400492
589.1663602073696
329.1306731375853
382.7989028197442
386.57987531686126
488.82307637835595
451.57502145269285
346.71313791086715
350.39977168942335
336.68976818430343
55.51576352712804
425.84973875769845
308.9465973271109
86.11620056644394
219.23275302746165
71.76350047203663
133.7385509118444
18.81488772222678
114.73011810331235
88.82004278314665
112.77411050414008
79.76214641043707
118.1185844818672
152.04604565722846
148.06755215103678
10.535653752852738
167.2752223134078
102.9805806936434
92.61209424259879
79.12016177940993
81.87795796183488
203.53623755980163
182.85239949204933
170.1117279907532
251.64260370612922
251.12347560512936
186.27130750601393
171.5488268686207
74.54528824815154
184.68892765945662
93.85094565320053
129.9038105676658
84.5872330792301
70.46275611981126
65.53624951124378
47.80167361086848
76.05918747922567
219.8749644684451
103.80269746013347
223.63810051062407
203.94607130317564
212.3581879749401
156.2145959889792
122.55202976695246
247.90320691753868
138.1086528788113
173.39261806662935
177.77795138880413
177.68511473953018
246.31077930127216
173.6721048412784
252.4103801352076
183.9891301137108
229.7389823255949
146.8672870315238
67.63874629234341
216.50635094610965
227.38953362017347
286.85885030795197
73.2666363360568
288.16661846924603
190.3890753168364
117.95338062132852
228.59571299567278
207.72578077840987
213.65392577717827
296.8231796878404
242.33860608660768
422.5210053949981
501.87946760153477
504.4283893676089
526.7864842609386
549.6180491941653
630.9041131582517
643.070758159629
596.7210403530279
579.6378179518655
526.2318880493656
503.4878350069642
504.9752469181039
521.8275577238136
530.3131150556245
535.5483171479489
536.9357503463519
537.282048834688
17.52141546793523
537.282048834688
537.282048834688
465.506176113701
503.46300757851117
499.3896274453445
528.846858740789
223.242021134015
408.6856983061678
442.6386788341028
375.40511450964544
316.0221511223541
640.3124237432849
278.13485937580714
181.41664752717708
163.4839441657804
622.883616737509
609.6720429870472
640.9524163305729
585.267460226519
600.9159675029446
620.2942849970487
626.3481460018861
629.8571266565141
683.5554110677494
681.1328798406373
656.4160266172665
707.3245365459903
282.7437001950707
276.8356913405495
297.1800800861323
316.6133288413487
464.0193961463249
551.9157544408386
366.2253404667678
330.4723891643597
338.5660939905235
327.6141022605712
323.43623792024295
258.42793966597344
222.26110770892868
357.1078268534589
423.9882073831771
468.2926435467463
341.93420419724026
240.85680393129857
181.58193742770783
171.05753752976764
112.95574354586844
73.13685801290619
173.42402945664776
165.9403850345933
152.43840198933262
96.28189529815064
246.416787170611
124.4025723206719
314.4773441760153
289.8689359003479
469.9255260144952
362.03314765363683
360.8323710533743
360.8323710533743
360.8323710533743
444.8640241691836
432.49277450611817
389.9076813811187
448.8518686604747
473.5905404460693
477.01991572679646
483.1314520914572
483.1314520914572
433.94469693729405
424.75640077578583
424.75640077578583
391.3617252619372
492.84480315815443
560.3177669858417
563.1926846115812
587.3363601889466
549.7672234682602
548.4468980676252
453.45672340367827
462.0238089103201
454.6031236144336
449.1547617469952
549.9727265965104
597.8344252382929
651.5166920348242
731.7335580660491
576.9783358151327
574.9573897255343
574.9573897255343
592.8979676133154
592.8979676133154
572.6883969489866
564.7229409188191
805.4967411479702
774.3545699484184
738.9181280764467
738.2750165080761
745.6138410732461
144.90686664199183
267.8581714265966
396.71526312961544
223.1255252094659
272.96153575183445
738.5688864283412
698.0830896103987
695.827564846349
737.5744030265693
757.0046234997511
750.7676071861385
65.47518613948341
180.28311068982586
234.72537144501445
241.34208087277278
625.9115617263083
632.5931286677426
571.6620406029458
521.2099580862006
523.4989463076952
530.9531371729925
530.9588577050343
538.2242164043007
539.7479926217687
564.0690117686212
379.1529638510022
443.89413152237097
473.9177143766627
462.5656710133168
467.1134765771589
642.6585407508408
717.749956461162
792.569870736959
853.8905082034815
423.15245479614083
602.9328320799922
667.9490998571673
552.7051655267933
481.65132616863
849.5869584686432
788.0805796363719
788.4313540188518
785.8587659369844
749.6185696739376
137.6263056250512
1190.2793789694922
1190.5822105171906
1170.3161965896225
1175.1323329736103
1184.1097922067868
1174.8319028695128
1170.0145298243094
1170.3161965896225
1145.1812083683526
1144.886020527808
1130.732948135854
1061.9882296899527
956.3540139509009
895.4881350414421
895.8671776552593
879.4208321389709
675.778881742054
610.7970202939762
557.2063099004397
443.639477849267
307.3984702446774
220.12775781510558
204.14239980655677
159.8615153421365
118.80275231765597
120.80023884780177
107.1068930541927
82.22829630681217
68.27578344705704
72.94119093505878
160.9232687492906
276.103502625158
370.17563399013716
410.1841050065202
426.9777511768031
452.59805567412684
481.6637831516918
558.9955277101956
652.2821475404643
403.79078741348224
435.8807176281144
423.98113165564337
442.21601056497263
451.38453673115566
539.3088169129076
549.2595015108978
552.9981916787793
388.0734466566864
367.6574492649374
360.6216854267086
308.54497241083027


