Rainfall Prediction

2379.9666666666667
2494.247399959643
2568.4836450351813
2575.8398431288465
2672.2539242605762
2604.0
2568.5698912057865
2475.8217043718396
2414.4174659369028
2268.8167457953978
2303.665152947888
2282.675499187502
2213.725266409715
2364.952038986701
2327.83828878665
2365.329285223319
2171.0862024071575
1535.2199800823687
1121.2199800823687
581.4635194986863
378.4503700312432
219.55164950413268
188.71266841943884
196.5035290022629
76.00297614434385
140.2663174400186
126.87106059683356
122.33822806242779
45.348366823860715
22.212724597349506
0.0
0.0
0.0
0.0
0.0
0.0
0.0
0.0
0.0
0.0
0.0
17.164950860496447
67.44868759977453
120.66013399459416
0.0
69.30521882950279
7.781404698786218
67.06895249953914
68.75170685284161
244.55764208020855
646.3065278047845
763.2019078187694
874.9832195337594
788.3035865677361
779.8524103410554
728.2845534632958
656.6026406808594
802.323237158698
801.6766349810734
898.6561776682036
1036.2822031861056
1170.9855585913854
1094.6636246631288
1042.709020346042
937.8534871428935
924.5631358203
998.9895631448325
850.7354803291923
812.4640457897631
691.7538276432804
723.8317691671168
730.26709297013
599.9774936735222
683.4334611249676
654.5592205159144
628.2992135778849
614.8149044945465
627.0168136924431
604.0250018556824
617.7031792259686
759.1848188877141
992.093746447477
1063.5282484795734
1107.526860872528
1194.1192039910165
1331.3376317572993
1592.8716139801786
1611.0294500032028
1483.7569827918614
1501.6722316185792
1533.4647943150194
1421.1428191822529
1375.106805439069
1383.6539933603235
1494.408812283884
1676.7277543626906
1786.7962859074194
1761.457148141405
1807.7693748388674
1815.2133489309813
1898.6821914680286
1887.7222676429733
1760.2241065605676
1765.5763429803033
1689.4332560916118
1682.1052545090395
1682.7603982919345
1580.7603982919345
1456.6302093809536
1499.403802783584
1424.413227862652
1298.8578862979716
1091.711957506371
971.4781222483273
853.6016996218827
826.6995972290592
715.8114578580914
512.4368346489237
482.8526154166032
469.74524025287553
435.2887625142853
220.87750278396783
337.7974521265833
549.3809523809524
510.6959262684609
446.26141199494634
394.3576720738196
298.49328866327517
323.73152469021636
204.0160850509866
490.61463009712384
484.9680438165408
460.1686371512558
679.9244476348122
682.9244476348122
652.2385770250776
671.0445851805086
704.8186807641343
833.2076258310412
900.5251852954643
995.5109470131995
1048.6218773918126
1137.2728923204431
1219.029815203222
1222.032193289025
1495.4579854847987
1576.4572433043963
1554.3829423141763
1728.9620663477667
1784.6304510653122
1940.860271548554
2028.0643738680026
2180.6935523176116
2226.299631861115
2234.1080435905515
2405.7277345518996
2465.4748327467278
2485.353349920133
2444.651524618441
2496.8484359190634
2606.3738106945275
2343.876831782221
2416.9166688781556
2655.0817690817785
2395.4559784293397
2661.4559784293397
2738.05576588189
2785.3908454060265
2730.096853265272
2699.767454815314
2687.486532701512
2462.486532701512
2509.451460600574
2670.9771514172858
3005.256612704825
3148.9795264976806
3037.4154183025175
2928.7520485201785
2936.720788470807
2753.5811147706327
2687.5033173649153
2617.893716872975
2605.734013676289
2413.4772828874184
2236.4502677904893
2017.0343186783634
1950.7726925032869
2242.5631653510763
2193.8368629473653
2234.0151182814698
2309.424055548722
2436.679058775865
2497.157894736842
2351.384431783382
2219.101874530751
2287.9916908452465
2054.9213033077167
2223.426853895472
2201.426853895472
2358.899065193515
2499.2020538536044
2628.090195013876
2716.6921145757697
2674.4179737857676
2496.228083568253
2289.211998249035
2174.5061823567394
2181.679620669674
2181.2963163745694
2212.839674448709
2379.971276982721
2393.441155414196
2540.692311854811
2718.0574640720715
3059.7034562583704
3121.417786374294
3185.638903265111
3127.2943268483095
2796.0589500996334
2779.666666666667
2953.4110640303734
2892.4110640303734
2985.813826926095
2896.6587515330975
2958.4558606344995
2966.08776597055
2948.1001950036407
2916.8666070941526
2675.7076535707365
2759.7076535707365
2667.3080166336786
2475.5979374948756
2358.9850217855987
2373.6104707475806
2449.690453387216
2429.5403901742393
2232.2053450742806
2324.597577344557
2197.9102991273635
2188.1676480899037
2228.9291577137537
2026.9291577137537
2057.9291577137537
1837.1121519687913
1765.807548119251
1593.2512283841013
1896.6967942539968
1976.1152725442537
2208.0395989585377
2439.638502491566
2548.6681957025676
2475.191112341
2334.191112341
2093.6562234925555
2026.2920948129818
1961.64321825457
1935.6528778619154
1951.116979477053
1963.6336399754487
1991.6336399754487
1875.6336399754487
1607.0261322001354
1579.6842504707565
1578.4050389415638
1656.4050389415638
1879.6501109990186
1934.079507826602
1900.7313525146906
1809.033148847377
1799.1164015883742
1817.6733990521361
1822.4146270146907
1879.9189105611213
2126.765916826881
2137.6959300185435
1993.723823392254
2054.4672687701386
1783.9698906189847
2090.548732883966
1871.0132445247446
1848.4551875253442
1616.4222424483178
1488.2833802514833
1415.3850647398742
1732.9324371019327
2000.1053857105246
2339.986052117898
2350.8009539613067
2339.605725351972
2323.8367393912986
2393.025084458127
2502.3395969117155
2665.648208067068
2676.607138927894
2766.607138927894
2839.607138927894
2719.1783657739898
2806.352061967331
2840.358627425707
2863.31510883772
2979.765930447742
3018.2372351410477
2967.2372351410477
2932.885355093803
2639.710633495179
2671.3442066595653
2709.3442066595653
2612.3442066595653
2513.3200324654517
2162.135427496485
2168.949055017427
1937.9804979714631
2052.943318526357
2192.775962464929
2470.170706844836
2373.651730018973
2272.4283316377714
1947.4283316377712
1969.5964867256673
2184.3532228947743
2237.26529256143
2174.8441976045738
2153.790396490425
2283.366666666667
2527.2681023794885
2823.2465780759835
2757.2465780759835
2533.5495149097746
2472.54342596282
2460.917165585417
2380.864859157895
2303.566397321524
2333.925970917742
2185.6896009986567
2139.396707779843
2334.396707779843
2346.396707779843
2443.819577070951
2453.791965678186
2454.8833374137666
2499.2554797828334
2438.0532992550175
2424.612069268451
2394.2925373535036
2230.6983340709166
2135.031006302058
1959.0310063020577
1840.7582904437877
1826.89087296526
1679.6227459161598
1547.914504615509
1853.3961993099467
1856.2379514413572
1777.294286208683
1732.7683859712506
1522.3846153846152
1011.0429998127566
921.3472837017066
973.3805045141568
846.9563742534712
816.7153025695576
853.63132155254
814.5295825371206
753.7126000433548
871.1938685714794
963.28264720213


