Rainfall Prediction

2215.0464277580754
2387.875616765166
2494.6860630746924
2536.6440646022065
2661.268003832418
2574.9352868545056
2555.0108861162225
2497.572697016365
2466.6681071538196
2278.2588462261697
2321.0394585885633
2244.794442438189
2042.4537409894629
1992.3525898533571
1936.7065564452628
1822.302257439605
1610.4260086253562
1208.6861393257218
780.089583905734
780.089583905734
780.089583905734
750.089583905734
747.089583905734
746.089583905734
668.089583905734
668.089583905734
668.089583905734
660.089583905734
587.089583905734
562.089583905734
499.089583905734
206.089583905734
171.089583905734
172.089583905734
169.089583905734
122.089583905734
134.089583905734
142.089583905734
145.089583905734
145.089583905734
238.089583905734
281.089583905734
336.089583905734
336.089583905734
432.089583905734
472.089583905734
487.089583905734
504.089583905734
507.089583905734
507.089583905734
507.089583905734
510.089583905734
510.089583905734
510.089583905734
510.089583905734
510.089583905734
538.089583905734
696.089583905734
701.089583905734
789.089583905734
827.089583905734
837.089583905734
837.089583905734
837.089583905734
836.089583905734
836.089583905734
836.089583905734
804.089583905734
788.089583905734
785.089583905734
785.089583905734
692.089583905734
649.089583905734
599.089583905734
599.089583905734
518.089583905734
563.089583905734
598.089583905734
581.089583905734
591.089583905734
611.089583905734
699.089583905734
744.089583905734
826.089583905734
826.089583905734
894.089583905734
1041.089583905734
1018.089583905734
1064.9956528827975
912.8690977643486
840.2048662901328
737.089583905734
730.089583905734
733.089583905734
736.089583905734
986.8794070689636
1126.3148466815824
1052.003852120165
1107.8918337019682
1117.4301635088646
1200.589094668475
1276.4642913938555
1184.4213668430853
1184.4213668430853
1036.089583905734
1036.089583905734
1021.089583905734
936.089583905734
899.089583905734
939.089583905734
926.089583905734
906.089583905734
818.089583905734
770.089583905734
696.089583905734
729.089583905734
661.089583905734
514.089583905734
509.089583905734
501.089583905734
501.089583905734
501.089583905734
596.089583905734
769.089583905734
766.089583905734
763.089583905734
750.089583905734
657.089583905734
657.089583905734
649.089583905734
627.089583905734
694.089583905734
616.089583905734
744.089583905734
756.089583905734
756.089583905734
756.089583905734
803.089583905734
803.089583905734
790.089583905734
815.089583905734
815.089583905734
815.089583905734
815.089583905734
815.089583905734
807.089583905734
867.089583905734
867.089583905734
915.089583905734
915.089583905734
1000.089583905734
1000.089583905734
1003.089583905734
1013.089583905734
980.089583905734
980.089583905734
1060.089583905734
1090.089583905734
1093.089583905734
1106.089583905734
1106.089583905734
1149.089583905734
1124.089583905734
1416.089583905734
1283.089583905734
1551.089583905734
1626.089583905734
1684.089583905734
1662.089583905734
1750.089583905734
1787.089583905734
1722.089583905734
1750.089583905734
1850.089583905734
1918.089583905734
1936.089583905734
2088.089583905734
1995.089583905734
1995.089583905734
1947.089583905734
1947.089583905734
1862.089583905734
1862.089583905734
1859.089583905734
1754.089583905734
1611.089583905734
1611.089583905734
1874.089583905734
1849.089583905734
1846.089583905734
1833.089583905734
1833.089583905734
1790.089583905734
1675.089583905734
1370.089583905734
1370.089583905734
1130.089583905734
1288.089583905734
1265.089583905734
1393.089583905734
1527.089583905734
1580.089583905734
1591.089583905734
1563.089583905734
1463.089583905734
1448.089583905734
1440.089583905734
1406.089583905734
1406.089583905734
1441.089583905734
1611.089583905734
1611.089583905734
1689.089583905734
1897.089583905734
2238.488889995785
2358.5802414733257
2613.8149437131615
2643.292297078084
2287.638839943527
2321.0205879674086
2490.2308727546942
2490.2308727546942
2455.374410567288
2460.677250557124
2398.9720307242233
2323.6165464952824
2315.097046532929
2282.2072164294623
2049.2072164294623
2117.001592765776
1961.8244219328117
1739.8244219328117
1649.8244219328117
1656.0081815523058
1694.0081815523058
1668.4641393820384
1466.5352698123393
1461.6354027007178
1343.5652357042259
1321.3447299177355
1291.3447299177355
933.089583905734
933.089583905734
883.089583905734
675.089583905734
593.089583905734
683.089583905734
726.089583905734
736.089583905734
931.089583905734
1011.089583905734
841.089583905734
874.089583905734
894.089583905734
894.089583905734
894.089583905734
902.089583905734
902.089583905734
902.089583905734
902.089583905734
789.089583905734
789.089583905734
789.089583905734
789.089583905734
806.089583905734
983.089583905734
1058.089583905734
1046.089583905734
978.089583905734
973.089583905734
973.089583905734
968.089583905734
968.089583905734
968.089583905734
940.089583905734
940.089583905734
940.089583905734
850.089583905734
1030.089583905734
1085.089583905734
1150.089583905734
1070.089583905734
1070.089583905734
1055.089583905734
1333.089583905734
1625.089583905734
1965.089583905734
2165.089583905734
2178.089583905734
2178.089583905734
2178.089583905734
2178.089583905734
2178.089583905734
2188.089583905734
2191.089583905734
2278.089583905734
2063.089583905734
1983.089583905734
1986.089583905734
1986.089583905734
1989.089583905734
2019.089583905734
2049.089583905734
2052.089583905734
2067.089583905734
2067.089583905734
2067.089583905734
2067.089583905734
2022.089583905734
1799.089583905734
1734.089583905734
1474.089583905734
1474.089583905734
1494.089583905734
1479.089583905734
1354.089583905734
1170.089583905734
845.089583905734
989.5224066199029
1145.6276172195699
1047.3713473624618
1053.0788540449403
1263.0685306909472
1412.1804848316447
1609.2075502652347
1702.1794026120933
1515.7280683676308
1289.9443848326678
1568.857277651986
1547.6335755440223
1430.7905763561325
1409.676154378827
1046.089583905734
1016.089583905734
1013.089583905734
998.089583905734
998.089583905734
998.089583905734
998.089583905734
998.089583905734
998.089583905734
998.089583905734
998.089583905734
998.089583905734
978.089583905734
975.089583905734
802.089583905734
694.089583905734
692.089583905734
709.089583905734
606.089583905734
813.089583905734
813.089583905734
750.089583905734
730.089583905734
643.089583905734
553.089583905734
503.089583905734
505.089583905734
440.089583905734
440.089583905734
440.089583905734
434.089583905734
454.089583905734
457.089583905734
482.089583905734


