Rainfall Prediction

579.2366649662104
578.5401164885304
555.9942201534162
509.033971668852
475.2495292917319
461.9648629463504
470.3982189990899
471.54817706308944
490.1148650945916
478.51113965930244
490.28909618011295
485.759675929575
458.0601712443614
469.0316071828208
449.09223418597395
418.39389946885115
372.35765975680044
486.2649842109672
475.1020269300056
385.12790388768974
360.32811803881225
386.7065847600868
291.7330072077355
303.26906991188383
303.1172053628592
291.9600875459425
293.382600774652
293.2489123715065
288.4006581629636
248.23949107168565
243.98970801519135
243.86403080982637
271.78795659643214
242.78795659643214
249.4691391204921
267.7980457171468
274.6082558143918
269.8721844585995
274.79588414482834
265.5672834044881
288.80969906971296
304.80969906971296
426.9252160454152
575.8804616567066
658.6604880702658
667.777760537165
666.9063447735335
675.8743318404047
817.9518215839962
737.9924087656318
747.0108293586381
760.4030347030321
727.0272820174442
748.8882448225363
875.4955796001077
1168.9044527010362
1279.2171338632343
1280.8406941242065
1268.4005357079277
1267.6762991321052
1266.5916514476714
1337.2287249017775
1343.4588313464642
1359.6050385799397
1355.7743894420057
1357.2580026070107
1292.298845499206
1296.5013687151652
1296.4909873500399
1295.2132871652257
1287.6682382841416
1277.339506975126
1277.3540543353615
1166.6881716232294
997.8932907545249
913.9148302262045
909.1318457864772
971.2551297853443
962.2532710471442
781.3993372284534
779.1693597972189
795.6867430725633
778.7934800736265
788.3560066496586
786.014633444541
643.037073302773
391.9014131804488
257.6267037072715
266.99617060027117
260.01229707022253
285.6486373317072
259.5489179786794
215.16037375181364
196.753112647986
191.00673896558922
209.7570571838183
230.70367295987742
230.90010627528133
217.02537746872153
216.03753250532736
215.81160680885924
228.21809172648932
229.12226994201367
214.13888778573175
219.19474161909548
324.60133340933584
221.63579065930819
198.1485750929391
171.27079627973166
138.1168645264761
233.7379363905194
235.60722922660534
185.29008100380548
162.2891410986535
132.9351261897447
245.2164811097904
290.9324631832599
251.1037371038151
267.1072320111706
281.10429501304833
260.583592064961
258.04438672582677
264.99171349443924
253.0046192926155
453.1266917580944
543.4661442000188
551.42867214514
565.3967872884976
617.2003173373447
653.8036248462524
677.1585823433736
684.8437718426457
690.0517676825865
681.8560534336406
707.8094094664287
743.6575379830177
733.6297181691193
882.454608178772
888.0546025990809
972.7225225480538
1150.0203510376734
1121.9149792248236
1087.27934504433
1124.4698731099786
1138.8589866390514
1074.2641185602824
970.0099067863727
947.2326887356081
909.5144592990152
920.4113720447967
911.0829525651982
914.0479802578204
910.1033291731746
898.0797801580346
917.4225443100318
712.4988313740214
592.0163551251303
788.1939919832073
955.1600902596658
860.1851958165109
822.5181215641685
955.3501785057782
957.1498950502559
1175.6923701419137
1244.1026971939755
1169.3295898232586
1155.4989075509386
1387.982081913191
1213.1591512383168
1239.4037640934453
1187.3579031007582
1136.7881629897036
1304.6109880059355
1585.6564999930497
1729.9121279578333
1699.1836034952514
1778.4358577034595
1887.9076486462673
1908.8034118523178
1909.342121100477
1952.9316406868547
2002.379251845315
2089.3571979279513
2087.837874359161
2352.83072395058
2330.2040550981956
2340.093749467065
2362.4026754842625
2172.624312380729
2024.7379139988454
2027.5775632879956
2026.2520934255242
1906.639812553706
1888.0017255519742
1781.1101018648508
1749.2366428234695
1753.7699168515542
1842.8250397147829
1647.386976782582
1695.3463930415155
1717.3463930415155
1678.0298406074032
1595.3577698648478
1518.0903648851584
1304.6821577182848
1205.3866278296146
1115.7530977000563
974.6010654094803
881.9235338025738
893.2621009530649
873.3653084215006
894.7536991570294
889.3460871477292
896.8119731811734
833.8311459648908
583.3501574720455
565.7319659004406
577.5577378459853
563.2136334312463
560.407927471999
563.2061326662438
575.847209152651
589.1850965228393
561.0609136979673
565.4671168643436
467.00739852612026
456.48134545291873
457.82683655378287
335.1407147545899
330.1414031147468
272.7346004657079
240.36058351449867
263.7375041766983
266.886853661078
246.88467138620018
261.36613132531687
227.43892407821144
310.38989951852085
317.34905963813924
472.91238263796134
526.8205966891883
504.3223450526071
477.09497695132626
737.0871576292432
628.9788789271223
644.3646784433787
691.788064517898
708.1489787734564
647.2689868033373
636.7940205773614
650.7948574047475
645.1147915027793
649.0102949560792
676.1742363432406
709.1213766707378
762.7428723966384
731.9607779956276
789.5641435526152
740.5111017122401
727.5367286532648
805.5248945881674
714.4105537361282
705.3671156114709
692.9296996203373
691.9309480604365
799.3514507726286
936.4330954569047
940.1972215947028
637.6796516811421
633.2375735224048
710.3360431307373
461.00657250866107
451.5560090746402
452.49816616070314
186.87675485866993
147.72551363672875
131.01868134111612
146.04616164586557
150.05356667745266
331.53373886362374
465.26404539111644
430.3160987563132
487.2492785442659
619.8235264144013
700.8002569781918
691.6584205033546
667.4898345166866
741.529072734615
724.9967851409381
726.499583902435
720.9459482708838
732.686671396663
726.9859290565014
703.0606969022505
720.1374652339573
741.7105982345419
732.82833133693
752.5808193581082
730.2638058800258
729.9135566415562
739.6291136607077
750.4159842750857
738.7953384093992
761.8299336081387
737.4824257182053
750.9433303880771
725.9322843594396
751.8457619643917
888.5142455540059
1070.364681729609
897.7366262470786
811.5261780030363
953.0693182886966
887.6537238512292
796.5734552400394
771.7099796414702
772.0072876794001
736.1909538096056
658.9155196952979
673.6582530018213
668.1028449158384
665.918474890764
695.8555076551332
725.469157717493
738.8083052079883
757.8364088339251
718.7434263484218
715.0048548084789
711.5533499165026
732.557082469435
739.6287772486525
781.2638963447876
879.1591839685883
904.4805526310067
922.7237731322406
1008.7509110213114
1024.4095104678443
1015.3087739482028
999.6879783776335
890.3211645917612
680.7454880860282
691.1554799640973
691.5899321701215
613.111047520829
730.2636674243377
747.923169478089
680.4247254019274
689.4390557048505
678.3923474270455
663.113972644284
802.1876889979148
845.7388391741044
890.235394294806
946.5273926935154
1038.4850160532303
1031.526651051884
1030.6421414453434
1126.8401131464184
1199.9806252107605
1226.5676501403957
1292.7410769399607
1234.3543024498374
1207.9780109558294
1185.3690900987776
1136.3034363311797
1103.8687299176224


