Rainfall Prediction

1527.3511582264307
1549.3645470142555
1565.3932630947638
1543.4085305668946
1628.4627891574123
1648.4747721823978
1682.4922030426187
1682.4922030426187
1664.4871736942137
1579.4489161025442
1448.3696007205265
1193.0783415795577
948.0842264220979
949.040536390216
976.0639039614721
1049.1244782624935
875.0237589547385
936.0561752841004
1079.113956109566
1039.0379059634472
989.9285378181646
1098.9285378181646
1191.9265770332227
1164.8690144506656
1069.7650389767805
1006.7129562006771
1001.7031881132409
1000.7019603660026
965.6656837177824
934.6656837177824
924.6489845500248
915.6372580312844
714.4329400927392
601.2915691395583
535.1484682959176
478.91079664404054
458.85220247977446
436.7683209957938
431.7683209957938
440.7683209957938
696.7745515455445
720.361302477573
789.5510803350435
1091.7464121285734
1260.8405465292885
1251.8211074722565
1133.7381524945959
1118.741700694652
1166.8068293603922
873.5889264775335
728.5903010481967
765.6214056517641
711.6012301187288
732.6160651851328
1021.7878449823096
478.15697898558557
1798.9295891433899
1797.7621739347978
1819.172424577125
1806.1739583197568
1807.1747243098364
1934.2291138777932
2179.3790081276284
2305.001414877961
2348.2186001196915
2461.4425401664685
2470.5467854107605
2470.538139823768
2465.5337888379336
2475.54102999919
2476.542471960507
2468.6605751498396
2478.7238324408213
2414.68085467879
2105.538139823768
1931.5792512120101
1923.852242569052
2054.8966943316227
2067.866933284462
1808.6858609470682
1792.6489845500248
1974.6808546787902
1937.5957805139612
1937.5666724298032
1882.5596152374933
1588.1106961229789
1089.883462586413
875.7580945044277
678.5102583405231
649.4504704221442
631.4085287910596
666.4769723628897
860.8035052576083
744.6957989170585
732.684611727668
843.79346613258
814.7522703761417
687.5916737320086
740.6618547405453
771.7007311095479
765.7007311095479
755.7031881132409
753.7007311095479
740.7031881132409
850.8308742346462
851.8319535655659
899.8824374709978
961.9488972223133
918.9488972223133
1003.0201907083119
1079.0237589547385
1120.0255383146384
1087.0085051820822
1085.0103118673073
1111.031741258763
1418.1436176027041
1595.2392149737798
1616.2717037068874
1625.2779385729457
1639.2668273475206
1670.2827611796056
1708.3524411002436
1571.3238305662023
1306.1041440929876
1456.0466472778487
1489.9763480704478
1435.85540879861
1357.741700694652
1390.7799219074723
1295.7250336421669
1299.6758232216348
1329.6200732065304
1217.6160651851328
1217.6160651851328
1238.612041034833
1135.4473058625413
1017.4457198193857
1007.3664704477314
877.2441669006637
953.2441669006637
999.0799331950956
962.0637852086876
959.0637852086876
967.0637852086876
940.104793232415
846.1180971980414
591.9107966440405
636.1312264894832
603.0637852086876
593.0661080901037
715.3153580015223
553.2653012127378
631.2402758451708
654.2402758451708
653.2402758451708
449.2383246250395
354.23832462503947
666.4297194780391
801.4297194780391
739.4425401664682
709.4425401664682
844.4676987261043
861.516193076043
1235.5395859556177
1323.5998704992128
1362.6411821697407
1387.672032945461
2069.668228248417
1861.7369669580019
1840.7730803756556
1702.684611727668
1788.7592552706637
1840.754604099488
2052.666956792429
2158.79346613258
2236.721425700791
2273.7945865808765
4136.784457062638
3904.601230118729
3939.300785794663
4047.5087691369718
3942.1114673395027
4143.251903883166
4228.1070228877425
4693.848005274576
4628.289715570909
4621.298949246856
4683.188264123082
4190.2653012127375
3907.1290502100605
3925.507277712385
3942.3438804341263
3676.29526600144
3740.327936783729
3533.7274317248507
3425.5624440936936
3488.6424868013673
3765.8221973906207
3376.5652649700355
3477.357842266508
3521.6957989170587
3532.7878449823097
3377.89871453433
3187.8895913083543
2760.6908422774186
2577.6732979677677
2389.5916737320085
1189.7604146910835
1262.381816017406
1150.731018100482
1162.375024819828
1195.3080984415096
1113.3279367837292
1358.401917196727
1182.4035741979349
970.4052284580308
1038.4052284580307
1018.4052284580308
951.3007857946632
950.298949246856
961.2747620212419
813.2106000770247
758.1758672701058
628.1333980429966
456.8998973535825
350.89715386763675
328.8348107370626
241.54126354515842
10.017279836814936
5.010635294096261
0.0
0.0
0.0
0.0
0.0
0.0
0.0
0.0
0.0
0.0
0.0
0.0
199.52062112755868
652.7934661325801
648.8669332844619
756.974478911025
761.9791452750687
805.0184017990691
837.0184017990691
917.0766538154439
922.0808678966907
945.1000271666293
1095.1228666585992
1134.1236727852047
1646.4181808227268
1179.0664669701368
1449.273786317845
1420.1608459066642
1239.0596176282913
1225.0596176282913
1204.0596176282913
1204.0596176282913
1259.0596176282913
1223.9902565004938
1332.9631899858703
1270.96129604591
1267.882437470998
1191.882437470998
1171.8987145343299
1137.951772164399
1103.0094089327085
1138.0112139873504
1153.0387835413885
692.0387835413885
502.09007683577613
342.9479370686149
209.8351845861473
188.8287120716417
232.87523208727657
412.8752320872766
441.8221973906205
453.816735880595
569.8648477779709
702.8834625864131
795.8885724595654
473.4313310819335
524.4997870406559
520.3508857167147
494.3315018498937
466.3595738686724
479.38687931936266
455.3868793193626
363.3868793193626
406.3885614055456
466.47850964220856
688.7719355558396
1009.0791843946097
1175.2100796281707
1237.2562972396906
1257.2758646005466
1721.4922030426187
1732.556950572013
1850.6019019598752
1965.661997558902
2462.8058820402284
3071.7376162828577
3068.756195343948
2384.77359446736
3171.9762519437454
3434.6732231211217
3042.957527402231
2897.9434277678765
3168.9956436042876
2999.95892649305
2511.9087547387835
2369.9010070519926
2283.894690850426
2209.8758791594964
2070.850493180871
2128.8636512654484
2141.851661177889
2000.8454160365925
2031.8516611778894
2099.8682542655206
2126.868636894184
2070.846980982139
1838.756195343948
1516.6118423995804
1247.526178913346
1248.5267175613526
1251.5137092478396
353.3185395485679
552.3330230143865
538.3138868316335
397.16472037877185
429.0473721790463
113.27664348934164
221.3135480462771
155.30627528694802
73.09582456243223
0.0
0.0
0.0
0.0
0.0
315.89440283426484
292.8888779583329
351.96357934361845
292.7397929121792
271.6869753563398
300.5797298259862
372.6698809229805
607.9454206086066
647.9506425525877
830.9506425525877
817.9532433342878
715.9532433342878
791.9661467391237
899.9738096118692
1136.1779441140507
1180.2461067654817
1169.259581464065
1143.259581464065
1060.2402758451708
1047.2383246250395
1058.2383246250395


