Rainfall Prediction

550.8199001349495
526.8973189366563
336.1978409127144
356.9187314327183
374.3275427744145
341.0592449735218
361.3590641953318
367.20795595451875
300.4959875286454
273.4624979149508
774.7801618260053
850.54129253575
949.8654415882028
1132.5409616947952
1167.061427786195
1345.5978475218844
1336.3508627988242
1230.8895620503436
1109.4069811375673
1119.423625345802
1107.5530068555836
1141.2253765219564
1153.6019306196333
1201.4899354307558
1186.602385129323
1253.918314678299
1266.1577769273706
1230.5845379892946
1264.3298010741587
1382.3306694382018
1441.369662892887
1506.8567979652985
988.4258127030513
1443.522790992176
1269.4659914548536
1443.5989953669462
1667.9088964392377
1741.5382557161297
1857.0198135198136
1859.1025641025642
1859.254376930999
1789.3005893909626
1748.2779291553134
1643.2299651567944
1424.1947115384614
1386.1218169304886
1207.1156228492773
1183.1150684931506
1176.099315068493
1176.099315068493
1176.0988332189431
1202.1070693205215
1215.1228551818806
1105.1429712460065
1032.1646734130634
1035.439446366782
985.4462962962963
1073.3958641063516
1072.3573931324456
1016.3622589531681
1044.2424242424242
994.2040404040404
929.1683501683501
909.1757142857143
803.1702602230483
799.1702602230483
768.1479553903346
510.1553903345725
451.11549925484354
333.1102831594635
323.10879284649775
323.13397901533494
319.23238255033556
319.27862939585214
319.2923368022706
319.34562697576393
319.5326842837274
319.1835883171071
319.1566757493188
298.6749145699355
304.6816877342279
319.0025906735751
309.0841968911917
287.110103626943
336.11528497409324
420.2253886010363
460.829882617967
407.4066509798018
336.0805471798696
356.1627324470685
521.7565163336023
474.10021458940474
479.6116191355032
479.29659584050086
528.1271186440678
608.7203389830509
612.1271186440678
612.3474576271186
627.0338983050848
627.4661016949152
640.3006993006993
642.1059602649007
642.3900709219859
642.635761589404
661.2380952380952
661.9808429118774
661.0909090909091
661.615141955836
661.4668769716088
661.735593220339
661.2550724637681
661.2721712538226
661.9
645.709090909091
625.7848484848485
575.5060606060606
491.2735294117647
432.6776119402985
405.6776119402985
405.99701492537315
347.96417910447764
227.13432835820896
273.15820895522387
263.60983606557375
307.6766666666667
264.38
221.37333333333333
217.18360655737706
217.33972602739726
227.90344827586208
297.96781609195403
289.1012048192771
341.16953316953317
436.17444717444715
438.16876574307304
419.9116719242902
427.2229965156794
427.11267605633805
537.3290043290043
537.7099567099567
612.6753246753246
612.414364640884
688.2857142857143
783.0379746835443
811.0
885.8607594936709
896.373417721519
896.5
956.6824324324324
1022.6824324324324
1070.0067567567567
1127.0
1184.0159744408945
1163.3951965065503
1232.9822134387352
1254.9481765834933
1257.5208711433756
1242.74479889043
1243.5640050697084
1243.5535248041776
1218.521551724138
1148.4224137931035
1143.4182344428364
1089.3907380607816
994.356005788712
992.3762662807526
992.2865412445731
984.205499276411
984.1386962552011
874.9412550066755
880.640052356021
809.7958387516255
831.8335419274092
756.6438188494492
661.5373317013464
649.438188494492
575.3402692778458
564.2595155709342
568.1280276816609
509.10093457943924
443.1697247706422
465.16192560175057
428.16192560175057
370.1676737160121
306.1882951653944
237.21067821067822
170.1976911976912
167.25224602626122
145.37353171495693
144.3955164131305
144.41988496302383
272.4823336072309
272.4823336072309
272.3138866064092
429.30073952341826
447.31306491372226
447.31635168447
447.354149548069
447.3861955628595
447.407750631845
447.42622950819674
441.5270979020979
437.42440318302386
415.38692098092645
414.3915050784857
584.2548476454293
534.000046200886
540.2959089331576
574.560563305662
562.5723669849101
457.88780383863593
563.6657621852446
485.79603678356807
490.08218591297214
293.9912335608417
583.9912335608417
686.7412790863129
687.8598038757459
753.7928792905043
743.1475477453776
767.6062898877536
766.566465078107
606.566465078107
576.566465078107
604.7162320979938
469.2563911198202
443.2563911198202
478.9791806920607
241.9157071344676
468.3421356702249
477.17719183339744
448.2132297353288
354.24026570218695
477.878284279591
476.6464559437769
540.8458749236395
403.87109697731995
455.83889751039356
436.9681022065036
435.9681022065036
436.9611604371148
449.3693379790941
443.2582236842105
443.2608695652174
424.2649712879409
292.28712059064804
463.28921568627453
436.2802287581699
628.2571196094385
752.2475171886937
792.3363431151241
890.4589917231001
890.5302464525765
892.5354742345033
895.5444361463778
895.5494011976048
959.6394557823129
959.6913265306123
949.9190871369294
994.0063897763579
997.0629921259842
1001.1203599550056
1005.1567944250871
1006.2320185614849
1073.8465863453816
1156.648
1133.6123076923077
1133.5180076628353
1114.4620689655173
1114.4485179407177
1114.411856474259
1195.2942073170732
1228.2725892179194
1526.3525179856115
1560.362716763006
1568.3216216216217
1658.2675159235669
1509.1371794871795
1537.0128205128206
1331.021850899743
1229.0372492836677
1177.1002949852507
1044.6295399126925
1014.1804568447604
1035.5447753994254
1000.0788563252016
984.2835407699436
883.9490105761173
922.7148091502833
798.3042624569945
1020.749420535972
1132.1225103725153
1177.6868446982642
1036.6868446982642
1121.2215411761238
1203.2980347293342
1009.1179644253976
1385.2760758867503
1332.9042960515928
1181.257546677505
1183.0464634685297
1327.4709641714107
1250.838209255982
1157.9997640258707
919.5334598145314
708.2564650716727
725.2204352719061
769.8332035362616
783.3491751662597
753.8324170830798
752.8190982827564
681.3905328194103
681.7362654497006
586.413878468955
633.5754801776892
575.5865303019274
602.2757558313971
660.4939297027181
719.9202275649922
625.9141578824757
624.2185464473619
511.73350318523984
354.56384947415626
394.66556831567874
601.6655683156787
683.6655683156787
785.6655683156786
1015.7653783832174
813.6741965816653
494.1619001440021
641.9424668688483
821.3769953909349
809.4627341972504
799.9156437850205
830.8732503411254
835.8667738458346
782.0655681134773
803.2076656454794
815.2574069710191
789.5525184768306
795.6079742434679
818.6894877181634
823.1105207226354
823.1192170818505
823.1202872531418
823.2262026612078
839.2333333333333
840.3971340839304
840.5338691159586
817.59200968523
858.5311355311355
978.6030341340075
1021.600566572238
1026.8025936599424
965.9237113402062
829.8849902534113
498.97076023391816
379.97465886939574
356.07797270955166
353.6404160475483
353.2199730094467
353.0705725699068
335.6022078241245
346.2894192539254
344.0458214427109
382.38815562061995


