Rainfall Prediction

571.1751549727766
549.9910692958068
584.2855576197786
605.1071022010391
628.8422688946262
634.4558570356868
646.454424304984
646.901458890321
649.5850647157289
640.0072917808818
620.4649612263472
613.9148536140109
615.5565332257156
615.5876783940626
623.5711838490511
639.8071606830887
621.3806716444714
653.339091862957
727.5973805690999
587.9864806631546
487.2978952781067
427.4938340029116
290.19969015809596
322.9239962347726
362.7367525959483
388.8455314183003
388.11425805243056
400.68803897808374
439.87626124463105
432.2410029818698
428.12204051527345
445.194665807079
397.6402448800603
333.9215702460764
267.05656813665036
213.5060853828547
206.40467748340774
186.70820074311655
190.3578457040732
164.15896153934344
176.92277540564686
145.82855018694067
314.8468053740747
313.57222674516044
317.3667615922474
313.7623951442465
354.4548822049925
379.1461994589277
535.38076873807
570.1878334312772
724.1244833161337
724.5026727722325
724.5026727722325
725.3904399510699
720.335043937083
719.8570230900457
753.9435017629905
735.2045791329464
737.3765675759422
752.4761939568627
751.9316517894666
751.9053744313022
754.6404561625671
699.0909444759769
707.7735929295494
721.1014064270742
737.5306674162644
735.8705232445857
733.0611567313572
726.4759072597834
719.7081428673092
687.0024612769885
689.4791569173979
506.3830346591765
507.19315628164134
503.79267925400114
506.7534385525535
485.9930034234103
478.2915137391898
411.860406627449
403.06671336081337
246.50640912762518
242.0435671373859
239.6570003601365
272.1164091742201
273.0738709083924
271.67016324708766
254.94245445604528
267.3854464156124
261.29712343065734
246.14430129803827
243.23737810799116
261.82639154709204
268.3309101260764
267.67419398720284
276.24930190699996
267.19672841588624
257.78380336794527
272.1453629710257
270.18395320928005
283.5031856364067
295.513649094514
314.4579180146751
312.99706844155935
336.09760388400616
337.00268088242046
336.6933916799703
341.28824142569385
315.7837786153716
309.9026997292684
217.0418913492728
202.72413392846457
239.19705951548337
264.09486295056377
255.03671459759124
267.1959415450809
287.2364418037822
294.6049195119963
277.9249609133108
323.8195027524081
290.3397529255476
414.19663782957844
458.6678548538982
380.0334304723205
340.5050026800671
329.71085195577933
329.67620750202764
309.2529173469418
299.92625754321875
290.91947354209196
258.2867542005816
414.41397168334845
221.74793441974515
246.40508066889166
226.53353911422235
245.55138757119897
362.5968378232182
461.8973428471975
520.118585948354
519.900016357472
513.9637880734981
543.8903628885103
544.6070999389639
539.1653000858669
586.5357045651388
651.3185335955932
719.0629114055623
724.9941486576035
711.878782522889
712.361825127129
708.7868837316263
842.9873034057811
751.4526029045586
727.3499950373528
725.970588068184
722.9802108571238
720.9671209255459
698.0845793725987
698.0152733057191
698.6582836631892
701.2590699684205
722.4840251481592
720.5767742910168
719.9954535127906
724.276364544807
720.0032005366472
698.7024869934551
584.8342747045376
484.30267157332355
420.2709416995999
517.075640923532
518.0803331912826
501.6651593550241
479.2790675487054
471.879355343725
421.03958502405527
379.8475944434679
286.49368192315217
282.12462078177015
293.2319384934193
302.7618259648708
320.38358618235475
254.7354355088863
334.2755539509096
300.72748994861655
398.0215886258174
463.01826325607175
434.40506724485715
408.7816588805835
431.9751794546217
440.9456289219304
544.5236351512291
611.7421235505003
604.3230284047062
445.51165704269056
445.1625651834725
443.05933135598184
443.74881701675815
443.0097581974132
471.9585317817579
471.75856191289324
374.3588630482203
410.74817842064243
381.11938265613384
364.6345909122488
371.67309347286977
379.09027951631833
378.55725873778033
375.12103061268795
383.5204051434474
383.89777589195677
365.49873456601074
342.326809628935
275.7119899406959
260.4458775624817
208.33237192486797
145.85601324322408
168.25749761791525
160.64115655507834
165.03921707847329
139.03422240980368
258.01050880042624
282.1246339407016
397.7433702102242
459.76980389926877
454.0455658306054
454.0455658306054
441.10633910257565
441.29907705071423
441.3262263719812
487.69350176299054
614.0064018805232
659.0064018805232
608.115994521666
569.3739417932165
623.2817087835078
623.1513023665811
661.1348080633351
764.1062793690054
805.1062793690054
847.2040447321339
901.2639883793117
903.4505773005945
931.9365342735949
941.0405936373277
941.5220751188092
938.8474914472854
964.633394275501
869.1153767186402
857.9054958874616
856.6380649239682
855.9346268741938
734.2989447301702
698.904438425696
687.1175788021418
626.7959285917123
652.7895932428036
652.0087410399872
654.2944673626585
654.3111879314142
654.8627731426833
660.8381959077906
609.3615827698227
559.5845563782233
557.4840543166275
557.0948483328602
496.2264579421554
503.6024754390927
471.60531312026245
537.0257565043232
506.48603131283477
484.67577482236015
439.23613923041285
949.6865553413586
999.0342931627973
1147.1728011177663
1145.8113368161453
1311.4439400713545
1102.4863120006773
1111.0881699516538
1098.7454297284246
1096.1801194603518
1107.053215745965
1115.8962262921016
1153.9758787913872
950.7693516334102
956.0516774785158
898.8310430888251
928.4718223078528
983.5076578984463
1003.064768056121
1021.48250852224
1093.1240681961583
1011.380478138378
1863.1741176352848
1047.926212668046
1029.4752613392973
1013.8022671680136
1007.6435736445499
996.2467607098304
864.7659090789903
934.8752675979792
931.8219848766629
964.584652767574
544.9537307478588
552.0478760926678
540.2915367064214
639.4673632423536
699.5456721427436
775.776662858025
829.4461142825892
865.4716229970519
963.2887728566133
836.2711798982261
1068.2287798688346
1164.8650477774859
1224.312094206148
1226.4574118741084
1218.0651155780329
1189.8057280389874
1137.0328668549193
1255.8502259686206
1259.5821230002011
1280.536834169815
1258.3912641748168
1249.3222491929594
1248.4023104312496
1248.9688059233094
1340.185849311806
1340.2340266918964
1334.8673614780996
1296.1263299515829
1278.9141161387251
1281.3803598113304
1257.3895988761594
1250.0003277413236
1311.2803918056493
1359.6341335683987
1267.3746509422633
1203.607790215996
1138.8637785613291
1104.8637785613291
1469.3653427359495
1469.0320094026163
1438.3653427359495
787.5218634001075
724.0411584986781
670.8758964461343
670.0519335087022
679.6715457750892
726.8870284542828
732.4726790708777
615.8626789853452
662.6331086036618
554.2209463882142
564.1394693469509
668.2810386954661
658.1698170447723
650.202383658246
547.9787775023406
547.8018094131909
552.3426514178275
554.3114603223264
527.1455035104792
523.844322315162
523.7961477842057


