Rainfall Prediction

653.0
663.0
807.0
779.0
779.0
739.0
617.0
523.0
523.0
523.0
525.0
464.0
667.0
573.0
638.0
792.0
792.0
787.0
783.0
789.0
849.0
879.0
849.0
863.0
903.0
846.0
846.0
846.0
846.0
846.0
916.0
921.0
1049.0
952.0
1108.0
1121.0
1159.0
1159.0
1159.0
1161.0
1161.0
1159.0
1099.0
887.0
871.0
806.0
695.0
707.0
707.0
707.0
701.0
641.0
611.0
611.0
605.0
565.0
561.0
561.0
561.0
561.0
568.0
498.0
493.0
369.0
311.0
161.0
148.0
110.0
207.0
214.0
212.0
212.0
212.0
216.0
201.0
201.0
201.0
218.0
206.0
206.0
206.0
205.0
235.0
288.0
289.0
332.0
483.0
598.0
621.0
657.0
768.0
774.0
774.0
774.0
760.0
822.0
855.0
855.0
855.0
758.0
751.0
769.0
770.0
861.0
989.0
1016.0
1020.0
1020.0
1049.0
1116.0
1135.0
1166.0
1183.0
1158.0
1138.0
1174.0
1123.0
972.0
968.0
971.0
948.0
876.0
1000.0
1003.0
1016.0
1226.0
1238.0
1330.0
1330.0
1331.0
1381.0
1381.0
1363.0
1362.0
1291.0
1187.0
1168.0
1164.0
1164.0
1081.0
1014.0
995.0
990.0
989.0
1025.0
1024.0
989.0
989.0
989.0
878.0
852.0
839.0
800.0
663.0
660.0
647.0
437.0
363.0
232.0
233.0
276.0
283.0
292.0
319.0
465.0
756.0
941.0
1001.0
1011.0
1011.0
1006.0
1010.0
1052.0
1038.0
1022.0
985.0
996.0
1000.0
1061.0
1068.0
1076.0
1085.0
1096.0
1126.0
1126.0
1126.0
1126.0
1126.0
1126.0
1126.0
1125.0
1087.0
1031.0
1022.0
995.0
849.0
538.0
325.0
257.0
247.0
247.0
244.0
256.0
214.0
223.0
236.0
274.0
240.0
240.0
179.0
172.0
174.0
189.0
178.0
148.0
148.0
148.0
148.0
148.0
149.0
149.0
149.0
143.0
142.0
142.0
142.0
142.0
142.0
142.0
142.0
152.0
152.0
152.0
136.0
147.0
161.0
155.0
113.0
104.0
107.0
107.0
107.0
97.0
73.0
73.0
104.0
104.0
104.0
167.0
212.0
225.0
225.0
225.0
227.0
227.0
283.0
350.0
355.0
366.0
366.0
366.0
356.0
358.0
358.0
358.0
347.0
317.0
310.0
310.0
310.0
301.0
301.0
301.0
301.0
315.0
319.0
288.0
288.0
288.0
225.0
197.0
276.0
298.0
323.0
321.0
335.0
601.0
910.0
921.0
917.0
917.0
917.0
957.0
955.0
1044.0
1046.0
1046.0
1041.0
1041.0
1041.0
1130.0
1193.0
1256.0
1256.0
1294.0
1280.0
1276.0
1365.0
1391.0
1391.0
1391.0
1374.0
1281.0
1259.0
1234.0
1293.0
1282.0
986.0
620.0
638.0
646.0
662.0
669.0
629.0
629.0
540.0
677.0
677.0
677.0
677.0
677.0
588.0
532.0
469.0
469.0
431.0
431.0
431.0
342.0
316.0
320.0
320.0
320.0
320.0
320.0
381.0
322.0
374.0
351.0
541.0
512.0
510.0
494.0
488.0
640.0
682.0
707.0
568.0
568.0
568.0
608.0
626.0
763.0
900.0
900.0
1112.0
1139.0
1139.0
1139.0
1139.0
1139.0
1135.0
1135.0
1135.0
1135.0
1190.0
1140.0
1140.0
1086.0
1083.0
955.0
1028.0
1015.0
1015.0
1014.0
862.0
820.0
795.0
795.0
796.0
796.0
756.0
738.0
601.0
457.0
457.0
245.0
218.0
218.0
218.0
242.0
242.0
245.0
245.0
269.0
376.0
330.0
418.0
535.0
546.0
787.0
801.0
996.0
1001.0
1001.0
1001.0
1001.0
1001.0
1040.0
1204.0
1288.0
1378.0
1442.0
1442.0
1442.0
1442.0
1442.0
1457.0
1509.0
1509.0
1512.0
1513.0
1933.0
1967.0
1972.0
1958.0
1923.0
1917.0
1823.0
1741.0
1793.0
1664.0
1588.0
1315.0
1310.0
1310.0
1310.0
1310.0
1349.0
1310.0
1153.0
1069.0
979.0
915.0
915.0
915.0
915.0
915.0
900.0
848.0
848.0
845.0
820.0
400.0
364.0
384.0
383.0
311.0
319.0
328.0
294.0
231.0
186.0
219.0
219.0
219.0
219.0
219.0
219.0
181.0
183.0
176.0
175.0
175.0
175.0
176.0
176.0
176.0
176.0
191.0
197.0
201.0
243.0
243.0
243.0
299.0
406.0
456.0
649.0
689.0
750.0
886.0
916.0
887.0
926.0
989.0
995.0
1215.0
1646.0
1738.0
1845.0
1900.0
1975.0
1975.0
1988.0
1993.0
2009.0
2080.0
2144.0
2322.0
2307.0
2337.0
2432.0
2431.0
2560.0
2721.0
2685.0
2553.0
2494.0
2301.0
2250.0
2230.0
2134.0
2158.0
2120.0
2038.0
1975.0
1969.0
1773.0
1348.0
1256.0
1152.0
1126.0
1057.0
1107.0
1153.0
1253.0
1253.0
1185.0
1129.0
951.0
958.0
994.0
994.0
968.0
839.0
695.0
674.0
677.0
681.0
681.0
681.0
626.0
586.0
531.0
531.0
531.0
531.0
531.0
507.0
501.0
501.0
528.0
513.0
532.0
482.0
423.0
320.0
351.0
350.0
390.0
441.0
434.0
362.0
266.0
253.0
283.0
266.0
266.0
263.0
269.0
298.0
298.0
360.0
366.0
383.0
426.0
526.0
526.0
582.0
594.0
599.0
620.0
638.0
626.0
601.0
614.0
615.0
613.0
644.0
743.0
734.0
683.0
763.0
785.0
787.0
788.0
786.0
921.0
931.0
996.0
992.0
983.0
983.0
921.0
914.0
897.0
854.0
754.0
754.0
698.0
686.0
681.0
723.0
682.0
679.0
693.0
680.0
679.0
679.0
600.0
499.0
460.0
523.0
453.0
482.0
477.0
534.0
506.0
371.0
361.0
297.0
297.0
329.0
329.0
329.0
329.0
362.0
369.0
464.0
577.0
583.0
698.0
718.0
655.0
672.0
674.0
660.0
660.0
660.0
660.0
660.0
794.0
825.0
926.0
938.0
898.0
900.0
840.0
840.0
859.0
864.0
863.0
857.0
805.0
805.0
805.0
805.0
772.0
765.0
670.0
557.0
551.0
436.0
416.0
416.0
391.0
388.0
388.0
388.0
388.0
388.0
388.0
254.0
223.0
59.0
37.0
65.0
96.0
97.0
97.0
78.0
73.0
73.0
75.0
75.0
75.0
75.0
75.0
77.0
77.0
77.0
77.0
77.0
132.0
132.0
132.0
132.0
142.0
142.0
185.0
276.0
352.0
352.0
352.0
352.0
352.0
352.0
406.0
395.0
394.0
508.0
569.0
632.0
632.0
630.0
630.0
630.0
647.0
647.0
852.0
853.0
853.0
853.0
864.0
809.0
830.0
832.0
833.0
829.0
829.0
786.0
695.0
619.0
619.0
619.0
619.0
630.0
709.0
689.0
793.0
825.0
877.0
816.0
832.0
832.0
953.0
964.0
968.0
965.0
1015.0
900.0
950.0
951.0
951.0
940.0
1086.0
1067.0
1065.0
1064.0
1058.0
1058.0
1058.0
1058.0
1058.0
1071.0
1078.0
1078.0
1067.0
988.0
915.0
789.0
757.0
591.0
591.0
512.0
512.0
391.0
380.0
376.0
362.0
312.0
220.0
169.0
239.0
333.0
416.0
310.0
320.0
377.0
387.0
452.0
580.0
637.0
637.0
637.0
624.0
617.0
617.0
622.0
681.0
681.0
716.0
790.0
790.0
790.0
803.0
815.0
885.0
889.0
892.0
931.0
958.0
963.0
963.0
1002.0
908.0
825.0
785.0
788.0
731.0
721.0
656.0
528.0
471.0
471.0
492.0
553.0
587.0
631.0
651.0
622.0
681.0
648.0
576.0
576.0
603.0
609.0
597.0
530.0
526.0
529.0
491.0
471.0
466.0
466.0
356.0
356.0
357.0
366.0
546.0
618.0
710.0
753.0
801.0
809.0
820.0
800.0
739.0
705.0
665.0
640.0
657.0
614.0
682.0
711.0
747.0
720.0
711.0
712.0
709.0
709.0
808.0
807.0
823.0
853.0
1387.0
1509.0
1525.0
1816.0
1921.0
1762.0
1930.0
2053.0
2024.0
1976.0
1983.0
2023.0
2022.0
2035.0
2035.0
2036.0
2036.0
2008.0
1997.0
1967.0
1992.0
1991.0
2022.0
2019.0
2226.0
2271.0
2320.0
2221.0
2298.0
2325.0
2312.0
1778.0
1715.0
1732.0
1464.0
1356.0
1320.0
1080.0
874.0
935.0
978.0
963.0
970.0
994.0
981.0
1003.0
998.0
998.0
979.0
974.0
934.0
878.0
888.0
884.0
1047.0
952.0
1012.0
969.0
967.0
890.0
840.0
823.0
854.0
806.0
834.0
834.0
859.0
859.0
918.0
910.0
835.0
792.0
792.0
734.0
711.0
711.0
689.0
689.0
731.0
731.0
731.0
731.0
731.0
724.0
700.0
609.0
683.0
679.0
719.0
716.0
716.0
716.0
716.0
745.0
772.0
711.0
687.0
708.0
726.0
667.0
666.0
666.0
666.0
666.0
666.0
665.0
665.0
665.0
665.0
623.0
623.0
623.0
623.0
623.0
653.0
757.0
806.0
621.0
520.0
474.0
473.0
473.0
473.0
509.0
449.0
421.0
438.0
470.0
448.0
449.0
472.0
512.0
552.0
599.0
610.0
610.0
645.0
645.0
645.0
646.0
646.0
658.0
689.0
689.0
705.0
649.0
577.0
508.0
506.0
506.0
533.0
533.0
533.0
533.0
497.0
497.0
487.0
470.0
438.0
408.0
389.0
400.0
384.0
359.0
312.0
301.0
301.0
266.0
266.0
266.0
272.0
273.0
261.0
230.0
268.0
252.0
252.0
217.0
158.0
158.0
158.0
209.0
209.0
209.0
209.0
293.0
350.0
358.0
358.0
358.0
358.0
358.0
324.0
300.0
285.0
285.0
285.0
382.0
443.0
443.0
443.0
436.0
436.0
436.0
436.0
398.0
398.0
386.0
386.0
386.0
386.0
386.0
391.0
472.0
539.0
539.0
455.0
440.0
439.0
474.0
474.0
474.0
474.0
475.0
581.0
581.0
656.0
656.0
620.0
740.0
742.0
780.0
814.0
820.0
863.0
863.0
865.0
953.0
955.0
956.0
956.0
956.0
956.0
873.0
792.0
801.0
802.0
803.0
892.0
885.0
850.0
850.0
902.0
903.0
1132.0
1042.0
1079.0
1006.0
1008.0
947.0
766.0
764.0
726.0
692.0
685.0
642.0
642.0
640.0
552.0
569.0
568.0
568.0
568.0
568.0
568.0
568.0
494.0
493.0
500.0
414.0
457.0
457.0
457.0
469.0
468.0
296.0
280.0
243.0
241.0
239.0
251.0
251.0
251.0
251.0
251.0
251.0
266.0
336.0
369.0
404.0
385.0
398.0
411.0
411.0
411.0
411.0
411.0
409.0
411.0
425.0
380.0
337.0
337.0
337.0
295.0
296.0
238.0
238.0
238.0
247.0
247.0
235.0
235.0
235.0
235.0
235.0
235.0
220.0
150.0
117.0
86.0
86.0
191.0
249.0
331.0
530.0
561.0
561.0
561.0
559.0
537.0
537.0
542.0
547.0
547.0
525.0
524.0
524.0
524.0
525.0
522.0
522.0
531.0
549.0
549.0
550.0
550.0
550.0
550.0
550.0
550.0
546.0
546.0
428.0
357.0
275.0
78.0
52.0
52.0
73.0
73.0
73.0
73.0
68.0
63.0
63.0
123.0
124.0
124.0
124.0
123.0
117.0
122.0
113.0
121.0
124.0
297.0
304.0
308.0
308.0
353.0
378.0
534.0
569.0
723.0
723.0
723.0
724.0
719.0
719.0
733.0
733.0
735.0
751.0
751.0
751.0
751.0
691.0
690.0
697.0
697.0
697.0
697.0
692.0
692.0
666.0
663.0
489.0
482.0
478.0
478.0
433.0
423.0
339.0
345.0
205.0
205.0
205.0
239.0
240.0
240.0
224.0
236.0
234.0
218.0
218.0
218.0
229.0
229.0
229.0
222.0
222.0
222.0
222.0
228.0
240.0
240.0
240.0
240.0
240.0
240.0
240.0
240.0
225.0
153.0
112.0
106.0
110.0
110.0
73.0
72.0
80.0
61.0
49.0
53.0
160.0
183.0
183.0
172.0
177.0
207.0
207.0
207.0
207.0
207.0
201.0
189.0
189.0
190.0
212.0
329.0
430.0
495.0
495.0
498.0
528.0
531.0
523.0
568.0
641.0
713.0
713.0
705.0
705.0
705.0
840.0
749.0
726.0
726.0
726.0
721.0
691.0
691.0
691.0
691.0
691.0
691.0
691.0
691.0
690.0
668.0
551.0
450.0
385.0
480.0
484.0
464.0
461.0
466.0
417.0
344.0
272.0
273.0
286.0
295.0
316.0
251.0
250.0
295.0
366.0
383.0
395.0
395.0
419.0
426.0
426.0
426.0
426.0
426.0
426.0
426.0
426.0
426.0
426.0
426.0
331.0
324.0
363.0
364.0
359.0
359.0
359.0
359.0
364.0
351.0
342.0
321.0
247.0
232.0
187.0
116.0
131.0
129.0
129.0
105.0
220.0
258.0
363.0
438.0
438.0
438.0
438.0
438.0
438.0
438.0
559.0
606.0
607.0
568.0
622.0
622.0
660.0
763.0
804.0
846.0
900.0
902.0
902.0
902.0
902.0
902.0
902.0
870.0
860.0
860.0
860.0
738.0
700.0
678.0
614.0
624.0
624.0
624.0
624.0
624.0
624.0
569.0
526.0
525.0
521.0
466.0
466.0
428.0
484.0
443.0
395.0
341.0
801.0
801.0
801.0
823.0
838.0
838.0
838.0
838.0
838.0
838.0
838.0
838.0
755.0
744.0
743.0
763.0
807.0
810.0
834.0
926.0
884.0
880.0
880.0
874.0
874.0
876.0
884.0
744.0
816.0
816.0
831.0
398.0
402.0
403.0
502.0
569.0
637.0
671.0
706.0
706.0
713.0
967.0
1073.0
1124.0
1124.0
1115.0
1095.0
1051.0
1176.0
1176.0
1194.0
1170.0
1170.0
1180.0
1188.0
1291.0
1291.0
1283.0
1264.0
1259.0
1266.0
1254.0
1246.0
1303.0
1349.0
1252.0
1170.0
1102.0
1068.0
1033.0
1033.0
1026.0
772.0
719.0
668.0
668.0
668.0
723.0
729.0
613.0
657.0
549.0
561.0
665.0
655.0
647.0
544.0
542.0
542.0
548.0
517.0
512.0
509.0
488.0
457.0
410.0
403.0
403.0
403.0
403.0
403.0
403.0
403.0
403.0
350.0
350.0
350.0
350.0
295.0
315.0
389.0
321.0
319.0
346.0
244.0
248.0
248.0
250.0
253.0
253.0
247.0
211.0
209.0
209.0
209.0
179.0
185.0
228.0
228.0
228.0
228.0
228.0
246.0
259.0
380.0
538.0
627.0
636.0
636.0
643.0
790.0
709.0
717.0
731.0
692.0
703.0
847.0
1129.0
1244.0
1244.0
1244.0
1245.0
1245.0
1299.0
1321.0
1334.0
1334.0
1328.0
1268.0
1268.0
1268.0
1268.0
1268.0
1250.0
1253.0
1133.0
975.0
886.0
882.0
925.0
926.0
753.0
748.0
759.0
745.0
757.0
744.0
596.0
347.0
232.0
229.0
229.0
228.0
228.0
177.0
158.0
155.0
174.0
174.0
174.0
174.0
174.0
174.0
174.0
174.0
159.0
158.0
158.0
158.0
153.0
110.0
102.0
102.0
102.0
83.0
83.0
98.0
195.0
242.0
220.0
229.0
229.0
229.0
229.0
229.0
227.0
427.0
517.0
516.0
517.0
587.0
617.0
638.0
653.0
653.0
653.0
678.0
710.0
710.0
849.0
851.0
927.0
1054.0
1054.0
1054.0
1054.0
1054.0
1027.0
930.0
883.0
872.0
861.0
861.0
861.0
861.0
861.0
860.0
657.0
557.0
731.0
866.0
796.0
766.0
885.0
870.0
1077.0
1116.0
1090.0
1092.0
1310.0
1171.0
1178.0
1144.0
1098.0
1180.0
1410.0
1516.0
1606.0
1747.0
1843.0
1843.0
1871.0
1911.0
1921.0
1989.0
2059.0
2314.0
2317.0
2322.0
2331.0
2139.0
2003.0
2003.0
2003.0
1868.0
1868.0
1766.0
1727.0
1727.0
1821.0
1628.0
1679.0
1701.0
1659.0
1578.0
1496.0
1283.0
1189.0
1099.0
959.0
863.0
863.0
848.0
866.0
866.0
870.0
801.0
546.0
543.0
538.0
529.0
529.0
529.0
529.0
529.0
524.0
524.0
419.0
419.0
419.0
292.0
288.0
237.0
206.0
206.0
206.0
207.0
190.0
178.0
236.0
263.0
401.0
416.0
473.0
416.0
656.0
584.0
583.0
583.0
583.0
583.0
586.0
586.0
586.0
586.0
586.0
651.0
679.0
679.0
679.0
679.0
678.0
657.0
657.0
657.0
657.0
657.0
656.0
656.0
656.0
598.0
570.0
432.0
417.0
347.0
346.0
96.0
96.0
96.0
96.0
96.0
276.0
355.0
372.0
443.0
558.0
646.0
601.0
597.0
684.0
689.0
689.0
689.0
689.0
689.0
689.0
689.0
689.0
689.0
689.0
689.0
689.0
689.0
689.0
689.0
689.0
689.0
689.0
689.0
718.0
822.0
1028.0
849.0
779.0
899.0
844.0
750.0
735.0
717.0
693.0
611.0
615.0
615.0
615.0
630.0
673.0
675.0
675.0
675.0
675.0
675.0
675.0
694.0
743.0
847.0
877.0
878.0
977.0
982.0
982.0
953.0
849.0
645.0
644.0
641.0
571.0
686.0
714.0
642.0
644.0
644.0
639.0
753.0
806.0
833.0
915.0
990.0
988.0
990.0
1051.0
1148.0
1192.0
1200.0
1182.0
1162.0
1058.0
1041.0
1049.0
1091.0
1168.0
1240.0
1339.0
1360.0
1391.0
1391.0
1382.0
1315.0
1184.0
1135.0
1141.0
1142.0
1169.0
1242.0
1123.0
1160.0
1229.0
1139.0
1021.0
1021.0
1019.0
962.0
867.0
823.0
815.0
814.0
785.0
785.0
772.0
763.0
622.0
540.0
468.0
369.0
348.0
320.0
320.0
320.0
320.0
320.0
320.0
313.0
308.0
281.0
208.0
204.0
114.0
18.0
11.0
20.0
44.0
44.0
40.0
38.0
38.0
38.0
59.0
60.0
61.0
80.0
281.0
322.0
364.0
496.0
625.0
625.0
620.0
625.0
626.0
628.0
629.0
631.0
631.0
631.0
631.0
631.0
632.0
635.0
635.0
655.0
646.0
622.0
627.0
629.0
629.0
629.0
629.0
608.0
607.0
650.0
895.0
809.0
800.0
892.0
856.0
729.0
782.0
813.0
813.0
815.0
813.0
815.0
926.0
927.0
975.0
1042.0
1042.0
1119.0
1123.0
1123.0
1103.0
1105.0
1114.0
1245.0
1385.0
1423.0
1423.0
1423.0
1450.0
1519.0
1475.0
1211.0
1097.0
1069.0
937.0
841.0
839.0
786.0
755.0
750.0
747.0
747.0
744.0
631.0
630.0
582.0
515.0
515.0
437.0
430.0
430.0
430.0
448.0
454.0
369.0
460.0
430.0
431.0
553.0
526.0
513.0
513.0
513.0
512.0
512.0
620.0
620.0
628.0
628.0
644.0
676.0
680.0
732.0
756.0
771.0
775.0
776.0
776.0
776.0
776.0
776.0
776.0
776.0
764.0
749.0
716.0
485.0
477.0
514.0
410.0
410.0
354.0
354.0
354.0
354.0
410.0
301.0
314.0
339.0
356.0
360.0
424.0
421.0
391.0
454.0
543.0
540.0
539.0
539.0
539.0
539.0
552.0
552.0
552.0
544.0
544.0
526.0


