Rainfall Prediction

2287.7040200334036
2428.4818136005206
2427.2893169356366
2539.1774225435474
2602.8719238070803
2595.5924015192327
2637.4150929662783
2406.3225272362456
2434.1617085845974
2309.4678386697415
2340.0050238158647
2314.3883127970025
2275.0574040592296
2315.1641553029795
2229.3614042870568
2104.545670311107
2095.929867706479
1524.864773813765
1469.0638731891947
1516.5552953428942
1574.9375406372083
1644.5232014258368
1703.9388137118556
1846.5024753081896
1969.0588574921999
2116.6167965851646
2124.5404918055838
2311.842821343796
2332.334368540005
2345.4462886440165
2298.4928576286998
2270.6745501794458
2135.450026288125
2177.989584463369
2120.629122870692
2141.9043526427336
2117.0425724725046
2055.6211254987793
2236.657472138913
2345.5328391758735
2441.638535846415
2586.8210567987667
2703.2186163007905
2701.2368737196275
2703.340319799697
2737.6706115779693
2717.715010882119
2667.0178599908863
2669.9642970955124
2672.937534838361
2625.3672758171956
2566.8728741906493
2464.8151312634236
2407.3530056759932
2288.4833359779964
2087.4529921756
1964.4116949271302
2111.3977186806505
1924.1767769617077
1933.2216261360015
1913.0480991685579
1905.028854159255
1688.1803251716753
1615.918435232768
1590.1942626323503
1575.3481757793195
1433.8406955097937
1389.6642686471876
1388.8480769631426
1217.7959277893992
1136.733384694432
1048.902554823931
916.1284165488464
923.685511878664
1009.5665116937392
933.6369166154611
977.4513294652072
1014.5158259552007
1002.8847855687841
1126.1955884737936
1162.503012157507
1325.5477784582142
1506.460053334531
1855.735333070669
1994.6943736116343
1956.8898272140084
2108.632845149677
2589.2244409583477
2215.91510660759
2975.056357263957
2898.9951932854037
2860.296339159573
2828.627981132896
1875.3033529214133
1985.001706237055
1923.001931607213
1964.340838428405
2840.5382753150366
2852.9741049344975
2894.7620904480236
2994.621838379763
2314.7433856786893
2486.64856881283
2378.4269013257317
2182.384131094063
1840.3664376107654
1862.1106006466196
1819.407845969462
1867.9072955461322
1943.3440245275299
3114.903808803022
1856.3844634463483
1759.3994263789368
1993.9054673710802
1611.6995180838906
1806.4961648848762
1759.5223665267317
815.0229158905936
952.9093255387068
1210.1238875524405
735.2423881391957
971.5953228650832
972.1291185350381
1547.1429510987782
1313.3748045383827
1227.2807639743512
1323.4676123505478
1181.07208940804
1398.8967827605597
1392.3925993043401
1476.4977684525884
1550.6800074058713
1466.3923546225294
1708.1402766370584
1462.5224112742744
1545.4510136904667
1522.6825846131053
1641.4580007980637
1801.55614270271
1904.131573862443
1695.291139993718
1487.992922976839
1547.6315901268536
1643.296576491858
1638.5311893587266
1911.5993007486538
2092.848514756364
2426.6824116583093
2505.7636966145915
2662.475938123812
2944.3593445482134
3281.5502467824003
3213.8166766989402
2906.5767397670165
2907.8201476283025
2861.2747577087785
2991.8551260597715
3028.5574447205
3116.254639500896
2894.4434686696527
3179.1861679678645
3078.771845404247
3029.4635106682945
3311.412980656781
3173.361739101683
3436.9738284987056
3478.5586481534124
3446.815743295881
3388.0487166473918
3379.2819798026703
3110.18838427975
2998.1897466028286
3105.873040636233
3097.086207766456
3068.544340184766
3086.289321881345
2878.6864166750124
2714.5529401654094
2468.3891900664767
2431.037889663838
2428.060633912662
2276.890718300702
2225.297566765468
2234.2504901979632
2132.90330121496
2118.197039545759
2118.197039545759
2385.9461761308376
2361.331615143101
2361.354814564424
2348.556226057128
2348.556226057128
2263.5649938913853
2219.83891892832
2051.802061892194
2091.459415786994
1890.3923082340957
2162.5534432151903
2139.9482989052
2265.7837231307017
2397.598076952709
2449.7544467966322
2460.5807600171684
2501.1721390207517
2683.0011561565793
2615.191601233052
2568.9984851892013
2618.9525762006533
2658.038151172805
2687.5114462707093
2792.1985450900747
2714.7061447560177
2660.440129223686
2798.5837390087295
2849.985257454465
2999.092013730158
2721.4065788603266
2840.5656608680333
2633.446146928322
2346.2575180768144
2475.4987885830906
2774.7156864846384
2500.9322748207132
2772.9324016394057
2689.4676525924674
2559.310384161117
2512.432888513815
2262.355129716521
1903.064578797547
1964.4992538443626
2197.7589637801043
1982.8385639338414
1914.400185407107
1656.96563376615
1630.1070029378259
2132.059342293455
2197.2629323269075
2276.7276586023545
2227.0547968139026
2229.2309788867146
2215.85404324421
2016.9350119917603
2010.7447174754489
1961.904422839009
1749.8342159698366
1974.0358217085488
2064.4095248293024
2162.8194057254277
2093.1769214544147
2217.1649552528424
2114.602558416713
1948.0963790819821
1943.2825012214846
1949.1214526010622
2003.162237259535
2054.987611205845
2200.2418930521035
2329.1803735151525
2356.5422488606687
2363.2870012587996
2252.027230156841
2205.433928723966
2202.4020205072256
2182.6013047649362
2191.4740426451544
2789.9847391619833
2368.7779948953767
2316.7587143562446
2065.3001155671905
2042.617083671951
2191.1185547912137
2037.752677674061
2134.0932304516564
2259.1452467022177
2098.1902419855764
2061.5428008499575
1795.4622318897243
1835.2085055978878
2293.2524361382366
2292.4914144676723
2382.470496485056
2282.9464651192993
2310.346192683189
2267.5260517953307
2538.4199130634584
2704.4103666727738
3036.4379705507276
3126.3983471262536
3109.4258999366853
2915.7820247409404
2915.7820247409404
2923.725881275178
3203.774321443909
3213.637884436175
3281.395992659213
3423.5135515620705
3070.3362177246636
2955.12347406528
2958.831080784829
2958.214627743798
3036.279902398302
2962.6276325967574
3044.1960986663075
3038.6180330769776
3089.341751931543
3185.0386701783564
3219.8392826178297
3263.1858373910477
3135.2062402404354
2578.855172935165
2345.643594009766
1983.158127530465
1797.057099121758
2533.041571363147
2516.3821842218595
2393.6663818172383
2225.145471190595
1893.4812240580723
1733.8228408609705
1863.2970486481533
1876.9341431148746
1923.7717453821613
1990.4187098886225
1885.0242392258783
1965.2712204651075
2030.76453186524
1962.0829707083617
1338.9697586966165
1385.0378279972867
1362.678083891429
1412.366562734072
1354.1314742276456
1421.6405462326086
1673.4339925089694
1522.8369941702015
1512.3780548435636
1476.223836389191
2075.7730091296403
2213.9055308239717
2237.7716004155523
2238.0748597921242
2227.6719907150095
2245.2447620870676
2239.3554534819145
2183.1072455500716
2219.8039147270915
2073.727091611866
1968.7148446483645
1985.7095155094462
2089.004710358876
2003.1440845777029
2464.485171661436
2519.3729178486474
2449.6383403696336
2042.770110985583
1820.9437015004885
1685.1379570050312
1715.9935778898569
1732.004698817808
1780.2290992858595
1782.9041429025417
1666.0842856077954
1950.3162277968693
1636.3966216661004
1493.8096682557684
1798.254443939084


