Rainfall Prediction

563.1739708299054
540.2407713050678
579.0265900830068
609.4346812393946
621.9071831312358
617.2604015131909
614.633304054996
615.9310129093143
638.5127628444307
662.842484831104
663.8280684335798
600.3270144099042
600.3270144099043
598.003263442691
598.8573113579317
596.8951852432646
611.4332123316939
641.8993806293164
650.6752666983322
523.4222619338768
424.4453137313835
337.6761980971944
132.58545000188207
105.26960631583387
104.60505131704173
125.08938566388186
123.75190745510531
123.63211033544201
120.19088695570291
113.37140408897136
107.80173021478033
106.64590098618233
166.1356446541466
164.6731830920722
163.15352143058934
162.04502319495415
165.37815689288357
157.89655313562508
161.28427389430965
151.79880188752344
151.8436666383901
138.67529618072405
300.93152946905883
315.2871533641197
316.89236864024195
320.533266411676
367.46365317689117
390.263427591583
544.7255463316745
580.2277473512435
734.3553882084622
723.4012608084234
731.9357731199285
732.637146009064
727.9596573697656
724.2050083073296
737.8291589330942
737.2526955126636
742.5450808912769
756.4968657944161
757.4007067071173
757.9081485830699
759.1081668552868
700.824044047556
697.594944579037
703.2219829149593
704.4645417216184
702.0717269488243
701.2305554611697
697.5969609820024
699.2557095643724
668.8635728478489
665.2263106468754
492.64412523168585
486.2802039214611
479.8892205087995
480.2507436928506
446.020862380107
439.3699542825228
372.41832631498596
380.5895280079342
240.3829280103491
240.65100189431632
240.3544911779892
275.39914519778745
276.5218703231676
277.9162877324332
262.2384804683584
275.0595635530894
260.88601487580735
244.8721004193406
244.6326607132695
244.69464856351362
255.84802175999505
255.58180084041282
233.40532467399694
223.81314646033442
248.6761963931527
248.6761963931527
248.35606432540447
254.25252494493873
272.10897605817905
270.2947846094365
270.18003168721805
270.11647845775695
254.57623543733172
254.48772244583967
250.31744562050227
242.88190754897093
246.4203965309449
158.48513638080814
114.18837367070213
111.91780571244537
112.935048258436
112.98830541736926
77.83161260679306
84.5983503104221
81.30196795644261
73.66728400085444
71.00002855933508
76.2950490020045
162.93416544688395
207.94016313852433
208.14145034931815
181.05082536069898
182.13677680313413
232.0104255643013
214.80887397603414
231.54567736266355
231.381387589715
229.4439300500877
202.86218770542897
197.5544757735815
212.166823292804
213.42527401252246
234.52609545957384
336.14036989386665
433.85780004806645
496.1059312868326
496.5669118983197
501.0851705178611
531.9920693979954
535.1842063640685
526.8157856321368
574.3983439629193
653.6018146176211
733.3343499564556
730.4440275373448
728.0155587163821
727.6124215574655
709.1540554772454
843.0209638966147
752.1238122038433
729.067451896447
727.9717040772301
726.8923661068969
722.3082517145731
697.1784942105069
694.4657623689201
692.6197236527049
697.7119819820563
704.4345686771535
712.244888360467
709.0681638771695
709.6000968812482
710.6772383448414
691.8889524913652
566.8749593660607
464.5205277856438
396.6943896124706
490.08302570407807
493.2558960892971
474.02891090658716
472.5934337348752
472.9208586456397
430.0672781543361
353.53513843239557
289.39070058431463
290.4733237187038
296.349114543571
328.75630571078034
349.49699956387394
283.760314357302
282.71443632065325
311.65059373101377
385.29714975634636
396.0163188601319
400.49004087381684
400.4367765930861
426.37284647837737
434.35736939676167
435.01012647926837
432.90913380284667
436.6000489229471
455.9729040767772
435.2235805582453
427.5194048974867
426.99782365736814
433.44708574118755
437.06461631330103
433.68938131761803
336.0531902546006
331.8675163688757
371.86039776416817
375.60740856891334
366.80203350057997
373.1118788312854
369.8683626646776
369.3484766807478
374.622913939516
377.914919361596
369.1515871592381
351.3551088886489
276.25330011769137
261.1140681551447
215.88934618315358
141.88585833199
166.08888470067296
163.23367137283162
165.76113118657088
141.35272393716335
258.65587832423245
302.3680102436154
407.6502988494198
465.15845510167776
470.128958289824
470.128958289824
443.8889876620814
468.21428013154116
468.4254383657352
469.87210538438427
571.671015795546
619.8288855941465
629.0058124034886
586.8971108811675
642.1422589116854
629.3113670735758
667.8378100952717
770.0613585285287
811.0744145386246
856.1251640639873
901.0224195911161
902.3452743184494
902.9967943046646
904.7951111920014
904.1850869188996
905.9517524974505
905.9517524974505
874.6457504383592
861.2744180621519
861.5415353844023
861.3695368119846
739.6579963751855
700.0809661517119
680.8011063727921
615.2950984697759
626.9548422708623
624.5027293123225
627.1291059565049
626.978016845144
626.3817393432355
625.6817700671436
572.2476242469423
529.1650628397912
526.6624165075247
523.1839690489649
467.93322086539644
468.2359798088281
433.2566883778714
486.5182770059026
460.8595723530026
419.5951112756759
364.9017622612214
826.1031151022245
822.9666834120666
814.8649820582011
836.8536125585603
847.0648589216796
857.3524548530842
853.1627727173268
852.8831750551684
858.8415769734792
854.3593284905197
862.0602978530305
861.1735193711846
777.4357982091506
767.9258771767076
766.2009290923008
791.9848874215378
831.4329373662285
833.005869929444
851.087119084514
947.8525190465878
907.4253835642393
903.3094327435633
910.7105905371454
910.3441205433452
931.0155156116015
893.3836956035648
911.4393795399008
761.0669758445154
838.747604232896
850.1997621243163
858.1684629687911
418.7350158718957
422.50482383780115
415.4651629318885
513.2152707024129
584.1924693547429
658.7719153358532
687.4477132547042
719.4902892975848
725.443444076957
727.1433485274518
981.3953710828675
1096.2654396191822
1149.1814186200538
1135.5892790111639
1132.455850200051
1114.8778880375808
1069.455223311818
1199.7836461149432
1200.2977684734772
1217.5308810719512
1191.8036956463702
1193.3996389746223
1201.0826668970521
1201.6168598944116
1306.4637744055424
1306.6225247226841
1296.3746962593777
1275.036765214035
1275.7840126616109
1285.5298322976128
1275.6465927931392
1295.670921535625
1371.032318940125
1409.5645568171428
1292.796014335398
1183.03178054024
1148.0754389349975
1119.7850458577755
1056.0924053937752
1046.7443974859568
1056.8747048677772
793.8858627123686
765.7865738788441
669.8487549233339
673.9187295160034
674.7981112753048
730.2514393316812
738.0452094477793
620.061832304387
662.474771137656
552.2396650038618
573.4781057637523
674.4035602887981
665.6366650812963
661.45260205095
561.495309168554
548.6709386297341
550.0203155407003
557.3387185662363
521.2121627259226
519.0774947040686
514.2578536795199


