Rainfall Prediction

953.5132991385257
976.0535793033106
1061.332624649694
1127.5377313735407
1221.4859233386967
1230.9736700208432
1248.596907182862
1245.5473158196548
1252.293654101718
1181.0870935898226
1068.5650528083427
1023.1299662985393
1042.1460537035377
1197.5852276042638
1101.335244981537
1082.9649271883795
1156.7751116095046
1126.1859889627526
1098.600159541445
1039.427944932329
1143.6649158992393
203.6686053758064
185.47958115668388
812.4666432753182
550.5269719883415
432.64721449069185
327.1582139763026
297.25075219305756
418.73062164561725
468.033069462152
511.50702114203455
464.68701064739844
449.41614284900317
556.0496746405213
357.74112686323394
551.4183472735593
617.1221566159611
364.60364039024864
522.7402594111954
384.9943054101401
508.18351828031575
523.5895747647185
22.76106758713753
41.53999768542204
167.34973793510767
180.02667180850622
157.06813875365935
152.2843231762415
189.55321540324732
238.4626169202638
208.4391809685899
203.92225462006274
85.82632147084568
18.148313956980022
347.509236735383
447.93087592771917
61.161597680880064
230.59039478504152
143.31623439682545
154.37660860882045
78.057715570335
400.71818473728956
138.00344001861504
226.48681609960053
276.1239900094673
145.57896532724055
292.54200567524896
68.38422995011095
165.36045125062455
179.39469209628302
157.1310272472769
340.1041675775899
342.05130491578393
513.3584897626579
503.0449567726413
207.7364633489219
143.72607143573984
469.22283670900543
466.00320742264034
445.9804001713406
422.54799871342556
252.66927700078628
319.7209452460825
569.9863945095309
87.60205212893175
580.1331573116727
544.7414547607193
517.0876010139043
530.4395473762542
496.98399829182995
402.29284676657693
496.22470827002564
450.54662217851796
315.65018005524934
284.70509825909727
336.836469425761
308.8899114476326
97.87059451874566
794.5490471277617
106.66399272464696
949.9734832314996
948.8118508894029
914.5361254951422
915.3588571372175
182.64103253504007
207.7268556868733
308.0818513250931
329.6010526285127
328.3322549759779
333.69911346042073
355.93166735207177
348.6450742051901
324.1895967677028
297.55190903950245
359.9550193107332
525.2314818220383
659.7408598623489
721.3818258066892
719.0598374428904
16.62076281482168
818.2907200321104
978.9005718919254
968.611416193852
642.9953677927997
588.7048796775032
548.3747888074
420.31402292988673
276.5497450989264
306.17954688818537
383.3197857533719
360.117183199033
124.58189334196061
156.1853159205347
110.6820961534154
275.7927954321877
61.557864628890684
104.1343035132773
199.5019913102865
267.11691192619367
529.7765432632647
335.8512042377823
532.3863442436175
555.660247612567
513.320340405053
627.1483354741923
621.1304945702016
567.5309833736824
667.3089566349817
143.04850711101722
43.08567073530327
325.125571423267
227.7736596882423
698.5716637013728
663.8413286027543
566.3397928674369
527.1827700144061
591.2436344729607
517.690327277837
601.8078799213711
528.2027014148632
603.3794151316071
678.9157682904358
483.70172831464095
461.38080845894405
606.8275864889896
659.3565607798059
686.3153258463387
699.7819101450787
620.5027510780932
704.6573797102889
829.8695922297678
25.774863941689127
430.7088255576805
89.0678455774803
62.179454460915125
359.8450779743794
342.18499302753975
629.0038361646511
334.4907909083784
314.05086060332303
185.94522915553037
50.306520656965425
50.340051598329644
120.55659433145152
284.1620366617845
161.83754046554108
56.81563409143279
93.39298263902367
67.68394538962417
122.67636597455069
19.63599028276812
189.80738889414582
119.77127272429276
39.607398704857054
32.709526635628905
124.27262321202747
127.95589145631787
89.3381905212825
70.01540314418493
44.036695208944415
154.71471437214524
161.9290199283768
160.17246482973488
205.3448042658859
237.73370424774924
238.46649922853086
118.4882438717402
144.39599141363564
208.89569151587088
289.51615541724
381.0003491086958
201.94886140241044
212.99549157488673
249.9809931854782
124.69594297714153
110.06461451480708
109.86226398286973
109.82108545977788
167.59666882535856
311.8719223133371
274.40954408574515
236.85304244159673
431.49833858355225
427.46083734190637
308.3047448349144
304.36868976326264
308.1366206194693
98.25025686684914
18.911819577313246
73.91598532255342
624.3506288607482
628.6984262484293
633.6470454679331
641.0505770144974
584.2842695637861
580.6896983590312
586.7095374564278
592.5944454322293
648.2793274345134
758.4590050735794
712.3281750032472
0.0
78.84837994301603
194.58997737861347
171.79902938727332
334.52808083409974
342.5251793832261
181.4879656475719
333.4324660059427
482.9725223209476
148.79706517283205
0.0
817.9494325179902
717.3446813115941
944.1377949650447
184.40168141015437
163.87398811050713
167.91303594999462
1073.4342177801898
1088.4651265957152
1070.9075955166977
1090.3423916058568
1087.107273730436
993.9125321704407
960.6318307447693
972.0615194066471
885.5450943630146
868.0254842042127
880.7527585882631
959.1081686457271
1009.4521489644244
1009.9944039094934
1037.3221223381026
1015.4138664296971
993.4335194663784
830.4033153135149
738.1680094784151
733.4377544357889
758.5962131750857
852.5383030142326
26.668459887862845
174.09347233439274
193.69783537736492
362.41620237506197
336.9015413118301
677.1366888027555
128.03215466945204
137.74113186231335
136.22184541657288
190.07803363382757
208.7125564046183
246.90800188810067
125.98479119856533
233.34349731963016
374.4435872727889
516.7643634449324
310.55276888362744
153.43324535841424
193.82823987437422
168.66934757462082
38.47230271761748
428.3633544961224
486.76579461000426
630.2858674876888
684.0887371413621
642.0682637718985
626.4869321618794
984.0538805429386
902.2326381691303
903.754010298275
668.8204374426997
952.5817949377728
926.6331412905234
826.9240052858602
786.8504537754723
763.3007795387591
754.140449877042
1163.631469909877
1186.7608806905318
1118.231725196274
1097.3997344996708
1089.7210008299212
1130.51363108206
957.1311427931928
956.6719880490472
862.3573882380039
738.2137582436783
500.9384099118044
371.707447386149
369.9604971878119
367.97155098850584
404.71803521853764
652.9544025350958
176.0140837577361
278.06708985058316
252.7326779323247
444.4992107834644
318.8798331297775
128.9756197915448
574.3287316533475
635.9636920275703
473.25705367308893
401.62712476736453
369.47464788006295
485.8311205662614
422.4808764479766
373.3853774520859
393.7855430031982
293.27620179106526
331.3395443748883
272.16439555987597
291.98501333795974
338.8652096637619
343.1164016876065
97.32934158539538
90.8932035851164
199.76894933762412
382.6024073888232
369.16369195724445
277.92200411384914
44.82221435916241
457.2013271439353
474.11613260281837
474.0183522889097
466.28958999716394
442.2004996572809


