Rainfall Prediction

1177.0195391685938
1190.2899077566797
1155.9956559505263
1243.082829420879
1238.1140558783545
1342.114055878354
1523.2142566823766
1318.2652630186603
1330.9592425501723
1320.1107638989142
1265.1107638989135
1171.1107638989145
1120.9715302090483
1102.9715302090476
1052.1387144790501
1115.9166579345185
990.0545918450342
958.0808692469948
998.4266148512212
971.6262511164022
1047.8876391828899
1094.1338874244198
953.4530530999884
1009.6993065624249
996.5844295138209
944.1712664535908
981.6484728209546
1000.648472820954
1046.531813891685
1065.3862631852571
1144.8707755600863
1145.8707755600858
1257.5986976214442
1167.2919042823119
1251.0951782177128
1258.8002457621678
1141.6853687135645
937.6853687135638
923.9481248425287
901.9016038495173
811.107877054943
1007.7593747975853
1085.567710700368
1280.6250564014904
1378.709074455062
1345.0362096549843
1336.9229837398063
1474.5683641753083
1697.197202163615
1648.504302522412
1774.9121144839062
1751.03527541033
1699.1119584776895
1786.1030237448056
1957.9135692615803
2357.099195966791
2450.2537321481327
2458.2537321481327
2459.9768150714494
2460.6998979947634
2444.335104021297
2463.643787196022
2471.635868637539
2571.922221879283
2539.945573856271
2601.225811561405
2772.566888224868
2678.2501537072158
2729.337708182521
2721.0176943895376
2690.506143591576
2741.7232846513066
2582.312803749434
2446.232746391693
2136.0919414037007
2057.1796436859063
2147.8137673091883
2269.1498328030348
2124.945121739409
1925.972964241163
2091.9025079891135
1979.1958633514755
1837.9317918854872
1893.5896469902193
1887.6503689782598
1754.296523807024
1290.069470912964
1047.445689758065
1108.4064442209299
1107.406444220927
1051.8428689869631
1166.5644914355648
999.2541484240566
934.7660113258653
815.5659548697107
725.5282065775909
653.5282065775909
554.5282065775909
533.5282065775909
557.6050754952158
574.8308354589764
564.9851238318328
575.4146747962735
545.6711323409718
483.2712041372515
476.2712041372516
481.8146873237428
516.4209643526519
398.13273601926034
335.95545752927427
270.80738956683075
159.43164322533767
175.76977707623922
146.72747402268544
235.36146125886208
309.39154317679834
299.6025525213535
289.90678282796
333.41385363075835
323.66247903554006
373.67771884372894
374.67771884372894
378.34403138497225
378.13938085088705
835.0743815110297
915.0721803905833
921.696189401616
1058.1838202429642
1234.3415414368956
1308.3164030751184
1258.9166824323129
1435.105416411814
1449.9590868788164
1393.7628214655444
1405.1035028566616
1347.5007778063841
1347.5007778063848
1543.7837392655251
1622.8237909179686
1614.2893034163958
1758.4291040389078
1761.4291040389076
1812.603222953699
1766.573573377181
1823.6032229536986
1765.4741504547565
1614.5334505390251
1587.147230429232
1686.45751549795
1636.3403991205914
1571.9521760743314
1514.5415683613844
1497.1760151796987
1539.1272025586466
1794.7110978358362
1661.1489851605152
1399.0972094194367
1723.4890684543582
1903.1339127681156
1535.190818048497
1692.1011192261808
1725.5235156649078
1747.1040079768031
1991.9668631293205
2046.1605462047305
1950.7756463742642
2109.3428089438567
2265.6334445945736
2307.5567587058267
2364.1016877079414
2300.634993863412
2397.1159066490113
2342.122673194424
2581.397084627353
2757.621940347186
2881.6349574205897
3004.411017395818
3289.130379701308
3435.9636872547885
3350.5515789203887
3563.0035289819625
3445.53591436738
3557.531922420291
3752.5838159257582
3966.649615985359
3813.8846453367314
3541.904500554312
3519.048938493238
3120.01200995436
3104.1550670598394
2931.070985875421
3078.6323427696448
2872.0865494080936
2800.004162416078
2612.315094195863
2643.6544792420354
2641.7938378244094
2740.830298296895
2497.5905178098064
2427.214469945009
2437.177127021477
2247.393889142402
2294.432702761076
2108.0570118834885
1791.8979190861473
1778.8332874679008
1563.0977631564333
1576.3940675076992
1366.4510761836389
1457.451076183637
1410.0777288877562
1338.8983976465588
1615.0946841052369
1482.2277156910754
1448.9590843624428
1143.9342474902776
1069.9241996420224
1167.9674450265475
1112.7946751363163
1220.794675136316
1196.90891807812
1275.8911628760186
1303.7622868590763
1180.2769859917614
1342.9342911667607
1258.5546415985355
1310.5546415985357
1244.6973866915278
1203.410526255792
1116.6743143112876
1122.6028152654044
1082.2209124082422
1037.3370736367297
981.5624861371399
1059.5320540109437
1068.2987502680612
1052.8183829110817
1093.8109732919643
1045.1351101934097
1225.594800629851
995.1745908359683
1059.2391155568735
964.2398089856028
1097.4259013150154
1217.9314313137354
1147.081337435153
1080.2029506977146
1080.2029506977144
1080.2029506977144
1223.5390463770173
1148.6124964518187
938.8078760634553
993.9398029308888
1127.1331135618886
1076.1549153149858
1216.4287093163086
1235.4600983557445
1268.3566624732146
1331.3566624732146
1366.2169078886561
1185.0165584477568
1251.4484864994542
1354.7413026513493
1354.7413026513493
1258.1350321385955
1356.9955496827984
1242.3226697032437
1242.3226697032435
1264.6573486501475
1134.465068839835
1009.9015119098175
1038.4819853605702
948.5967176522454
895.4210399889695
690.0597652156057
714.6562366720195
701.956323135668
712.7373790603605
758.9822165766718
872.6157720906161
972.7210982890223
927.9720638725258
1056.0204388023935
1048.3770854272366
1136.5484664206442
1138.1298304360619
981.4200429210306
1107.8464960429135
1026.9481663683484
954.300866462756
850.3008664627562
873.7460285465527
849.827156947756
889.5474806370647
947.1173963232487
967.9589365790672
945.9723743843804
1108.7294656690517
1034.607418768067
1021.4216204444589
1056.4171208705172
1182.5326273019277
1119.5326273019277
1119.5326273019277
1092.9390600999784
931.7788819163019
1146.1137076616526
1275.6737532072568
1430.8063453317106
1687.0508331388253
1465.955027075662
1537.7458422362463
1710.6131605989726
1524.4218830780399
1607.6853856003218
1557.358088170272
1757.3691255611138
1869.7701902275069
1796.314973176628
1944.4958599135557
1884.7051023700344
1842.4458572996093
1998.9548636019938
1923.1425948726421
1977.842406196037
1900.0047984038913
1883.8745713487633
1830.7155004974982
1785.6166279708123
1782.8242943481375
1851.1270252540103
1853.7540245614996
2011.8220103097399
2005.8911602349572
2042.9151321645145
2195.8161900401947
2364.7721610440362
2168.9346275517505
2077.4734070447275
1881.494553722829
1833.1856530101657
1795.0815045739566
1754.8501635351474
1573.8415014730242
1729.8821698856636
1782.944053608359
1800.1175019135267
1337.5055812264886
1381.5055812264886
1216.0311690844762
1510.0334698612094
1481.6402109738065
1446.7743889633123
1620.6067565200374
1831.9029362296355
1750.47233168245
1894.514606408542
2115.984825603373
2364.323975256748
2756.1611612310076
2735.5180175430014
2630.194996005396
2985.282784479661
2892.9356486383626
2987.6786377683998
3075.396724862129


