Rainfall Prediction

573.5147072961081
584.8119180183885
593.2889969180683
593.2889969180683
593.2889969180683
608.3679454675131
608.3679454675131
608.3679454675131
602.7120698958007
598.0
598.0
598.0
598.0
583.8702392069054
579.1625091508058
488.0704574947787
391.93753048781207
398.44769562594996
374.28636511889937
374.28636511889937
400.3084240414565
424.52444058151906
436.6501670380691
434.7839304927757
433.85091214320187
346.477276994504
244.38604839774422
214.34817577931943
221.613767100537
202.56583509747435
218.88788336876533
231.62143312875997
233.44310136094185
225.250628144669
275.5022936262452
275.5022936262452
244.38604839774422
244.38604839774422
244.38604839774422
244.38604839774422
244.38604839774422
244.38604839774422
261.7552819521035
263.5865185557055
489.9436843060378
489.9436843060378
489.0070426028047
481.51595925317565
471.22177990232194
405.8923967573678
405.8923967573678
379.85730446045244
355.7382664300136
343.70074627327466
343.70074627327466
343.70074627327466
343.70074627327466
327.0593518868346
343.70074627327466
486.19745767276424
486.19745767276424
467.4802186424612
517.1302531910534
504.0
518.0685253131408
470.28629976826653
472.1573196390632
489.9436843060378
519.0068496364213
598.9423290124538
605.5398190162678
605.5398190162678
617.7977273053355
631.9500156152419
643.2782557175576
414.27329309938006
452.5237267369201
452.5237267369201
452.5237267369201
452.5237267369201
452.5237267369201
452.5237267369201
452.5237267369201
452.5237267369201
485.26104326469044
507.7504325272463
507.7504325272463
745.4667693888641
1108.5155513963923
1182.2502900235922
1028.1982143015316
1028.1982143015316
1028.1982143015316
954.6963515586389
954.6963515586389
950.8815156625683
973.7757667375306
971.8674365972231
991.9091326105176
1078.8593193739732
1087.4673964395756
1080.7720967954888
1080.7720967954888
1068.3403682063877
1151.595112894191
1161.1730371114106
1266.6357328403767
1227.3049682073067
1229.222953218808
1229.222953218808
1234.01818332106
1237.854641495885
1238.813793966758
1238.813793966758
1238.813793966758
1234.01818332106
1211.0045872524904
1211.0045872524904
1028.1982143015316
665.951234012936
576.3384059649162
576.3384059649162
576.3384059649162
576.3384059649162
576.3384059649162
585.7536408624977
721.7767637319494
695.2682855782828
695.2682855782828
657.4463366855908
542.4815459097548
454.39242024382435
454.39242024382435
454.39242024382435
456.26136457566247
399.378022314386
589.5209705791301
501.187744778485
562.2240143581096
707.5725163231782
707.5725163231782
702.8394391653668
699.0535885222006
704.7325685688711
761.5871862939993
790.0561975177583
761.5871862939993
774.8694150705898
812.8501247920996
758.7417625665062
758.7417625665062
758.7417625665062
758.7417625665062
758.7417625665062
825.2035242974706
829.956054567039
951.8351915557901
859.436508276751
1008.1400981374404
1020.5559857433007
1056.8677328167046
1056.8677328167046
1056.8677328167046
1058.7796497755949
1058.7796497755949
1056.8677328167046
999.5464932744952
797.6523643289876
782.4618726197579
720.8295826005295
615.9114420412155
627.23158519815
627.23158519815
627.23158519815
621.5707862307578
565.046066592967
536.8447574341504
536.8447574341504
531.209756742507
493.69081405597177
489.9436843060378
489.9436843060378
489.9436843060378
489.9436843060378
496.50174827312213
431.05225918673585
426.3891900664765
311.37188186310436
258.09442373435473
122.93426737865143
111.50342481821068
78.53573455489547
163.83751629018553
170.11378348501663
168.31934066431685
168.31934066431685
168.31934066431685
171.90918462990282
158.46765936372654
158.46765936372654
158.46765936372654
173.7055308192998
162.94189971677807
162.94189971677807
162.94189971677807
162.04653681017098
189.0108708497323
237.08831175456856
238.0
277.3373985251343
417.06821707249225
524.6378844361752
546.2403852337375
580.1039662921421
684.861561236694
690.5374335405388
690.5374335405388
690.5374335405388
677.2957074874588
735.9883728790113
767.2788508967192
767.2788508967192
767.2788508967192
675.4046006123828
668.7868623637316
685.8074522568277
686.7533784469305
772.9715954932727
894.6548888389016
920.3757352969445
924.1876834639721
924.1876834639721
951.8351915557901
1015.7802414690594
1033.930716832462
1063.5597735262168
1079.815698868481
1055.9118028369587
1036.7972332394017
1071.208949805929
1022.4664235193039
878.4692563912806
874.6619048833757
877.5173812947028
855.631174089956
787.2081084783076
905.1316701949487
907.9894742673213
920.3757352969445
1120.9571515999303
1132.4443274854452
1220.592504827137
1220.592504827137
1221.5513819182715
1269.5145749436276
1269.5145749436276
1252.2435103481516
1251.2841474765241
1183.2085346606698
1083.6414009382866
1065.4719550561897
1061.647667344608
1061.647667344608
982.3643066633583
918.4699000314562
900.369138226475
895.6072036646865
894.6548888389016
928.9531364385073
928.0
894.6548888389016
894.6548888389016
894.6548888389016
789.1068056598258
764.4328828840415
752.1035098522385
715.1471862576143
585.7536408624977
582.9286045280094
570.6914159481387
374.28636511889937
305.8423233502271
186.30536136481655
187.20698743257879
226.16025682249153
232.5321884762178
240.73597752809485
265.41828670152483
400.3084240414565
673.513637490795
848.9728300989323
906.0842478826618
915.6113214264923
915.6113214264923
910.8474908370779
914.6585085075759
954.6963515586389
941.345977838478
926.0937958211252
890.8458710411488
901.3215969716431
905.1316701949487
963.281015150586
969.9591921697909
977.5926831988597
986.1819854479963
996.682327856519
1025.332229586625
1025.332229586625
1025.332229586625
1025.332229586625
1025.332229586625
1025.332229586625
1025.332229586625
1024.3769410125094
988.0909508689929
934.6724338519862
926.0937958211252
900.369138226475
761.5871862939993
468.4155189715408
270.9167308680401
208.9063413743558
199.85129906349485
199.85129906349485
197.13850194456012
208.0
170.11378348501663
178.2004464307958
189.91312551278833
224.34116392825945
193.52419984551096
193.52419984551096
138.86273551922108
132.655368854188
134.42728212518128
147.75681874539748
137.97500780762095
111.50342481821068
111.50342481821068
111.50342481821068
111.50342481821068
111.50342481821068
112.3803331527989
112.3803331527989
112.3803331527989
107.12521777069583
106.25087413656104
106.25087413656104
106.25087413656104
106.25087413656104
106.25087413656104
106.25087413656104
106.25087413656104
115.01351598218614
115.01351598218614
115.01351598218614
101.0142886309282
110.62693304105358
122.93426737865143
117.65030120603377
81.10956256179604
73.40588291844328
75.9677587016342
75.9677587016342
75.9677587016342
67.4534265946117
47.36798876404741
47.36798876404741
73.40588291844328
73.40588291844328
73.40588291844328
128.23145605003975
168.31934066431685
180.0
180.0
180.0
181.8004424800419
181.8004424800419
232.5321884762178
293.87513919839085
298.4756689557497
308.60662059087304
308.60662059087304
308.60662059087304
299.3961132076604
301.23733621472644
301.23733621472644
301.23733621472644
291.1161919694085
263.5865185557055
257.17954941502296
257.17954941502296
257.17954941502296
248.95194528130756
248.95194528130756
248.95194528130756
248.95194528130756
261.7552819521035
265.41828670152483
237.08831175456856
237.08831175456856
237.08831175456856
180.0
154.89299345714537
226.16025682249153
246.21197049510377
269.0833977331657
267.25058139849324
280.0909843468306
527.4540959672124
819.5013812260099
829.956054567039
826.1539764216398
826.1539764216398
826.1539764216398
864.193750210452
862.2907771578252
947.0670334715791
948.9742302272225
948.9742302272225
944.2064051705898
944.2064051705898
944.2064051705898
1029.1535821161701
1089.3805037649768
1149.679729119984
1149.679729119984
1186.0833655083704
1172.6687370800103
1168.8365734030497
1254.1622807885328
1279.111662806171
1279.111662806171
1279.111662806171
1262.7974820428963
1173.6268189909601
1152.552830004739
1128.6149915784983
1185.1250724218087
1174.5849172601913
891.7980891913545
545.3006024120675
562.2240143581096
569.7504098371669
584.8119180183885
591.4048970617346
553.7603827760934
553.7603827760934
470.28629976826653
598.9423290124538
598.9423290124538
598.9423290124538
598.9423290124538
598.9423290124538
515.253866082107
462.80462443197524
404.03077651687687
404.03077651687687
368.71838152391996
368.71838152391996
368.71838152391996
286.52027397327925
262.67083349610647
266.33436854000513
266.33436854000513
266.33436854000513
266.33436854000513
266.33436854000513
322.44233611217066
268.1669246652209
315.9827611825589
294.7950180144145
471.22177990232194
444.1177490060914
442.25046125618275
427.32166768732134
421.7278338968765
564.1053361559588
603.6546108567965
627.23158519815
496.50174827312213
496.50174827312213
496.50174827312213
534.0270319643722
550.9400239808191
680.1326360984012
810.0
810.0
1011.9600079968018
1037.752777815883
1037.752777815883
1037.752777815883
1037.752777815883
1037.752777815883
1033.930716832462
1033.930716832462
1033.930716832462
1033.930716832462
1086.510870136038
1038.7083419031949
1038.7083419031949
987.1364576802955
984.2731039685741
862.2907771578252
931.8126827487116
919.4228060675559
919.4228060675559
918.4699000314562
773.9204904645808
734.0930736203418
710.41276692077
710.41276692077
711.3595841220048
711.3595841220048
673.513637490795
656.5015337567631
527.4540959672124
392.8673250207042
392.8673250207042
198.04257247250445
173.7055308192998
173.7055308192998
173.7055308192998
195.33095244168783
195.33095244168783
198.04257247250445
198.04257247250445
219.7963415994298
317.8278417110041
275.5022936262452
356.66485509921745
465.60979896267776
475.90007132671246
702.8394391653668
716.0941698114906
901.3215969716431
906.0842478826618
906.0842478826618
906.0842478826618
906.0842478826618
906.0842478826618
943.2529070204174
1099.903890562615
1180.3338493304418
1266.6357328403767
1328.0789747237145
1328.0789747237145
1328.0789747237145
1328.0789747237145
1328.0789747237145
1342.4879918960462
1392.46245240267
1392.46245240267
1395.3466674286587
1396.3080979673398
1801.1023123781163
1833.9473788307798
1838.7783801329526
1825.2521186609747
1791.443928304316
1785.6493243260625
1694.9101877587448
1615.8241237298498
1665.968507841559
1541.623531673773
1468.4508469289726
1206.2112138131872
1201.4182335748771
1201.4182335748771
1201.4182335748771
1201.4182335748771
1238.813793966758
1201.4182335748771
1051.1324389219021
970.913303654369
885.133072917028
824.2530992264751
824.2530992264751
824.2530992264751
824.2530992264751
824.2530992264751
810.0
760.6386813286339
760.6386813286339
757.793348877508
734.0930736203418
340.0
306.7636479149832
325.2122461732037
324.2888426276573
258.09442373435473
265.41828670152483
273.66768917117554
242.5607154015532
185.403947539288
145.0854549090424
174.6040542391538
174.6040542391538
174.6040542391538
174.6040542391538
174.6040542391538
174.6040542391538
140.6391278587789
142.41675222459398
136.20050251573522
135.31373033403116
135.31373033403116
135.31373033403116
136.20050251573522
136.20050251573522
136.20050251573522
136.20050251573522
149.53917511674422
154.89299345714537
158.46765936372654
196.2346281956403
196.2346281956403
196.2346281956403
247.12515060262825
345.55167496117036
391.93753048781207
572.5735647828582
610.25357150956
667.8416163742249
796.7027436031767
825.2035242974706
797.6523643289876
834.7092556717824
894.6548888389016
900.369138226475
1110.4294496523996
1524.2872233493954
1612.9320184859453
1716.1396104305127
1769.2330316937796
1841.6770837402664
1841.6770837402664
1854.2390191423522
1859.0709142867017
1874.5343910139102
1943.1789489881037
2005.0899571665173
2177.4385943621182
2162.9062804977266
2191.9724164167387
2284.054063928745
2283.084483572548
2408.210672311918
2564.5103837310603
2529.5490431036205
2401.418338840082
2344.180108129795
2157.093780537463
2107.6975052924236
2088.3313725625894
1995.4142864505866
2018.637164207957
1981.869626801344
1902.5673599164513
1841.6770837402664
1835.879753605997
1646.6789803714362
1237.854641495885
1149.679729119984
1050.176623509137
1025.332229586625
959.4653907579468
1007.1851714423154
1051.1324389219021
1146.8067798774327
1146.8067798774327
1081.7285131316492
1028.1982143015316
858.4851363293443
865.145274756747
899.4167033773932
899.4167033773932
874.6619048833757
752.1035098522385
615.9114420412155
596.1154700855169
598.9423290124538
602.7120698958007
602.7120698958007
602.7120698958007
550.9400239808191
513.3776893785389
461.8696882691826
461.8696882691826
461.8696882691826
461.8696882691826
461.8696882691826
439.4500185048137
433.85091214320187
433.85091214320187
459.06524824154366
445.0514900825633
462.80462443197524
416.1365047996996
361.29910859639057
266.33436854000513
294.7950180144145
293.87513919839085
330.7547470256056
378.0
371.502000032001
304.9211072286787
217.07148070909977
205.28207883823939
232.5321884762178
217.07148070909977
217.07148070909977
214.34817577931943
219.7963415994298
246.21197049510377
246.21197049510377
303.07900211696915
308.60662059087304
324.2888426276573
364.08069767834905
457.1959303529218
457.1959303529218
509.62597150911114
520.8836543582762
525.5765704968775
545.3006024120675
562.2240143581096
550.9400239808191
527.4540959672124
539.6629298398167
540.6024193941764
538.7234895811604
567.868534757303
661.225920977366
652.7226968951358
604.5971939277681
680.1326360984012
700.9464456432686
702.8394391653668
703.7859869142909
701.8929253867427
829.956054567039
839.4631221856457
901.3215969716431
897.5119055118581
888.9415075604547
888.9415075604547
829.956054567039
823.302701253014
807.1501252087685
766.3301648227852
671.622818693524
671.622818693524
618.7409311182626
607.4251948777472
602.7120698958007
642.3340220415075
603.6546108567965
600.8271146752278
614.0253205134708
601.769571137568
600.8271146752278
600.8271146752278
526.5153077165046
431.9850762889339
395.65716823141827
454.39242024382435
389.1486100386217
416.1365047996996
411.4790109964753
464.67467995025197
438.5166687247881
313.21591914722535
304.0
245.29893618115779
245.29893618115779
274.58492855834885
274.58492855834885
274.58492855834885
274.58492855834885
304.9211072286787
311.37188186310436
399.378022314386
504.9375271032142
510.5638211941022
618.7409311182626
637.6134339581546
578.2210966475817
594.2311116191057
596.1154700855169
582.9286045280094
582.9286045280094
582.9286045280094
582.9286045280094
582.9286045280094
709.4659831783679
738.8315603019297
834.7092556717824
846.1196430133186
808.1000556173698
810.0
753.0517395228635
753.0517395228635
771.073894661483
775.8183692598056
774.8694150705898
769.1763129901732
719.8824342453333
719.8824342453333
719.8824342453333
719.8824342453333
688.6453360633011
682.0240998843641
592.3469253667314
486.19745767276424
480.579832434167
373.35816094653677
354.81176583688665
354.81176583688665
331.67884020014446
328.9068531892234
328.9068531892234
328.9068531892234
328.9068531892234
328.9068531892234
328.9068531892234
206.18786764847235
178.2004464307958
35.956562756394185
18.751712409105345
40.81322675510435
66.60612308660185
67.4534265946117
67.4534265946117
51.504717401016464
47.36798876404741
47.36798876404741
49.01923788646684
49.01923788646684
49.01923788646684
49.01923788646684
49.01923788646684
50.675106837823634
50.675106837823634
50.675106837823634
50.675106837823634
50.675106837823634
97.53262412077183
97.53262412077183
97.53262412077183
97.53262412077183
106.25087413656104
106.25087413656104
144.19558847379366
226.16025682249153
295.7150108821189
295.7150108821189
295.7150108821189
295.7150108821189
295.7150108821189
295.7150108821189
345.55167496117036
335.3761792569447
334.4517002761624
440.38343398249214
497.43883734874066
556.5811694601409
556.5811694601409
554.7005976119333
554.7005976119333
554.7005976119333
570.6914159481387
570.6914159481387
764.4328828840415
765.3815088009385
765.3815088009385
765.3815088009385
775.8183692598056
723.6712240800327
743.5708382546724
745.4667693888641
746.4147818620293
742.6229197066722
742.6229197066722
701.8929253867427
615.9114420412155
544.3608681722515
544.3608681722515
544.3608681722515
544.3608681722515
554.7005976119333
629.118838265834
610.25357150956
708.5192329580277
738.8315603019297
788.1574426302348
730.302858857486
745.4667693888641
745.4667693888641
860.3879057574011
870.8549518224397
874.6619048833757
871.8066525979457
919.4228060675559
810.0
857.5337899554652
858.4851363293443
858.4851363293443
848.0217416994648
987.1364576802955
969.0051021736335
967.0969867675155
966.1429614181995
960.4192641962563
960.4192641962563
960.4192641962563
960.4192641962563
960.4192641962563
972.8215909682785
979.5012690437079
979.5012690437079
969.0051021736335
893.7025981269899
824.2530992264751
704.7325685688711
674.4591010468142
518.0685253131408
518.0685253131408
444.1177490060914
444.1177490060914
331.67884020014446
321.51923393114623
317.8278417110041
304.9211072286787
259.00943480203296
175.50280907742598
130.0
192.62112549877912
278.25513722731597
354.81176583688665
257.17954941502296
266.33436854000513
318.7505364831572
327.9830532812821
388.21912512359216
507.7504325272463
561.2834232152561
561.2834232152561
561.2834232152561
549.0600240192193
542.4815459097548
542.4815459097548
547.1802165199604
602.7120698958007
602.7120698958007
635.7254710384422
705.6791840646688
705.6791840646688
705.6791840646688
717.9882361081713
729.3553854582788
795.7531513161388
799.5516909047466
802.4008928615916
839.4631221856457
865.145274756747
869.9032761049027
869.9032761049027
907.0368492519334
817.6008849600838
738.8315603019297
700.9464456432686
703.7859869142909
649.8889649924254
640.4456705074148
579.1625091508058
459.06524824154366
405.8923967573678
405.8923967573678
425.4567809615435
482.452143902171
514.3157513624857
555.6408598775172
574.4558950669616
547.1802165199604
602.7120698958007
571.6324676318529
504.0
504.0
529.3318250531481
534.9662239244815
523.6992496627764
460.93481340067194
457.1959303529218
460.0
424.52444058151906
405.8923967573678
401.23890056523135
401.23890056523135
299.3961132076604
299.3961132076604
300.3166691169264
308.60662059087304
475.90007132671246
543.4211826320636
630.0625244331545
670.6774635959266
716.0941698114906
723.6712240800327
734.0930736203418
715.1471862576143
657.4463366855908
625.3444917158895
587.6372182506341
564.1053361559588
580.1039662921421
539.6629298398167
603.6546108567965
631.0062502441598
665.0060977877013
639.5015528100075
631.0062502441598
631.9500156152419
629.118838265834
629.118838265834
722.7239775786886
721.7767637319494
736.9360702733138
765.3815088009385
1275.2726533027837
1392.46245240267
1407.8462548614002
1688.1563454840252
1789.5123579951335
1636.0714488291076
1798.2047041810672
1917.0698708894897
1889.0333374495758
1842.6433353746427
1849.407335530726
1888.0666831357057
1887.1000370644974
1899.6670771763206
1899.6670771763206
1900.6338299278584
1900.6338299278584
1873.5678609855518
1862.936582170974
1833.9473788307798
1858.1045183734714
1857.138130896061
1887.1000370644974
1884.2001483680344
2084.458486654975
2128.034969310673
2175.500865054492
2079.617539984622
2154.1876222295177
2180.345238585106
2167.7502166379445
1651.500988146152
1590.7623245549082
1607.1480877198915
1349.213241181746
1245.5282841628684
1211.0045872524904
981.4099396490701
785.3095270054331
843.266690891476
884.1810253733288
869.9032761049027
876.5655309856155
899.4167033773932
887.0372414198049
907.9894742673213
903.2265860064123
903.2265860064123
885.133072917028
880.3730807940366
842.3157592603833
789.1068056598258
798.602013445492
794.8035875160891
949.9278618758194
859.436508276751
916.5641576764788
875.6137055023598
873.7101291672028
800.5013966589423
753.0517395228635
736.9360702733138
766.3301648227852
720.8295826005295
747.3628255308382
747.3628255308382
771.073894661483
771.073894661483
827.1044555547412
819.5013812260099
748.3109003392005
707.5725163231782
707.5725163231782
652.7226968951358
631.0062502441598
631.0062502441598
610.25357150956
610.25357150956
649.8889649924254
649.8889649924254
649.8889649924254
649.8889649924254
649.8889649924254
643.2782557175576
620.6274606680623
534.9662239244815
604.5971939277681
600.8271146752278
638.5574739332484
635.7254710384422
635.7254710384422
635.7254710384422
635.7254710384422
663.1159356162631
688.6453360633011
631.0062502441598
608.3679454675131
628.1751918260995
645.1668384881551
589.5209705791301
588.5790725966162
588.5790725966162
588.5790725966162
588.5790725966162
588.5790725966162
587.6372182506341
587.6372182506341
587.6372182506341
587.6372182506341
548.120096153908
548.120096153908
548.120096153908
548.120096153908
548.120096153908
576.3384059649162
674.4591010468142
720.8295826005295
546.2403852337375
451.5894744940517
408.6853768287683
407.7543104872053
407.7543104872053
407.7543104872053
441.3169149639292
385.4311396987488
359.44514641395045
375.21465139063093
404.96154983396355
384.50196853444976
385.4311396987488
406.82331705279864
444.1177490060914
481.51595925317565
525.5765704968775
535.9054657886292
535.9054657886292
568.8094494047983
568.8094494047983
568.8094494047983
569.7504098371669
569.7504098371669
581.0454679697161
610.25357150956
610.25357150956
625.3444917158895
572.5735647828582
504.9375271032142
440.38343398249214
438.5166687247881
438.5166687247881
463.73962171630876
463.73962171630876
463.73962171630876
463.73962171630876
430.1195095711761
430.1195095711761
420.7957705278583
404.96154983396355
375.21465139063093
347.4029703698275
329.8307512300519
340.0
325.2122461732037
302.1581140355107
259.00943480203296
248.95194528130756
248.95194528130756
217.07148070909977
217.07148070909977
217.07148070909977
222.52273249258806
223.4318650744251
212.53351673578945
184.50274733569069
218.88788336876533
204.37647640083736
204.37647640083736
172.8072404120313
120.29058473007038
120.29058473007038
120.29058473007038
165.62950311559712
165.62950311559712
165.62950311559712
165.62950311559712
241.64827169412897
293.87513919839085
301.23733621472644
301.23733621472644
301.23733621472644
301.23733621472644
301.23733621472644
270.0
248.03847577293365
234.3541709515976
234.3541709515976
234.3541709515976
323.36553914292375
379.85730446045244
379.85730446045244
379.85730446045244
373.35816094653677
373.35816094653677
373.35816094653677
373.35816094653677
338.15018797022003
338.15018797022003
327.0593518868346
327.0593518868346
327.0593518868346
327.0593518868346
327.0593518868346
331.67884020014446
406.82331705279864
469.35087940253663
469.35087940253663
391.0078129768953
377.07146910979094
376.14301948072915
408.6853768287683
408.6853768287683
408.6853768287683
408.6853768287683
409.61651584688997
508.68817524083624
508.68817524083624
579.1625091508058
579.1625091508058
545.3006024120675
658.3911769475875
660.2809691687427
696.2145597373864
728.4079442938773
734.0930736203418
774.8694150705898
774.8694150705898
776.7673529808835
860.3879057574011
862.2907771578252
863.2422509975582
863.2422509975582
863.2422509975582
863.2422509975582
784.3602797838349
707.5725163231782
716.0941698114906
717.0411864489621
717.9882361081713
802.4008928615916
795.7531513161388
762.5357215773206
762.5357215773206
811.9000554939129
812.8501247920996
1031.0643769524356
945.1599256505862
980.4555937660589
910.8474908370779
912.7529528016747
854.6799046794252
682.9698849814116
681.0783502334884
645.1668384881551
613.0823213722045
606.4824860301856
565.9868432440803
565.9868432440803
564.1053361559588
481.51595925317565
497.43883734874066
496.50174827312213
496.50174827312213
496.50174827312213
496.50174827312213
496.50174827312213
496.50174827312213
427.32166768732134
426.3891900664765
432.9179606750063
352.9590301518725
392.8673250207042
392.8673250207042
392.8673250207042
404.03077651687687
403.10007704164826
244.38604839774422
229.80039840795547
196.2346281956403
194.42747591121994
192.62112549877912
203.47106144673543
203.47106144673543
203.47106144673543
203.47106144673543
203.47106144673543
203.47106144673543
217.07148070909977
281.00909166053
311.37188186310436
343.70074627327466
326.13574938895425
338.15018797022003
350.18059520186017
350.18059520186017
350.18059520186017
350.18059520186017
350.18059520186017
348.3287547515299
350.18059520186017
363.153415615735
321.51923393114623
281.92732074794253
281.92732074794253
281.92732074794253
243.47330788804703
244.38604839774422
191.71825413837544
191.71825413837544
191.71825413837544
199.85129906349485
199.85129906349485
189.0108708497323
189.0108708497323
189.0108708497323
189.0108708497323
189.0108708497323
189.0108708497323
175.50280907742598
113.25765385825233
84.55003852082409
58.1791445135129
58.1791445135129
149.53917511674422
201.66079848582154
276.4197838040192
460.93481340067194
489.9436843060378
489.9436843060378
489.9436843060378
488.0704574947787
467.4802186424612
467.4802186424612
472.1573196390632
476.835906618841
476.835906618841
456.26136457566247
455.32686114644247
455.32686114644247
455.32686114644247
456.26136457566247
453.45804204722486
453.45804204722486
461.8696882691826
478.70775291684015
478.70775291684015
479.6437636026485
479.6437636026485
479.6437636026485
479.6437636026485
479.6437636026485
479.6437636026485
475.90007132671246
475.90007132671246
365.9355174032685
300.3166691169264
225.250628144669
51.504717401016464
30.36669234721607
30.36669234721607
47.36798876404741
47.36798876404741
47.36798876404741
47.36798876404741
43.26136624629403
39.18823820041868
39.18823820041868
89.72839048077174
90.59341382301989
90.59341382301989
90.59341382301989
89.72839048077174
84.55003852082409
88.86391694843822
81.10956256179604
88.0
90.59341382301989
245.29893618115779
251.69321267751187
255.3502136756473
255.3502136756473
296.63511731583225
319.6733337143292
464.67467995025197
497.43883734874066
642.3340220415075
642.3340220415075
642.3340220415075
643.2782557175576
638.5574739332484
638.5574739332484
651.7780817759146
651.7780817759146
653.6673497296442
668.7868623637316
668.7868623637316
668.7868623637316
668.7868623637316
612.1393634314306
611.1964467806177
617.7977273053355
617.7977273053355
617.7977273053355
617.7977273053355
613.0823213722045
613.0823213722045
588.5790725966162
585.7536408624977
422.659966837512
416.1365047996996
412.41036667277365
412.41036667277365
370.57404385994556
361.29910859639057
283.76414208143404
289.2774731369799
162.04653681017098
162.04653681017098
162.04653681017098
192.62112549877912
193.52419984551096
193.52419984551096
179.10011135871267
189.91312551278833
188.10882437766494
173.7055308192998
173.7055308192998
173.7055308192998
183.6017621487353
183.6017621487353
183.6017621487353
177.30100672274602
177.30100672274602
177.30100672274602
177.30100672274602
182.70099338837548
193.52419984551096
193.52419984551096
193.52419984551096
193.52419984551096
193.52419984551096
193.52419984551096
193.52419984551096
193.52419984551096
180.0
115.89204936944104
80.25098426722492
75.113109577039
78.53573455489547
78.53573455489547
47.36798876404741
46.5441558772843
53.16718427000252
37.56925097228004
28.0
31.15967033215845
122.05266807797946
142.41675222459398
142.41675222459398
132.655368854188
137.08759591304977
163.83751629018553
163.83751629018553
163.83751629018553
163.83751629018553
163.83751629018553
158.46765936372654
147.75681874539748
147.75681874539748
148.6478537437293
168.31934066431685
274.58492855834885
367.7906759400168
428.25421361613905
428.25421361613905
431.05225918673585
459.06524824154366
461.8696882691826
454.39242024382435
496.50174827312213
565.046066592967
632.893820463088
632.893820463088
625.3444917158895
625.3444917158895
625.3444917158895
753.0517395228635
666.8964068995759
645.1668384881551
645.1668384881551
645.1668384881551
640.4456705074148
612.1393634314306
612.1393634314306
612.1393634314306
612.1393634314306
612.1393634314306
612.1393634314306
612.1393634314306
612.1393634314306
611.1964467806177
590.4629121000795
480.579832434167
386.3603896932107
326.13574938895425
414.27329309938006
418.0
399.378022314386
396.5872683392483
401.23890056523135
355.7382664300136
288.3582890270258
222.52273249258806
223.4318650744251
235.26539642413667
243.47330788804703
262.67083349610647
203.47106144673543
202.56583509747435
243.47330788804703
308.60662059087304
324.2888426276573
335.3761792569447
335.3761792569447
357.5915315286238
364.08069767834905
364.08069767834905
364.08069767834905
364.08069767834905
364.08069767834905
364.08069767834905
364.08069767834905
364.08069767834905
364.08069767834905
364.08069767834905
364.08069767834905
276.4197838040192
270.0
305.8423233502271
306.7636479149832
302.1581140355107
302.1581140355107
302.1581140355107
302.1581140355107
306.7636479149832
294.7950180144145
286.52027397327925
267.25058139849324
199.85129906349485
186.30536136481655
145.97561700646798
83.689011157193
96.66343057322119
94.92654992519836
94.92654992519836
74.25914770212121
175.50280907742598
209.812864787373
305.8423233502271
375.21465139063093
375.21465139063093
375.21465139063093
375.21465139063093
375.21465139063093
375.21465139063093
375.21465139063093
488.0704574947787
532.148798249453
533.0878900314706
496.50174827312213
547.1802165199604
547.1802165199604
582.9286045280094
680.1326360984012
718.9353187274529
758.7417625665062
810.0
811.9000554939129
811.9000554939129
811.9000554939129
811.9000554939129
811.9000554939129
811.9000554939129
781.5127127774842
772.022730208309
772.022730208309
772.022730208309
656.5015337567631
620.6274606680623
599.8847006022506
539.6629298398167
549.0600240192193
549.0600240192193
549.0600240192193
549.0600240192193
549.0600240192193
549.0600240192193
497.43883734874066
457.1959303529218
456.26136457566247
452.5237267369201
401.23890056523135
401.23890056523135
365.9355174032685
418.0
379.85730446045244
335.3761792569447
285.6014440621419
716.0941698114906
716.0941698114906
716.0941698114906
736.9360702733138
751.1553110432193
751.1553110432193
751.1553110432193
751.1553110432193
751.1553110432193
751.1553110432193
751.1553110432193
751.1553110432193
672.5682100157956
662.170909818085
661.225920977366
680.1326360984012
721.7767637319494
724.6185031754537
747.3628255308382
834.7092556717824
794.8035875160891
791.005618154852
791.005618154852
785.3095270054331
785.3095270054331
787.2081084783076
794.8035875160891
662.170909818085
730.302858857486
730.302858857486
744.5187881676025
338.15018797022003
341.85018703270975
342.77542030034573
434.7839304927757
497.43883734874066
561.2834232152561
593.2889969180683
626.2880184664815
626.2880184664815
632.893820463088
873.7101291672028
974.7299638750449
1023.4216723145587
1023.4216723145587
1014.8251528576161
995.7276473533541
953.742609535316
1073.1214308031067
1073.1214308031067
1090.3370847409738
1067.3842117410773
1067.3842117410773
1076.9466157760937
1084.5978723623152
1183.2085346606698
1183.2085346606698
1175.5430318685662
1157.3416669922126
1152.552830004739
1159.257318752057
1147.7644127422454
1140.1038244316633
1194.7087261133195
1238.813793966758
1145.8491639222755
1067.3842117410773
1002.4108439638131
969.9591921697909
936.5790479200708
936.5790479200708
929.9062957317183
688.6453360633011
638.5574739332484
590.4629121000795
590.4629121000795
590.4629121000795
642.3340220415075
648.0
538.7234895811604
580.1039662921421
478.70775291684015
489.9436843060378
587.6372182506341
578.2210966475817
570.6914159481387
474.0285772618564
472.1573196390632
472.1573196390632
477.77180053568225
448.7870979945875
444.1177490060914
441.3169149639292
421.7278338968765
392.8673250207042
349.2546298060502
342.77542030034573
342.77542030034573
342.77542030034573
342.77542030034573
342.77542030034573
342.77542030034573
342.77542030034573
342.77542030034573
293.87513919839085
293.87513919839085
293.87513919839085
293.87513919839085
243.47330788804703
261.7552819521035
329.8307512300519
267.25058139849324
265.41828670152483
290.1967742867852
197.13850194456012
200.75595275592914
200.75595275592914
202.56583509747435
205.28207883823939
205.28207883823939
199.85129906349485
167.42248286099817
165.62950311559712
165.62950311559712
165.62950311559712
138.86273551922108
144.19558847379366
182.70099338837548
182.70099338837548
182.70099338837548
182.70099338837548
182.70099338837548
198.94683857592565
210.7195691817068
321.51923393114623
468.4155189715408
551.8800958467065
560.3428787224891
560.3428787224891
566.9276660013643
705.6791840646688
629.118838265834
636.6694329660247
649.8889649924254
613.0823213722045
623.457558498623
759.6902067348685
1028.1982143015316
1138.1888474687098
1138.1888474687098
1138.1888474687098
1139.146327413736
1139.146327413736
1190.875072254359
1211.9633089276826
1224.4281057935023
1224.4281057935023
1218.6747970502686
1161.1730371114106
1161.1730371114106
1161.1730371114106
1161.1730371114106
1161.1730371114106
1143.9339828220177
1146.8067798774327
1032.019803921759
881.3250300240242
796.7027436031767
792.904545570495
833.7585620455268
834.7092556717824
670.6774635959266
665.951234012936
676.3501361162646
663.1159356162631
674.4591010468142
662.170909818085
522.7606663055979
291.1161919694085
186.30536136481655
183.6017621487353
183.6017621487353
182.70099338837548
182.70099338837548
137.08759591304977
120.29058473007038
117.65030120603377
134.42728212518128
134.42728212518128
134.42728212518128
134.42728212518128
134.42728212518128
134.42728212518128
134.42728212518128
134.42728212518128
121.17143936124454
120.29058473007038
120.29058473007038
120.29058473007038
115.89204936944104
78.53573455489547
71.70148518491378
71.70148518491378
71.70148518491378
55.6686992625671
55.6686992625671
68.30151519016502
153.10727986869318
195.33095244168783
175.50280907742598
183.6017621487353
183.6017621487353
183.6017621487353
183.6017621487353
183.6017621487353
181.8004424800419
365.00806504068447
448.7870979945875
447.8530998503968
448.7870979945875
514.3157513624857
542.4815459097548
562.2240143581096
576.3384059649162
576.3384059649162
576.3384059649162
599.8847006022506
630.0625244331545
630.0625244331545
761.5871862939993
763.4842871251111
835.65997591417
956.6039015155126
956.6039015155126
956.6039015155126
956.6039015155126
956.6039015155126
930.8594778462275
838.5122959081384
793.8540522513782
783.4110616385994
772.9715954932727
772.9715954932727
772.9715954932727
772.9715954932727
772.9715954932727
772.022730208309
580.1039662921421
486.19745767276424
649.8889649924254
777.7163661826271
711.3595841220048
682.9698849814116
795.7531513161388
781.5127127774842
978.5469655114684
1015.7802414690594
990.9545558846849
992.8637301488501
1201.4182335748771
1068.3403682063877
1075.033986189617
1042.5307928482737
998.5917508453146
1076.9466157760937
1297.3500998668887
1399.192465996409
1485.7752105429165
1621.6086127359617
1714.2094723980058
1714.2094723980058
1741.2348274767069
1779.8550420336335
1789.5123579951335
1855.2053812741335
1922.871384345539
2169.687838350332
2172.5943214412955
2177.4385943621182
2186.1587075451207
2000.252027041834
1868.7353359963986
1868.7353359963986
1868.7353359963986
1738.3389032901541
1738.3389032901541
1639.9285916632957
1602.328431468919
1602.328431468919
1692.980470239889
1506.954553989008
1556.073192508713
1577.270456236192
1536.8075288735024
1458.827855603753
1379.9655223651177
1175.5430318685662
1085.5543621025997
999.5464932744952
866.0968245967878
774.8694150705898
774.8694150705898
760.6386813286339
777.7163661826271
777.7163661826271
781.5127127774842
716.0941698114906
475.90007132671246
473.0929188136138
468.4155189715408
460.0
460.0
460.0
460.0
460.0
455.32686114644247
455.32686114644247
357.5915315286238
357.5915315286238
357.5915315286238
240.73597752809485
237.08831175456856
190.81558704497806
162.94189971677807
162.94189971677807
162.94189971677807
163.83751629018553
148.6478537437293
137.97500780762095
189.91312551278833
214.34817577931943
340.9250468164976
354.81176583688665
407.7543104872053
354.81176583688665
579.1625091508058
511.50172415843264
510.5638211941022
510.5638211941022
510.5638211941022
510.5638211941022
513.3776893785389
513.3776893785389
513.3776893785389
513.3776893785389
513.3776893785389
574.4558950669616
600.8271146752278
600.8271146752278
600.8271146752278
600.8271146752278
599.8847006022506
580.1039662921421
580.1039662921421
580.1039662921421
580.1039662921421
580.1039662921421
579.1625091508058
579.1625091508058
579.1625091508058
524.6378844361752
498.37598168211997
369.6461709275204
355.7382664300136
291.1161919694085
290.1967742867852
66.60612308660185
66.60612308660185
66.60612308660185
66.60612308660185
66.60612308660185
226.16025682249153
298.4756689557497
314.13809543404227
379.85730446045244
487.13392913389373
569.7504098371669
527.4540959672124
523.6992496627764
605.5398190162678
610.25357150956
610.25357150956
610.25357150956
610.25357150956
610.25357150956
610.25357150956
610.25357150956
610.25357150956
610.25357150956
610.25357150956
610.25357150956
610.25357150956
610.25357150956
610.25357150956
610.25357150956
610.25357150956
610.25357150956
610.25357150956
610.25357150956
637.6134339581546
735.9883728790113
931.8126827487116
761.5871862939993
695.2682855782828
809.0500138966102
756.8449657219963
667.8416163742249
653.6673497296442
636.6694329660247
614.0253205134708
536.8447574341504
540.6024193941764
540.6024193941764
540.6024193941764
554.7005976119333
595.173269373563
597.0577136594005
597.0577136594005
597.0577136594005
597.0577136594005
597.0577136594005
597.0577136594005
614.9683607660829
661.225920977366
759.6902067348685
788.1574426302348
789.1068056598258
883.2290023514732
887.9893623040457
887.9893623040457
860.3879057574011
761.5871862939993
568.8094494047983
567.868534757303
565.046066592967
499.3131811279088
607.4251948777472
633.8376647046757
565.9868432440803
567.868534757303
567.868534757303
563.1646520414129
670.6774635959266
720.8295826005295
746.4147818620293
824.2530992264751
895.6072036646865
893.7025981269899
895.6072036646865
953.742609535316
1046.3535539234158
1088.4239409902075
1096.0769515458676
1078.8593193739732
1059.7356367056443
960.4192641962563
944.2064051705898
951.8351915557901
991.9091326105176
1065.4719550561897
1134.359098830046
1229.222953218808
1249.3654665124852
1279.111662806171
1279.111662806171
1270.474218227353
1206.2112138131872
1080.7720967954888
1033.930716832462
1039.663925475673
1040.6195285077054
1066.4280740163272
1136.2739388797631
1022.4664235193039
1057.8236818044418
1123.8287111422512
1037.752777815883
925.1407281479774
925.1407281479774
923.2346618029256
868.9516254843752
778.6654088139871
736.9360702733138
729.3553854582788
728.4079442938773
700.9464456432686
700.9464456432686
688.6453360633011
680.1326360984012
547.1802165199604
470.28629976826653
403.10007704164826
311.37188186310436
292.03572568146717
266.33436854000513
266.33436854000513
266.33436854000513
266.33436854000513
266.33436854000513
266.33436854000513
259.92458196113756
255.3502136756473
230.71083615727935
164.73338469443215
161.1514294287429
81.96876524390608
5.2720779386421475
1.0501256289338006
6.583592135001261
24.100251257867605
24.100251257867605
21.026334038989724
19.506757991093075
19.506757991093075
19.506757991093075
35.956562756394185
36.7620999227555
37.56925097228004
53.16718427000252
230.71083615727935
268.1669246652209
306.7636479149832
429.1868276460398
550.0
550.0
545.3006024120675
550.0
550.9400239808191
552.82021548315
553.7603827760934
555.6408598775172
555.6408598775172
555.6408598775172
555.6408598775172
555.6408598775172
556.5811694601409
559.4023809898749
559.4023809898749
578.2210966475817
569.7504098371669
547.1802165199604
551.8800958467065


