Rainfall Prediction

2314.933206802283
2412.9360193411894
2401.249135525861
2381.3520615177713
2457.51672374892
2601.825647839514
2541.3700657535373
2469.453581241306
2623.5670782665893
2284.602694801129
2283.281207925867
2290.18997126013
2250.8362301329535
2026.8010261965787
1918.4233236635891
1728.6604066669279
1577.4191587477399
1592.3212450103083
1211.283328754128
894.0802597746268
1022.4157761664318
653.3756562534812
970.3756562534813
1011.2860723477473
1287.7026563598565
1105.8604244209894
1221.1928588732803
1301.156307839004
1169.6555103834394
1144.0301652321004
1357.9743386914388
1249.1101364457118
1326.4041497807739
1251.3170855008798
1360.5738680719182
1331.5012829360153
1424.33957338128
1256.1866483780655
1348.7648161491438
1290.0987921407545
1391.6548194505267
1576.6192563512373
1555.8487563609133
1805.615759804993
1899.39811059167
2068.3770246063414
2083.6153747436397
2132.072887854286
2120.252055665754
2105.020154605627
2137.998131305091
2095.594962793609
2153.862229190183
1879.862229190183
1669.145557944311
1448.5934774729808
1707.954118830035
2080.07663362067
2088.0207027327765
2161.843609868304
2170.04363977375
2151.1646910373047
2151.1646910373047
2089.4334427545064
2165.8284647600817
2133.662987313759
1974.371024768991
2020.7355067596773
2070.7565829830883
1992.6718316179263
2128.5645243023
1974.6206411102785
1965.2341287532304
1911.5545585631003
1739.4774438027603
1667.818247078429
1541.0408115312398
1491.7183406338345
1471.9220475555258
1510.470935548451
1506.8025040407188
1647.7771873135848
1637.0997237176584
2110.9506766439113
1757.3002653062663
1830.4765162334975
1766.6490550764338
1721.7386389821677
1281.7306909137733
1121.5923724499316
1205.1447178478052
1239.3408266163374
1058.6241553704654
1000.3407978465566
1068.4891776185955
1133.910416094266
1130.395481409556
1121.678810163684
1129.678810163684
1119.1471541029482
1224.968602996862
993.5503392016427
925.9976420249309
960.1018029675909
987.8481299469134
970.0418747953074
927.1452851952146
1268.7889712858546
1050.3895730467298
1163.0738427577257
1065.076807041079
962.56708309657
983.5271249479614
801.5384893181257
957.958215585445
774.9905172410174
840.8008807868454
869.6226087028374
830.6226087028374
816.1718051296436
1125.886170083164
1122.79658617743
877.4849837599794
1002.6979143707407
879.372912659862
1040.3290310083028
1109.5380018962155
1039.1559319435946
1001.2749762161277
1047.4541440275957
1346.6011619350957
1207.764549904301
1300.1237820396268
1348.6452471323641
1193.2047388439746
1018.4567826701486
1032.0451280992083
1344.7896148685086
862.10416094266
828.9038648656394
867.4730842472925
941.0105876816965
951.4924052226438
752.5759089780811
800.8748655961136
928.83317604863
1176.9092137141956
1181.520673190429
1041.9258723748578
1033.6269157568254
944.226980979654
886.9359927087313
1058.3297235765451
1309.6900839914547
1320.573590499424
1421.3603155476721
1480.668111603512
1662.9153619834087
1726.3566583490415
1814.339000183094
1722.3543079080778
1414.0043546520178
1478.2041562733148
1510.4177676791237
1437.1869545520376
1476.0837218460238
1513.6764281993378
1438.731015231284
1515.9636036491956
1733.312656593845
1757.9586500226783
1631.8386742959142
1630.1804665132163
2011.2070325981726
2518.859699239857
2464.5832610913835
2458.2091855708695
2339.537371920327
2339.537371920327
2568.909340517387
2829.730172705919
3032.1023301155396
2846.923351116632
2849.923351116632
2656.4894421872073
3198.9515611276825
3206.049733887291
3058.010659988264
2784.8785888016673
2760.893821549793
2703.617316449625
3054.971783206998
3073.257168051332
2851.9658655354115
2856.6815458212614
2853.2198172563185
2912.8600048359694
3010.1852786642735
2850.4612095832354
2737.2461938969195
2920.3444789129126
2960.005671230932
2679.549102014434
2668.739383174846
2479.0186027384284
2346.4200268391237
1997.22635617292
2022.5137132943432
1954.6333376743064
2141.0755867331864
1971.8277940806747
1645.1935151745183
1795.7516350521382
1877.8324874223458
1721.0483886834636
1755.4963082121335
1411.4448038206679
1042.1370992495665
1004.7632577980315
1397.3758920527303
1471.2647428115147
1148.1226247471186
1275.111688611953
1207.227693064443
1119.0676044903726
1413.2491602864484
1413.2491602864484
1665.6848418299087
1662.144456617159
1650.0692036470232
1844.267447851565
1750.4243386172998
1919.5455869538841
1777.2024447941808
1799.95905066271
1735.0809024946561
1988.3548799281311
1739.1255320377709
2115.3624991542774
2115.3624991542774
1854.8033959650834
1683.6445567760616
2479.6795845481056
2406.7726826871212
2605.648226998832
2621.0292618167423
2682.4678569626917
2624.0012993180717
2617.3381379707052
2804.0728990461657
2755.950520925773
2739.574388023875
2676.989349948406
2472.9826823381045
2402.5948863483695
2416.7148271332917
2116.5966793731486
2141.4871563854185
1867.3606897687273
1870.6294414859294
1790.9511142144197
1772.5310455241975
1688.4178836032838
1690.4178836032838
2132.557901388308
2030.4626494823906
2142.7504023658694
2179.8488036746216
2134.366605954042
2316.2159859296144
2203.2958810004457
2058.201928875196
2065.939200071842
1295.8665327095905
1235.3483266683106
1115.0545263691042
1207.338892985903
1340.9038284821304
1568.610197480878
1613.6601818656359
1508.0268381221413
1717.976853737383
1717.976853737383
1650.976853737383
1219.3460516486298
1597.1652166302197
1374.7874490680383
1381.9286599637398
1783.866615460904
1802.292907131858
1810.9602661903073
1836.1629062669012
1371.7312482827979
1303.7458253197237
1253.7458253197237
909.679753056751
989.2470139208287
1226.1480026529298
1149.5405656031166
1460.878430819198
2005.9294347900745
2442.975278568194
2352.5785832771617
2256.2241141352238
2171.675212610018
2373.164318650841
2366.837820160813
2353.711569662978
2387.211838198864
2293.965246171587
2311.7493789567707
2290.4770736025216
2257.333053924276
2379.6528900929197
2628.959111245383
2732.868140471865
2816.2758456444008
3580.549188946573
3067.139776718615
3160.7060897847036
3030.106435894236
3685.942927636741
3642.772531382141
3553.6118579426056
3538.6554595503635
3454.0114144830814
3349.4762917388957
3992.8599992010386
3789.9931847145303
3720.9931847145303
3099.903600808796
2995.8829903500264
2656.903600808796
2532.511859827886
2418.407698885226
2698.969021630492
2451.084893225816
2630.8968028523373
2520.43618841777
2508.476827610894
2624.9432942055237
2510.579674938468
2539.3250782542545
2705.525788025489
2637.556137469439
2384.086102552145
2369.8621514365054
2388.1317180012156
2328.682431230289
2138.0166394452262
2187.3529325627574
2049.4774308528476
2408.264159525833
2062.54234718718
1810.0699827382841
1794.0039718156836
1910.8253832576293
1716.0171742444086
1716.0171742444086
1801.7909764093683
1984.3453705249676
2118.62038758868
2145.303736732617
2227.049613026863
2208.9600291211286
2166.491267209022


