Rainfall Prediction

1495.0
1474.0
1666.0
1661.0
1661.0
1688.0
1639.0
1626.0
1582.0
1621.0
1492.0
1152.0
1053.0
907.0
758.0
698.0
581.0
602.0
446.0
305.0
257.0
174.0
264.0
419.0
647.0
657.0
670.0
715.0
715.0
715.0
715.0
715.0
800.0
855.0
855.0
855.0
855.0
858.0
858.0
858.0
971.0
1018.0
1101.0
1126.0
1248.0
1453.0
1453.0
1460.0
1348.0
1324.0
1475.0
1461.0
1453.0
1257.0
1115.0
1076.0
1472.0
1827.0
1963.0
1919.0
1943.0
1950.0
1957.0
1796.0
1740.0
1823.0
1823.0
1822.0
1791.0
1733.0
1732.0
1516.0
1466.0
1187.0
1106.0
984.0
686.0
570.0
573.0
712.0
672.0
769.0
758.0
762.0
757.0
746.0
769.0
546.0
259.0
141.0
116.0
83.0
113.0
118.0
118.0
118.0
118.0
118.0
118.0
118.0
143.0
151.0
141.0
151.0
229.0
227.0
264.0
301.0
258.0
208.0
231.0
254.0
238.0
285.0
317.0
269.0
289.0
288.0
290.0
335.0
326.0
217.0
287.0
178.0
141.0
129.0
189.0
194.0
272.0
343.0
345.0
411.0
379.0
407.0
294.0
283.0
245.0
261.0
37.0
231.0
222.0
181.0
151.0
158.0
157.0
132.0
36.0
133.0
110.0
292.0
356.0
516.0
594.0
666.0
750.0
18.0
550.0
721.0
264.0
753.0
686.0
192.0
126.0
832.0
888.0
931.0
921.0
853.0
762.0
661.0
774.0
662.0
669.0
684.0
760.0
677.0
817.0
836.0
852.0
1068.0
1308.0
1371.0
1371.0
1324.0
1179.0
1386.0
1386.0
1447.0
1277.0
1249.0
1217.0
1212.0
1217.0
1187.0
1209.0
1213.0
1217.0
1217.0
1217.0
1187.0
1159.0
1136.0
1128.0
1091.0
1065.0
1067.0
979.0
1065.0
1033.0
1002.0
911.0
702.0
537.0
479.0
563.0
584.0
329.0
302.0
213.0
215.0
178.0
173.0
173.0
155.0
176.0
336.0
336.0
548.0
573.0
623.0
623.0
651.0
673.0
673.0
673.0
673.0
681.0
681.0
704.0
704.0
531.0
574.0
1216.0
1219.0
1219.0
1219.0
1015.0
1040.0
1222.0
1076.0
1249.0
1240.0
1167.0
1141.0
1127.0
1169.0
1055.0
1093.0
894.0
869.0
706.0
546.0
307.0
791.0
1172.0
798.0
1291.0
847.0
913.0
992.0
971.0
1087.0
1038.0
876.0
815.0
748.0
814.0
819.0
819.0
629.0
554.0
563.0
529.0
658.0
604.0
646.0
667.0
638.0
659.0
716.0
714.0
625.0
727.0
802.0
775.0
390.0
379.0
295.0
330.0
576.0
1006.0
1094.0
1141.0
1197.0
1212.0
1332.0
1284.0
1235.0
1250.0
1244.0
1113.0
974.0
1240.0
1259.0
1394.0
1439.0
1436.0
1450.0
1453.0
1429.0
1581.0
1710.0
1689.0
1887.0
1629.0
1590.0
1738.0
1928.0
1969.0
1927.0
1617.0
1045.0
883.0
1146.0
1396.0
1114.0
885.0
812.0
867.0
938.0
860.0
914.0
928.0
1034.0
1085.0
699.0
942.0
936.0
848.0
692.0
727.0
711.0
603.0
596.0
398.0
428.0
513.0
507.0
424.0
665.0
741.0
751.0
1026.0
1091.0
1109.0
1184.0


