Rainfall Prediction

498.2321292554065
458.0154448724411
436.81128948256725
437.44016960643995
397.96686439513627
434.74475318420764
399.99355684428815
407.7684840452606
380.72076376314317
409.92307680526517
410.43332638074446
401.9758498062262
363.24163669262566
420.1534334302343
410.86415711052393
392.5858493476803
347.3166590774358
374.7418785996645
343.13803423602855
350.07761900506597
311.6771578490897
364.9197224914568
239.58352645165195
1.29431583866089
0.0
37.63634889944901
73.40767834730701
134.15126073415797
0.0
0.0
0.0
0.0
0.0
0.0
0.0
0.0
0.0
0.0
0.0
0.0
0.0
0.0
0.0
0.0
0.0
0.0
0.0
0.0
0.0
0.0
0.0
0.0
0.0
0.0
0.0
0.0
0.0
0.0
0.0
0.0
0.0
0.0
0.0
0.0
0.0
0.0
0.0
0.0
0.0
0.0
0.0
0.0
127.65240725901818
109.13975948720591
0.0
0.0
0.0
232.67008618987413
240.07186009882196
245.9274783792358
213.13180750362955
0.0
0.0
0.0
0.0
0.0
0.0
0.0
0.0
0.0
250.00227852829406
222.62530418253604
205.08412039415146
293.17311916018116
315.84469786504883
285.97109324645606
306.6613423846106
332.204636895991
344.4941642263741
306.8608196113157
329.9593871298908
387.44098296073173
338.32947043011785
343.78973074140436
249.7370945253437
159.94297815153786
140.19902683868287
318.78345965072845
42.99425947467812
0.0
163.05778612159642
0.0
147.51544405954365
254.2178850000758
196.758855159866
312.17769486913113
165.42915659802324
234.24574237302826
187.97133005285949
64.50933344059855
128.50789766477655
177.31559958282534
112.3789427502341
116.0109065657891
123.32617527164032
102.4834560311688
154.76565547276135
2.345901863774212
27.198530100004426
0.0
0.0
0.0
0.0
0.0
0.0
0.0
0.0
0.0
0.0
0.0
0.0
0.0
0.0
0.0
0.0
0.0
0.0
0.0
0.0
0.0
0.0
0.0
0.0
0.0
0.0
0.0
0.0
0.0
0.0
0.0
0.0
0.0
0.0
0.0
0.0
0.0
0.0
240.10602139847555
0.0
0.0
0.0
0.0
0.0
0.0
0.0
0.0
0.0
0.0
196.09246596604635
164.56116817774196
161.64749383949984
164.617302153961
190.62925691832487
0.0
0.0
0.0
0.0
0.0
0.0
0.0
0.0
0.0
0.0
0.0
0.0
0.0
0.0
0.0
0.0
0.0
0.0
0.0
0.0
0.0
0.0
0.0
0.0
0.0
0.0
0.0
0.0
0.0
0.0
0.0
0.0
0.0
0.0
0.0
12.01608399058958
0.0
0.0
103.33105774485216
0.0
281.79934214433337
352.01688553152565
410.54253666839514
341.52086862228975
410.5543682286557
315.71675039498473
364.14782900949484
355.2921996757676
329.24918500431784
341.93085861813506
360.2169676855384
442.00464154830246
424.2250801143134
323.02657376649296
330.818528775226
244.88864711355566
311.5558759137858
259.4332890107416
245.00008035129403
208.4601882175609
218.90608877507094
282.2914695149114
168.2685276604887
148.85136350189373
0.0
183.18600920150598
11.335761125635264
186.86012931498055
180.2798104591748
287.45175123450696
303.39223914666513
252.34395787583904
300.04436729019426
284.078135176289
287.4911186010661
288.79182402197915
275.3149897346966
265.74422778770173
286.72945619461507
284.8723634645749
266.5382607221448
316.18083050704524
296.19061992572415
269.0175327852804
349.8974252581647
303.179845250546
374.2024067988189
336.0851666905995
382.6201705025653
272.98590215480147
386.6639806032258
414.01844181708077
404.21850222846734
397.62627951353863
482.06768351713356
465.0934029364561
0.0
0.0
0.0
0.0
0.0
0.0
0.0
0.0
0.0
0.0
0.0
0.0
0.0
0.0
0.0
0.0
0.0
0.0
0.0
0.0
0.0
0.0
0.0
0.0
0.0
0.0
0.0
0.0
0.0
0.0
165.37272240052212
203.39657672813775
190.7498377185324
248.32435468385614
249.84645971183147
273.8799710029786
273.65684980210426
252.80961695435855
279.5595688715864
281.97757061647667
280.6841321362813
278.4068871209407
293.1897268289581
301.648996022333
309.11139763129705
304.43207345245946
295.1714364400472
263.5617630556754
254.8418987033603
264.80522941407156
265.77851505382847
251.81160503825103
257.1702332958477
258.4968513290753
236.84731112867271
236.6169421404187
241.9703034810788
240.8184259379889
0.0
0.0
0.0
0.0
0.0
0.0
0.0
0.0
0.0
0.0
0.0
0.0
0.0
0.0
0.0
0.0
0.0
0.0
0.0
0.0
0.0
0.0
0.0
0.0
0.0
0.0
0.0
361.8157244187037
394.6315209821464


