Rainfall Prediction

950.5143255139665
984.4769648032191
1054.2016378763
1116.6994887262463
1222.2164834415862
1244.567981889954
1270.156624303837
1258.5867176819556
1247.7615077878525
1179.8660916321721
1058.156728486671
1017.9689509348807
1020.140013825695
1019.3789754243961
1044.518567430432
1116.300944099266
992.0404614193224
1034.0701327582642
1119.8735639326223
1014.9970488682284
891.9862645019446
942.2136873785576
925.4195448136052
853.5204470699282
754.2963408437837
710.7553676404002
719.2911792888401
703.5423788929858
668.4278578644986
662.8426491346775
638.2764327827364
628.9595837422002
505.77659436949983
437.8700008661439
370.8009695859241
249.22837610577477
194.41273477858732
151.1137147221368
169.5740033719533
188.93736305464986
178.24180274958988
175.3484233058794
240.49559438834177
248.9487513495992
195.30320150766755
167.27142192190655
95.09717659466068
94.74268304659964
0.0
0.0
0.0
0.0
0.0
0.0
0.0
0.0
0.0
0.0
0.0
0.0
0.0
0.0
110.32900285787147
66.8478838584947
84.86111658378655
223.24493714857095
302.0763087094847
488.3004788458792
349.5815324020359
357.22855649139643
377.0538137528138
363.95352919054164
382.0057345187778
357.7306223915667
376.59307603707987
438.43212653423683
497.3269490862063
413.58711648830365
414.61818411231854
444.8763781019928
450.4140673626255
482.9202553121579
483.2110684121559
472.0046587886112
460.53844095661475
447.5190268011271
422.8755794222868
419.89380910423824
418.6204404248587
408.6221840380273
449.4507253003515
504.4554506442415
756.3827526081859
710.2301918190807
709.5022343885073
795.9662618804301
754.6180052663685
656.024593342226
659.1499408839062
758.7537492648321
699.6485483364881
667.9352648548601
654.0897453691971
593.3846178662317
762.5060048753013
761.4728429081449
805.6264758770271
867.2677792878586
842.6139792179172
914.2577268754795
902.1618697973643
904.6587423450187
883.7526884993895
908.9906282321922
921.0280524137261
1067.1354150743748
1228.1702985663153
1291.1320221965998
1309.144987842625
1324.4161968170768
1297.9106380797964
1317.3321556739647
1256.219455264743
1016.3199740264799
851.9747730139452
842.9050201352642
710.4167387032318
673.692079631656
666.3005680910218
536.1706888319436
495.1549158199273
541.0684057053566
538.7747161094419
582.9131891517955
629.4899745546991
552.8991426494895
547.9960415037266
492.3461805798405
422.6814137630528
392.2109978266729
337.26547136192767
326.0808261414737
348.6510774943358
355.84600828986606
364.1669726138041
371.1956169767117
288.13208721581464
365.98766087415993
372.8130552999484
369.90576177537275
491.90576177537275
480.4951576836159
434.38151866048014
406.77038167421904
408.7700621994249
397.6390734106316
390.08253180926386
487.7537110714679
472.73210369873516
484.2412115965277
495.83138507184015
513.4939475182878
547.7067315999777
470.0679493180596
511.56511991059574
532.4364375397982
548.1252675189505
553.8392209155364
565.4541373943407
564.405485543924
531.9923195069838
624.4584993097338
522.2018051534308
608.7141705311262
615.1357940317646
509.01630088594334
415.3063601100626
331.03938115766175
109.98628886938172
120.95104182259519
289.2512737109539
185.2512737109539
185.2512737109539
139.87268418065568
0.0
0.0
0.0
0.0
100.61774935684207
0.0
0.0
0.0
0.0
0.0
0.0
0.0
0.0
94.58037706240225
175.4662003099371
215.79237324645857
0.0
0.0
0.0
0.0
133.58039462487926
133.58039462487926
143.7532146084135
345.24144552108277
215.24427479889636
307.9395152924199
331.27724683050565
369.65320468577795
407.573237561934
449.97555056203765
469.6953483156229
457.0497710761686
446.3000412499629
504.8577800400835
460.4542450171332
439.928601410282
405.3552929594886
387.75157243216177
362.7517631211091
407.78629954506255
311.78629954506255
289.6488870946353
271.3434788050945
199.53711743308997
97.38677741554314
71.62395522686113
39.2705306546365
39.34538847367294
120.51518203302085
150.51518203302084
139.30309534314392
215.1311780280679
207.13326885888017
112.57487721364029
110.40318858033561
106.94270384398729
43.94270384398729
174.8678215183437
118.89642911028679
64.6868405372465
205.14973048062038
321.19643408013815
335.718433080958
386.62446294928355
380.6531226309646
441.70978945552463
496.29952393270537
554.6134692136844
485.8987376920114
488.1407595085803
847.5233831001186
920.9710679986524
1039.1235733374263
1035.7983706456905
1025.633970317945
1011.8221403144101
1032.316935728603
1019.4730584295506
1011.486750881951
920.1129019990874
878.0796410042026
867.425644492082
801.6476788805669
804.856259443009
891.5136310681378
942.955836324414
997.4509255174189
961.335310794769
956.6185809148035
952.2051313679654
983.4365557477387
818.9438776676718
689.3135427060479
681.0549370699391
722.4921623493497
718.8990884814216
755.8345959766983
705.0936065764519
738.721999637476
690.7192941451765
695.9320583216867
300.8373749300197
427.5686951470349
296.6337475338607
303.3373828208261
293.4284957138975
329.81241610860866
288.94526043913703
407.2877962890787
212.4137478875407
264.9756359870554
637.6466149209552
1016.686899886253
1056.4445982074826
1137.8032513731832
1243.7110139101587
1576.7072168773109
1491.6177218773646
1620.0827476725422
1847.3625300407077
1946.071713102452
1871.9667755852615
1875.10033427304
1887.250338515211
1873.4422413915197
1796.488818560924
1795.8945650103046
1849.0014328220577
1876.6956110620686
1826.9019807191576
1777.5416699228213
1770.8759739770928
1773.4539190336338
1736.917414236002
1762.120602331504
1785.0207390213516
1754.7116804806546
1743.778801719697
1748.7458999542666
1828.9410090081158
1827.3264837812198
1798.8713754973783
1548.1070913502112
1247.1560559779423
1075.0062220497457
1076.4893407333202
1012.0015978556063
636.208217742832
541.3576273643504
531.876326512868
298.9581325229974
191.11613323871717
222.47636719870633
208.57613509772222
241.80691813856475
227.4485151851973
211.53165869699325
210.99470213010295
194.06117227757227
171.25978095329734
145.42803566015291
109.7308160185271
97.51153387594721
103.1292142906712
77.271020395887
28.657737183062522
11.888190697580683
15.536129613491141
22.035701747379278
8.760254747389524
134.70292644972326
127.27903133545374
10.529849312383249
0.0
0.0
0.0
199.55630628902065
9.971654704581738
50.35741089816531
54.62568984878277
75.29170020559201
71.78821395217977


