Rainfall Prediction

762.9124004086341
824.1234922257592
835.7144850774197
812.6911614809312
788.5973837557718
742.4066717163481
633.4589689814019
617.9823495378455
585.9246041277903
656.8823773941598
706.0784195419564
708.0667064740354
757.8102132438471
817.3267514785841
889.1205617093303
906.3231123929606
889.7063481469573
936.3783219034028
1035.8804511674184
1026.4089309686292
1035.0969882931154
1165.491792611456
1343.0969882931154
1378.013068076215
1352.1853165575649
1236.1076914860355
1229.0042535364546
1209.6202557012766
1240.1373180790708
1234.2781383679887
1231.5603709733575
42.39443733633715
233.77503358291614
355.777508447031
506.23789574776123
121.43506940432975
111.0724062283877
204.99873025251898
279.64802621740733
42.223016180742576
44.98906476138913
0.36858680469600635
0.0
82.0314983127626
107.70975150448515
91.50564207822946
68.60466159182224
68.08821777318529
158.69099485010187
96.69055833739814
98.58472823020517
117.02870223966379
66.45523508628449
3.9886450459680676
17.98864504596807
99.7353077258915
96.83065792531406
94.36758242793105
79.70040071652741
55.177626291579074
55.990331218710146
51.51717890065413
46.881504410262565
112.47922705869276
203.68345714241173
204.6310735656396
200.4320954787862
200.61762011218585
200.50811890552725
199.26012061919786
199.00179849286454
197.48400539220293
199.12476548707073
201.3980496466455
192.84340508513813
192.91535097919763
11.146166292976462
201.97418563558313
206.45992995896222
209.06020533510244
213.92363583991306
289.6519790128603
638.620226819071
645.0977284093365
680.1893856448688
0.0
59.73036676103241
160.14779106607656
339.3252379448345
623.8956729631774
651.1744201640271
159.37385461211625
193.35313392985202
85.75861819193618
16.825361945678353
22.860475584162106
0.0
0.0
0.6249851499656298
60.952489389875915
59.81380792913825
81.31078647047559
89.68193257039034
216.01791125422247
292.74780724732443
332.52917463735906
351.5204375640336
306.53024012968103
90.78722406056272
250.94568191309497
79.68180928548566
56.19105671638157
15.685198247126518
146.65390468909757
64.32977329101075
75.04828287841889
165.02911650693449
102.75338607735733
178.3000775483431
429.9115682984169
40.27998836448877
38.11270910418475
275.64620836025625
230.9176801382127
286.62482240374817
306.0797489842271
238.84583201357322
298.31836071518796
279.1368843546365
365.2708587687573
452.00351089787824
453.0455628996553
58.940386237501436
32.82711337622392
285.4393498052275
192.2481227943755
165.6170132898821
170.0040358173769
233.3216823239799
200.26563378885155
122.09732879582464
283.98877562458887
345.4354681940246
94.01217271441644
93.74483564293007
13.063441591191138
0.0
26.267610067878415
70.63421033321916
132.14161794189025
78.45728113671551
0.0
8.37343467057773
12.047050553412213
23.85027441289161
4.2045231018270215
101.37873007843156
166.13627732598826
56.65511647163352
229.69237779107243
283.68567663061003
213.2871471393454
212.73103764779722
108.99815626289356
83.74042054564924
141.08636251631174
155.13608154759385
55.350032834535156
4.706313562168999
369.99096640788986
265.44755332718756
245.44137412829855
201.34825301951992
232.75385580109713
81.88991502968766
81.87089322729908
57.65725552364097
30.562683020637785
641.4312307307385
574.3446233669283
529.8906631614967
532.6367732566931
449.5988450423567
457.58093552255866
302.37045502981283
317.4671633698141
358.03409550411584
377.34060194604353
316.54924194364435
316.55648093380637
316.81490175319067
368.28066709587193
325.0212813343991
339.60047002660025
343.0731977648785
343.1678428380832
344.8349750288251
334.87597648430824
320.71487871205125
364.7746672095702
364.8145376452401
35.5250042467316
39.945089051688896
71.86965163667166
64.70629817480292
220.57584006649154
147.98052772614594
165.83990017543783
213.45976952238252
210.43155432811628
594.1120946482005
586.213904767601
637.5631557837204
608.2131738059903
616.6995362719529
603.8214617600909
547.2037093029595
508.25820977374826
441.683396222547
431.04639708894507
428.0714179143866
465.1100259225009
417.19641169360017
465.7583780145922
455.1818318312877
453.64005150737336
462.61739087846865
475.6522873572281
483.24161273241594
489.9671399377131
534.0543542617364
534.0543542617364
534.0543542617364
58.747523666244454
563.0225469162104
345.63392984470363
18.860424849017253
256.9279502371794
279.67953237893846
270.3709168012988
286.59139525417544
59.18941875256686
59.18941875256686
35.25515288383755
28.398885786083884
98.48070371975803
91.71793552895565
91.71793552895565
66.15372032886549
1.4844470367382492
4.866432686829732
4.866432686829732
9.512183997894322
23.277984319616014
0.0
7.191214581643765
11.449557194869822
17.67452935519165
34.437771466384895
0.0
42.89083149079374
40.77951842496651
40.77951842496651
40.77951842496651
0.0
32.602779426642385
3.3144791472896076
172.64633648135708
267.8434563670624
152.3935148029996
0.0
31.55580483437482
479.72509224343077
468.48472481650884
474.3254116594909
474.75080499663136
431.5913894203112
319.7351331965804
219.2330201989578
214.82832886043482
214.20447838039973
208.68093107289855
208.86353062859405
211.7810476400026
142.59758479029483
574.2344709615502
515.8384724741496
527.4463082664125
415.637891346813
183.53237675086424
24.130518480265195
91.58630667894907
507.8655662635479
604.0589550717042
23.96384113591915
94.29717727772751
99.34275802699314
215.64880572460427
351.4479234687402
419.0065218654728
506.9170696381886
566.5323852060242
173.0302267821576
261.8707920843716
445.01910909372856
322.91455082423084
263.23194860038825
161.76827849333694
329.07288531970636
29.76592944863528
381.66510480984186
253.98237519177775
248.66284054184328
248.59602506491137
64.27477247820113
245.0588415111418
762.4714133925206
708.5287142408547
632.7066885404256
647.9658119057686
776.2756294123443
767.1999359032565
675.2102520713808
461.6805046230999
447.4767997701855
131.45669803125745
116.49000503187564
130.39618639235215
43.8899585576393
78.75778163625108
79.74098278439078
12.225271692924384
900.2096577315582
0.0
859.2324168110408
707.9508909321582
649.0360414679024
655.1148583011836
650.2622463639696
50.960893967176865
71.35534269171288
147.59066100133543
200.4246758179675
205.04850593975817
205.04850593975817
290.9199111705339
349.3497551220809
238.8119286282663
47.54035082249767
198.81021881830242
182.1574140742842
175.27837253367596
38.6818755185449
163.35156446385358
162.99919119107534
39.0311266145023
494.60799625178254
455.5920581831398
526.4615294521241
508.9184338248487
453.0966977896729
460.1036687256394
539.5279084522608
560.7725482601091
39.26377725979087
343.9564231407387


