Rainfall Prediction

432.39600250648294
466.13248834147555
467.1419802723524
470.0968952760626
485.0710678118655
443.97983067773293
430.3763812020144
426.53333056041487
404.6044046595408
369.37057609042137
401.74584612709015
389.82774330090405
341.2991557662797
283.2588764531725
164.20304905124513
87.41233562269684
51.475931410699744
279.0164591272547
219.93190433257217
334.8415862677103
46.916276968236474
177.390937900937
94.28451945490994
40.40288764008006
62.70983969781726
51.42726102280714
51.42726102280714
43.040126813427456
39.38475674938598
47.89076350682035
79.23680674320579
17.2664991614216
108.88073996724789
110.04066247252167
106.7553833495671
54.86005444008502
68.12406953814205
76.54697702534031
80.22420233664583
79.57615244132137
60.58264136301338
104.0242015076536
294.22003723651096
294.4949697721634
87.83683162016897
129.86034027879134
102.10999224554197
95.73015996175383
481.6948928111732
482.72929399524327
465.8087350756588
473.0595072950615
472.621886507151
468.70052982423925
468.8983603270047
469.2131782740808
503.02749203534205
636.5663138793416
642.121233316751
737.0733018988839
30.082456548235434
41.21668158133643
41.52365779609417
101.16376919987042
104.15409341801126
101.77049727684373
102.38832969268282
68.7018945507673
51.83850165387848
53.48649428901353
53.48649428901353
646.017253069768
600.1131559396422
47.835734575502585
62.04187025418261
455.921138849308
26.931341841274524
107.25147622214052
105.58804096467819
193.13591222806966
219.32759937269458
40.97476543532876
65.96350721380406
150.62546148745554
47.01610808108969
117.04857566184086
34.52715162842119
72.93328145686006
99.24521341013245
99.65247584249853
72.52155689351777
217.6278054942538
210.7440637506752
194.5268926296633
198.211102550928
227.97056274847714
97.19852847022094
118.70273738539115
127.35889013056854
151.1022769449493
199.29178417663908
238.15976379134463
34.903668592926685
32.39781109634294
28.184031051385485
40.800553690439884
260.27664295631985
169.7157982169548
130.3316458889012
216.80787423973814
97.4596248337403
61.58548227669739
110.72243926921857
83.31577321762906
115.9787741400715
42.3012955531732
52.05451567531257
73.74748218697735
40.72343526280943
66.78844066613743
34.94971649955124
143.07374927925258
197.67348100655093
195.48777782782517
53.03040318505358
207.05194861001138
104.39387691339815
214.30453856671988
214.30453856671988
205.940494228536
182.92845732034664
63.77624611766866
206.82589490986382
151.59622264499453
161.14200840088404
95.79774201775324
77.17772270966323
356.7755123674814
293.4738228895017
279.9879806274656
302.99662746620737
273.76254568167644
270.83871212743367
278.6354312518281
234.77189297614757
155.29658630078856
116.0609038897937
99.92412720824922
145.1299607609198
144.77444446002576
238.8281831795742
110.66479923959982
200.79635611103612
208.6868409177294
170.162551714823
191.7908377095624
270.97609667979367
343.7716143352884
347.00393164299857
360.99425074035724
360.99425074035724
392.34606803652355
380.32442193074525
668.0208676911786
538.2191499028827
97.39230484541326
225.18673405719113
508.33070589071303
256.4512154798174
149.60098768530196
274.4788598888964
206.7817019125698
284.295630140987
392.66767225814755
453.195440893286
185.35889894354068
295.1739956073962
32.22798983135397
27.601999345606266
166.58648809118273
103.86892000134837
225.3754632110456
44.52619692302886
48.19259597644769
210.62626628889208
92.41232461891298
40.17436153258639
255.24038303442688
229.03412004741364
130.60784816431632
106.96754020802834
104.44964549666457
57.712252051240206
361.7682741412073
72.31824858299689
72.31824858299689
246.84092050281933
410.54585993011193
386.54167499325035
88.05592010649889
227.6646350350572
230.94161702268042
264.5266032921605
80.47934350879294
335.6362772969296
334.69046515733027
326.2751429674862
291.9091428031853
296.7806966062493
320.76457159498585
186.10924320671637
222.3009411573098
65.81636155754153
113.41149207993034
73.56406787453086
105.4964964946301
116.27796832951152
161.295495066177
97.37373647846123
70.07274858510013
96.34932781330397
35.80011474958877
253.34358173888518
381.9004543415189
43.77741981013332
76.68503013916964
75.16351435266441
472.609564007171
229.58271850676851
300.7530152872898
147.02279668021626
112.60240505782896
581.0583069455415
576.986704703354
86.32384158629364
609.7244212117243
567.4649930444527
590.0403329288479
372.7815374381974
332.64470743555796
260.61635371437274
932.5070076260297
932.5506575730684
880.9536024307309
665.9759932779705
581.0552154284111
674.2553540178552
718.7408629556107
728.330047742529
69.56550880412976
152.0893572276047
836.6385197095732
129.93266577293736
187.72190339920166
209.20711459131212
271.6908949313673
270.20474886850224
270.20474886850224
270.20474886850224
270.20474886850224
153.2316928904572
153.2316928904572
206.85001813852654
248.75209346681345
267.3553498222339
454.53201976283174
119.77751364083714
107.37279905121841
112.11817454291105
480.3032477545468
37.2879402573688
125.64373049229073
232.05793300760268
131.0786749840238
136.5455412353376
136.5455412353376
42.92328950326663
806.1484399237805
158.15777484062204
216.21535482945748
284.8768586868012
201.22674289981478
201.22674289981478
185.5179499457577
450.10076334830603
83.36606330060344
435.43915062853546
646.2394019069776
620.528966566143
533.9586991353568
498.8900634131524
454.9828900621575
277.45134256601364
348.1485485958003
359.18448500790873
455.94647973160966
250.4938323734501
180.91796925655947
177.39173463522474
152.09180574405957
442.6334819181331
337.98181345658463
381.67466715864805
339.79660114090717
42.51438165838779
406.5459998261
416.1032644217105
525.8174347665085
279.84736567506434
490.04703169487334
354.94562842258335
716.3331841567035
716.3331841567035
731.0547355090089
471.83554714195674
237.78759391645525
1143.3838781475326
799.0701049157685
653.9061122670877
757.2821682666439
769.1272091847031
774.8011423585203
843.5521421218513
868.4624977308433
951.7525740197584
1042.9577536507004
978.3264597504892
978.6741592257546
1049.918770980574
1046.7867145115488
1030.8283121193374
1036.995330467358
998.9374184071717
947.0904830166354
966.7399207562123
950.6976411527116
926.5026588818523
921.1097090362141
920.9818224279951
922.6811457478686
925.6410875520736
942.6539270560442
954.4616731991194
950.9316176242129
941.1246761636296
162.5546635212928
15.76863976935654
617.3707055437449
616.204257783162
695.4219351697445
568.9456723192524
738.5256547115384
158.3579171944322
80.64508368162994
165.1349547958635
63.08703436962753
533.3530781372856
481.04006648350446
482.8958980120762
412.034847284717
411.97289469424504
411.97289469424504
405.8874588652515
425.83049659365423
428.8109308972155
454.8414303568476


