Rainfall Prediction

434.2285349776675
459.36240768441974
305.8892039979464
265.8731437509895
333.0505255740066
241.0250031071222
292.75691614572446
304.4612563056869
409.69159005853174
560.3774327445863
703.4397851425016
1037.950397414325
1006.1761286178788
1212.489663927382
860.5299356812448
1002.1953239495742
1779.1084870220998
34.78869206683029
125.70359106661645
2349.5081192623693
3521.0933583476085
31.431196185446435
5903.431196185446
1279.996852751103
303.9838800820667
298.8550243104464
438.04821746204215
365.42169048202436
203.17542060788867
81.61731139962664
0.0
0.0
0.0
0.0
0.0
0.0
0.0
0.0
0.0
0.0
0.0
0.0
0.0
0.0
0.0
46.48940095402989
70.79068263337795
74.01452951877977
98.9699955997949
147.38604444599417
137.2775213524843
111.52278218693564
111.43789760018956
123.60518564063098
140.42297419161292
0.0
0.0
0.0
0.0
27.75484763772859
67.26990586286578
106.57652751074764
167.16060795015233
105.46323665762182
100.33817292963249
73.73978294752158
85.04061446799491
84.47166381134572
178.0010389236518
132.22783797649123
150.55134755725345
113.1032494173856
74.22834921035746
12.723270985090247
11.521765746604231
0.0
0.0
0.0
0.0
0.0
0.0
0.0
0.0
0.0
0.0
0.0
466.5727403030935
1369.3571221113723
2336.2745696794223
34.43119618544644
64263.43119618545
5578.931196185446
1260.7830480372984
391.65591528657
0.0
0.0
0.0
0.0
0.0
0.0
0.0
0.0
0.0
0.0
0.0
0.0
0.0
0.0
0.0
0.0
0.0
0.0
0.0
0.0
0.0
0.0
0.0
0.0
0.0
0.0
0.0
0.0
0.0
0.0
0.0
0.0
0.0
0.0
0.0
0.0
0.0
0.0
0.0
0.0
0.0
0.0
0.0
0.0
0.0
0.0
0.0
0.0
0.0
0.0
0.0
0.0
0.0
0.0
0.0
0.0
0.0
0.0
0.0
0.0
0.0
0.0
0.0
0.0
0.0
0.0
0.0
0.0
0.0
43.15450445612313
0.0
171.6416170271298
386.8069024001357
529.9140728977752
428.7143820261544
1227.714433179666
5940.976650730901
825.393381059396
490.049693295273
1850.6408736048013
29.431196185446435
26.431196185446435
24.431196185446435
24.431196185446435
24.431196185446435
24.431196185446435
993.9150671531884
652.4923315566255
660.466130683263
657.6051092289247
657.4766507309009
315.9072667144137
206.0158115700618
329.11631729271284
487.9051001520435
554.4821939681515
678.1811961854464
674.5469369261872
556.2985646064991
913.5158736048013
519.611170836904
525.5782177317076
216.15131280352222
329.7583499477147
305.16714528406783
517.2216002258505
897.1677041219543
1170.6198082850906
1849.7138048810987
2742.3723726560347
1889.1605776287454
1982.0003451216166
6450.351725986771
16132.44528069249
60455.531196185446
8356.304613906967
24.431196185446435
24.431196185446435
24.431196185446435
24.431196185446435
24.431196185446435
24.431196185446435
24.431196185446435
24.431196185446435
24.431196185446435
24.431196185446435
24.431196185446435
24.431196185446435
24.431196185446435
24.431196185446435
24.431196185446435
24.431196185446435
24.431196185446435
24.431196185446435
24.431196185446435
24.431196185446435
24.431196185446435
24.431196185446435
24.431196185446435
24.431196185446435
24.431196185446435
24.431196185446435
24.431196185446435
24.431196185446435
31305.200426954678
28328.585042339295
24.431196185446435
2800.5878226914706
238.63313088919492
238.45822321247346
84.7309237058824
26.982435854867923
56.10524401538443
69.92328920870224
102.67568324201403
156.2210668751016
188.7656671752075
68.41881994782267
52.248884315780025
37.61015163859544
31.565899381793468
29.780740258394765
31.079566682873537
3.80935429465589
0.0
0.0
0.0
0.0
0.0
0.0
0.0
36.625007260365
93.33461000726159
78.93119618544644
36.69480427253819
32.866527415730346
34.37914571226032
30.65452696058074
32.08945306618038
253.7901705444208
175.4508040285837
190.295183820686
232.1721600408681
81.98824316531221
475.33385105270304
687.077798127194
1003.8375286392723
510.6952294494797
1292.4311961854464
1831.2753026493247
24.431196185446435
24.431196185446435
24.431196185446435
24.431196185446435
24.431196185446435
24.431196185446435
24.431196185446435
24.431196185446435
24.431196185446435
24.431196185446435
24.431196185446435
24.431196185446435
24.431196185446435
24.431196185446435
24.431196185446435
24.431196185446435
24.431196185446435
24.431196185446435
24.431196185446435
24.431196185446435
24.431196185446435
24.431196185446435
24.431196185446435
24.431196185446435
24.431196185446435
24.431196185446435
24.431196185446435
1484.8744951545186
2973.8070827102692
3103.3328355297085
1634.22718280752
1319.2330829778994
825.5475536896623
452.3256243379391
306.6360254943557
639.2311961854464
697.6682024224526
707.3448009520799
838.5472299407207
696.8584381482214
818.3277479095843
1009.1119843627863
1029.4469807722617
1032.730670791401
921.8109842865059
550.908422562061
471.3033919706266
671.5196457171842
668.5033233248107
564.2585343149428
600.9362982262628
601.4389682061718
707.6367176578391
708.9940796210293
715.8089051637746
895.5821977262784
907.489657723908
904.9664722590661
755.6543721511117
499.7487265051818
443.476997712164
478.354567832956
62.183518166870584
0.0
0.0
0.0
0.0
0.0
0.0
0.0
0.0
0.0
0.0
0.0
0.0
0.0
0.0
0.0
0.0
0.0
0.0
0.0


