Rainfall Prediction

1032.1820333515655
1010.2209471886779
1026.3054162428232
1045.7631871215206
1312.1581140355108
1356.3223563716997
1364.2415925621974
1258.2161442976214
1210.8638470185722
1109.3681727911571
982.7938362669795
1023.5721220608757
1062.8915599834172
1042.6138721247416
1080.4088620021373
1226.663690594811
951.2513158259242
1090.0333518724567
1496.7441279796058
1218.9040232986001
927.7530492340404
859.0
658.0
518.0
196.0
141.0
284.0
93.0
12.616970714400608
0.0
0.0
0.0
0.0
0.0
0.0
0.0
0.0
0.0
0.0
0.0
0.0
0.0
0.0
0.0
0.0
0.0
0.0
0.0
0.0
0.0
0.0
0.0
0.0
0.0
0.0
0.0
0.0
0.0
0.0
0.0
0.0
0.0
0.0
0.0
0.0
0.0
0.0
0.0
0.0
0.0
0.0
0.0
0.0
0.0
0.0
0.0
0.0
0.0
0.0
0.0
0.0
0.0
0.0
0.0
0.0
0.0
0.0
0.0
0.0
0.0
0.0
0.0
516.5845320390733
539.1087814014006
573.2357026156103
735.9788763817412
480.52407836865063
320.0656090536715
466.87110173196373
641.046892178722
604.1154872099667
270.8788989807338
134.47181048608041
0.0
0.0
0.0
0.0
0.0
0.0
22.557928563381097
0.0
0.0
0.0
0.0
0.0
265.6640042938201
597.1009641915963
957.6447127433996
938.6177752062745
932.8524845752406
793.4198871677794
1037.0235875300546
994.033338626019
525.5323888551188
280.8022869294701
214.08250931849298
0.0
0.0
0.0
0.0
0.0
0.0
0.0
0.0
595.3224365824697
434.2896620729911
525.3440867209127
408.55062922281104
338.1501408892915
342.85198708532664
265.1989717291603
381.6242546886234
458.4815459097547
529.1962060595798
605.6227073700552
690.298030520196
599.3006024120676
676.2182540694798
610.8335181081354
540.9615479394934
772.6008849600838
1051.3082142639148
828.4358148619232
472.71473284258843
331.88468844370885
201.81055109705073
198.26548483250778
294.4663808786276
225.12217981341166
242.30053128856122
393.4891311685186
442.50153375676325
484.53182431992326
0.0
0.0
0.0
0.0
0.0
0.0
0.0
0.0
0.0
0.0
0.0
0.0
0.0
0.0
0.0
0.0
0.0
0.0
0.0
0.0
0.0
0.0
0.0
0.0
0.0
0.0
0.0
0.0
0.0
0.0
0.0
0.0
0.0
0.0
0.0
0.0
0.0
0.0
0.0
0.0
0.0
0.0
0.0
0.0
0.0
0.0
0.0
0.0
0.0
0.0
0.0
0.0
0.0
0.0
212.2691975171885
186.2897182552141
164.25495616355556
0.0
0.0
0.0
665.4924248220537
540.8160861780168
311.83920216900384
301.73337147217114
0.0
0.0
0.0
0.0
0.0
0.0
0.0
0.0
109.2506830652085
3.0
0.0
0.0
0.0
0.0
0.0
0.0
0.0
0.0
0.0
0.0
0.0
0.0
36.75037092069782
73.30165337932533
298.5014124406497
255.72514351733741
220.4392863624056
907.0250031257815
900.1857448512875
1326.030617027563
1122.8317770355397
1367.7578718486952
1215.344032111585
1389.9540923852505
1387.9845373149208
1204.0309327671964
866.4748710659435
680.592291538653
596.8925352079652
381.839032835711
439.23018958185975
1221.4778135635383
1348.7239775786886
1339.5429103035158
870.9687561011326
477.24412247363836
886.3821628025478
683.1393634314305
296.5224172588517
0.0
0.0
13.399685535368619
8.145080059591962
0.0
0.0
0.0
0.0
0.0
0.0
0.0
0.0
0.0
0.0
0.0
0.0
0.0
0.0
0.0
167.30346543146544
357.04217939217546
658.904545570495
828.5436608797482
1074.247784834972
1603.3169746464519
1826.4242341197673
2162.587695629972
2918.675438916238
2695.2381318822313
2295.130150158796
2364.195276963791
2651.181954990159
2635.582680963844
2527.541171466223
2566.425755281499
2755.8941153032583
2753.547080404035
2598.7097617020067
2722.6730393948556
2815.2568084808513
2871.8919444864596
2818.3041706532067
2842.6434624714725
2867.885776414417
2755.0896605613975
2847.7408827441145
2836.9471288238524
2885.555985743301
2859.3868795832273
2995.085895848974
2567.317747114132
2389.780780835622
2170.0789884155906
2172.039483940668
2045.2744886576932
1294.9107853504793
1128.5023364996189
1224.6710818713536
802.216851684501
608.9445014830626
1207.7100843970177
1197.5058147397954
1132.7053118720876
1130.6820221976557
929.0589256539026
841.8230854637602
618.0243975029042
632.3569395505626
281.67979206100233
0.0
0.0
0.0
0.0
0.0
0.0
0.0
0.0
0.0
0.0
0.0
0.0
0.0
0.0
0.0
0.0
0.0
0.0
0.0
0.0
0.0


