Rainfall Prediction

950.2105844029165
917.3313618968107
999.3285715622375
1156.6909808521716
1299.9875071345175
1281.7457846222442
1259.4619112251082
1255.851397632027
1271.3938323717423
1147.3334911818667
1022.1852124335084
1028.1841549297549
1037.7243322218098
1036.0225046298121
1033.2765310498226
1140.9746740959615
1013.1796852126243
1065.9876707734115
1118.5444880830667
1077.6814986601826
873.9539696024597
925.0860314620418
883.3322133273183
893.2644302334284
722.1073653775418
720.8453952586792
728.5946688021312
726.0814276306485
714.6236858481475
711.0214627323355
633.117508219032
631.9628967847267
556.1411162427569
426.2620807229111
366.03766165767615
268.5459780748359
267.54370737002716
186.3226019171334
185.93929431218567
187.23873485694796
199.28868907806475
207.8975198688816
169.22138845514274
229.47472431037693
97.04341735184276
100.80592594741276
99.99949734737734
100.9015560699159
0.0
0.0
0.0
0.0
0.0
0.0
0.0
0.0
0.0
0.0
0.0
0.0
0.0
0.0
188.34758807025923
192.77900254235746
195.85823326417895
188.28948840501084
433.5925336486821
434.69793837806174
440.5730231302366
433.0048789344402
433.4087952342598
433.44931404134354
433.485073486833
407.5743787438557
359.00080554822335
544.2742484357261
540.4177274364773
558.0987488021312
559.2280807923285
478.25171352295683
480.41181940236646
483.6428258393197
477.9580163685628
482.4266866284056
475.8318767091287
563.7776001808386
485.0922938917827
517.1400223533869
514.2494342312007
512.8374444784689
512.4102556515969
518.3670202897376
772.5786529438903
708.7712283155511
698.5424746159229
832.404228350743
765.5777350602035
628.5765039412601
698.6684611404894
697.9667533335386
701.5608078124537
694.0710791192841
693.6553525546009
716.2470778203618
833.5605915984717
834.2516281468942
891.5732223043093
937.7454629673292
973.6940198674871
1013.1658864465057
1065.385562322567
1065.908663003479
1032.7169992603635
1030.0691157779204
1031.343491962611
1124.344194153086
1314.7679842644884
1312.8843015601426
1345.5086746101872
1343.8824299109442
1343.267657655623
1423.2767211797482
1339.6551633411505
1089.7414107890645
940.2280792337095
933.5748761210554
787.5673625013934
653.9436129275991
714.3630296621786
577.3986935569269
597.1836689759887
602.9334885070456
604.0108243932851
604.2336406534442
621.3422051234713
468.6126822368439
469.6498047407579
333.42070291614584
337.16277260033974
356.13540859245245
163.1469261916811
162.67586859298743
163.05043819930043
164.52728836064696
162.81636492332564
381.55302875138113
147.26549334510665
342.82561064510196
336.48163078966024
336.6155580380641
334.8064618622268
341.2344098759261
333.03300349170803
330.8036422816204
330.5380628922172
443.19718327844095
391.361210205759
472.40844847239794
534.8670641567317
499.6083867394379
486.402156376774
537.9761728339682
534.3681161447171
384.9508825729956
626.7916899788996
622.6490654825567
619.138785158289
443.92856561941693
649.3138834886939
654.8113596888207
641.4234863355169
619.627423120354
657.8639888757098
472.4019946968585
493.4523746193773
513.8584180040809
545.3742464628879
563.2603878449173
236.9605693831898
244.2918662901191
242.64504578572206
246.37279068592213
252.08957580997475
260.92071826424234
0.0
0.0
0.0
286.4745990125485
0.0
0.0
0.0
262.01674843163335
241.92615783462006
243.25780838736205
248.16016988996898
230.01130956281656
240.6355823756247
245.46633739887434
221.2119517640323
229.97313444499324
232.52996640350955
228.23956299998835
227.95723688568515
207.83193833055307
458.2280608651167
437.1208382470158
403.8250135376645
399.28054524800217
359.56051810340966
373.1371152293421
369.1740913990543
375.86744819602796
347.7114463453606
561.8414828167569
521.0279542209303
566.2149942874433
544.113614145731
564.5682785300565
414.7260010426112
405.1092804014711
386.3518873853252
394.5664495327965
393.4171115745142
400.44009784651075
250.6369320558121
216.28490152341962
208.33924297447103
203.36525192213568
58.00233213310963
56.84148235180079
36.78522889964549
25.877354956842776
107.64945829153649
183.75568588684928
182.3687701902187
259.9497845397646
225.4534754243067
201.66753054897364
215.01089202875337
189.83129406027982
188.64009041709159
75.66129658024825
188.6071350056498
101.52967069604438
245.9808004126316
402.17853389790014
406.2128421202369
408.9716237067873
409.6397847302007
399.6494116429283
406.3768419428293
557.2763450735464
566.3011055761191
558.7643456439737
941.6323493565936
959.3725796149815
963.7530139631125
960.1525849313102
959.9032340510804
955.5034391146697
941.8588760007555
942.1483012146587
941.2862122860588
936.0653269165347
937.3977560069252
940.0872814424357
775.1486966524272
775.5047399791207
882.5553379871386
856.419196921707
961.2746259111165
1056.5361148525749
1029.61838466827
1030.7036323178997
1130.146597537853
973.2264299745722
836.1086089400757
847.1579094704869
887.2604593693493
869.254886104566
829.3937651624402
749.208329528999
842.3412419370233
827.8705652569422
752.91332042318
407.08996517228854
560.4672350356361
463.84425544661894
450.4861104774538
459.2586311824472
452.7033906306224
460.66288091977015
463.34784143304205
461.34745721781945
460.1292883735697
800.0572482242142
967.6152104475045
1163.3068926302817
1318.3906379612765
1330.6151070708686
1660.300709763378
1652.8416861338274
1656.0303398737838
1844.5626263804002
2019.757359178824
1998.8912827671193
2009.4154659907626
1881.297887890646
1869.6167758077263
1950.947273964355
1914.4971629793577
1816.5544306305374
1976.852741990097
1895.8794214612997
1764.586907829971
1728.474434786699
1884.8223696562927
1830.6949369378071
1863.691486861503
1848.3057576425954
1861.6693149690752
1849.9464522524906
1719.7842147852625
1793.803999330564
1795.8019612988414
1808.0026290624699
1470.2557464777776
1139.3772812332888
972.6792399241145
964.5480769993015
974.0122260392949
658.7121153610336
523.432493440354
546.1282315831955
346.64866352609323
162.97040708726408
162.0481170715641
160.1493900269776
151.15631712264866
150.1959016433956
105.14281909828945
117.26884411229652
105.37469900630276
99.10880284755163
108.3493398124202
113.58255698581416
267.3953310808169
270.7744030032143
105.41759500944409
106.55972179596985
117.12326582195838
120.76642520695435
132.07282348615024
146.87500711037018
146.28128899672242
144.71352550995914
153.875335812077
155.26698828079705
166.4249948857527
163.68811678670502
410.42990554215595
407.2303670193666
407.90507301682703
382.42130143887846
371.56233179381417
371.0622446897903


