Rainfall Prediction

1535.967745462538
1639.2927858422393
1680.1186410383698
1682.317402049117
1628.9372528744118
1793.4426673047917
1640.4779082033033
1710.9602303610834
1698.5614648924932
1603.7168958726309
1386.7049405321256
1103.657217046998
943.5158389276132
922.3823602281873
903.7347339439866
869.4836988000304
828.6981637784759
710.1250209220152
462.80048659701924
262.43060232359085
217.86641711637503
160.77281994065538
139.10098151788975
80.32165242500787
0.0
0.0
0.0
0.0
0.0
0.0
0.0
0.0
0.0
0.0
0.0
0.0
0.0
0.0
0.0
0.0
0.0
0.0
0.0
0.0
0.0
0.0
0.0
0.0
12.694210500327586
152.6299772607449
147.540140159913
133.540140159913
148.21133647228453
143.68978503784763
468.8413862021594
402.30180086425986
497.6992161062292
476.2451416984223
561.4709143029029
486.5351733317236
515.7376662151833
565.1715519028163
564.811101310999
485.5262381025214
389.49134804818476
443.67148212330187
477.2916269453366
459.13717265940306
433.4388016622983
386.34711522727275
389.61284308114074
346.30035583250213
338.81835248137554
371.3530201822949
362.52895100659873
377.4621027862126
366.3041338955649
389.84569848158424
386.4867611336965
1097.846561038606
1726.9474500654496
1063.3413945991424
1095.2421666362484
738.503279950766
875.4514700632964
207.75557782729277
189.80040349310195
190.56865791700886
189.03152319969945
122.58245286972362
231.22236483806887
237.91518444171516
61.419914270421486
115.10295910518721
146.16310376466117
147.52168242269136
149.20032439801275
129.84260915268874
239.914703795489
272.173085777064
405.05860666416197
406.642406016809
488.18808038986276
466.18808038986276
449.914703795489
467.5135983794696
465.75451048903847
503.07623015183276
506.87948903748884
508.87948903748884
586.2912222647518
588.603653452775
583.9614227701895
539.1536609034858
431.6909358392368
420.50078800197707
447.6805496169271
466.2313738852306
337.50078800197707
273.50078800197707
287.9784194922113
252.83676155481794
219.9112725887727
378.05748608379326
307.67181527719913
311.21796247231
306.86942565186075
355.1700806105513
736.2493489747299
507.7323872817004
442.95649568687384
471.1917647210623
733.8010667128949
39.86616236113673
17.86616236113673
0.0
0.0
509.41592301663536
414.6799518158825
204.9588461613772
167.06177993907937
192.93981249663318
277.3158573155824
241.48170191927505
251.1074993253238
329.43849729398806
356.42176419969803
374.07601410274685
379.18719608454273
142.47705875749227
535.4077674372172
473.8707360519305
638.2321999601572
616.0149374069624
706.1391852271099
735.9718772244523
599.3902054453083
664.2207870755155
593.9429064018348
603.3590407382871
622.3537310829073
603.3602334706189
588.3937645525796
594.1412093883125
611.3286573943334
653.2836579405794
663.3007500615405
688.4296836480074
676.7669169540069
612.166452349409
550.6008585561299
362.53728472423325
349.31915628315977
244.28014351378508
292.9416243568121
255.63859229268195
195.40597226661856
189.71290816607134
173.41551653241874
156.7458008465281
24.244560719120155
20.670985361207865
18.41585818106866
0.0
0.0
0.0
0.0
0.0
0.0
0.0
0.0
0.0
0.0
0.0
0.0
0.0
0.0
0.0
0.0
0.0
0.0
0.0
0.0
0.0
0.0
0.0
0.0
0.0
0.0
3.2628261973336805
71.55706798063402
287.1917697325088
299.2764060518789
225.2333971266689
446.63701092699256
0.0
0.0
47.607063818805955
0.0
0.0
0.0
0.0
0.0
0.0
0.0
0.0
0.0
0.0
0.0
0.0
0.0
0.0
0.0
0.0
0.0
0.0
0.0
0.0
0.0
0.0
0.0
0.0
0.0
0.0
0.0
0.0
0.0
0.0
0.0
0.0
0.0
145.01417059035566
217.9653786766446
190.03045659757663
208.64563925329549
317.6456392532955
430.8242788713442
475.59078362833657
491.0417516122675
489.20400160246254
406.4698610505038
175.66053439211623
50.972099807795985
51.58981734583517
51.58981734583517
194.7769531349536
314.1940899881238
320.16558131085253
422.9989935425442
468.4152888878905
484.90728577646155
618.9072857764615
618.9072857764615
618.9072857764615
560.9072857764615
453.49548144393975
456.56236168291025
451.56236168291025
445.16558131085253
210.22132906668958
170.14335702560538
116.8785358993855
94.95808563391961
0.0
0.0
0.0
0.0
0.0
0.0
0.0
0.0
0.0
0.0
0.0
0.0
0.0
0.0
0.0
0.0
16.548479002329714
36.2926208422374
0.0
5.296993089067655
0.0
0.0
0.0
4.455033350348117
0.10329525371230375
0.0
3083.99842267966
1895.4805662194683
14.961422770189529
0.0
0.0
0.0
0.0
0.0
0.0
0.0
0.0
58.57070715367013
2.1730857770639886
4.904777414317323
34.97724751252554
73.97724751252554
97.67382868160826
10.727790000944651
0.0
0.0
0.0
0.0
0.0
34.54631505655084
0.0
0.0
0.0
0.0
0.0
0.0
0.0
0.0
0.0
0.0
0.0
0.0
0.0
0.0
0.0
0.0
0.0
0.0
0.0
0.0
0.0
0.0
0.0
0.0
0.0
0.0
0.0
0.0
0.0
0.0
0.0
0.0
0.0


