Rainfall Prediction

1623.206704756888
1626.9147353270369
1636.2378503163686
1639.4138796281813
1648.630344922151
1659.2278097721228
1656.8043231636918
1648.0924275846469
1644.0171862022933
1630.661313712862
1449.102246904237
1293.0
1150.0
993.0
863.0
786.0
639.0
612.0
594.0
307.0
297.0
174.0
264.0
419.0
647.0
657.0
670.0
715.0
715.0
715.0
715.0
715.0
800.0
855.0
855.0
855.0
855.0
858.0
858.0
858.0
971.0
1018.0
1101.0
1148.0
1248.0
1453.0
1453.0
1460.0
1460.0
1460.0
1457.0
1457.0
1457.0
1252.0
1087.0
867.0
1080.0
1354.0
1427.0
1452.0
1485.0
1485.0
1485.0
1400.0
1345.0
1345.0
1345.0
1345.0
1342.0
1342.0
1342.0
1239.0
1192.0
1109.0
1057.0
949.0
719.0
719.0
734.0
734.0
772.0
772.0
772.0
772.0
772.0
772.0
769.0
546.0
259.0
141.0
116.0
83.0
113.0
118.0
118.0
118.0
118.0
118.0
118.0
118.0
143.0
151.0
141.0
325.23371406938924
398.48022197683883
427.7300126175364
428.79673777062555
477.4974975149014
470.7687604122116
449.76169834634834
493.05495669080216
473.53837641978276
478.3435075736115
483.4207997737938
476.0822982605834
462.3781494335526
467.59579455982197
464.02097781220135
335.0
335.0
449.73259923838765
431.70844147248397
423.7008628156746
407.1202456184357
311.66471921161434
300.0
300.0
305.0
365.0
435.0
435.0
415.0
407.0
407.0
397.0
317.0
287.0
284.0
231.0
231.0
231.0
181.0
161.0
158.0
158.0
158.0
158.0
148.0
148.0
148.0
148.0
148.0
313.0
458.0
506.0
521.0
551.0
721.0
789.0
766.0
696.0
696.0
691.0
691.0
691.0
691.0
691.0
691.0
721.0
749.0
764.0
769.0
799.0
817.0
817.0
817.0
817.0
867.0
867.0
1070.0
1308.0
1371.0
1371.0
1324.0
1179.0
1386.0
1386.0
1447.0
1277.0
1249.0
1217.0
1217.0
1217.0
1217.0
1217.0
1217.0
1217.0
1217.0
1217.0
1187.0
1159.0
1144.0
1131.0
1101.0
1083.0
1083.0
1083.0
1083.0
1033.0
1206.0
1003.0
765.0
702.0
702.0
584.0
584.0
329.0
314.0
223.0
223.0
178.0
173.0
173.0
173.0
176.0
336.0
336.0
548.0
573.0
623.0
623.0
651.0
673.0
673.0
673.0
673.0
681.0
681.0
704.0
704.0
531.0
574.0
1216.0
1219.0
1219.0
1219.0
1224.0
1224.0
1229.0
1309.0
1329.0
1329.0
1339.0
1339.0
1339.0
1336.0
1176.0
1176.0
964.0
939.0
889.0
889.0
861.0
862.0
1245.0
1250.0
1300.0
1305.0
1305.0
1282.0
1282.0
1312.0
1478.6559744330805
856.7737393843281
880.8108704645299
929.9049243022795
975.6038430731674
970.5949920788554
969.4926792154828
778.0
698.0
678.0
678.0
668.0
668.0
668.0
668.0
668.0
698.0
718.0
718.0
718.0
718.0
718.0
695.0
312.0
307.0
275.0
305.0
415.0
975.0
1200.0
1185.0
1197.0
1212.0
1332.0
1284.0
1250.0
1250.0
1250.0
1247.0
1247.0
1247.0
1260.0
1450.0
1450.0
1463.0
1579.0
1624.0
1601.0
1609.0
1694.0
1719.0
1976.0
1976.0
1976.0
1976.0
2036.0
2026.0
2008.0
1898.0
1338.0
1161.0
1146.0
1094.0
1067.0
947.0
947.0
941.0
941.0
941.0
941.0
941.0
1124.0
1114.0
977.0
990.0
977.0
871.0
826.0
819.0
791.0
706.0
694.0
485.0
513.0
513.0
513.0
513.0
673.0
741.0
751.0
1026.0
1091.0
1109.0
1184.0


