Rainfall Prediction

489.42689921619996
543.0487801360218
562.7117942725555
595.0
620.0
620.0
620.0
629.0
656.0
702.5246708761491
638.6760179995376
600.8018247192272
591.3643480966452
589.8656490858586
589.8656490858586
567.0510310668888
468.413506562859
341.86220505844284
209.06040047845812
168.3652279025595
47.40422512844953
13.712290147455562
0.0
0.0
0.0
0.0
0.0
0.0
0.0
0.0
0.0
0.0
0.0
0.0
0.0
0.0
0.0
0.0
0.0
6.2346296791969635
0.0
103.38425859376066
167.12774921734177
285.8256168088923
287.66446012885814
355.00686252157504
387.46060798583056
392.55731221858895
401.30958424017655
388.9289321881345
379.8895664208557
366.4958361961202
379.46060798583056
379.46060798583056
389.0
389.0
389.0
389.0
389.0
389.0
407.0
407.0
407.0
413.0
417.0
382.0
363.0
363.0
378.0
383.0
430.0
527.0
445.0
522.0
450.0
450.0
391.0
367.0
360.0
361.0
455.0
584.0
617.0
617.0
638.0
640.0
650.0
662.0
671.0
671.0
671.0
687.0
687.0
687.0
681.0
676.0
676.0
676.0
676.0
661.0
656.0
547.1256579129621
425.6784655775945
431.56867834479635
403.15398390545994
403.15398390545994
435.43082544680107
463.92092835553365
478.48971301652415
476.2400450649399
477.46888536610174
378.116680481009
239.7067139082975
197.150624918774
207.2274730116387
183.59800055349524
206.3258007176473
224.51284285687234
227.16744146955497
210.71031746015956
282.868127990238
298.25622396017656
249.82487493740416
249.82487493740416
271.8897292841092
278.8269934086131
253.93396902261
245.37250842677483
260.23831921434174
264.0734481273169
550.5596934910894
484.3120250541233
425.48575439311617
415.01815973354746
403.3299588433922
325.69086212963913
325.69086212963913
289.72800103263205
261.404006718633
236.73142401772697
236.50511981163658
236.50511981163658
237.07146187670182
217.44275441491817
237.07146187670182
393.99112569251025
386.8090081906943
358.20895708924945
415.7955230113636
396.5072988719841
414.2859820242555
359.3534285410374
352.4060962531996
370.33509468150726
403.82768584958285
495.86576050402414
505.2583608269164
515.4476379725749
532.1664600651382
551.527107286281
557.7733797091382
293.7594455492721
371.99709629669474
431.0920051228844
427.18335126164556
425.5084994785178
422.2597444523682
420.8771736145714
429.1120195657438
429.1120195657438
499.51950621567255
488.47211678539543
488.47211678539543
788.6367363514214
1201.1256579129622
1282.0
1122.144345399599
1129.0
1129.0
1052.0
1052.0
1048.0
1072.0
1070.0
1091.0
1182.0
1191.0
1184.0
1184.0
1171.0
1258.0
1268.0
1378.0
1337.0
1339.0
1339.0
1344.0
1348.0
1349.0
1349.0
1345.1270166537927
1335.6333997346592
1320.0
1320.0
1126.3542486889355
706.8243288311991
596.1786092564249
556.2345279135222
531.4576424598871
531.4576424598871
501.594304621837
509.2323016054614
668.7369200462133
637.5512617789268
637.5512617789268
593.1552044031434
459.15223463311327
356.2575787101707
356.2575787101707
356.2575787101707
352.28924959994697
291.3961522530269
513.5122710753295
416.77362515659837
488.7293257230975
680.7343738724887
668.4130953819798
664.8265635294406
660.2924642091409
667.2563599578698
770.504706733955
823.9200636935307
794.5591335440649
809.3368008318087
851.5340540322835
791.3026248405562
795.0951364034389
796.9021998750305
814.2905435941542
837.7537887487647
916.0
921.0
1049.0
952.0
1108.0
1121.0
1159.0
1159.0
1159.0
1161.0
1161.0
1159.0
1099.0
873.4722507415313
856.1339312526815
740.6935538959136
597.7229473439751
577.505509477966
576.7599673003231
576.7599673003231
570.028222431393
502.9835981209545
469.6261742896125
464.4472183462302
437.93287170307315
385.206159270832
371.63161305056224
365.33272958841405
365.33272958841405
365.33272958841405
372.87737042751655
297.5061945880799
290.7203997952629
153.06180263958922
91.05659258340522
0.0
0.0
0.0
0.0
0.0
0.0
0.0
0.0
0.0
0.0
0.0
0.0
0.0
0.0
0.0
0.0
0.0
27.302107068945247
80.5888154642309
85.24722778961522
146.8418709523978
320.14862934330165
458.1788716681943
493.05052779041404
533.6039460081704
660.3690749594608
667.3223427252758
667.3223427252758
670.216271327145
664.5283897169222
740.1514813814397
785.4250064740675
793.9693435303362
855.0
758.0
746.8768943743823
769.0
770.0
861.0
989.0
1016.0
1020.0
1020.0
1049.0
1116.0
1135.0
1166.0
1183.0
1158.0
1138.0
1174.0
1123.0
972.0
968.0
971.0
948.0
876.0
1000.0
1003.0
1016.0
1226.0
1238.0
1330.0
1330.0
1331.0
1381.0
1381.0
1363.0
1362.0
1281.6726209469111
1169.3081939870458
1124.035345411909
1116.3849684488237
1119.6319472021294
1027.3506100482155
943.5855786302454
918.3529924220816
863.0090801531708
807.6616487215313
837.1665078316324
825.5078978825826
782.6595218879127
775.8557628817576
775.8557628817576
655.9044787304119
627.7009479883288
612.4753231407676
565.0699463784788
414.4648196820159
398.09474340077713
385.42851385307455


