Rainfall Prediction

908.4905639147187
998.3933508302134
1116.8170439648434
1152.8996847474755
1267.7610744929602
1322.1490019244384
1250.6868690672977
1217.7069307915624
1228.5545128777305
1085.273925198231
1017.8863463720214
991.1256414627784
986.238017469252
957.5128934555817
917.1175290116975
857.9575946563318
806.7520928413452
785.5047079225371
625.0226560060564
349.7702420304179
384.77509683929736
0.0
300.445944430434
302.7010220507318
309.16389589743835
360.10107190931444
456.1286953374113
474.9731059072821
412.077965183117
369.5189475698828
260.54468745214365
387.8692504926429
275.59558293222324
281.59270942093025
0.0
0.0
0.0
0.0
0.0
0.0
0.0
0.0
0.0
0.0
0.0
0.0
0.0
0.0
0.0
0.0
0.0
0.0
0.0
0.0
0.0
0.0
0.0
0.0
0.0
0.0
0.0
0.0
0.0
0.0
0.0
0.0
0.0
0.0
0.0
0.0
0.0
0.0
0.0
0.0
0.0
0.0
0.0
0.0
0.0
0.0
0.0
0.0
0.0
0.0
0.0
0.0
0.0
0.0
0.0
0.0
0.0
0.0
0.0
0.0
0.0
0.0
236.94928529703895
222.82436928896672
326.8308874612979
335.6828435935598
362.16615416498854
330.05300749846725
311.5973331875342
279.2515189842378
300.46265984855614
292.28947155705407
252.09178114941878
255.51286862517904
0.0
0.0
0.0
0.0
0.0
0.0
0.0
0.0
0.0
0.0
0.0
0.0
0.0
0.0
0.0
0.0
0.0
0.0
0.0
0.0
0.0
0.0
0.0
0.0
0.0
0.0
0.0
0.0
0.0
0.0
0.0
0.0
0.0
0.0
0.0
0.0
0.0
0.0
0.0
0.0
0.0
0.0
0.0
0.0
0.0
0.0
0.0
0.0
0.0
0.0
0.0
0.0
0.0
0.0
0.0
0.0
0.0
284.05574106485784
257.11654035189156
240.5475446310321
0.0
474.10787559250696
0.0
0.0
0.0
0.0
0.0
0.0
0.0
350.71138457145184
133.28931588314333
130.49423491504942
189.50366842281278
189.50366842281278
186.47581644855202
137.16756634083325
108.35877423892772
0.0
0.0
0.0
0.0
0.0
0.0
0.0
0.0
0.0
0.0
0.0
0.0
0.0
0.0
0.0
0.0
0.0
0.0
0.0
0.0
0.0
0.0
0.0
0.0
0.0
0.0
0.0
0.0
0.0
0.0
0.0
0.0
0.0
0.0
0.0
0.0
0.0
0.0
0.0
0.0
0.0
0.0
0.0
0.0
0.0
0.0
0.0
0.0
0.0
0.0
0.0
0.0
0.0
0.0
0.0
0.0
0.0
0.0
0.0
0.0
0.0
0.0
0.0
0.0
0.0
0.0
0.0
0.0
0.0
0.0
263.80931033106896
428.16096919619406
443.1743984852226
414.36820538799304
436.7353214616936
495.6502598377337
444.62669283122113
350.9940481245213
353.6791041273905
353.6791041273905
387.39460885503587
568.4071355702239
548.546369724267
546.4288790097571
545.3680237455898
538.9721212084032
538.9721212084032
518.6851409636723
495.51373967601444
495.51373967601444
517.5466215412265
336.94968928744413
518.6270357716049
532.4779624659412
393.47019314808523
416.5636987601638
298.7554645708419
258.05538713961954
196.81629895257154
217.61663196423265
0.0
0.0
0.0
0.0
0.0
0.0
0.0
0.0
0.0
0.0
0.0
0.0
0.0
0.0
0.0
0.0
0.0
0.0
0.0
0.0
0.0
0.0
0.0
0.0
0.0
0.0
0.0
0.0
0.0
0.0
0.0
0.0
0.0
0.0
246.45683729319614
252.37869577081491
261.8357887295517
276.80597672923
441.6856733481593
433.7693258676723
466.69600038599947
360.204196001601
285.18392650184944
256.1362233136611
258.25555636824254
263.60201757723917
255.54347905609274
209.53524624346372
165.13184638623554
0.0
153.5232525011304
227.78087483617708
271.77816467532267
309.5701788556308
355.8706292873293
350.9439743120448
282.1189324793586
241.26643093257437
215.94203767588868
172.813885283179
173.0132631301579
180.1394065537597
182.98215362284802
178.9843102942105
199.63468653442754
221.18432527782014
203.84051402666555
206.58819157797151
0.0
0.0
1.0
0.0
0.0
0.0
0.0
0.0
0.0
205.33175143361348
222.4402256488627
496.47593323665296
272.9278526235902


