Rainfall Prediction

498.91200457795935
488.6883863825427
471.0988343935421
422.0943613044686
389.62208846277906
415.789005320421
410.07613750364266
408.31259953093013
390.83824400751564
391.01188487767445
387.23923094285817
377.6027535359186
369.26958468323016
375.20827980756417
376.59681103276193
439.63550627944636
397.0532280526501
386.91738157499515
310.86818825051023
270.28111244242416
296.0246535173594
277.92715711670553
74.14180104643359
8.765724399667429
7.32704457991339
68.74460956009135
70.411526534516
70.06780645075617
69.49531794705027
13.344915183615893
33.99079090719759
34.0080537312162
106.37588752149688
191.00094503760118
102.15662096271893
129.380745046008
59.32789503500961
114.13983081603436
47.52657726282939
81.55266881243595
79.46988691685034
16.29793107387332
508.1545513220647
458.5211552891685
208.85372765667233
220.2617338357239
257.1312523742557
282.5114763404587
593.0825532639922
636.2032578728349
703.0113654689806
683.361435339601
653.385989033368
662.1192569465611
610.0103246392974
702.5316164242325
745.2240893141546
777.596764372705
793.3499688875609
817.3976883084031
264.26732400619164
394.8233868913759
394.8233868913759
459.575140008507
466.8450265856241
378.46752073494014
500.5559875993837
472.7154906844333
587.6916462268116
586.8730155898422
589.2001788908408
617.6258985669733
610.8942198183655
186.2007178775802
533.0914487725183
539.2772165255059
541.8766412298551
545.1757922990512
417.1681303529504
234.1965863844814
211.5744619939711
167.7640789044107
189.9475486452161
194.94242405921653
233.30349934602648
226.91474502845944
133.2882721408907
145.52625835743558
45.38424299842467
251.86532143492406
134.11726414500203
128.5572787620348
111.76749135723753
84.14878702536548
189.14139523353356
224.04096941535562
47.73367992564306
136.666675058751
138.58146163749026
161.34971662635346
176.4451229552011
198.4675639473034
134.27961337521617
184.1576302871993
126.44252710861286
124.03865168032486
129.55176367997123
130.64929026727773
162.79208386725884
200.91461325728648
60.25832682510448
115.2132202306056
93.53286328314735
16.15042906522712
61.76086465121113
17.68218289505276
46.29793911952107
84.54782679140504
59.73190521575677
46.116436604848055
21.48632080358361
95.56654222550048
184.8509838951779
162.41710587357343
67.3600325145594
91.78305810373968
213.49231280920995
196.90805761776323
139.7913923707542
185.84972310962655
70.87093099938205
137.64097795277644
90.7923143631389
111.05337819171014
32.6357268087872
156.9575218758747
344.66408673022596
178.72919239717345
467.09905144864155
452.14719154810683
101.0093129170214
120.29368696292018
58.570970257485605
60.57822724792236
33.85766465040141
325.0222035907601
326.3130972143326
316.75816637630817
312.9810290897005
324.02197748064293
305.83987908915003
368.4119651208374
290.8635670389222
293.8750833258483
254.341222514917
268.3737331382361
259.7742967879811
175.40313114442205
186.8275002795607
161.56221182843396
162.47848810683303
141.09948293825389
112.9844444591777
29.584127193191446
33.98318867510476
511.05399548245987
85.76340694760121
456.7290175531718
433.93745268190605
384.33354436327454
428.64164484079095
425.7027432631146
373.8703537632733
404.8340191487792
420.38245648034024
415.6429365221156
216.0808980557185
159.97906392570258
150.80123088326968
152.44636740452495
167.37063472086342
131.16597201582968
106.30974836891899
85.35850462303934
226.38396477503727
145.56578917579168
166.37405314114685
142.11312437246158
224.1139826099088
222.12248173642536
219.421311553303
205.39041265116302
207.77757340668157
210.3751141687133
230.88968449960512
221.12482560911982
212.8516548565216
214.02477318039706
233.80904865664357
182.21553581486077
176.07105885453097
42.39697997504589
179.31046477005367
202.7034390178883
173.5874582743282
177.42734738662836
117.39333130586685
44.43863203067128
11.795687893383668
27.049104019246602
210.0379815949679
210.68634847455036
231.58981459439684
118.62572323437618
131.1964018477688
86.28165566382403
109.24268958307742
124.68809461054971
82.45748645453186
57.41866545157181
18.131778595156995
229.95908587508697
200.6752937729851
338.11955907665885
22.820559025509713
22.82247473432185
99.30786107857742
138.64051139828788
149.95575344410216
157.32112707553668
158.45495779712584
244.6258411467431
242.94265888254716
168.93365934767866
71.72554261959836
234.78627325243585
75.72030970585953
94.05707164387849
499.12629362382995
523.6967583215948
530.1923856952742
590.6093257169194
586.4543433232643
553.1189898015627
594.0882912245974
519.1430732895768
523.0928048333681
453.29648614944625
356.6882452892475
375.73702884265913
205.16662628130808
206.41562703947156
554.134101482788
477.1926022709113
458.9655816968531
469.2054459190038
484.6090351567275
549.9112185191781
432.4726188962194
428.15786186803757
431.36456380368185
443.41251114416895
421.7319442497181
436.5217410077427
409.04308744471007
223.3112453911276
276.548108420724
233.71300416602037
256.2402428223038
155.87938852223394
243.91551642978712
246.1509074925235
260.7422824737729
663.3725417807515
669.778608314922
658.2224611481976
679.9382063503407
2598.1334056762407
701.5865282495492
712.583239470822
733.856547215031
217.56724463468262
226.282696332088
276.76160056861266
306.8487745752487
227.0019352833325
249.18465577007913
241.71448265090325
244.08788753010273
354.2815799708065
336.8439103573545
630.0662311153371
420.1658446010445
407.6502897520888
399.0997343540479
406.5511476546122
231.38976284350642
254.90046173442408
247.3862372487807
259.6952138907644
278.9199000640582
324.5809421660863
352.56352777859274
372.767211284437
244.65484958522643
342.06052447463185
183.09982743165898
242.52200668059302
142.79751855370984
137.2072281703097
106.29031657530861
81.80547925610742
60.78288110354387
56.19177366555284
396.9836576723594
223.28084993325118
300.7631417994974
217.81291443277448
279.9489892079526
608.5313122894192
433.06574695763754
129.74727118809096
624.2674670908581
609.9672488980585
560.6054330804777
567.2519896627036
563.3828931658965
543.1728431608939
221.48328789724434
204.88949851980604
79.36609666997455
279.96346797158833
429.37866676572116
405.11076643982955
359.093545591951
147.30251126665888
140.07196416045858
154.53734271498175
75.72477652170113
121.70165523991078
74.33473598575775
58.479534428858074
22.173098417371758
17.980969197906695
17.82846728001455
73.54633699249133
60.34992016934078
285.72501244978145
70.03534348368952
217.01818775926196
32.88766635396037
60.91415760400898
56.51569464848086
199.70789320349013
33.194236797046074
203.31805733201588
59.483889925133965
74.71109398963483
78.04226822124869
690.5364192981137
662.0990588640461
39.219532241393146
60.83356539184085
552.4747746483624
760.0891715180517
726.6490062046785


