Rainfall Prediction

1571.1969336087736
1661.4444369351088
1654.335883636708
1683.475617700652
1645.503044497356
1683.4700330139867
1632.4117322920931
1628.0242634884653
1562.736069918746
1611.9572762466428
1492.9623614706993
1208.888179005903
1040.9973124209278
1157.97768706669
1207.0071265231113
1179.8816360353728
1110.321840407995
817.5985988395373
1042.0329152419797
983.393976353451
953.4035331259868
1099.0696183011737
1144.9204650026475
1200.8257493996546
1234.3207336946352
1186.8769660498385
694.1691220819187
844.175752259588
2021.3014526736065
2033.4907122628572
1877.3202744042276
1975.513087749011
1328.3249961271947
1435.5667266029
1017.1354131714265
1036.2633662865867
980.0728589236354
1256.0253822569123
959.4324214290737
1058.3074405320158
919.3514148425922
1131.7744486049
1555.2652748822536
1951.3524823694415
2105.2607338272583
2463.939540969906
2398.4584074273494
2555.822896253681
2731.65807327387
3077.166136545039
3023.0923064281747
2923.0807326954823
2374.6628124597682
2216.7875374045093
2466.339429047775
2644.2348689443497
2758.620195915202
2846.6172612211108
2723.9563868622695
2384.0295106443964
2412.782081243801
2561.0486702131907
2424.757184364739
2562.694387773846
2565.011332520143
2576.4819153588796
2487.080830087697
2460.9193787067156
2413.19828503545
2614.467689239568
2453.38797171727
2497.2647493793647
2292.330777927687
2374.8720867141287
1991.2137284992132
2030.4289737032893
1951.8215429514466
2007.4689641825585
1816.9285269511772
1405.8862577694715
1433.6395175715281
1515.3054007991066
1579.3119570894537
1649.417535107824
1563.484491151943
1369.6749390309956
1750.4577367161144
1525.8553837167183
1450.3405047978106
1458.6710348827748
1563.1090284455834
1568.2070117100413
1281.235979598532
1216.481253088536
1116.2009344999399
1087.0662349895294
999.0368070738396
936.166674580188
959.1843164084765
1093.8537221486774
1235.2107663001063
1143.2806223174498
1214.3115164774454
1183.782599343578
1186.9065031444684
1182.090759606503
1041.4125653895362
776.9590242101467
902.767925303719
1034.9660379542888
972.464473268
975.4882459230564
753.4884817512999
631.218428947679
627.9278324260525
751.9968192781135
751.2802138138111
749.6687754497814
675.5421794815816
776.9224665684317
746.6731654572885
754.7139908100805
708.7158563249458
935.842758248
1239.4331503521648
1308.4540016601818
1305.3913132717967
1344.4316535575158
1471.0289915351357
1482.6931276565194
1638.3760621405054
1499.5251450232108
1464.464179340006
1283.36735960357
1670.7923331458453
1619.4945624036532
1259.4218269711419
1477.726811575298
1539.5061414279937
1341.4204321898337
1374.3109855196835
1254.1139731173432
1349.1180940993588
1274.0674649974253
1515.79240328029
1674.61561116551
1536.6910875310261
1509.7328003048463
1589.0985707839595
1391.986321934234
1456.6396392155298
1471.8890441580234
1512.861263592581
1562.5838394509196
1618.712075551284
1518.652863251522
1384.7753561356997
1724.2799900264886
1769.2022341854408
1855.1048067307681
1855.0283282707835
1727.510518520401
1818.0641031871191
2107.4856022662516
1895.3851602059822
2071.7834912133458
2040.5744087801056
2384.785166588176
2062.5975147054633
1968.4377462100956
1753.0772959242838
2042.237001760344
2022.0208966452162
2506.147974868971
2794.9699617654564
2851.426674242431
2900.898423849828
2895.224150287595
2852.5489825062436
2748.0965651079964
3035.1088275997904
2938.954751612432
3029.2979501956233
3060.572158436049
3325.4503858084495
3246.190181232038
3069.5126470512805
3256.0959640964106
3065.6661194006006
2943.033582255692
3040.3723196143524
2762.2318481164803
2743.8937433868427
3045.0615021224553
2847.779071469756
2849.728404545456
2777.9253395307514
2890.902910251882
2632.191178003847
2610.5360210309154
2771.401940716752
2528.8325517657536
2770.6853261562796
2545.9792153407357
2127.1274546600685
1587.7278701791377
1895.9482284487983
1522.1313719399063
1537.012394233191
1575.4359967147122
1382.0643430581215
1629.7083312400791
1719.9530695425929
1789.985077116807
1670.220780246339
1173.3013529471511
1101.0618124458344
802.0400255812888
698.9734495327643
1290.8977658083136
1031.5627341419133
945.5196286130712
1140.1785868455322
1030.0674433442277
394.23144936389286
442.27951824120305
326.3769890569946
308.04582480769886
124.47431674736616
143.73435404559922
129.17741781155226
642.1243469504897
611.926742703683
504.1932618943676
557.1646750439228
602.3080006890406
286.12310739385765
183.02600860507442
90.02705241932155
207.7633696270994
220.9835359877553
30.832399356726093
90.82908194015657
338.6703388615227
599.0868150430737
684.7755204544611
1002.8614846984574
1029.6133371893704
1104.5667485064687
1279.2265131914842
1302.0207421437447
1565.970423055993
1598.2938023657969
1440.09356121477
1507.7211229959817
1589.0404167698264
1509.8710659928709
1605.2423149175186
1658.3909048139594
1661.4396794546674
1522.8746850811694
1302.6786752447972
1116.5414723067643
1116.5414685601065
1122.137153707903
1100.2935529658191
1170.025286238394
1296.966119876068
1418.9375736967813
1423.828620813421
1231.851191518155
1647.1415527080856
1435.4779610879664
1350.1572736428143
960.2687711000383
929.5746084020009
732.7364535952545
642.8760439565045
888.4868113605361
889.1243999392327
633.3142219752625
1019.3894410778021
832.0744569971199
837.2091460623914
698.6605575386827
619.726803830201
1185.0902418056537
1267.050163189218
1213.2386424946337
748.309799595515
691.8194363446411
907.8153419087323
601.9077599452512
901.7486210987541
904.7205893598549
920.728150380406
1057.7261406948107
1030.4136395152436
999.487483597347
1134.8729382882111
1708.4753466345248
1632.5005375039486
1094.5286537082075
968.4523253346041
995.0247718500161
1547.9724469711757
1428.8555064982693
1381.4140980799402
1445.9016754132235
1165.179450289947
1204.1608268701714
1487.6694134242857
1445.7103544850374
1374.7574346968586
1315.0460249147516
1408.7863691546966
1257.4224709097891
1186.9179140451686
1183.4975313589364
1323.3975862165312
1875.3050054256753
1811.2890819385464
1644.2475316212563
1593.5648288413236
1497.4006701831277
1528.7401152451198
1448.5604842200871
1297.0837202215523
1281.8950652716865
1289.0017106246487
1246.0823594478297
1116.5917686615787
1652.1177388923663
1544.568217248923
1884.7010082514196
1989.998504712819
2072.3810000417366
1903.4653870782913
1913.5051493766139
1806.8648546765194
1580.6425352078775
1364.9002054834434
1120.890794392718
1299.878431180443
1557.2903653808091
1198.7484901173
991.3744766751106
1098.6205714472467
924.6336943020877
705.141818215488
944.2565311879582
1069.486502211753
1131.7766923677354
1147.0183762212664
1524.9411036344168
1521.86092885995
1740.6701568228257
1216.937124975778
1315.3918768412002
1173.3065274661087
1058.3731762257369
1509.1581127493334
1461.9047573741016
1035.3604034846417
1340.9326668109154
1169.4195556019993


