Rainfall Prediction

947.8882695909069
958.0184918307839
1038.594085857965
1019.0450580297298
1048.4514608004358
1014.4709638250872
1000.2654025942052
1007.4469892680381
1032.3081285132646
1031.1684706243173
1043.2688188315126
1198.713108258761
1326.9698353612075
1289.214658691575
1260.5625422436583
1285.8048336565164
1312.2078774283393
1320.2362493865278
1337.1748102276706
1386.6837392612958
1310.2473933760054
1310.4655360948964
1287.7149196798946
1276.6890285561187
1291.5098927607885
1328.381579998008
1303.644527498005
1226.555048858977
1243.2025912765655
1221.4799608199535
1214.335276677666
1236.5017061192566
1170.7623370341335
993.3333607103937
906.9094863361994
816.5497579141155
762.7588771174292
781.5594208132004
763.3902017234478
770.0804307610551
770.003735243268
776.1848109651348
616.8784707008768
505.8544684029161
511.45614058517947
534.9498890010977
499.8008690243997
577.9921354807045
546.0887369993499
555.8704063696368
522.363312933009
500.4198790762014
499.5758725761136
489.58408315731515
576.0776587501431
580.0047145593269
606.5199657975377
625.172053519503
639.5389695611501
745.5893316191681
752.0771917367937
764.072195083355
758.035864642609
768.6365940609086
664.4560404289219
580.8178425767915
571.0726720486275
543.896078286825
544.2765326337228
548.063573001282
563.2013253144055
543.7018786392988
544.534418412558
543.7791213681368
515.8078448762706
501.4812895892587
486.4611842769225
480.9953053909216
460.61635358964963
527.5799699346928
529.1642750481811
489.11792963825803
485.3330175804349
469.9799335649669
547.628231901641
568.1906199812562
580.3634087402711
583.429882769712
605.8535143858218
631.1580939095466
538.2651668982328
501.8654291763192
492.37961299202084
496.4157307340588
498.78419928989604
462.4676767170552
387.13740933730196
402.38186162961233
397.57548368077266
404.1335703517626
407.03556531171483
385.29063705627743
392.66890775107146
396.72903082505917
396.72903082505917
396.72903082505917
396.7832202845664
388.56466851686395
432.02961070220283
391.87302073666746
284.7997285144549
290.08781109670656
383.006280477524
314.43268419670324
313.11897663001525
265.87498645582986
364.1000358980518
437.7106942727604
499.14316772134293
531.2130264512422
638.1115168733938
649.7057579330201
566.3490377103384
471.40563461146155
537.7841473908475
502.72479505039684
427.84362420572796
555.3181721788453
702.9240579419089
669.7193500162916
677.7453602428578
714.9060361788441
736.0828124298829
749.2061921877748
778.7831399678095
787.3042523508622
784.4099507736312
799.6950459180949
931.2594074038847
1065.291218331154
996.8081762046722
1006.9443470529353
1025.829639122035
925.2417318151553
956.1677329152228
959.8739701232895
958.9892977022251
922.3624929054057
901.1207745070542
970.11560107765
1021.0121300654746
963.6588921832503
944.3736507780616
894.1341474831779
908.6955070879648
900.9047796223336
901.5818645434388
924.777317750075
877.535835806407
1013.1358076905467
1020.2449424255952
1098.40451605273
1045.925785308841
1052.7522272280562
1047.6691359937913
1064.2809487224104
1062.6418163459455
1061.7389139344064
1063.5328828931272
1035.6021781700667
997.41380167424
983.2260153902574
971.7570755034735
910.2235757760232
910.2235757760232
894.6987532861631
838.2015623534799
742.9871190887595
739.5362459892108
724.5625294836979
612.3877358255946
559.8998103263467
568.402197931958
565.2335748795276
558.2646000472264
620.5507746549483
612.780897310515
615.6152105281693
644.1584334879442
640.0000683075293
644.1732274954314
711.06988167328
628.1292388314985
607.0503517297
549.9948463006863
548.4946043101204
454.5348954483457
459.7925426973819
458.9013533145111
693.4534744211054
695.5004449014792
656.399899246643
834.3933999397372
829.6422999479921
739.3118251078264
720.029989572761
716.3827827733529
752.994154836001
769.9814682619484
601.588683923958
868.6552507326252
897.4302219332936
877.6016356126433
806.6856763582309
662.2501628330069
638.4027031059885
608.1835900011625
614.2192435496482
614.2851773783103
537.303449421981
526.3373412183096
521.212045870737
602.3021357224637
601.3237820047708
432.0355359700488
477.7364285997745
515.2229075230657
585.8424511737011
548.2001517927469
805.7156947552538
842.956021368313
896.7484255204639
819.0567287327341
705.9617718636581
704.8957181472725
753.9754461932822
697.2694901695403
702.8288837208923
735.2748276979651
939.756112443564
821.0919677295107
936.9026886643056
909.4525365102129
907.7752564180521
922.9753454892315
905.6702002918082
916.9595821858745
884.3493263017061
859.6196496533609
873.1429075199195
1080.3037521541125
1112.543511561781
1113.1657851004131
1116.245949791998
1106.5704610463968
957.4129602459653
948.7311418333524
920.2115286517621
886.8335741433004
864.4965573140175
705.2753313976201
725.7854665094533
721.4241972747818
779.2724008586188
833.7760339203543
826.9595902213345
697.2337454033627
884.2326730080084
947.4362910427435
780.5654876875259
500.7220647612884
593.2639496788262
477.87675842504154
491.63083663761137
454.48547140345545
749.5868713194026
766.1540714527004
766.1057767720783
668.193566145495
717.6234315929186
788.7820333761453
637.9289065641744
630.7997224398273
631.8586413234644
591.1547322156098
566.7566183493495
549.1133615275683
539.9739322170984
546.5068034385546
520.5072334912845
553.0064599595543
548.9408313038854
531.5678497499028
608.6824887353724
587.6375230453392
588.8370036315443
562.336304626745
516.5119575915076
522.7933303513616
488.24190922015345
589.8581586711981
613.2889478505244
616.0746298043204
628.1674216245167
721.4162614467257
699.7498003080854
778.1407935339822
840.9897389019167
834.8260792424971
812.8999995887726
734.9626856483142
592.283625320982
530.5360109227045
528.1312310063595
544.3466954256799
547.4370882788489
584.238815223681
631.276147061375
636.3987509046431
643.1411875488808
640.2495675497748
718.4509934485908
689.9535355057814
663.4065500518717
646.2216056941222
639.9849040885751
642.9744548670263
647.4596875142589
662.0777899914783
689.242112119596
721.8420940506062
722.949056574207
735.0509236932769
755.9503669216107
746.2569420583606
633.1030289539156
653.0451517359888
653.7039108859626
701.5593980934634
694.0501343946722
694.7888809223005
627.9749907864664
651.0857002371213
613.9687199306351
550.8117546433288
516.0561071851494
439.62240149084056
474.9989252085155
437.8310631145402
422.012013536394
493.15608931570176
541.1855607842792
538.1162261643561
557.6828654632587
570.5411373771029
604.4457498438547
673.2074266599224
743.8736602013006
710.9065123469765
729.8845359902389
709.2748034144485
721.1238411206498
721.5147162381394
729.3644395966962
694.621753314896
685.416297566704
713.3109426961347


