Rainfall Prediction

588.4016455510025
567.1169260284869
537.4792035937731
488.7848538262723
481.4593305876543
482.4037231529294
482.4949737482201
480.0275474116876
479.58860611930754
478.54241320321603
478.6032765923346
478.68432552656145
474.58221765153615
455.5201343294737
428.2022651589147
427.8868891588642
367.36777509330767
386.55993135265203
461.68565317200495
388.20602474125417
379.1869137489053
405.96244781318643
300.78102203106675
304.9731405811594
305.856883774329
308.40708943390615
312.5599447182802
311.0602286822482
304.1429377092156
266.3814443624322
261.620808835797
262.14324090415676
261.23091434206674
227.33270487067105
232.3860072533089
274.8874115207453
272.5834090318547
272.6191091193706
274.8945650507462
278.06196577238103
296.76616087453726
316.3479526165512
430.2269318674636
591.3859323221549
681.5186805385224
690.5458658504506
690.4067334309765
697.6644501237345
846.9536011991993
763.540671913556
771.767453120097
786.3731814328581
746.3303689023247
758.902025677917
904.004175693378
1190.2242347056315
1307.2758094620542
1308.5213574956651
1308.9560261586796
1309.3981477460234
1311.6261733238775
1368.5351424529863
1390.6319544785476
1404.1411939103316
1405.2897578536854
1400.818666998131
1340.6847005682584
1340.8776219732454
1339.1990496276753
1335.2767321825575
1330.5491549178425
1312.2150912783989
1315.2574922599272
1193.7707501956215
1032.7707763127944
942.6569690051083
938.9253403884275
983.6387275889281
984.2906833130835
809.1729405446558
804.5457612373616
815.6836932492141
800.8871359026056
813.231802472622
798.5522791856996
647.4483459120227
393.84832344957186
274.2948567952128
269.71162072520605
272.31229427746246
276.6485934958237
275.05520826936896
220.17434112154672
202.64679841814166
200.2253916457999
219.9513235235431
219.17911093311153
218.4060600772569
220.1001011324632
220.22253513076205
221.55748046040878
221.97989820144747
221.90060370556114
206.3823654540249
204.58703472455963
204.50120761420743
204.23507130773268
199.1143329775582
153.2083099571595
144.8197264138201
144.08540036707402
144.62557673838248
124.97139596174296
125.19134383143698
140.5033319457203
242.965196895799
292.66660948272073
268.8433607818443
280.37872675507765
280.6723980273945
277.3330200437842
272.7414945904768
272.3034862534184
271.018698099964
475.2439925295132
567.2760656089545
567.0669357538194
569.0046795891703
641.3756506408271
670.8886320068408
693.544561264692
764.3932922190779
733.8370756333165
785.1947888902824
746.6722414432919
780.0860678198087
785.5992462840084
926.5796817002929
927.5788298528215
1003.7366328150605
1132.431344177742
1133.2584766078126
1134.5794288154875
1136.6134213096452
1136.5835070647288
1110.001874716609
1011.8195492956986
963.4750279979849
953.593343933715
942.8674709336552
942.1938336869963
942.0152317090402
942.0878293316329
942.244296640247
941.4764229923132
734.8245881434099
632.6031075227123
810.3249453994048
947.7113075453717
875.681006540205
845.1615840223585
965.4565806712427
949.6368752127514
1154.8096057448709
1193.172085790008
1167.522499893139
1169.0264374888543
1386.6664186915505
1245.2578093955258
1256.534059502218
1224.3946581861426
1180.29650402955
1263.943988255192
1495.5821990228565
1600.013418120035
1691.1525032711993
1832.639416427767
1927.2494866818026
1926.3679116643957
1952.0782769296095
1988.8533079464466
1998.3583282601999
2067.101936846405
2137.8060401765733
2395.8203673026183
2413.5343155616392
2428.8416328169124
2425.928210074433
2224.743501516934
2086.4130513755467
2086.7800113878607
2089.233256452905
1953.9737727800039
1953.8427649425469
1851.0067970661305
1811.4458288811452
1807.5357896328237
1906.0949710506973
1714.212711156994
1766.0262977789719
1781.6890918901343
1731.9842158163
1643.5661204997862
1556.7338120564343
1339.7562014977918
1244.4572443729621
1153.1541425326573
1011.1426551780895
914.9718349503328
916.4293087383577
903.8299289163265
922.9219303794671
924.3847214564962
929.4541370347721
859.3082123104568
600.3937543399937
605.0342875773617
601.9602408352695
592.9700455231308
592.977884343239
592.7212099318862
593.1633291603201
593.4688998606966
589.1736613532471
589.197947268924
484.62628647667105
484.52284125002694
483.46466114431223
350.8958244414739
344.90569576293296
306.29996468325066
270.2609359577062
265.66225341002325
265.66225341002325
268.1676787420052
251.4979909837564
249.28740234394192
360.38367949181844
318.1613327497137
458.97499467755
473.8598482392673
529.2852671338153
469.46160954420833
713.4092793500478
639.2594899603296
638.4894748045225
638.2081210496522
634.8347998461948
635.024247463141
640.446753264976
642.5007562818037
642.6994123022873
644.2780658143106
652.8742898320635
720.0984772750506
742.305694250892
743.3630455861626
742.5726073502123
742.6595620729213
741.6044115127067
720.8075737572217
717.333382875745
717.9916289378946
718.034905419387
718.1626747029786
716.7841431090366
718.5544935689054
718.2612636238255
658.929884442454
630.1764802753794
489.11071270093885
474.06738913835113
402.3633895788813
401.38032213760386
143.47310964191914
144.7166458829816
146.1370308253473
146.20987783725127
145.18574107579533
330.1674268945796
408.0189440707976
423.6015024208315
495.8735412712669
614.7814385542658
704.1378017968127
656.9983694848121
654.8685313893097
742.6966948883792
747.684141976831
747.5983723990381
748.119716036418
747.8956712852832
748.0983794480677
748.9416333698006
747.9577352338337
747.9623661924314
748.5974948894258
748.2512317104162
748.4661855267365
748.7315586150155
748.7950636028029
749.292223424742
749.8854471208267
750.8038941948515
752.1518818756875
752.3697007348235
752.0981547683648
780.3212782156412
883.5178836265653
1092.4516783405352
911.6048476373364
840.3725832313337
962.4226698835531
907.8241067207222
809.444218392027
793.9783309548282
775.1842462073477
748.6444597093681
666.19153786506
670.2755725803023
670.3157910222516
670.475037698903
686.1372485917468
730.513588221455
732.1501730964713
733.5239989681859
732.2761821053283
731.8410155119376
732.7312552640107
732.8019355364952
753.718997115779
808.988255052
914.6704001335538
949.911778305222
951.2024480744097
1050.9710436344642
1055.6281522351278
1054.6690240508478
1024.8304038173212
918.9772729448517
711.8065994377398
710.9467670613715
708.3541937987337
637.3410610331637
753.802273386542
785.3099336171214
712.1200233179401
714.2119951309785
714.1530905789174
709.1080225681462
825.359537538394
879.3121661020559
917.1687376470074
993.3517212701247
1068.573757377131
1066.192472669084
1067.5550275405406
1132.6428871222327
1230.1458987796937
1272.3029107898076
1280.4939056677567
1261.5893835408872
1236.0258345801697
1130.686180443825
1109.5626382566566
1117.776006238271


