Rainfall Prediction

491.94989307580335
492.0201758937459
471.81871021252914
427.6771616136072
377.51786916432144
414.2424999852913
417.3481659429355
419.4679521738369
385.81399061838175
390.23648327046055
390.6595715215235
387.155868721819
388.9094853443634
396.19001897814763
237.16016796667574
152.20769927845728
116.36876211716141
105.48148148148148
104.73028358675981
93.24278059958402
90.94886371233378
73.58951767948656
70.53779448726632
77.13056245174242
86.56955285017973
99.597803321512
99.48071815247837
101.07000423695234
99.95984595286103
102.86910237953558
102.22112405528027
101.85705920948975
112.67173594991431
120.17275129234942
128.30607460478168
123.63722648018337
119.70195617722831
117.36071941471073
114.02321168941972
116.0157536149666
115.4678045854412
125.57995485759157
122.69076906554861
135.82216313989406
138.22751431710589
155.4925905446485
174.52159096881311
191.55120570432248
186.83543391198404
164.98434918372834
179.33217234334495
173.7346461496016
168.91496646524178
188.15019506139063
175.76817576826366
161.29016129024194
167.72720709533084
214.01891336030735
333.60838403857946
380.47614080017274
427.38727390167236
532.8977680875546
517.6902537483948
603.1881377880536
339.40297860966996
311.8020338141656
472.94432143948745
462.94432143948745
470.7324401215252
433.39470630005775
432.6200083782635
261.57506898323413
217.5038637907293
312.61362208610063
156.87616398404532
93.77008769374434
79.66203178538758
79.54307404752986
77.649780012086
66.9941335047378
78.49159756671702
88.24785211589197
90.28364635362048
92.33672513820574
94.93045294403329
83.39270690849041
73.98678454277919
63.62278303328393
54.379901006166925
51.317841929698716
52.71427871765762
51.66566134531712
52.85552665010145
51.64316657651777
51.41829518235966
50.323123825972864
51.397114740172505
52.121672744800584
52.121672744800584
51.27918881034799
50.85794684312169
43.94957858061041
38.155481912826104
39.23979322964772
49.257183023749214
54.05926472459742
66.75457052689538
70.60966286419954
71.21764130068078
64.67249274223626
83.01493489529851
70.42153444344268
60.10899191544398
61.257340335395256
60.3700718455488
56.71577173450839
71.39606187323439
110.3181801180264
144.17446327997536
142.8689814183904
149.08067626266825
152.85103400530605
146.8244117806601
178.3656024450713
188.6266320780656
191.24652221168498
181.9435304589368
181.86772065457893
184.74849322017874
190.35841874266265
227.3536032693131
225.83740718215532
225.0793091385764
222.50177579040815
229.27121343111546
202.86710746481114
187.91063052230743
176.13638271650663
169.7749375254331
197.74814100953586
204.66349713327858
182.58320692489875
180.10783806745707
194.50226870173128
196.9170824215045
214.85944622625522
158.3329986501186
132.42181538584435
127.76087393678438
116.37015554014131
118.15436576137004
111.41401603672813
122.51576852437364
134.60874891270177
138.98366144903412
119.04774394997351
113.95204970730084
156.3386534339454
217.3983754761801
204.80080507058756
153.15865086702865
127.70905567616813
112.18054146493854
101.18054146493854
100.18054146493854
98.70025538457007
108.54419731019347
106.93512906668215
238.62219387433132
198.4161059818449
193.91020445912417
201.2079508196269
292.3640946823448
327.6275798182744
350.20548626644944
285.967604172234
286.58958578515046
244.60529600410473
213.46234304474189
134.40944263595281
178.32060334119902
151.76364215598315
188.275808811426
217.63997318760764
369.582527990892
161.97933817631468
458.3522956065025
402.4168912140019
293.32755331922624
307.54700133512495
350.23264257445476
327.17921746629713
314.1063522741435
300.66628517590686
260.43990517293764
297.04345222547346
283.023879535148
284.1610745684193
230.66801176636093
220.6627154719959
247.66975481648797
261.1671932153198
472.41415955216974
217.2369591293799
163.51276107029662
133.36199950644948
212.1561154645998
263.1688037269739
234.26499910577218
183.61765660040075
248.22230069647196
127.12629556391995
185.69570250268947
83.27188454614812
271.653770728218
172.2192883632177
77.68490876490802
67.8291255680742
38.00711735374007
44.86552031918259
46.96693688393582
42.90034196820018
55.18950242784085
52.22075219024306
56.40859275135692
71.64986985689245
82.99406289590775
203.22919048932027
197.33195098084695
251.7991054447266
251.12918334204784
160.55386684912983
104.27276885738081
258.1955322167112
118.9087713044991
188.47983280158195
249.2272953380472
153.26830230915365
328.11361768318994
332.3056214857495
175.75259179486275
262.3366239691295
892.9806056896145
849.8299753120378
859.3865845894691
231.34155331734004
276.9803073054864
352.73611648572427
842.2253841073966
785.2173913043478
615.7391304347826
609.6521739130435
579.8695652173913
553.4347826086956
537.089115105293
576.2789831284971
292.1015383512396
386.3687403981205
221.01186266070465
261.3528816889596
247.8998523709838
265.4791782660686
277.99647270235545
275.1398673437598
597.3451247582168
440.7881175316787
398.57299941784953
341.3723228050298
292.8853415549297
365.588738433698
318.87030558741117
226.50067584027087
215.95250082488005
133.11382672504243
110.7271971790217
104.11282078617789
102.08986892883826
88.17417077058687
96.08458252125953
96.37449289955643
92.40961823675129
91.58342585197926
91.58342585197926
91.50080661350205
90.26151803634401
87.9884872374149
89.22973409092167
108.50500416551232
97.73526303244833
220.50279258890166
100.6500141274697
97.87543271252622
110.22655615411462
113.15258483401787
181.33329680364497
71.74622323122804
83.39678884851564
90.46365157397507
92.96243176419276
104.80886409703636
374.064746932743
459.2909428306708
513.6277713114081
550.3792273093743
326.8386037013223
665.4874067123203
681.9760547910582
616.4038822494995
594.4038822494995
470.60384016200203
272.17607896672763
228.75554692101096
212.16920483827212
201.5683610301921
914.5481935482903
906.4698493434441
914.9604956605131
906.3390133448968
900.429834455301
904.1423195833474
905.8947800141941
911.4569370338382
912.9046217375812
890.7906936763916
889.2668150408726
895.0097965848067
891.1239060642334
881.866343353456
881.1805979674725
880.7234343768168
872.5706836767906
761.6837046467945
706.1312079323002
653.2168807509888
629.5595720257435
466.49358265382887
303.31203245659026
287.32187417997727
247.76633661780326
195.68798305514596
186.5499936355282
201.69653104537568
175.01367605419946
173.72820869975968
174.52193357318026
243.12262636110458
368.0995960445255
533.7021815989643
686.1477875507588
791.2716333385347
238.38447539012097
259.7230985229208
334.1737830384096
261.00524599511886
303.0559158679105
278.48042037026005
122.78315724766041
123.16805742712016
123.47597757068796
144.05406830647294
214.7468886295005
203.12750254318365
513.7694111123578
383.0623572054277
356.6125531428703
208.33421988870782


