Rainfall Prediction

6.589316803189843
6.560511828358517
6.440640151650766
6.368518371625146
5.973276118054815
5.910606275651255
5.761409161654812
6.076583877014865
6.091375784896545
6.061087999958754
6.080861102117364
6.0906639767120625
6.114051800016418
6.091203384617854
6.1291486539600255
6.133173338339623
6.177133655070934
6.147944422644694
6.15691415772999
6.139978914072262
6.132582205579474
6.235134801488577
6.351970766009553
6.3681682806252855
6.431163702025086
6.605692757885353
6.640292070007764
6.51598803355201
6.492591577919252
6.560377767844623
6.563628119344056
6.563628119344056
6.570672879473151
6.560879403666097
6.657964135061107
6.660347942871378
6.643689766997779
6.605368796145905
6.490023779272847
6.422288625629185
6.430885815101291
6.419368023580748
6.458288605103522
6.456259446474405
6.608838810631561
6.543251647032077
6.575166315661072
6.683007090350346
6.707209767471567
6.71964307269843
6.713613602183402
6.7251362885590655
6.716158947832459
6.687315743329307
6.614270480570627
6.522138889964319
6.455973462955683
6.434107469214981
6.441116369946595
6.41328263140219
6.3340109926454975
6.416145714121913
6.453840205026462
6.451882035060777
6.690014729925189
6.73873027531003
6.828646537594987
6.842001601694054
6.854973111086432
6.871241382109859
6.871241382109859
6.866335944038203
6.865182694672662
6.840873959724444
6.787858551907516
6.714461635273524
6.70629618468764
6.676501379009219
6.588716454022286
6.573929928847583
6.564954288342989
6.5696201057485055
6.603302931757107
6.703733397517535
6.6882715429910595
6.682710078203153
6.693932365675052
6.670679864394933
6.634848569974073
6.64486193485064
6.667830632456932
6.650206008331772
6.578824907213674
6.534219214565732
6.520351418759114
6.270445337980469
6.147852883615466
5.7793369151441585
5.74296147523697
5.709625687598093
5.923201033258368
5.948072353452336
5.999322578252148
6.145095963911548
6.332301842776132
6.418954827318385
6.401555899566526
6.408638294284909
6.408638294284909
6.444042854281387
6.430878693651125
6.472112722785968
6.475495312458809
6.4632779056891865
6.470703034926885
6.559893452726194
6.568662150041285
6.634571951192104
6.7700965495501615
6.842715771720027
6.841416947890619
6.833211844999977
6.896586578759814
6.920250941493668
6.914100309747032
6.910863990359237
6.89909999165007
6.916491751818981
6.933995049473788
6.940124322902148
6.934061582930815
6.882773842570451
6.876697640648598
6.864346683014561
6.7885114009677405
6.613092957807639
6.420771228952952
6.3156422093722195
6.2964461336935145
6.297165704863102
6.289729665146508
6.319784321364298
6.17696796030933
6.181062488557125
6.237011434981341
6.302787226267439
6.209279515442352
6.179884798433382
6.029623794564135
5.979689936264588
5.997685138931519
6.038881657684808
6.017407337825818
5.909043093394395
5.951226947366401
5.960464732402332
5.976981171322861
6.03585007306709
6.056070711310428
6.072310541924219
6.058921052263678
6.027195417162944
5.999315739365699
5.988287095706167
5.971918443043324
5.967877370836552
5.953958196296309
5.934153368861307
5.9312065366749795
5.957397732018402
5.956279353544291
5.940372809563555
5.863671442193023
5.957946161028899
6.012909094425094
5.966022790515471
5.816130112525338
5.773954639027917
5.78783316339768
5.7787810762587295
5.771980052575199
5.667437188449202
5.519533981454685
5.487409249805322
5.661534492634661
5.562996345408201
5.570864926188751
5.807210259145436
5.8127438433787875
5.762854682212628
5.629539169923237
5.629678046904637
5.706848377603
5.694452537571105
5.803104586257084
5.917005290702637
6.044645401044299
6.212193053338973
6.278174153439757
6.294924324558239
6.284974521431651
6.287611729777452
6.2795636458133774
6.290495244199617
6.36462715699828
6.31214876995164
6.301978355701009
6.29452961731248
6.297388326543314
6.2778747708161555
6.295332956672745
6.295824170887399
6.296747426462332
6.319784949581354
6.32623448187008
6.280031850549805
6.26379996838341
6.242840462795762
6.112608058325022
6.032238161089795
6.192171374988503
6.224817834821434
6.281457528056367
6.248134487673661
6.273893057042334
6.537523447653171
6.713434127153927
6.664233635020609
6.514238945564785
6.327998909155642
6.24076438804831
6.25904280881382
6.258289162612095
6.285498293048849
6.324658088626847
6.213455234288245
6.313982056053375
6.341466432504709
6.41216560273797
6.395350904582719
6.41636745366208
6.319016841580817
6.300166586557691
6.31470011078238
6.340425515090056
6.314601139362644
6.266545274624607
6.271506603276122
6.271506603276122
6.262162970965862
6.248802073915608
6.197853756956193
6.192255714685723
6.173406328044186
6.168487564095432
6.202488467815075
6.136200985423473
5.9923951824469155
6.031038537061922
6.0186662435792195
6.042046723998582
6.044782378495358
6.049765391518171
6.049765391518171
5.9988140460668555
6.021116925164716
6.092433293975652
6.076474676165778
6.054608398829358
5.921327610709274
5.839173014071171
5.816127357017468
5.773092071488813
5.772220375720854
5.710449544019105
5.606985256229233
5.606985256229233
5.652616269932092
5.6255680907017735
5.635855670393894
5.795043077326864
5.8752109334138805
5.896043026310103
5.896043026310103
5.961426730565427
5.901611464032514
5.875886366089801
5.900876268940233
6.143367956009715
6.07744860302002
5.956729480525619
5.668119500971023
5.8274663104470195
6.195321755866114
6.2516539604323915
6.3440896359937256
6.267109048875167
6.17101563102258
6.154626577717124
6.166213377762725
6.1774085916507095
6.295753759445806
6.365048273850718
6.378115515452037
6.464191630486368
6.522102093011117
6.564686742879511
6.572032511335134
6.536618480664142
6.541601880408193
6.5367905633024534
6.438194377836072
6.388239101595368
6.518388017722479
6.5648877196748
6.5801136354297105
6.5777351396771815
6.579804550415384
6.797351659032362
6.893853820933179
6.9293071457541835
6.923606895752242
6.922962692872756
6.923192387577135
6.844568265914586
6.82078544297825
6.801208918179914
6.799014567958948
6.801709320139386
6.787149551708949
6.769270514717003
6.7586755998145085
6.6755073281313235
6.557240467632554
6.56574427328852
6.25839909196002
6.14095295789139
6.064951829522227
6.049602815480947
6.091532189653108
6.056447696444179
6.062586669460817
6.061955057959767
5.8970659680040045
6.048533575358906
5.976260717856024
6.346460929186912
6.572751328039119
6.625042273643467
6.742361527059195
6.607935116438341
6.728861537621799
6.7811916986618215
6.796123928669195
6.814740548173496
6.770906901361515
6.771133307423876
6.724786750919615
6.86282158151842
6.898907399702217
6.923352789245107
6.935980469436603
6.937143005042206
6.893628114311215
6.8586092599300335
6.8181957285603065
6.855112149586249
6.837479857799655
6.837479857799655
6.838513958632533
6.752815258864262
6.798933352105755
6.808952567690937
6.809841542656041
6.807346586516585
6.801026491867386
6.799930906998761
6.848916864801397
6.751586669271157
6.805977728520715
6.72987737973583
6.868016584851045
6.7539734166933165
6.6890547206912565
6.6625178615259255
6.608012982836065
6.710938138887587
6.701038105291597
6.73319903264726
6.631696097596979
6.614783044814017
6.580339597191926
6.579303926077591
6.592785091249373
6.644010300292438
6.695878547508161
6.674300676698646
6.550439246831086
6.483448129443621
6.49053669947147
6.482918965120728
6.318229805683235
6.023149962626698
6.0045968500601274
6.041258537050372
6.0399558796054125
6.115484935937951
6.188479214752119
6.236608714275411
6.186779692757776
6.1157392457025175
6.039088168343794
6.09096450672568
6.118723255438179
6.116387082777544
6.116387082777544
6.1159457421870576
6.071971414735086
5.967537072870851
5.951741690649217
5.9211858151495305
5.8996547696296595
5.929214062657377
5.985498923584065
5.987561673076613
5.957143280967816
5.894736080315386
5.89703124093573
5.759042616566924
5.732669667962737
5.736624901104743
5.8086874153456565
5.840006443422644
5.832463223991901
5.911547441960692
6.0261693049626475
6.101045150998557
6.322549271222566
6.284104338441001
6.381894531415652
6.534598782437909
6.5206054490287935
6.634901965263692
6.670431400780163
6.774066837020285
6.781505453434731
6.877379695694065
7.028946089689763
7.061919186025142
7.103590159730853
7.130684997416728
7.216136667443322
7.265163767053293
7.267001814159125
7.209675350614339
7.169977116707696
7.154619117442801
7.13647651675489
7.191408198442361
7.196375897068259
7.216663950527695
7.236854668828026
7.255766056934443
7.278519322056512
7.4048084903756966
7.409711189684791
7.413369440631973
7.417543676487318
7.370787361236111
7.364243531425682
7.368922118459591
7.340024933397365
7.35490806817903
7.317624144733043
7.276126032185259
7.1911578992404275
7.197100834832176
7.144810105992741
7.009657560524194
6.9686146188632065
6.924178914957714
6.9109812071017815
6.822103632485365
6.769638533401248
6.753015003939796
6.760689631502396
6.760689631502396
6.7366341723558065
6.7467912270435635
6.709560551551495
6.704852102094423
6.69839012631371
6.6954643068496
6.661157512113341
6.602093318875764
6.276755508308413
6.223995529193446
6.260259204893436
6.237845629756318
6.19730429321217
6.207505370947495
6.166872684019024
6.093917138064809
5.980784535035182
5.88532163073642
5.941231034126176
5.947159506929673
5.926616674027771
5.8995502567392375
5.893524610081135
5.893524610081135
5.841930138979068
5.849369321400043
5.842604488172377
5.8155769000146496
5.7686333080195
5.684342226177626
5.720038657249092
5.784681568554314
5.85801754906453
5.903856684217529
5.928839623508549
5.893117693324647
5.814724176973487
5.861911660348439
5.904383265275638
5.872611013957591
5.942546446787269
6.0247964193292045
6.109610129502783
6.240572330825835
6.290634527169178
6.406894112250646
6.470379334000519
6.501896174852379
6.5506283281800535
6.661733761047044
6.677402924408112
6.72926736184631
6.813170312756096
6.919596092546588
6.954286038286749
6.997988887489748
6.995882196989169
6.988972027757731
7.010419041568057
7.027555846939105
7.023484859921035
7.049151667612778
7.12439089014689
7.111736763292142
7.102052458626308
7.152395800455537
7.195232854128627
7.198702930871089
7.1973916274497665
7.2101067583768135
7.305158786932697
7.302430582615901
7.30775614706238
7.2686204402822545
7.2371791078631595
7.2007485256162775
7.187044595187928
7.165999542404604
7.173731147141771
7.156979933407737
7.0901436115080205
7.080127832391729
7.038558813034029
6.98531678993759
6.890974905982026
6.893556630432726
6.835253495858804
6.822283668330349
6.825455492910345
6.83638467123062
6.829384092755583
6.857897031657445
6.820346778667489
6.712408773293534
6.664008711120357
6.624062148080587
6.558967903901954
6.542534729653943
6.5373472735729745
6.577862232661308
6.505294911324698
6.308925365085879
6.287427045774765
6.203986616537144
6.257622289127396
6.302621733738746
6.337668239865195
6.292739314662573
6.287630505409808
6.281530775911872
6.265672462339058
6.351536434782533
6.440977440078796
6.450526629391899
6.5086631555112
6.511084614779629
6.482158733694355
6.497361955960896
6.488551521832897
6.466383900629469
6.409368155642176
6.422159480523666
6.314292860569583
6.298773158372986
6.3447582971645975
6.425528004709108
6.526511639101703
6.528308181967974
6.489975175567315
6.391270161158891
6.315484190414698
6.364714928470402
6.353695632340599
6.355788762947365
6.3509454007974275
6.348397110012732
6.363551926582041
6.34791384017663
6.415321882771588
6.393611951548671
6.394070494956636
6.426567140360707
6.448420764860029
6.405111928535285
6.469322802693493
6.393757898084506
6.37493447922957
6.374215318571769
6.354413480983434
6.3451803399706455
6.333373334012057
6.340361763730441
6.290264847374075
6.283721736107114
6.304572553115318
6.164088880318324
6.082195582727343
5.461332973076719
5.247602631949565
5.549233157446892
5.729173599686432
5.734582797822174
5.730016799663593
5.699029392022821
5.704441949295392
5.752921383946855
5.78354262159656
5.786595084347271
5.7890356425048894
5.775980578610008
5.774449889688887
5.783889214713573
5.774755841371563
5.746843820442661
5.683886601310761
5.648218252979873
5.886413267870003
5.893681666049159
5.934305151575709
5.992078815741662
6.044375865924206
6.050879116443329
6.166932570176845
6.3452756275059485
6.457531527979635
6.4175630151039424
6.359726340998172
6.331317149030366
6.351046622298643
6.300836208302196
6.3509285524427055
6.3364484584959735
6.373810392143462
6.469809771105871
6.396407628017465
6.403295210791238
6.284259038561984
6.244405994731604
6.312058378354878
6.31531083730326
6.329481085528892
6.343752423610808
6.497214592656457
6.519064377786125
6.616042343622054
6.684035440953316
6.695084038169424
6.741539752310372
6.7608350406011235
6.725485582567254
6.709419155096215
6.693274647778918
6.680110185678077
6.654201072531548
6.598843174593559
6.5413595226986265
6.5413595226986265
6.603145660797965
6.615975290100092
6.662225315859558
6.718098428871074
6.690887967300752
6.7654631028544525
6.7544114712509185
6.7701185947377605
6.715872040499729
6.700625337066384
6.6911433036723995
6.7470425081193905
6.7014360586833925
6.750998076236136
6.741263060567804
6.747727708365831
6.6502891906348705
6.652064001399265
6.576808343481813
6.490533414397464
6.482464994259513
6.445861737114286
6.428239682456621
6.428548269247887
6.425778341962007
6.434260603727518
6.436817965165707
6.452202377225935
6.524058592370244
6.541401494838855
6.575145877449412
6.438268766309931
6.397952898657195
5.870601838944794
5.654383243731716
5.877899769440442
5.9959008873202695
5.99665355336566
5.920329201588033
5.838929200079755
5.789295781109737
5.787565605777182
5.716406228173781
5.712514771136089
5.668066103392938
5.657579453288482
5.6232998796493145
5.5376165698376045
5.47597963159972
5.5913564280521415
5.711409218424993
5.799521416153663
5.896939395546133
5.903839031972501
5.976455115742943
5.97897328199834
6.050676270055604
6.131810822600123
6.27194005154067
6.387248043153639
6.461482549064882
6.434837578420297
6.413902871055891
6.411653533944189
6.402518442389682
6.4408536215025105
6.48446175016755
6.4496336578506535
6.466438052868287
6.56146803984238
6.601596527207642
6.643794622623053
6.661144448075871
6.691447547680546
6.688949770691957
6.690321043531468
6.710826073861101
6.719354990875836
6.810172707950291
6.791048364154094
6.803719692659302
6.75302103191157
6.69997219228998
6.641646502300164
6.651513607003146
6.62104690744719
6.606619711828887
6.598633637005467
6.50160336541072
6.402956319318913
6.350910259521544
6.328123485860164
6.37540699379969
6.371647359798327
6.395897039128288
6.421310105983046
6.400674950084561
6.4018868975046725
6.425825506290456
6.342444765968718
6.384350582068312
6.407529396080677
6.417602281738562
6.398619387488523
6.4634435993791275
6.46835491554004
6.533288939670126
6.505987804540676
6.519888480990454
6.486461988285294
6.549613334383336
6.432325518934346
6.432737642834037
6.4309190888767995
6.488232089458653
6.671607681444855
6.721751014151001
6.782178256991997
6.792429575110808
6.8195057944909765
6.819543889782072
6.826032341070763
6.807851869366137
6.775233832990859
6.756626685031074
6.731138027865793
6.7073722533946185
6.691856713063423
6.633513321414227
6.627098631601918
6.62401693762448
6.537966080826666
6.507579603801709
6.460777825030048
6.464711918511914
6.32569773369294
6.331863632405233
6.272834861130811
6.265654489728587
6.205389548357782
6.071942020579577
6.036825408714583
6.200117842567833
6.3305808441643014
6.490039851073335
6.375075215224681
6.403355343865043
6.526752162628439
6.606687074867781
6.690946484148711
6.786025624564057
6.820335330305981
6.827484761717891
6.827286948000648
6.825822820264968
6.856390718455228
6.895996758612783
6.914559867517238
6.945777819109103
6.940089090664615
6.951905360777
7.001202644224919
7.008698888162908
7.030288046359551
7.032665140690974
7.089322632160001
7.129095679669898
7.1205072898097646
7.104107704086277
7.131273966876185
7.145693223949654
7.145484916435273
7.088319257195743
7.10634057933505
7.096983688004927
6.995033250773294
6.950916609994397
6.862194927698134
6.717860819614232
6.6179211538156
6.607527992378617
6.539158447304974
6.4902082915322525
6.571705813863551
6.626374337299621
6.669666430097985
6.696731396269004
6.726819215009275
6.7351889259344455
6.713153071700362
6.7473428329959635
6.713374272384641
6.639948367109191
6.639426273479961
6.65692103033144
6.727144805748721
6.673333516249956
6.67321883433085
6.6534219752519075
6.662320179008511
6.599002395674971
6.564945023906597
6.553614596069561
6.521570481959541
6.39435303578118
6.355552593199351
6.359060925049232
6.3789321237787915
6.509098098739257
6.567137972826214
6.617660612929995
6.603046709745434
6.634640991193193
6.638614755296394
6.601006804097084
6.568879771411866
6.5386883568691365
6.505926717671972
6.471045703259018
6.472384612975653
6.518170579962756
6.521639401863231
6.563277356427199
6.58315754053752
6.61477250307333
6.581609730231655
6.516795434083841
6.564245289948419
6.536769636033995
6.5608319131049235
6.5973153121675185
6.6147579783632295
6.651184450763638
6.680656826749897
6.86064404227708
6.8865384853328155
6.8515477880549005
6.920668537860197
6.944470798328984
6.909570257819946
6.892667452971309
6.907864894707337
6.902365540305005
6.868976094782977
6.869657353328476
6.874640166199973
6.890044388656288
6.891522532251999
6.891522532251999
6.891682828450103
6.860283192396215
6.8226128332932685
6.782502997149872
6.764674537844004
6.75652702925238
6.728135972926231
6.803080384402789
6.856520911225459
6.763024616059149
6.689365098430792
6.651481861333909
6.614122799716906
6.630793808167314
6.629252515565009
6.652981025439949
6.523144657495493
6.480576680616009
6.508844038230444
6.414444468558754
6.366242213829286
6.376009149374004
6.332657635855896
6.380010132515465
6.437205591773187
6.500395715156117
6.50338559854227
6.501352161424883
6.388269256007452
6.383662460609897
6.391421587311386
6.453116496112556
6.461509770355532
6.46378657499302
6.501226523130154
6.491305952866187
6.5152620054842
6.48237119616549
6.428120227702185
6.419813318314171
6.3861744213108524
6.403594260593655
6.421618036294669
6.437442698864045
6.40537646545002
6.463180088659297
6.446188291699212
6.4593819446824785
6.462179856842116
6.4825797908540235
6.455601145596512
6.435238398794795
6.405097824174975
6.4328124913295115
6.357311758529308
6.338161617464799
6.308975261219765
6.301977929881221
6.285235612050673
6.228224533951229
6.230127514370151
6.22233910860988
6.239360709903059
6.252368197726043
6.231835686758758
6.159983023728799
6.22490372259933
6.17418055131019
6.178483010767207
6.103161773929969
5.967324086029684
5.9966795774432535
5.995179419458187
6.136252966393579
6.118251561444659
6.117199209533723
6.1007358711158775
6.245715703315354
6.339934650709894
6.33445386035805
6.292023473905354
6.277262353448516
6.284479334252918
6.306291474721891
6.240165324393256
6.211509227134739
6.155873472612153
6.0693205724207715
6.059265319393928
6.184782542102026
6.227445469017774
6.223031983654752
6.228882971254959
6.212079479711605
6.210740060425488
6.218205054368504
6.222263422435119
6.182135129325791
6.173430064173725
6.193886592031615
6.251060345399891
6.229235225475756
6.145882778661419
6.088489644392359
6.0638056128602935
6.143735392577141
6.1992166736628915
6.1992166736628915
6.151358613920668
6.070632662319883
6.087803417150311
6.212508372496009
6.242530226497186
6.226531567827389
6.218206803955703
6.347029701000697
6.464132678254291
6.487443020678332
6.56495369132045
6.562879142639989
6.536995884044979
6.628807850020998
6.629365204772626
6.641463596941565
6.657929991220995
6.6287344435570805
6.634384660243556
6.6423146029840385
6.670782140643629
6.743265705410844
6.730045456448492
6.677287177307563
6.627259865630592
6.630100120589884
6.635506356642725
6.61960228311762
6.579462622758868
6.584128164881133
6.586187310256898
6.5617512120965085
6.603336964970059
6.583819707375954
6.523794611266361
6.49440501960603
6.491392500627659
6.474145021747427
6.415319172930135
6.342545962842603
6.347540653700455
6.265755368047096
6.253565534199669
6.204081983330813
6.0843308697236385
6.083346190521135
6.0511926159063885
6.041386370525561
6.044183076046588
6.000738139409185
5.951029427456396
5.998999298959452
5.904927722173405
5.822815302284627
5.748371486041677
5.657283187537548
5.644560661734002
5.618355370034455
5.717263475686074
5.717263475686074
5.663492470112765
5.655383368791722
5.785191662095906
5.7706789284258395
5.820137412126882
5.820137412126882
5.820137412126882
5.830995018982524
5.830629209051455
5.606340664559727
5.519848709501013
5.396160290320239
5.3925965647110115
5.384011935248287
5.512311883476206
5.527177094793507
5.571075088096551
5.552366669917433
5.604996451544461
5.610320064116307
5.661882531140328
5.815268964739464
5.822744071504775
5.91960681376559
5.907534335862213
5.925704288970552
5.890111618411064
5.890111618411064
5.903275775138833
5.914532964473526
6.051842257573061
6.112609054645978
6.126561245069537
6.091669405871677
6.059870158553317
6.059884750836191
6.096746027200165
6.096746027200165
6.041353257245019
6.043596007619388
5.9450007517547885
6.02439144806519
6.02439144806519
6.079389901911869
6.080470588652494
6.051901257979512
6.120235031998363
6.10716687749025
6.143446938998009
6.174374866216012
6.17681505212387
6.147904816733909
5.954783036645836
5.832267052786592
5.69058489932318
5.711332577228978
6.126354915358234
6.259102388951151
6.394991846862981
6.607503901986439
6.6019144579323354
6.5516979423261725
6.549557983160467
6.544240056205227
6.523922528148997
6.560795583545337
6.564264728544088
6.551157711043445
6.554752425146506
6.57332837927408
6.581309681113327
6.6527440216479095
6.604066775428909
6.616177092431852
6.594391009434912
6.600115113690366
6.61504944349156
6.562290902713472
6.568046476971977
6.541680466126421
6.498800998180203
6.501180468010559
6.483852109956241
6.4898240487538645
6.48848158197463
6.446599458800895
6.457948019434657
6.3307412851800375
6.242528407468884
6.135434402818679
5.572408244178543
5.381005161540361
5.385734541223138
5.523189061042904
5.519852501981462
5.539258689127274
5.489421191026791
5.44424061885255
5.403304220678769
5.4004218817797005
5.700023890033445
5.694037462818101
5.579432413896416
5.5871156969209075
5.557089369015402
5.595078790211805
5.6117908070190925
5.550553954945759
5.549523832575458
5.547585297924313
5.881317757152388
5.890273636571054
5.885943614689152
5.899182522146607
6.018698574770795
6.076429268124332
6.224621093716467
6.186643694511589
6.290281231778751
6.3047854304121245
6.313115817370769
6.2455764360916275
6.239862111423057
6.247399792679592
6.253742228249418
6.257589370962112
6.2637788617119945
6.231388761779031
6.24485143912151
6.250777511373926
6.275648452287461
6.209537239319852
6.223812991440858
6.155227022517934
6.130517979643726
6.122399831662009
6.066677321036615
6.048169692838322
6.0294507354647155
6.013936137500962
6.0122618734674225
5.898282536648444
5.892829419827456
5.889675444457529
5.866281414892061
5.6995438675941426
5.606044390363673
5.553204986492035
5.603549472055011
5.7122848057261635
5.794215951578781
5.864968212631677
6.078403332037781
6.096462480137067
6.09874157279344
6.069920866927838
6.100740474972526
6.092030933552291
6.061071506013603
6.07000191933001
6.084955884659724
6.099970674452297
6.080230711688167
6.100591023271762
6.088004994584351
6.091733071473503
6.088070574200499
6.093299432756936
6.102320110017828
6.129354316150927
6.138812174567813
6.1391158088622175
6.13987366951487
6.139934093913549
6.139934093913549
6.139934093913549
6.139631721659044
6.130120706788733
5.9163367988242515
5.751133144770777
5.632348400445147
5.593307207125315
5.528956388874848
5.061387689105726
4.964699172407529
4.992273819772709
4.982139836572836
4.926707434522574
4.942808720153755
5.2978228514047165
5.264859528314882
5.209935966843546
5.201299794636914
5.427554625390702
5.477779057862593
5.467747653902656
5.463535614120036
5.496390456317309
5.470058571085505
5.482386851491328
5.458039562593514
5.478315533708971
5.531775966248814
5.826699933834932
6.00909825811028
6.123606162099258
6.180545994958698
6.223968987803843
6.221866574943568
6.340442921595935
6.3590337439394045
6.449114659519475
6.486971132237987
6.542690217782055
6.588434970724913
6.592063854373758
6.581201323047184
6.597745728876493
6.581970123215997
6.667709341126081
6.627773617666342
6.617053278862125
6.617053278862125
6.597043435911272
6.547246525942032
6.468932248283329
6.472338362593538
6.456448472643454
6.435847409619032
6.4293012746254155
6.442589604346998
6.44410465542266
6.466453989676259
6.388285385633614
6.2647324642203195
6.178703615876068
6.093200855258917
6.022680424733907
6.082772909953816
6.077386011322631
6.0958309532007195
6.098627721259267
5.907702812418715
5.8638407301750615
5.786721072629992
5.74775172081467
5.739044085264374
5.756298753442875
5.72098868298566
5.74697993065436
5.595660174225468
5.564173267179501
5.602587567599904
5.753850699777932
5.7997827231948955
5.817031063497255
5.820631786472324
5.832317016475271
5.840984791386038
5.834820505654222
5.834820505654222
5.835724305250721
5.85168732132203
5.816303422838341
5.8126595897679225
5.8126595897679225
5.812241005543473
5.828332995507463
5.84575397245907
5.748543049625879
5.731027881488625
5.486359707357329
5.395287782115612
5.3565104559179195
5.3751650574247485
5.470337045791602
5.361757904344246
5.39196105406595
5.429134230540077
5.397678003995236
5.355626621845477
5.320294926157383
5.659442022605939
5.630411272720138
5.42936124739734
5.451730762456818
5.458321251428868
5.49606539160771
5.424623481610498
5.723775721893023
5.786094045056648
5.912883380530771
5.967731682456493
5.948996822708263
5.954198199303833
5.9574239454865054
5.997091140239075
6.146022949249539
6.225617667261217
6.370644189337685
6.406658767176538
6.405941164840651
6.387460402430374
6.426443609048476
6.421446487991627
6.4725332475808885
6.5489940398875
6.604589732005993
6.611041483808659
6.627669823113551
6.570910095547648
6.461574381199213
6.50497557645146
6.405192712205074
6.270158255040299
6.264473445011161
6.248343305401041
5.82763993736298
5.810205537369568
5.805596557329832
6.257586469571156
6.408111437170861
6.480660519312827
6.49037804055357
6.512037911514336
6.541424597211222
6.544735534442931
6.536763435462538
6.51774280102015
6.452629891385372
6.379271996304908
6.433087019432117
6.436215566995095
6.419162374387332
6.3628837113393795
6.364034616703149
6.292615683766012
6.274031741916038
6.1470182928912775
6.104726825025998
6.062049483214732
6.362179843455779
6.372914165737837
6.251981023646265
6.260620636064447
6.342669003704198
6.424544962127201
6.443669967466521
6.461832270025894
6.490926150091989
6.54959429145638
6.564223098653945
6.551063340321325
6.488884411145109
6.461486276391756
6.446094374079858
6.424659655441835
6.443138355276565
6.438919228715795
6.345996328259811
6.379456399230738
6.277308583670473
6.2460709629971385
6.3161928740316355
6.424921172375581
6.428909846491861
6.428338886979435
6.442672747094485
6.37911234265411
6.414371472194918
6.419441785525903
6.41300918346294
6.137539652057003
6.131677089290662
6.046601319795775
6.106287309666979
6.072298474459239
5.930967821890454
5.992586511890588
6.00093390168397
6.008324865749188
5.902181782591925
6.261564166431898
6.34871949399562
6.508505292273104
6.603675235513252
6.599655343848647
6.597051121045674
6.567605762059945
6.614058207364523
6.618029311691359
6.635119205938654
6.710035028454843
6.717899905619315
6.67897207059814
6.619341778088362
6.721583941726831
6.761256294926262
6.784665358102786
6.822433232692425
6.843765557259176
6.8651721651930915
6.884300498607683
6.873860451581048
6.887392811606944
6.901997178656697
6.870547203700008
6.838868258914262
6.812567220250381
6.785978704704208
6.767583107646629
6.75577302156489
6.747146340360198
6.559794706912709
6.503405234173862
6.449381877539583
6.371249597885803
6.376957598353622
6.40513636352498
6.414708069359041
6.355963254672733
6.382563621038179
6.280511519191729
6.251389482145549
6.297899014027377
6.2908837129397
6.28239950094707
6.106925761830906
5.958167690110442
5.823938359196291
5.870864849694208
5.7549784867981915
5.762057272012314
5.754133584401392
6.059992131695799
6.034057027163648
5.982706783403061
5.9835792906731005
5.990350568027384
5.990350568027384
6.040622230190032
6.067163499351736
6.05703045459291
6.070846145955768
6.140476278585074
6.094387292074076
6.060885253318528
6.086806648091675
6.086380389966437
6.003241817097659
6.074621545631629
6.157878394762761
6.077080541818827
6.106481172241015
6.130605108684053
5.959752869112611
5.972633219321106
5.96813862869488
5.972022108957736
5.982261252684808
5.985999476676639
5.9149007887629015
5.866140784298652
5.845480379085709
5.826714753479872
5.5997460709364315
5.563594715152425
5.588924204314458
5.785657355530139
5.852191598237365
5.888800843331349
5.9453030145715875
5.991403379992872
6.027551938156983
6.049683046761045
6.283649863563213
6.463266179249158
6.551098984338658
6.5259142807848
6.529995854163309
6.5289953625309005
6.571403623382222
6.543147245335688
6.545476442584145
6.559757933600294
6.533502739708157
6.54496435161896
6.627800648199219
6.760702389270512
6.837607247273274
6.8368117472959575
6.834252052066269
6.942684654869973
6.997195668340496
7.032024154416707
7.039998067722462
7.048976023457449
7.098465005705458
7.1206335801704475
7.067763732582464
7.032765725357557
7.0102191012030435
6.97889572564514
6.933224752848562
6.929162800770235
6.92857103248628
6.782386267873572
6.694446872390355
6.629696670474148
6.633563977176673
6.644793612797315
6.69183071882919
6.613671978168406
6.553451289671345
6.583913142149431
6.51285216964365
6.516227297886639
6.570537583430065
6.462162985180349
6.258296035379758
6.056624602814096
6.057653948522646
6.057653948522646
6.033961380896468
5.991489069494995
5.90545349221802
5.853336149800385
5.841160109847615
5.853376329484122
5.820209175934745
5.826062471732946
5.811605365519497
5.824470870777448
5.81901975632795
5.856075812737998
5.85136991862034
5.812396816722685
5.806939250716767
5.768577321674297
5.787721254184154
5.775579690788969
5.6359873942229495
5.541391325892352
5.552066714794501
5.598782176363624
5.470512966795801
5.471797635478764
5.580333581651996
5.779452384439204
5.89403061990706
5.8439982914449935
5.817482110659388
5.806218179147077
5.806218179147077
5.767295101010178
5.720207911909847
5.612377467107857
5.843721852882459
5.856206413059738
5.799036213570493
5.776982842566524
5.8926961132956786
5.911399479452729
5.9198279186939216
5.931181430258393
6.028796576319523
6.063050739402072
6.174801177828805
6.338580737066856
6.475432774543721
6.590942465525928
6.599920150728189
6.637853766756692
6.694461398683242
6.770402244142072
6.730657544541097
6.732717288468899
6.738048926486361
6.6967654535336685
6.640739253731093
6.643690912122944
6.705969185019566
6.836639739248003
6.837000140724366
6.837000140724366
6.8449133984766375
6.8455113346370995
6.8606263878890825
6.744674154508578
6.688130487543211
6.839637892460463
6.904977388932205
6.869635365607406
6.870414548021975
6.936162572723336
6.954597192478368
7.031399294184622
7.057288255264482
7.019986203203537
6.981114729753695
6.996207931067658
6.913914800062336
6.910119668140053
6.918162665699904
6.964827511791229
6.924958067927199
7.0048232780731166
7.043119254965232
7.059046622793194
7.096076100759137
7.110544007679721
7.027229227451599
6.818183716804645
6.565847141727714
6.56144290434063
6.583530924998682
6.602297302886019
6.6588050599651885
6.550380470503221
6.500840466238192
6.476279699914526
6.494139719098289
6.472828198790309
6.466645876422723
6.463086328609188
6.442880451344725
6.437083463053746
6.415275150292465
6.400164247638885
6.365775532601193
6.379969082283628
6.344198986890307
6.354067641332597
6.346770708772769
6.188690790918544
5.998347474456778
5.973171298828621
5.9003305214358965
5.799157510706878
5.828984304421827
6.002320939486409
6.272187122128931
6.351624027701105
6.309991898748207
6.329666399579839
6.344564345167444
6.340108778321237
6.304514811200145
6.109818288453266
6.097002908770013
6.315885669124798
6.373331599444987
6.356323233105441
6.360601675665912
6.427154835127282
6.435197619387613
6.424917876540992
6.4276385658252435
6.348879334383904
6.346632241005224
6.359356226540309
6.222610252121693
6.21879498652271
6.203827307037165
6.123683824374997
6.147777301570382
6.179275286054829
6.1859869888492325
6.143762446933637
6.11057394201494
6.238047782242133
6.226309178087609
6.371032829752567
6.369404314975223
6.4225170047229145
6.35904734571736
6.545352872328198
6.508606924572646
6.506871961531515
6.506871961531515
6.522398755234457
6.455344213046117
6.410433602011645
6.556743800177037
6.6161906372322745
6.574781433529178
6.576687697028041
6.670817319780238
6.663655122690025
6.730982467785442
6.746534368935357
6.733917017040899
6.731825675966514
6.79816007732151
6.711880691005465
6.7266699047100555
6.719079639773888
6.708246540957182
6.731607758661373
6.831025848036663
6.868997161361402
6.8473289503047825
6.89959072203417
6.795793431079258
6.787113126867712
6.711883356860428
6.745647336223412
6.1121250848741635
6.133758184235502
6.160239175198313
6.190270129411478
6.193223770387439
6.745232309104261
6.875296734996534
6.867216362401582
6.936676557370251
7.041521226692355
7.105884982941956
7.051321738743737
7.046293451184673
7.088388759385027
7.082354614320085
7.082139781378294
7.092703762034687
7.036474472420688
7.039006396141007
7.037060381455597
7.027375094355644
7.006693064012009
6.988494980505459
6.928812617353424
6.902376972405086
6.875634514689971
6.801165294619077
6.750421933850876
6.735707556375574
6.720773271679457
6.696551841902293
6.671160361682591
6.641980876351045
6.578477581528268
6.48558987656944
6.558377150281157
6.459605257264642
6.39081576051665
6.359062594251136
6.277735127749179
6.2212019210216924
6.207320965727485
6.194171274140876
6.204589190007667
6.070174885329664
6.07288195560905
6.07288195560905
5.920954093301855
5.924286330960042
5.861417863000385
5.783491855236593
5.78099974395329
5.784144278939452
5.777498662453069
5.732541361744545
5.682291754916497
5.8598080064712015
5.927771685817867
6.240509984581468
6.278223882380669
6.326083128561069
6.305704360624196
6.459686017923085
6.411627921245197
6.404419026578835
6.343493820524538
6.231989228950095
6.227507823496731
6.2213369934669185
6.169900263495351
6.2246820300285215
6.257046990518771
6.21256863078067
6.25140949294557
6.254271014361226
6.413402114352725
6.4899646643387054
6.590006787869342
6.611593319767785
6.639888864432597
6.674946169462343
6.675260689154545
6.674669532285476
6.696161435251393
6.733256715148844
6.748682315346309
6.751159376314338
6.705584371412606
6.691282809232321
6.520147158610455
6.494870394671628
6.4449695906749636
6.462043008147655
5.9657520073083825
5.987140782186101
6.00974998481168
6.027525716537425
6.032462394308314
6.479927600596939
6.5781646798986415
6.5774912238062315
6.605602282515955
6.671988388575928
6.728586993418455
6.700918477859584
6.710625236441683
6.700433952806638
6.6540412375427165
6.499186577039852
6.544637570056573
6.521869045399946
6.479910848743059
6.475404667482797
6.474225976906969
6.451153844264916
6.404913913504147
6.382253385944184
6.532392061741855
6.537058036483995
6.507534661440076
6.501278902634772
6.505664407298074
6.477833172379326
6.393013314434752
6.330692591109522
6.271994113580465
6.174926975000595
6.165526924073887
6.192737796303829
6.118327725362462
6.09177130804588
6.1480590885126505
6.139601834222803
6.10606363440744
6.090707823694221
6.081812311112536
6.020724309055348
5.860872717538404
5.872332278630017
5.598184551544902
4.609832038522011
4.30869919574342
4.668452620766328
5.115774407405979
5.1160648732663665
5.062362785965364
5.034347107899693
5.034347107899693
4.765846913489564
4.904858270272853
4.947577196378041
4.988596431530015
5.143376482398406
5.8076271273804245
6.07644025518428
6.199202700671596
6.3535113244894745
6.4606064874344415
6.464469066780968
6.366450788371021
6.369269123898596
6.374947669679337
6.3332926292774445
6.385603681486818
6.3968710625741085
6.384370055058525
6.385200198027779
6.388707582046153
6.415406442200213
6.458778825272235
6.499066133260994
6.492342762689752
6.5421775604717425
6.56398541390823
6.546294142338854
6.561745067178014
6.583388193028496
6.613117871684051
6.625743444763613
6.6279863448929195
6.607325703227063
6.568702384188372
6.558394611198079
6.596426453170535
6.518731598540241
6.547276628354724
6.631673728733042
6.628651760206596
6.575200474584178
6.568669779354113
6.590048665656271
6.629930423143066
6.632076314620935
6.608511567951743
6.570913496078913
6.614274419398699
6.604475247560551
6.6273378868314845
6.662629159264982
6.638830454286809
6.633132421259883
6.6184193476860465
6.681971975442878
6.704108698241251
6.692129766923084
6.689954647757785
6.726605925881714
6.751113512848825
6.810355369244472
6.819604199364359
6.83365543814758
6.841020447655452
6.846271990848158
6.834098140317565
6.745547465548664
6.6986680649344015
6.624114502200275
6.541015153600166
6.444598389741288
6.3757360815961475
6.337941313180014
6.3000926660230965
6.271253312331834
6.264485747199446
6.264485747199446
6.2629540915738
6.20207308834925
6.18831476261187
6.174466029301643
6.095680210221415
5.990041706102388
5.928480605177013
5.720590912609466
5.01513931790733
4.754241131092848
4.97148798082385
5.29007622690165
5.234780788097052
5.255748741678392
5.022499519463392
5.0108465886802005
5.07028133793264
5.239489158652492
5.2389409081626415
5.245625735908348
5.355741584454202
5.841252601572285
5.878098511032288
5.697182033227129
5.819630197198444
5.918021778439144
6.046663606492426
6.0566061574598855
6.08128814628414
6.09566711357748
6.130587975369084
6.162254577455479
6.171871250158091
6.178244130582572
6.169074368316369
6.173454912916916
6.173540115834513
6.191798049518169
6.192638464711548
6.23452100442568
6.402576390731703
6.4414063537708905
6.435042258032188
6.441690653466682
6.331726721797064
6.3332188536790675
6.369223794404856
6.270632729204207
6.2607247342041
6.196957482032049
6.246450058127737
6.366976968132365
6.330132461750149
6.386342793499578
6.267689984616342
6.271605844766555
6.237925674773626
6.295599054657547
6.301223098893103
6.374811170130688
6.351224922328291
6.315322297836272
6.399082308678018
6.531013944500961
6.518471139448728
6.508729531782067
6.510370622572266
6.5369328161800775
6.581834976338742
6.610745690686642
6.586508451898623
6.561916498201726
6.553846756779488
6.552561337880631
6.574581835310212
6.646826570730953
6.654915073693653
6.619405306766915
6.655459648367723
6.70202812994119
6.727964970018201
6.700625183306704
6.608610552003802
6.603417247618993
6.564603692569263
6.525528043014375
6.486716347051411
6.477517474820118
6.422129064937811
6.426114061216467
6.336843049380424
6.348851878805331
6.321228111586783
6.171171101162566
5.886974982763219
5.905760004622605
5.885592018518612
5.854227849686498
6.042141518102833
6.03934605331405
6.006603749342885
6.120079593040028
6.120391182362856
6.1269402067688725
6.129926849074872
6.057763731519165
6.015070031246852
5.985475740731893
5.986168888081258
5.997221867819799
6.187745218679337
6.282548651119544
6.287628231578581
6.324982563556677
6.303470899171344
6.3396307128313865
6.403857694493452
6.410527360728601
6.4068912252183585
6.407736602958957
6.537194939433579
6.519611337274715
6.532566422134872
6.6199846220597065
6.686897453104691
6.712030830023354
6.690217887807093
6.72551799444132
6.7339630451580295
6.690609806835323
6.678762171628737
6.6785713039757235
6.647245054220658
6.679626098133114
6.690064696258176
6.715409105594983


