Rainfall Prediction

913.2422492335505
976.2540505334875
926.028961509169
1139.6798769811583
1199.3897022657557
1284.2928348416788
1260.5895741568704
1166.5793021167733
1145.7859449328128
1077.825685871377
1056.092773959554
1041.4193876223771
1007.2981038928185
1011.6298128818567
992.1753597135382
954.203492670187
930.6912887113118
928.6750541364245
819.9369286640268
491.6308604719287
559.4118947536748
538.33003448648
415.3876782584014
499.02333491309815
398.9520324614448
424.75178391921577
513.0125711454223
461.587631336688
387.47758676273554
512.421015052606
401.08958069949585
452.2841578493359
469.2802222361585
407.6202202042409
451.8630264187571
380.66203219421624
240.79644093210655
292.0737160121211
294.6254744921467
275.94152311718517
303.4295446102432
301.8503403078822
41.67444395615237
0.0
0.0
97.16927923264541
204.6030949546491
100.15482065207658
164.00047663852348
0.0
0.0
186.41910354235608
55.79528550930712
0.0
13.165271152809538
194.59369605735185
0.0
0.0
0.0
165.2395148718868
0.0
0.0
0.0
170.90486966749435
0.0
0.0
0.0
125.58203130263396
125.58203130263396
0.0
0.0
0.0
0.0
158.592297608839
77.85913525539237
180.81924055980755
201.12009524406793
131.8066558456601
127.7254327890106
51.59095271685038
30.94730071663946
145.90121353953091
0.0
197.62547008735027
261.526339280415
72.59284275293453
289.87732037525285
137.77513057739563
261.85521047998384
192.87324697406623
350.779884428034
252.5698161044188
251.03868132842982
0.0
370.6086262126604
298.4659186191117
368.1742335892954
365.0226359459933
431.65874495526066
352.959322006837
469.5080659750713
466.6116612218127
457.135807765439
429.1477471572253
386.5152799424187
408.4243629874258
413.71350515872973
349.2959042303837
329.8658207035676
351.7955103175372
319.7981776183343
323.8694491488981
24.588985200384684
310.1555333824174
304.2313479659381
264.2677399811745
280.938353217433
254.07905165067672
282.22300928867776
306.6999750296075
281.1022096198557
118.07137724609777
117.91313313479405
182.2697002761057
145.38072893314632
65.36264850474555
43.260313498107024
0.0
151.02625349078946
0.0
37.213347556373435
91.76962969074836
128.45570420727668
152.96914925424375
0.0
0.0
155.3251439795736
6.066212676749586
0.0
0.0
234.1190677587092
275.24182048660003
0.0
0.0
292.9949965986826
255.34457669716477
169.93598750421862
267.85972522802695
162.99320890822645
257.2665579181431
0.0
311.59451375841513
99.87413134834998
389.4931421980189
437.17654506104907
141.74556102565924
416.84751942155947
424.9016096705661
351.53189807731485
331.48922301966957
252.94145264201984
0.0
406.92734896664683
0.0
0.0
121.19553516511434
105.60040614742832
101.79696758057395
0.0
0.0
119.3384607135697
0.0
0.0
0.0
0.0
0.0
0.0
0.0
0.0
7.357597414636899
15.51406909132399
63.695258119625606
183.17980505797738
66.47175389881227
0.0
0.0
0.0
30.68733847620755
0.0
0.0
0.0
36.82480617144906
0.0
0.0
0.0
0.0
0.0
0.0
0.0
0.0
0.0
0.0
36.3526932718151
0.0
0.0
0.0
0.0
0.0
0.0
0.0
0.0
0.0
166.18374067115474
0.0
0.0
81.47289116504196
57.26084545224157
0.0
0.0
58.27293031472567
19.361196345994756
123.73685912330902
181.65584229685584
218.52036803482216
0.0
39.89285135559555
138.4743160254197
281.2353346910032
213.39652634375773
236.5392994566238
0.0
381.9704528353686
343.6261819846364
358.19902035387264
370.5295784485212
330.6067165685547
384.7142874601354
121.07561877621004
358.80089293028567
378.24756089172365
385.17665385698973
13.114452612632476
312.2443793978483
182.20267244050945
185.38074543181733
114.5393216947727
93.55077234419886
5.893762352960209
236.7848801667982
325.2857878478
134.55131986176775
0.0
414.04301297898496
166.73527097320456
195.3322210502432
0.0
102.32498955743085
0.0
122.05547497979182
0.0
165.8084663976344
250.7481508807204
223.7049801294923
332.86182460127816
359.3377701506804
205.2719270829593
153.9599898283318
144.83170260028925
217.11578124532758
240.57782469919772
495.05587367108023
498.33332387326504
489.51083224115894
481.68535327997245
484.38071885749366
494.1219547697219
498.6812379017664
456.2617784215789
496.16734419940957
439.43480254375606
424.1629807329528
354.9212535659432
336.99212348703344
277.0828805305154
157.86653274529172
71.98348100002838
192.6882062438045
174.22670080137055
137.02911561260925
141.20672588072426
132.41083513642894
105.04561674561528
0.0
0.0
1.3444825681718697
0.0
0.0
0.0
38.91968326296494
10.361902960855616
4.8220608472859965
35.06594443872996
0.0
0.0
77.25709122632475
300.73591706683396
270.1461891613976
75.1518369242919
104.13001410176935
293.65422357232455
206.27743173793195
156.16369342420415
252.0041489352579
230.43755053815616
265.1979310483316
266.65135648884564
227.66265911168435
324.61691232921913
330.9084389208249
389.79977838041975
403.41402884470267
407.73406987917673
421.5869579037564
418.2350369883032
409.5566394658408
428.0861914433957
343.1499624910384
0.0
0.0
0.0
0.0
0.0
309.70606215987925
0.0
222.36517572759624
0.0
0.0
122.70829182524184
0.0
109.26487332785581
139.29486370837932
87.0791908570711
0.0
0.0
0.0
271.9370301891623
255.1574545629611
241.37922039844767
125.50180614157011
250.21983680600002
74.13211337358874
38.950119862541555
133.7216380558847
0.0
44.50627949696843
3.936555910736871
0.0
0.0
168.54430516932453
0.0
0.0
0.0
0.0
0.0
0.0
35.96107469309948


