Rainfall Prediction

1232.2092544327218
1211.2092544327218
1184.1982384792861
1144.1957836789352
1167.1687037722877
1270.5893910864286
1471.064326354924
1298.3334226386303
1229.058989853713
1348.494415484571
1294.190618602654
1200.681802739406
1132.8778982186766
1115.375435946707
1091.417523038318
1009.5669293850078
958.678227030263
977.5185686353038
1051.1396676467202
998.5296109240643
1039.531648300701
1069.003011080876
967.4531650700768
971.9618441383171
972.5050682307401
974.8265266046066
977.836725700564
997.1703247426374
1040.2647752865073
1108.2182492484064
1136.205434169434
1137.5980167110324
1236.3364176487726
1211.413500898826
1217.3298959402355
1231.4398333224121
1127.5041945016299
923.6256117938806
922.8520187291654
919.9865839021498
868.0332228494209
996.0612676414282
1145.0560111154618
1231.0561584768038
1321.9094838566082
1330.9111008374607
1325.8794658163836
1446.687282117538
1646.5519127875207
1592.5712921583781
1682.4060370419713
1771.2087655143814
1730.0621384492997
1742.9447652150986
1947.4631654407865
2325.1562624412522
2482.383588702465
2490.157747349617
2465.9393542156954
2446.350917989225
2342.2781586349424
2378.6636017289757
2404.209254432722
2459.209254432722
2536.209254432722
2602.209254432722
2641.209254432722
2662.209254432722
2693.209254432722
2693.209254432722
2684.209254432722
2599.209254432722
2471.209254432722
2302.209254432722
2150.209254432722
2062.209254432722
2085.209254432722
2201.209254432722
2083.209254432722
1947.2092544327218
2011.2092544327218
1932.2092544327218
1800.2092544327218
1822.8984227672208
1808.8427944762998
1605.094263766343
1262.1855053394463
1103.6030729857077
1092.8273834262257
1091.8200363556286
1061.878669124375
1061.8880864982707
997.9845139830758
969.8152453035017
826.1450901724337
763.1459251546145
691.2253572875298
592.4139352125516
571.4587555845172
543.4665773097224
543.4406696090344
543.3531251076759
543.2766510033396
528.1811822433948
526.8080636130679
519.5474974459506
514.7356941309168
482.82414880300206
367.04496879117187
355.3604710719951
265.23262263922356
169.3261123879031
143.1044879948335
151.9196122458066
189.5784935129356
286.02801771552026
328.63311229932157
304.729772787973
313.50683458249614
312.8430692149675
333.9937325882139
335.9312954553637
337.3360957690857
354.2459618777427
751.5830732736905
873.2092544327219
914.2092544327219
1047.2092544327218
1246.2092544327218
1280.872693526834
1303.426465653543
1323.2376715822434
1323.8214179674355
1325.155226596864
1350.645534443314
1384.8048572054886
1386.7954861199587
1524.026094178532
1527.963273380729
1603.439127093624
1720.2092544327218
1723.2092544327218
1723.2092544327218
1743.2092544327218
1734.2092544327218
1696.8693314883938
1605.7025142290659
1561.4697526981452
1550.5882691156198
1539.739963018927
1540.121842107417
1519.3276889262665
1518.1982431742924
1561.0560805850557
1804.725674999624
1516.042819041514
1407.1343719466977
1672.8762153125704
1771.7883252396884
1574.8230064066333
1597.4072079446498
1747.00859473771
1732.120865126539
1940.8579923238565
1977.8102474759487
1953.8405567039858
2066.40782224083
2284.49801321637
2193.414384189851
2265.8751756251045
2232.189905935194
2262.420358332087
2347.3056324934014
2571.7631313243223
2661.2055716645186
2750.9490473449014
2895.209254432722
3122.209254432722
3262.209254432722
3328.209254432722
3368.209254432722
3378.209254432722
3473.209254432722
3612.209254432722
3823.209254432722
3562.209254432722
3453.209254432722
3434.209254432722
3110.209254432722
2878.209254432722
2876.209254432722
2823.209254432722
2657.209254432722
2652.209254432722
2547.209254432722
2508.209254432722
2509.9006023149514
2492.777332344134
2299.0215995268995
2302.119007714367
2257.283371248919
2215.314219880992
2060.139374804134
1973.1039942384903
1761.4432292426368
1667.427821199725
1595.5793653652934
1461.7883100552403
1280.844800296151
1371.5999897508761
1326.5242922273792
1345.2250124147633
1466.1149308699653
1442.8696331428905
1360.994885539699
1106.691353066528
1102.5244863694168
1096.3975194596019
1087.3043508238084
1194.3873223567477
1194.3380603436033
1201.9058249944305
1202.6852565435875
1213.1868566423257
1237.3873082630696
1133.2092544327218
1185.2092544327218
1209.2092544327218
1097.2092544327218
1097.2092544327218
1047.2092544327218
1016.2092544327219
1016.2092544327219
1016.2092544327219
1017.2092544327219
1000.2092544327219
988.2092544327219
1034.2092544327218
1046.2092544327218
1151.2092544327218
940.9869067559446
989.8962297890617
970.1200510767624
1106.3683498212138
1034.7357492922927
985.0888846741234
985.1249134471307
985.3870177496515
985.3870177496515
1044.213018916133
935.4487142101715
948.4109657266129
973.3074747215114
990.1352485610607
1059.1909613999587
1150.8815952985215
1148.3337632503064
1118.5473409085573
1182.0472464934608
1269.8471049783045
1245.8797635529834
1244.6824342052682
1244.65477000808
1244.5818976983276
1244.5783305126188
1256.9480011471617
1256.4464209828327
1256.430483400044
1190.4273459436145
1162.289270038963
1007.0190473435777
1052.809170517083
982.8998311470151
943.9235302445906
705.0006445139719
747.67037864218
746.9630322151617
748.7821773727852
749.8776838805878
929.8573262270288
949.0331425310626
965.1788750558396
1023.1677577350349
1105.1365007881705
1176.0621679658054
1111.0292255616068
1011.2303500945583
1096.8125575846875
1079.7535041932713
992.2510077345381
888.5590805529004
887.5911441411494
888.4426161567103
888.462257329151
966.3210700907722
996.2813677207099
984.0441230107809
1063.919652294666
1063.8238565164422
1063.844302061438
1064.0288332393231
1063.577799167256
1000.738474313959
1000.738474313959
1000.7319383429792
973.8247942287718
1113.4839395718698
1252.0918028857848
1359.9803056038281
1596.2092544327218
1417.2092544327218
1411.2092544327218
1536.2092544327218
1504.2092544327218
1438.2092544327218
1424.2092544327218
1766.2092544327218
1769.2092544327218
1783.2092544327218
1798.2092544327218
1813.2092544327218
1813.2092544327218
1828.2092544327218
1871.2092544327218
1873.2092544327218
1795.2092544327218
1765.2092544327218
1764.2092544327218
1684.2092544327218
1684.2092544327218
1719.2092544327218
1822.2092544327218
1988.2092544327218
2020.2092544327218
2052.209254432722
2151.209254432722
2216.209254432722
2069.82078218631
1931.0936471893824
1821.328101392248
1661.5759337743493
1660.577511524943
1607.881324826252
1532.9906783020804
1692.6706905762285
1738.664641132938
1671.745636768089
1314.4770137451233
1358.4070450552883
1261.5414795346326
1364.4213113698204
1433.3286012293654
1476.3697755319106
1558.2741743420886
1632.5945053517191
1631.5946066019333
1689.4979223915618
1971.661588960405
2378.5239548200225
2579.209254432722
2651.209254432722
2661.209254432722
2961.209254432722
2887.209254432722
2928.209254432722
3114.209254432722


