Rainfall Prediction

551.1931438296918
518.2595292437599
533.5966475252711
509.71600033195347
519.3102064437778
535.9487996373158
531.9672897731718
518.79539228508
535.1482917336967
532.0104036137558
549.2007221108282
556.1897884404416
547.8740381385255
549.6891578960432
540.8778274173345
528.9720137538578
579.2389964351738
538.9999581076206
500.0002928443324
447.8207790873544
441.2539591244303
445.130494474936
438.20103229648146
423.500909218711
415.88380264679574
420.36704190644156
438.83852624398116
437.1372410768179
420.97968250374066
412.43342646056277
384.65654588092553
336.8936737858798
332.37152155510125
338.69735998299325
332.8937862655606
277.99737842974633
265.71178303464774
267.0527423720305
270.2615625310687
270.25275805435956
334.3748310452293
268.09938294138243
250.7482475656004
241.0828334851308
242.1921452221572
247.35768302704145
251.9165861976748
253.70999070869377
231.04875378819975
231.28791264912388
230.69800067935336
255.39615097592923
265.3470734649966
216.74274775650562
231.73060017901634
216.55536714793453
221.93862446022845
192.1005241485262
202.59183700601474
200.25770540195688
194.15753565273326
215.02897509247205
213.6736597854462
199.19877677889482
177.45129062109905
175.9003244550019
181.08204320599444
180.2811439720469
180.38258970740557
179.6183091369079
181.32664705006923
185.59102142987055
184.03292208479752
183.8123932237439
195.0005861591156
211.95856225286641
211.3001507066886
218.8951947640826
240.23853254483245
252.83027634438326
253.10177977682648
269.3635813643514
268.2529562749861
269.69746038546174
267.9377194932973
274.1547592339853
276.90768331546207
245.66114557781682
249.3320028467417
267.6755875215311
277.3599634025214
314.4734651379445
338.4497311016488
304.0225430649618
307.8317806947565
340.1077605253183
383.1986956905961
310.2515503404993
331.86747656249315
363.8895772970079
402.11494621697057
386.2280107197697
390.39100800787594
366.0115245982851
367.20989499306484
356.8378084439615
367.8370323952716
367.65552250910105
354.343964886048
339.849502441519
308.3502256617413
339.87502735968417
290.6289355088335
341.9513567177575
286.3428893515685
317.21824635474565
334.7173667927606
331.9579513511962
319.4620806678585
307.94696698463395
265.6241026682231
251.37918383514005
218.39360908394522
299.94669009574795
245.7874182267676
257.3603618628385
267.74952902579287
260.47427662104116
240.06031824863865
231.07121876848748
233.7496930922848
270.6619270344195
286.22637306697584
257.8123167132276
235.34830214675145
263.8577363984515
239.93427811741645
383.2374465826385
386.6635673696215
420.71617997863876
467.7079272164936
416.27859963159386
408.96844464008433
410.96571384955973
431.79782336073987
406.23353312472426
394.6343228448726
391.21116303518187
425.4716066670587
461.65383485828073
460.38479860838635
429.6854470836837
419.6100596611118
460.3602451361978
475.202083792418
483.1936029931588
494.2511223993081
445.57977160268786
439.0738796032279
429.08722426329024
431.867255914847
422.46471000667475
398.3162163953082
380.6784734229686
370.64291572682185
449.13660916303337
381.7449875002491
383.65949374186255
374.9240069670254
375.8059083239982
353.81046146154796
346.69749387568515
298.7520014983447
291.5606587889915
288.60226009320434
288.8653077564421
296.96911821444905
307.13486096863056
306.7585952592973
310.23154572031376
253.64580139393078
264.2232131544401
269.1121348001191
173.9704746206692
208.27600407937211
167.0133432331092
146.78190441227716
139.47526179835947
189.4314125957923
191.90585671444342
227.13827583943058
175.40279725483254
217.34686187920985
147.12050942715666
137.79834211638718
170.28283793019278
168.20705578485985
180.03063475480005
182.61763832396042
259.1388190618044
260.5588221934289
260.4552925929159
189.22262729850013
246.08585189236803
249.0204672519474
246.92520944432152
245.63200683478058
226.01956717297847
335.83353811154984
336.66849603982774
365.4379020580597
380.7733739563248
393.24647131526126
395.3589450992676
396.95419399737784
380.114665804081
374.90107673291607
383.8647069344008
407.53529444952494
399.88818555269245
420.02036569151437
435.48054463027466
446.97394758159055
453.49676626321764
454.5935404612041
440.56102562038546
453.97786699679347
431.8452569981422
428.50699492840766
430.4697623521119
323.0310303727578
338.20977760267414
341.8503417292905
414.89615027007557
410.2082003421786
403.2120177817966
406.1617271220523
407.5257349681568
335.88568503393844
342.81573228309657
341.8132316276455
300.68037943532056
262.99461345159466
270.5103025187772
261.444490192244
256.07919482399825
260.8101290842152
264.3614340427897
267.9934687156354
292.11737947069975
332.04778932418606
283.1591476755721
340.8690108924813
343.5136915461446
345.75531216054264
368.3698351518285
388.746644971661
411.60982259952755
393.51501872198963
472.01399736365715
445.75220198113425
431.35953619262114
431.9731270708018
434.5902820613731
398.7880169879743
443.68474517370163
469.7335577589299
465.3661108979443
460.9001575380766
458.7974499626115
458.0873714428615
457.83679662722034
458.60214229625217
493.747477211366
491.0593707899228
484.14043380476136
492.5823689350604
504.6965554077493
523.8427062020036
519.9304229486006
512.2210340156549
510.30234061098867
506.0945403230209
484.69070026403125
507.35458682636005
513.0451678158856
437.0719033838483
414.80154150878013
384.56600253405514
382.2242677840198
379.90704812459444
371.5132981269259
357.31837788575353
350.9202663792729
360.8561784276871
380.95993247110357
331.6517132618117
304.2798661773747
300.80735920545897
324.00898492121047
319.39506339401987
340.76256951377513
370.50375081767316
381.26433372982007
396.9332836109287
410.09692004658143
409.7813035040542
409.3784367872532
336.1123205786933
279.3775648110896
335.2381454826867
330.54251506806213
302.02007651907974
313.0755934802818
309.94159983206964
313.70068136166316
288.401172866114
289.25534924803094
284.89488903755245
291.9107720433923
292.9209006256308
298.6030446475865
305.18209350029366
301.16276055273283
314.1187719219773
322.7715626514828
307.87223006640204
295.7836449690768
291.84912060721746
292.2156603303544
283.2383747067941
273.0621268471937
251.20140044010176
246.25224667064793
231.75538336181745
233.10322022954526
243.3041198243347
257.04229545625395
257.97368779799075
257.63306260147317
265.3357221229796
267.4129360786197
264.44737700389004
264.28365953715684
250.61829046429517
287.2275898959777
321.9584300912334
340.29245774312153
351.5563463582387
352.8898812193148
362.5610621104428
378.1409444627689
390.77089649672735
434.92712697404414
439.3362557819785
447.99292951419693
514.6122603475657
493.29857780338654
493.63958819071564
432.7195618978511
451.93221819972683
460.14646954622725
472.2314321300154
482.5409096087182
496.369749556894
499.7964199679108


