Rainfall Prediction

615.1824281809858
573.1824281809897
591.7459425447894
497.74594254479365
483.7459425447901
483.7459425447901
483.7459425447901
483.7459425447901
483.7459425447901
483.7459425447901
483.7459425447901
483.7459425447901
538.872971272393
538.872971272393
538.872971272393
538.872971272393
509.43648563619655
549.4364856361963
536.3094569085931
561.4364856361962
557.4364856361963
530.872971272393
326.87297127239447
334.8729712723944
334.8729712723944
338.87297127239435
344.87297127239435
344.87297127239435
332.8729712723944
341.43648563619774
337.43648563619774
337.43648563619774
337.43648563619774
357.9999999999992
369.99999999999915
375.4364856361975
375.4364856361975
375.4364856361975
375.4364856361975
375.4364856361975
330.8729712723944
437.43648563619706
598.8729712723925
673.1824281809891
770.6189138171885
788.6189138171848
788.6189138171848
802.6189138171883
935.4918850895842
854.0553994533846
870.0553994533844
817.4918850895815
820.0553994533811
842.0553994533847
968.928370725777
1210.6743132705687
1360.1107989067607
1360.1107989067607
1360.1107989067607
1362.1107989067643
1362.1107989067643
1389.547284542968
1433.5472845429604
1459.547284542964
1459.547284542964
1528.1107989067596
1408.1107989067605
1408.1107989067605
1408.1107989067605
1408.1107989067605
1408.1107989067605
1372.110798906768
1378.1107989067643
1218.6743132705687
1063.8013419981694
1127.4918850895756
1119.4918850895756
1044.3648563619802
1126.928370725772
861.4918850895812
851.4918850895775
873.491885089581
845.4918850895813
869.491885089581
843.4918850895776
708.6189138171853
532.872971272393
383.43648563619746
377.4364856361975
377.4364856361975
375.4364856361975
375.4364856361975
353.99999999999926
396.56351436380237
390.5635143638024
347.9999999999993
347.9999999999993
347.9999999999993
347.9999999999993
347.9999999999993
347.9999999999993
347.9999999999993
347.9999999999993
398.56351436380237
396.56351436380237
396.56351436380237
396.56351436380237
386.5635143638025
220.00000000000023
204.00000000000034
204.00000000000034
204.00000000000034
246.56351436380254
246.56351436380254
196.0000000000004
309.436485636198
322.87297127239447
359.43648563619763
377.4364856361975
377.4364856361975
377.4364856361975
377.4364856361975
377.4364856361975
373.4364856361975
531.7459425447898
631.1824281809929
629.1824281809893
631.1824281809929
690.6189138171892
750.6189138171887
792.6189138171848
742.0553994533853
742.0553994533853
742.0553994533853
792.0553994533814
856.0553994533809
856.0553994533809
972.9283707257842
976.9283707257769
1048.364856361973
1141.2378276343763
1141.2378276343763
1141.2378276343763
1141.2378276343763
1141.2378276343763
1248.3648563619715
1134.928370725772
1040.9283707257764
1018.9283707257803
996.928370725784
996.928370725784
996.928370725784
996.928370725784
996.928370725784
994.9283707257804
750.0553994533853
711.1824281809924
817.4918850895815
1087.4918850895758
947.4918850895841
887.4918850895773
1044.9283707257837
1095.4918850895758
1187.2378276343725
1265.2378276343682
1213.237827634376
1217.2378276343686
1411.5472845429642
1375.2378276343638
1308.6743132705717
1240.6743132705649
1229.2378276343757
1312.6743132705644
1530.98377017916
1742.9837701791512
1761.8567414515517
1963.2932270877359
1994.166198360158
1994.166198360158
1969.60268399634
2049.6026839963392
2069.6026839963465
2205.602683996331
2184.4756552687463
2452.7851121773306
2458.7851121773415
2468.78511217733
2486.7851121773338
2263.912140904942
2153.0391696325496
2153.0391696325496
2153.0391696325496
2044.1661983601318
2044.1661983601318
1920.7297127239437
1842.7297127239478
1842.7297127239478
2030.7297127239392
1805.856741451544
1827.2932270877513
1871.2932270877438
1867.8567414515398
1705.856741451552
1702.9837701791516
1438.1107989067712
1330.674313270568
1311.8013419981676
1112.3648563619724
1000.9283707257767
1000.9283707257767
970.9283707257806
1087.4918850895758
1087.4918850895758
1095.4918850895758
957.4918850895805
689.182428180989
683.1824281809926
673.1824281809891
655.1824281809928
655.1824281809928
655.1824281809928
655.1824281809928
655.1824281809928
645.1824281809892
645.1824281809892
515.7459425447898
515.7459425447898
515.7459425447898
503.4364856361966
495.43648563619666
393.4364856361974
331.4364856361978
331.4364856361978
331.4364856361978
333.4364856361978
379.9999999999991
355.9999999999992
391.4364856361974
445.436485636197
560.309456908593
509.7459425447936
623.7459425447892
509.7459425447936
748.0553994533817
684.6189138171856
682.6189138171892
682.6189138171892
682.6189138171892
682.6189138171892
688.6189138171856
688.6189138171856
688.6189138171856
688.6189138171856
688.6189138171856
738.0553994533855
794.055399453385
794.055399453385
794.055399453385
794.055399453385
792.0553994533814
750.0553994533853
750.0553994533853
750.0553994533853
750.0553994533853
750.0553994533853
748.0553994533817
748.0553994533817
748.0553994533817
712.6189138171853
656.6189138171858
541.7459425447934
511.74594254478995
532.872971272393
530.872971272393
192.0000000000004
192.0000000000004
192.0000000000004
192.0000000000004
192.0000000000004
471.43648563619684
548.8729712723929
582.8729712723926
563.7459425447896
713.1824281809887
728.0553994533818
718.618913817189
710.618913817189
804.0553994533813
814.0553994533849
814.0553994533849
814.0553994533849
814.0553994533849
814.0553994533849
814.0553994533849
814.0553994533849
814.0553994533849
814.0553994533849
814.0553994533849
814.0553994533849
814.0553994533849
814.0553994533849
814.0553994533849
814.0553994533849
814.0553994533849
814.0553994533849
814.0553994533849
814.0553994533849
872.0553994533808
999.4918850895765
1169.8013419981723
972.9283707257842
913.4918850895808
992.3648563619734
962.9283707257806
855.4918850895775
825.4918850895814
870.0553994533844
822.0553994533848
738.6189138171887
746.6189138171887
746.6189138171887
746.6189138171887
776.6189138171849
782.0553994533851
786.055399453385
786.055399453385
786.055399453385
786.055399453385
786.055399453385
786.055399453385
824.0553994533811
841.4918850895813
968.928370725777
1028.9283707257837
1111.4918850895756
1067.8013419981767
1158.3648563619686
1158.3648563619686
1100.3648563619797
972.9283707257842
726.0553994533855
804.6189138171846
798.6189138171884
658.6189138171894
808.0553994533813
864.0553994533809
800.6189138171848
804.6189138171846
804.6189138171846
794.6189138171884
861.4918850895812
886.9283707257812
940.9283707257845
1024.3648563619731
1174.3648563619684
1089.8013419981728
1174.3648563619684
1215.8013419981683
1248.6743132705649
1336.6743132705642
1352.6743132705642
1316.6743132705717
1276.674313270572
1149.2378276343763
1195.8013419981758
1131.2378276343727


