Rainfall Prediction

1595.3795834961657
1584.3795834961657
1604.3795834961657
1637.5830069082876
1636.926466257634
1676.926466257634
1701.926466257634
1672.4581346480682
1680.5023999900939
1525.8682011520161
1496.9150216484225
1293.183955448917
996.7777482855363
643.564116358913
342.37526715050666
190.56630205913177
0.0
0.0
75.78984018263534
0.0
0.0
0.0
0.0
0.0
0.0
0.0
0.0
0.0
0.0
0.0
0.0
0.0
0.0
0.0
0.0
0.0
0.0
0.0
0.0
0.0
183.57249001128073
316.1476294032903
482.36559867352685
639.600220874004
899.087081237444
1146.9425237581704
1064.8415050077683
1018.4107309866451
1117.4107309866451
1015.6624970728164
992.3990103601163
970.6530440980067
1608.8889440836392
1192.921308727843
790.3684567385492
544.1970992276131
1150.0105411217914
1826.242788012646
2177.9986229087326
2442.408116043764
2372.1958250718526
2329.1958250718526
2344.1958250718526
2129.7720551968573
1975.4610364403675
2041.2578885310313
2041.6849494141634
2029.2594516795825
2012.6413005579307
2017.3359380662032
1934.4977507904691
1899.740256995088
1872.9845159312388
1558.672635761432
1545.2276632068558
1117.369797094869
693.9062760138368
178.21369394695463
268.7180209366713
269.1643870666635
302.58973700148556
179.0276051407406
152.250010832371
121.25001083237102
141.49674238822965
110.85758728428472
90.7455636160561
0.0
0.0
0.0
0.0
0.0
0.0
0.0
0.0
0.0
0.0
0.0
0.0
0.0
0.0
0.0
0.0
0.0
0.0
0.0
0.0
0.0
0.0
0.0
0.0
0.0
0.0
0.0
0.0
0.0
0.0
0.0
0.0
0.0
0.0
0.0
0.0
0.0
0.0
0.0
0.0
0.0
0.0
0.0
202.84300016794322
156.52360621723994
139.33587146263585
163.23237770236807
194.3757341965843
84.00806132579356
0.0
0.0
0.0
0.0
0.0
0.0
0.0
0.0
0.0
0.0
0.0
0.0
0.0
0.0
0.0
0.0
168.86849573064666
513.5029450059842
530.8210249220274
579.6638140621467
515.1617959180812
945.9465004867476
1163.6477012976163
836.8171958452715
856.7744763486746
765.0043745020837
680.9755814164155
669.7711694433935
676.3696987857195
626.0573462056242
671.4996992579026
814.203845959773
966.2688795528281
1046.4807707366351
1176.7432856472353
1129.6056766531426
1267.5022935928685
967.9776880682513
1231.1107825605218
1176.6028083609303
678.1879290110928
863.2257832114165
880.0553720107174
1477.5635167258142
2052.2872607191084
2220.7443240427147
2177.933163064516
2088.9818661024315
1755.0000378840662
2155.27519823857
2159.5268465390163
2893.495597634
2371.004064913525
2272.8556454132304
2041.826948322366
2299.515419179027
2154.750880060347
2033.528601740117
2071.9395537682426
1995.425661699984
1994.9698855332135
1989.7568260758644
2478.6915195235842
2442.454874044375
2340.3008958879936
2280.7006574133793
2226.373246125709
2210.4465402771752
2111.354689654809
2285.974653570778
1946.929783485192
1867.310795742798
1682.2063920871367
2081.9018734956126
1910.3441238178375
1346.8150784720203
1008.5249279198416
1079.710069854376
831.7349045524844
900.036734220351
474.4821046654661
0.0
0.0
0.0
0.0
0.0
0.0
0.0
0.0
84.54961237577243
122.54961237577243
616.6747785546191
697.3939810413532
779.8052689637112
700.3051286381235
725.0555508256497
815.2994902773434
813.8948001896733
674.5565444013702
684.6523888900149
506.3763646415566
963.8019237066148
1029.0667991283
1030.0612280832506
500.58626890593655
717.5169620142575
2198.700691201502
2189.5689004287847
2162.0987053652543
2038.3305901201256
2180.6064842264645
2105.721553556249
2117.146145396673
2250.995703708313
2293.7495109209576
2294.414716377949
2278.374922644517
2212.559029396009
2228.3449358028834
2205.4452865856215
1806.2056484354325
1849.0169321500794
1233.8270703473293
1174.0890863614736
1065.8095716528014
1080.2849136521904
988.6223417229081
990.9388344426801
1979.360415628212
2052.4124165096687
2215.048580922776
1988.4832196576622
2179.845371396188
1727.872801245087
1786.9322771671887
2179.3865144441597
1562.5867424670653
229.3066201164896
307.0058981063786
420.92523726059505
641.1345042689292
662.4051833034262
567.8023954298521
550.0713215189126
424.0719808454894
557.5287445065684
559.5287445065684
567.6411672724681
624.7000908083103
631.7000908083103
674.7000908083103
648.5933294856933
740.3449689616441
875.9202442507776
858.9202442507776
861.4781885562488
815.4499374788118
736.8198570144825
681.0623602238908
0.0
0.0
0.0
0.0
0.0
1753.8664611754552
2159.580481789907
1958.3767899294542
1950.8422457210195
1975.4992481232202
2291.901908180651
2346.645910340445
2344.4885678654846
2281.4780859127395
2288.8412844656623
2387.2889619441607
2437.965563712425
2443.1070708587145
2349.3491684057744
2725.4609413731464
2583.7608039004754
2810.6527877447957
3160.3615569332947
3212.422622665739
3034.382759034976
2872.4957666483656
3028.019928144272
3177.547206779297
3782.4366829598393
3809.3580283588053
3760.9381770707614
3829.585355319311
4172.652087374234
4157.246555576604
4109.8725571117075
3875.440771148447
1562.2228334374897
2203.954380072257
2147.5112716362273
2011.492214561787
1715.111575776262
1302.6573820742947
1203.9864584968905
1131.287036939078
1101.7486448515288
1028.0822348697423
1737.1034355261181
1601.0965583588036
2006.6336092867823
2076.6438817616768
1677.1114150086287
1705.6390843550626
1663.1863053746124
1712.5044857020282
1634.426994037714
1566.8161633606858
1472.2399611002397
1457.1257054755101
1170.938624382272
201.21054368607003
223.23324826168937
97.80946630965427
66.80946630965427
66.80946630965427
583.3108416251905
788.6723193413743
850.8979427972656
1535.9427652721322
1867.5507738570232
1908.2680769692251
2099.53541434461


