Rainfall Prediction

1095.5981491280577
1147.3482211999662
1138.1602173532578
1288.790125530047
1334.1970972075894
1363.0
1363.0
1363.0
1363.0
1363.0
1238.1426473420504
1247.2038173735705
1150.0
993.0
863.0
786.0
639.0
500.54867303451545
594.0
218.53390333111506
209.13829026619882
95.7550150438127
195.71545161326785
330.382899961471
559.9133387036493
573.0231962210727
604.1317899974732
652.2646956055426
658.937455052263
656.7324749770421
650.2203109808484
650.4639932391808
736.7320400291071
790.2782512967476
772.7509182174949
789.2210390335658
793.447217694185
818.7948425266185
795.0798330773646
796.0573274510086
908.2443859247103
960.1094630934997
1045.9963645195962
1106.155478137799
1197.7801951919248
1394.9011527395032
1375.7750689282009
1385.4017130033308
1356.528619375803
1347.1666189648415
1342.3251970170193
1368.3678565565488
1366.6442040609688
1155.2008374469895
983.0432017686078
723.5160857890862
923.8593025559811
1188.8798559646489
1257.4317542917292
1262.5383056216413
1254.782384661055
1242.8452193439161
1242.7826967423077
1156.8369835184446
1100.7993225685068
1100.4923928592204
1075.3438324820127
1075.1201248444413
1071.3389332387
1071.0617453839652
1068.1851778846362
959.2087822431675
916.1570927832337
819.2438246559418
806.8718493414068
689.8330865838534
446.41467679590676
456.4616814667393
472.43147640942726
484.9335474408743
522.6227484742737
519.4175107282599
512.7839528891107
506.53249432773373
509.39567219704395
511.1927077041584
536.8269700021833
303.9710146248217
43.1916997709896
0.0
0.0
0.0
0.0
0.0
0.0
0.0
0.0
0.0
0.0
0.0
0.0
0.0
0.0
0.0
0.0
28.440574411825537
28.668791839450847
99.35033727687792
88.979261701734
58.996439056081925
105.20559082708343
48.75037194783317
46.143268979999846
51.975312904419695
45.49669268057244
36.685542331545435
49.27802882096745
41.3443688811289
41.203251434275046
42.30913170386714
48.58347433216841
39.688115743066874
78.558730926664
47.59208643507867
42.67482993790401
66.62210288568215
83.03861444746065
56.03712974253034
106.65746329106543
180.20872651361285
163.41197030591144
129.43920806211577
154.31271245022316
191.37435333912285
192.5195465680816
132.26911258868938
93.29472394560159
86.76377213861807
43.05205625788818
34.253006199562634
36.330816841941555
15.905479419281761
24.14723760437161
24.20727291935816
19.88107452356286
15.465509251848545
54.14182461375674
51.66236926725183
39.730433201749875
44.60107458481404
40.04850019705279
51.17903818727481
234.6293930311289
348.2210207673834
336.58410458283964
378.1603597501421
395.57322728006744
539.2923693909055
595.3533944890195
594.000633927273
536.3990169159362
557.6150254423802
581.4995586282434
545.2576727211398
546.9693497766284
547.6243568418168
548.94343117781
549.5243934917326
575.8766203003573
603.8005006255362
648.291507414633
618.3335538394008
562.5870751498283
572.7159095286202
556.8377930474214
554.0592588354732
637.8824861237623
671.7993301576679
669.9775520521686
785.0725369599506
1020.7482490664264
1073.226120732534
1066.9319624320742
1016.1695805573038
863.9775354296494
1058.2153885038963
1066.066853851398
1136.715688551627
941.983706176669
912.2951049994099
880.1139397962362
885.2857193302862
881.5268613988394
882.8753982962157
883.460207127714
883.364910844014
883.183846583468
882.9919253430254
882.9374163992629
853.4926540123688
825.6344138856605
810.8934258157566
863.868576872632
793.649382148174
794.6166769362466
809.9773303547349
814.2638825604408
811.5413241129594
777.2361970200182
950.2361970200182
753.0934513186529
589.7323582753223
516.4469842643597
524.503941329612
393.87499554575254
442.47245153274343
177.43988169546358
163.78274262015213
61.439829734094474
68.04329176729325
19.60779397354591
13.851101203181798
18.680598977779937
25.05818964787713
22.25305706869989
177.26741787458522
181.5601749223504
332.45848242337433
359.95827127171975
414.25219674136713
403.044837234453
485.1133789259074
509.2652570485545
557.0125611722196
499.10645090753957
498.2147554697959
575.6425993807215
569.6976416978853
575.8762696067458
562.665129159361
364.65085076701155
404.72634498402704
981.179958477894
994.8535805525923
989.7286176655216
990.2113427467913
993.8628166850364
994.1520943415858
1018.6936246453366
1114.6136640103268
1189.1488445705374
1186.5346581771018
1217.3914895127748
1238.8206382978815
1246.4505054981382
1261.1352986085592
1024.779838482438
1016.5783218473376
859.1922909793093
834.777369363489
788.0326046392553
787.4042574201865
768.0753271670576
775.1702004523966
1192.5840422139336
1050.737930663484
1110.6741177532313
1134.1223427780803
1136.5849865446505
1118.1446875873637
1116.2980602170328
1163.9593742458258
1171.8970678557955
515.1385883820785
538.8769884148651
576.7044891641581
619.7021749634791
620.1228175364124
608.9541758591208
594.469633734818
509.86274292613825
484.49864634630546
484.11968576793134
476.994143634191
479.624318471935
480.87900286779853
482.1904300104369
487.30499088512715
539.2090934172791
561.2941982357755
561.1976004348109
561.0878585861292
556.992796391099
554.2796025466668
531.5375667442752
177.2463090881896
217.4436922148222
193.42740619495206
223.98208126827438
333.1453286826559
855.0530097926968
1065.159744684455
1037.756593839742
1044.311691015703
1014.8343517001836
1097.2958057463898
1076.546530944547
1032.3838859308407
1006.0564770045391
1016.5822946880246
1022.5859520742904
1019.3588443566182
1019.6736000843209
1030.6745966168526
1216.577129718153
1213.848942792903
1223.818967044138
1340.9611304044606
1387.4668127902153
1362.0274322421294
1369.3729477500485
1453.7700956996232
1478.5185488453324
1743.094879621232
1741.5262521219374
1740.1419915355611
1740.5078014763067
1805.1567959681809
1794.8673016235664
1776.7854939177914
1667.0853969145226
1128.019896644291
957.6033067099769
953.0619349815705
905.1790877312025
918.8830421857424
850.7634140071968
864.6545074249274
881.2818206834211
941.0
941.0
941.0
941.0
1124.0
1114.0
977.0
940.3444526336893
850.4185838830747
693.6750080108179
628.7256115698469
589.4196919036865
598.9837006245004
508.66588452581345
441.30204793279404
256.62564122210523
264.7737390406021
238.19657608562835
237.50087247164544
237.55318724143393
415.2210971946774
437.0476933460937
450.5616555271832
756.5051170087722
819.7614180292794
848.0263908188116
931.3141374593508


