Rainfall Prediction

479.74146087685966
481.23682545597916
480.38937565273045
415.07701021341325
410.92205596724966
405.1799191604662
403.38900808277407
403.30336801483116
392.76973554380834
392.9956806672366
392.88791245190254
388.5255010046233
382.64313313741127
376.82897969301354
359.4977993602911
348.3073955534141
343.818390398694
281.84040857669487
253.90172656904446
252.0087537107566
267.3746536761887
261.3783176462876
257.2317231114711
255.15390193875567
239.21101544027783
239.46472496283926
239.0633498217187
237.38414136303015
221.89511041039432
216.42745498952482
201.34003446138308
108.67408553677531
93.81656848537665
95.58422231490175
94.93348876415553
65.85307394921772
66.55624521720908
71.80884702923164
74.31937697165284
75.70345567901116
119.02306283987805
135.9019477407174
147.39004145084272
153.99903421826255
180.2001739826887
191.18682052633892
205.17374745151162
208.0454561511262
224.32919465480995
231.40702352602273
233.20610046001966
220.24051141146938
221.8580518599668
225.733889928702
227.8180427789703
253.44300669183224
267.7927187620924
307.59683559943625
306.85447738141437
336.40451813047537
356.0170890486119
364.1501182279478
364.15011823323874
364.15011828765967
363.74215405397985
364.70553088682846
377.8104567055801
372.4236336413145
368.26339568785676
368.0753314089053
369.5297079120442
352.14988424082816
347.06475518420416
341.46394451968644
361.92280022896006
344.67927144867144
359.4194303522783
333.3175295617481
328.1457052460053
316.6218260897562
320.61108237772424
340.8376493671635
352.36296459979803
372.3601834690552
371.19140027733675
384.7876624347167
404.32789520832995
396.45019387689655
364.11230351120685
362.39729552433363
344.8103686335944
339.58440152577384
336.1866857676471
337.55681285409435
346.72225454195757
354.26363434319313
373.2002983650323
362.2439462669973
363.91249248358776
371.1785299011575
388.7196664931351
427.6544295674114
438.73907796582836
442.0582542740721
437.47563336902977
422.03522429895645
419.6242238995334
402.06104622886204
408.6073987489392
417.7569541961683
459.0928092008735
464.38215017175025
444.98649778839933
434.2270266380195
422.276964275553
444.8902028968141
431.4035368576611
400.77185234393835
399.69076549375313
349.10664999416076
345.2992452599272
338.75176341786033
349.01410360596964
385.1516059622841
385.1217020917101
376.48185732159106
368.96387110598045
349.07817132703855
357.47912902036654
360.2843635094264
360.2815469187819
376.5930950315104
336.28935526507274
351.69723875217676
348.55429700759936
348.2291359235946
348.1092244094331
356.48571585537024
357.6102049388228
352.49287502930036
357.73591433100586
348.1246433922052
330.4146787839993
330.753905137134
330.4252245529228
322.010632607234
309.3499698789169
309.34996989791426
318.3511683107815
319.1429260237927
346.8895190143142
354.8133000859955
355.3170825527264
385.4410271525081
382.8726033442207
391.27856553044745
391.04253308926036
396.68105200030885
398.7338222800221
387.9017436151367
380.7075130664069
373.87594170885563
361.24840729125475
407.0354798572777
386.0809432617403
426.6188654123164
437.33927440362095
444.35480454084535
441.21749706692
453.02629538756844
456.5690126605021
447.81887984717514
501.7890467845743
521.5787701058977
530.6061860423833
533.0304087970306
553.863011734877
547.7209353779816
547.7209353779816
545.1213978570881
545.8250164996364
538.4870035686282
540.7979366270695
540.3664727849316
527.4442424718687
508.7321396898002
505.1055999301261
542.1550847960369
551.5104005087146
552.6817948673923
550.1863072509238
550.4698025577186
544.2592037831267
523.0301598316988
474.70214991882557
475.23023722432544
433.86751615905155
461.60099583236183
459.105612428646
480.838468326535
502.7300844355055
516.5131084288555
530.2063781203539
505.2486317043122
484.3493942335741
475.516496044186
471.5113907148438
466.143665922159
460.82478622281764
466.4015247091696
485.79093862314954
484.57322309643877
495.28084843324905
522.6154840833326
533.9067655625756
520.2513552783264
514.6379731098283
524.873286750456
484.16684773137797
479.2909833076321
499.4353914840942
502.2710995172389
503.1605125772931
504.26052593725086
505.5585041621766
505.81434629525455
505.81434629525455
519.3529908809811
484.8831213560126
497.1042488384171
473.5784904719487
437.2676552272358
421.68575329795533
408.0535377112714
403.8959511788097
405.2823342866608
408.51234744193835
421.8222384087877
404.336777408149
404.3367774101105
399.0304968592798
381.56245701568514
381.56245716752863
366.9070719203227
324.9197285294218
307.0376913856703
326.61396319159167
335.5795152822681
327.0377397603986
356.7748152545645
373.75821938739483
345.65688818326487
344.31618333624954
330.28637685539775
327.87632179784305
338.41382970622186
346.45441325361605
365.5581315276065
324.87286527734125
324.3840724512663
304.1167049359344
308.39172701842114
308.3917264296739
308.39172641789895
309.8804656768608
400.93985032139244
408.86702963439313
379.97086157919557
362.02909346337117
357.62496480813525
355.91050813489187
351.36429747560396
350.8470580517193
350.61181191721545
344.4798149071705
344.47981489961313
344.47981489554377
325.28060423834074
362.6777051158824
375.83715062853497
389.6573602793213
376.67136754665387
376.6713675564322
374.2258428989839
421.5499347249827
466.93720303305963
511.3090244182566
533.5879130028893
521.9586578327608
519.8908349512927
519.4889601025525
519.4603430130207
521.264011050765
522.5079465953966
522.8805658938436
533.6866132791821
435.06516985572557
426.00806306603107
420.57386575347306
420.7784811020398
449.7363954533695
467.2496716855334
483.26860288949484
487.92414480675603
519.4870409626379
537.1983412488299
539.3982385048607
542.815612897818
542.5404958340753
509.7165725914761
495.9243390617245
456.82492458529623
455.4708548139147
458.59692868341193
454.7686346159523
435.89065521477414
402.5276512351627
338.29436696428365
300.45601788759353
329.8092019015282
333.69546664183247
333.8683748814899
345.677534069042
347.75190939278775
363.42188205424515
380.0291509179056
368.45640010723207
368.4564001268752
380.58051541053004
380.02915096534764
380.02915097798405
372.6735346059219
361.7507180095138
350.6520057864735
347.7946872013467
320.2548302603977
286.3664930412708
278.42970720135673
261.97024107069495
227.73319839312887
225.38898511242425
225.53492800009556
119.25731300336604
119.26642425265821
117.81845254550895
253.6821274609183
273.8763998093149
282.69276470939184
306.5417318323112
321.56456307613433
308.42965238380003
350.2611587809372
349.3286416445844
362.41023395696834
353.4304478693182
341.05231954419094
325.872480113483
313.84668744115044
314.36372988122724
297.0689717265781
296.58901353375563
296.5890134984938
294.9466852111729
300.38799241070876
301.19614346541624
307.85232569063476


