Rainfall Prediction

1219.9441674728073
1206.429368506355
1220.0191143125182
1220.7298596252263
1237.3371974531017
1294.813428056399
1398.9822523104538
1299.216159791492
1264.8449834441176
1333.651933861738
1301.0644208451642
1214.080191727903
1131.5560374726235
1039.226403950356
952.9660069048256
868.7959530751563
772.6338483464904
750.9072463704728
737.7558071877929
463.7900987013794
446.0013064932436
276.7121272453482
340.30855584560726
453.2080747649188
583.5179155016193
597.5115307853382
605.39526137779
636.5060807270513
659.6809459710674
706.8260183023032
718.4429713351974
718.7496377129802
836.0224030529137
869.3619231786103
868.5423344702144
853.5071463398184
801.0571614958849
688.9966522882731
696.2627908361491
691.8266409346207
701.0258954010777
794.6570621750018
947.3227697382591
932.7980830416108
979.8005935175172
1060.7668394235068
1087.1877587801773
1175.7764415013226
1293.1576758445026
1324.452618114413
1440.9792694711864
1476.1789159542805
1479.223859364677
1366.2938432701953
1288.7874366092449
1174.4335585663914
1347.0393227462532
1524.4303778183355
1561.977918986616
1575.0676948699613
1543.4560318405358
1534.530243044601
1538.3793015670826
1481.2454112859514
1482.5998580676016
1516.4871987965746
1558.7422921246364
1571.275147433097
1590.324076214853
1588.5654761085439
1585.1641333721238
1486.74458461668
1399.6154326102214
1257.1127169047734
1227.5909018988898
1155.1161559289253
1000.2780639012196
1009.8015670017817
974.2768998623905
957.2548751465098
1011.485217114033
928.1067276714815
881.2453742157787
880.6165505358648
893.2005846965361
869.3868187051256
826.8398854617404
651.6593609816681
382.4088723508997
178.42146170552093
89.96580187765453
0.0
102.56871310207445
121.04840140261031
104.03536979703279
84.70991657409459
65.8212004537728
37.7917013942378
30.643994423100246
17.136468031760405
107.82010953996044
125.82667139889988
111.93729240900358
141.24572494503985
241.69592812587837
267.0176797404839
268.69961349411597
299.72204288543674
270.6516585257496
252.56875859746577
203.52235938127131
88.98834461427927
72.85416782635328
93.45128991210098
119.43406535835173
74.86593235240505
71.78161281203103
83.3935253475199
48.53225270986376
0.0
77.2914871447932
180.98647679576584
195.77786654832343
190.43472096841532
276.7386580267998
300.2621716246151
328.9311055391725
380.3782580386637
476.25709704145896
528.8384919621049
528.8222013089797
514.3207176169203
504.72314902933283
505.44038077334704
498.8434483808704
442.2304836806836
447.3039630393345
469.4891282016483
428.61335697538743
437.9874070447264
439.06366224143943
397.11416006217485
398.16883649651453
400.3997259312575
401.76542836845096
400.77511626167035
413.1618206414677
398.92577648725495
398.14042937584264
398.21210185853306
398.2088368962711
408.200804715331
600.8592113907303
742.3004328586436
853.0351336928792
820.6233218382221
839.364809508066
992.2402060571604
1022.8743157554674
955.1071315693887
923.6172499673672
934.5034162094461
930.421219591379
930.8283592111413
930.0686904594509
930.2596417495112
960.5864378717091
923.4847455466407
928.8704231564827
950.4984890956976
994.3574086231966
1026.292635922375
1042.8061416859896
1054.717174939259
1048.4988636804615
1032.3885356575029
1010.3241014300454
1067.1195141778571
1116.7862564619356
1273.2126354265577
1422.117494378584
1465.517910474943
1449.8428852361537
1453.1750492096592
1364.857726542746
1392.5275401432348
1349.8059415348057
1373.6100639385672
1217.6424273889352
1169.2258925442384
1159.5198964106733
1131.4746135538685
1114.5704185784236
1111.6034473960908
1110.3609183316896
1108.9606376631714
1107.145419883338
1044.427927158249
1044.2633218434382
1003.8813948028165
952.5020296644485
891.8288916972422
832.6807933626543
839.5074526365102
832.4709632714037
830.0400326332411
839.550473690122
842.292540029307
768.242937798937
899.4044644730856
786.6695318291218
668.0276954064213
681.1039188185919
636.0903026014219
555.637813469539
538.050287817906
349.59782178153034
346.4136656927148
260.57321742719336
292.9094218350043
238.15776949412015
252.01066157662078
262.6990283446869
284.4815548817563
305.59974376643174
510.82309412215244
523.9395458044949
719.3245105443493
747.9955660594202
786.4133124944225
789.1705808424902
854.6074938493068
886.7645510233067
891.4982663798572
877.5862231086903
895.4884038367419
901.3628555776118
909.9888138106824
956.4246090785948
964.6073402387673
761.9484849602657
812.8934697919532
1241.3955987623506
1188.4370642764925
1188.7491911720372
1160.5958278781598
1163.1035638910648
1162.1878316578343
1148.7308469931997
1213.020800357514
1159.8796210896035
1167.0800104525176
1118.191029423311
1106.1597045159165
1095.6425106785669
1094.6065715574634
1026.0269566315062
1008.583275935591
934.9345800653632
962.9054622668278
932.7776266782607
932.3103161776284
892.3549455440491
872.8241494978018
1067.0765986306615
1075.6404153113613
1065.9454906073556
1068.1267974212044
1041.9341187971725
1063.1915523813934
1030.602405489348
1060.789024458831
1031.032957486061
890.6078909903608
898.5307752658885
943.8545252638038
985.9162872225246
987.9962282178235
988.0867995205483
986.698364754377
905.6745161675807
899.3166343772647
893.6568333873691
873.3116420725898
866.5440695512831
825.157178720454
781.252614738733
779.5407453665515
799.3555904756123
791.6870634945044
744.9110052869377
754.9365018853292
793.3034434660545
776.0426773487203
792.6014291282186
498.74233969282295
488.27501062777696
471.7862997015136
506.2190235373368
617.5545831233886
938.3572279078952
1086.103683177642
1043.629050496303
1056.7490882053967
800.8589078908935
822.9984134354137
911.0652366889041
1027.8053635892063
1068.6558113730846
1127.1677992366303
1143.275748380906
1195.8167788755761
1198.3905284418815
1219.4629697989753
1454.8524187802068
1505.394015923737
1697.6363876658352
1782.2208383201441
1846.4240922456484
1830.0036699462237
1826.8539289604546
1937.257287251686
1951.7545716313425
2103.8292697156794
2092.730642187129
2050.0901018665786
2035.121373020471
2065.7375259190158
2064.950019860125
2054.59975539993
1999.0382119711908
1677.9603021651526
1577.8230171187895
1573.9993176351968
1541.0770027932335
1517.750756744963
1464.1793224793948
1418.9836462634632
1341.2094514295
1312.0229797973875
1302.3053071918025
1290.9210247067344
1258.5898833423573
1383.0672246114916
1390.1202669130032
1209.4327467148514
1200.130116571865
1012.8669841110592
966.8125797833343
899.1132809940774
911.6734273346455
901.9674058131374
807.9419034454182
815.0952095932292
621.705265842115
647.9797189017766
698.9459833686269
761.1894210393734
841.727911086661
1015.1071576552723
1091.8853373381394
1108.387799466862
1432.8206285284973
1480.4357251769056
1512.120826191996
1627.8930757931892


