Rainfall Prediction

748.4223497183572
802.1916209501788
817.2035818230656
815.9930275243654
791.8452384663382
740.387105607926
638.0987877215471
623.2008386536189
592.9801747195213
664.465849717044
709.2091776845639
713.063313735189
763.7509585479377
827.0047580800484
912.3104525026931
920.9643109631962
907.7768783055824
941.167770929582
1035.9178648364348
1040.1288722147879
1052.3621029916226
1179.1937443098113
1356.9109395721096
1407.4101243562518
1369.4447651639703
1265.6865625388516
1235.241320113169
1228.1480023599013
1246.3233878140538
1237.3947843011595
1237.424294159211
1295.7330544125723
1232.9568182872376
1186.7166828351435
1189.0198970375275
1170.371200892641
1166.7463138810774
1167.7816990690824
1149.6583815194424
1127.6982925134278
1070.6476307257929
1007.1129364392112
1004.0628407396155
944.1004246142155
898.5097854348691
799.0353278194723
779.0966665080556
779.0144124299538
691.0589010694424
586.0156524029679
610.2305140520167
565.5378853157507
468.19355346803997
280.3054349143752
166.42271772449598
110.12673901249069
116.30132544924821
116.35817237411253
94.1880979800593
73.10320824550217
73.1489114682348
65.11363895253616
68.90100281573389
123.46900208072654
223.4777379753372
213.8988097739703
211.15694655507463
211.03409279504075
220.49949518211582
220.44899731582848
220.4428713451641
204.11241734618636
218.61852071057905
204.0242603447214
218.37077427266104
218.31159956155264
204.02874270446694
207.07224520492292
229.8782816697031
219.11552912891963
229.03576281988077
284.0269467759073
645.4869675754985
670.4486776476828
714.2299146165573
790.6489447922469
822.2600598966458
947.6063587452518
1100.6077740405742
1349.5247998978982
1351.2335091714465
1346.8966039053446
1386.0148791554261
1349.8299590965858
1293.2928879849194
1290.0218368526548
1285.5265384636612
1285.5265384636612
1303.6373067883467
1333.6138016719583
1329.119969745367
1332.1313137858479
1346.6357303675154
1476.4275675744605
1546.523497324591
1571.7930793659673
1606.4696707991302
1606.2780147302724
1651.7261425159295
1737.0698066860914
1988.8554943561167
1978.5036687645868
1928.4099309737928
1579.8390298062088
1652.2430197999308
1626.3853783276684
1554.5847810109994
1488.458845256234
1404.0867281315834
1250.3850520247722
1004.3026228514968
1002.2171584973192
1223.3781789234688
1190.4275070736696
1173.3341816371394
1167.483621715395
1123.7939851996155
1142.2190078975789
1137.091711281492
1164.1485627634916
1248.1993793379436
1259.7131374145604
1332.9303860148432
1325.1901987602234
1206.71930699171
1121.898981512919
1109.3047655382313
1117.5712608085983
1120.4737497751707
1062.0455210651228
1001.3792949148078
731.8638979401326
731.8988349222126
848.6096542131247
848.6096542131247
775.5837916224422
758.0105909358324
783.5864922500191
827.3333438489414
886.354577136317
892.0505547563363
966.817476459771
973.1951809554884
880.1272408082123
892.1000311445197
924.0577888393215
960.2009176943823
1004.2260920589335
990.2006173100181
969.6212177238915
934.8053548905351
865.9464639222314
867.5729470947973
800.0058905291269
784.3328672488002
781.1769956315749
786.6933737973653
791.7300993358323
755.0576498815019
737.8934053199188
750.6945626105093
735.6551962800271
731.053607943116
756.4312897361602
638.5985812095486
638.5985812095486
648.3103686837736
638.0616730837888
614.4926647543715
576.5209599157503
513.2940264339549
493.6720601958025
406.0480977698856
421.2569185479681
306.3977424053232
316.4304774632087
348.04282275208914
370.18215972205616
324.99453187223884
298.6619487967087
316.576897546341
345.49629951223847
318.25968364427894
334.29542670726244
334.61546272166817
334.5327904775128
334.194400904871
329.0182799729876
324.07314117661105
324.16670842807304
324.46300472436934
311.2271223468771
311.2037305340116
562.6199600339046
567.2176395690677
585.3218606034508
598.2912349456647
598.2104465075973
589.4330258391333
598.0998844602443
598.3059995130748
590.8633290283352
598.1284642412994
599.1386887931664
595.456822384276
597.6395669432426
540.5014307830487
475.23097701455714
429.1791192238831
420.9838210759722
412.46606216256504
454.7468070972922
397.26574057964876
452.722510565111
439.78929124802227
440.24813456545763
450.5344869924711
436.310100836327
451.5580718387912
459.5792288454397
507.09645137540105
513.4005665129451
507.50418562795306
654.4698179225837
528.0433309938487
908.9667971383678
906.1219417943348
965.6236485325206
988.237133939208
1000.1307487487279
1040.8924908485383
1030.8905375690588
1023.2779126063272
1023.4230320793845
1023.3387021093641
1095.6402394854774
1088.553079313679
1056.1566879087106
1096.783247974946
1064.1473269017856
1053.5668521746795
1085.4966542356385
1020.2966961572866
1009.2089853748062
1324.1473810835075
1381.4788568912095
1383.3472416148422
1475.6903832112177
1705.714813072731
1907.7354641225875
1878.8408318402826
1820.068154583759
1818.9924771304816
1819.6998046022468
1706.3787878101243
1532.4525436543386
1132.7566957214226
1132.4412476573007
1050.1738549445627
1028.2683854221093
1005.8464636359633
987.8078973536194
982.767605926814
985.1455681429512
987.6263077412959
992.1681042359618
952.0005747448782
943.5879226949793
944.4977721386496
932.1852421748724
935.5771359113266
935.9632255284564
936.0314013009204
936.3245830309645
935.1593453068804
581.6206565722139
515.8546932164533
521.3619738248104
428.0655042347796
198.93128255175884
47.10877845516023
103.31604766954831
501.0447814066002
602.7568861730095
998.364268563964
1056.5866617921376
1057.090575969553
1159.1604261681182
1171.2596251432738
1166.1074079050402
1238.170373363345
1246.3608959143462
1246.162462891248
1280.1607646421974
1428.5948438063183
1489.799958331756
1503.1878359185616
1488.6102609275858
1508.0942305768283
1492.833829494925
1496.7879440446936
1513.1891301115986
1522.9085322486821
1522.3862854973245
1521.3210763386683
1521.7107611524218
1557.746941476495
1577.364719249177
1564.7429236417474
1570.3892599605635
1591.5617874772192
1566.2565292531094
1573.296223774026
1392.9943991044574
1341.2172480536997
1041.4752682583255
1053.0906316509397
1036.2338572471006
949.146143622891
982.1733756605821
969.7488077576387
920.2326133704177
889.7327103868175
907.2375996327833
856.0322580576842
722.6243339435612
651.7505781435269
662.1967705726594
662.1447659402568
765.1176365700229
813.0339952927256
771.0475646953946
789.1515938174815
762.2460708611362
772.033770369818
762.2364958073883
804.6172378956289
860.9735702183273
929.2499781991983
1003.2495057072877
1037.6275573107
1370.6429116729753
1412.0
1368.1744900638232
1149.836912987158
1103.5638394002651
1032.4703408039586
1004.116421617993
1049.565552127555
1027.1331347236
1004.4916552362864
1012.3817625566063
1076.0248935885306
1100.3923185510628
1163.9904041278908
1450.7112682200805


