Rainfall Prediction

519.0
522.0
450.0
272.0
304.0
308.0
314.0
325.0
454.0
596.0
709.0
952.1327752934046
923.061159827483
912.2234529626838
897.7718906094585
863.6278452816532
757.1371556795209
595.9048398352554
461.8692916264173
420.88097785302205
315.95484712986615
298.96216199580897
277.08657251044536
269.0483600753086
294.510137061988
320.9598926901282
308.7748010022858
312.43868003139244
319.0101610006334
314.7837188916645
316.0563029574233
292.3719348736032
290.77659827978266
283.0703380014802
302.0542512954538
295.78103697013177
289.6854973484615
284.2129714870867
319.30371233147594
366.5905312802204
317.92622825621766
405.7668297104834
419.48805577670885
495.16225388703685
493.77823375057056
552.7538488971867
578.2574950845724
589.6857239114913
589.3908832631582
575.6480868987037
565.4655880815426
555.4156215911365
542.8162449730622
543.0111635511308
543.0111635511308
510.74401594654
495.1751298282317
499.5918708792339
497.2719444386763
500.26482925212787
528.2666032604587
527.4332241460205
536.7553864755507
589.7092103106336
659.9248991774168
382.0
363.0
363.0
844.5804837968428
383.0
430.0
621.7127595458293
511.7616401390668
595.679381236951
544.9150159291976
544.827844313427
486.53990204475167
463.21441652729516
455.8551317020839
456.32934898866847
551.7284515058628
696.1097581673152
739.3511316056482
753.4465807573177
807.6622981771819
830.7992324606735
846.3827367931885
912.9604769039236
893.8797379054926
899.8999283832493
889.2235104983333
902.6413305530216
900.61918130701
893.7863116452054
850.8895609097989
858.0175798384462
903.8184771505614
919.8651084467144
892.8933407386202
781.2116745167866
914.6164385460378
842.694593821536
754.3899492840096
809.2819897001499
793.5140293698371
786.1180196591245
812.3862834504978
824.8429633425594
833.4441149693102
835.031867388404
838.1064523322209
739.4381240233888
606.2125564108294
557.9501518993636
552.2224637706821
506.657701259848
528.0263273439998
530.8591239334254
536.2563765644543
530.8143986607358
583.6143322379646
583.8225032782759
508.91543877049565
484.5883866597065
517.0330498259912
462.4858375192999
462.7555559768713
498.467085492039
565.3030717992848
567.0095342583963
807.0151875213267
802.9846492314276
763.3507487491407
775.7538467164641
495.0
355.0
350.0
654.6477159343365
627.0961786670346
681.2335437314545
685.9260145856308
604.542885445054
586.0796949404587
584.0050330181161
679.7903557529046
856.2822198425015
860.6599032597834
979.4994027505451
500.0
520.0
542.0
535.0
476.0
510.0
592.0
593.0
997.6537652817361
938.6735807205279
964.2454725273196
1003.8336858275145
1100.8897974394945
706.676349215887
743.63900894119
723.9753470169262
703.4468487257084
1095.3894383464228
423.0
427.0
402.0
514.0
298.0
556.0
417.0
719.0
1139.0
1213.0
1124.0
1129.0
1129.0
1052.0
1052.0
1048.0
1072.0
1070.0
1091.0
1182.0
1191.0
1184.0
1184.0
1171.0
1258.0
1268.0
1378.0
1337.0
1339.0
1339.0
1838.0741248284328
1348.0
1349.0
1349.0
1633.6680741135688
1620.8825221802883
1582.1216370886887
1320.0
1354.247034885279
748.0
653.0
774.484608245569
1264.7026973369207
873.0073744364104
653.0
663.0
807.0
779.0
779.0
739.0
617.0
523.0
523.0
523.0
525.0
464.0
667.0
573.0
638.0
792.0
792.0
787.0
783.0
789.0
849.0
879.0
849.0
863.0
903.0
846.0
846.0
846.0
846.0
846.0
916.0
921.0
1049.0
952.0
1108.0
1626.7223837770189
1799.577769072816
1816.2594456503455
1741.3378273501246
1161.0
1140.0
1613.392030207261
1338.7621331979658
767.0
843.0
727.0
437.0
359.0
279.0
990.9797555003099
900.6387181079301
443.2735593081143
453.1516126410262
410.9704242799919
276.46633887039496
748.3512703497106
745.3337699676825
513.2872192851395
520.0879824582851
644.9190207093052
747.2118447482098
676.9760379719326
663.8533984026161
535.2757994665642
480.9916296043694
306.20064455526517
215.83922239860945
191.88684224920164
278.38768842323714
297.6986835011545
308.7019078992232
315.7342593803403
313.3584256816355
318.47195998383654
319.1169250939124
201.0
201.0
218.0
206.0
206.0
206.0
205.0
235.0
288.0
289.0
332.0
483.0
598.0
621.0
657.0
768.0
774.0
774.0
774.0
760.0
822.0
855.0
855.0
855.0
758.0
751.0
769.0
770.0
861.0
989.0
1016.0
1020.0
1455.3463684387239
1314.953998194972
1384.748968323534
1404.6885685896139
1442.1767225934052
1475.9600122890436
1456.877929119245
1478.6270522067302
1557.8025085623767
1419.1301879225346
1252.8927818298746
1238.4179170716884
1219.6763563704844
1211.8377534677045
1144.0216620569272
1279.0228377783415
1302.2864835891562
1312.6827763300166
1518.5032874079561
1520.8391766719367
1612.7116333828023
1607.6942400144558
1556.017306673258
1633.798244462692
1626.1638743376297
1582.531929525907
1542.8278409659451
1465.2537133620153
1357.4370263382891
1339.442883376069
1324.9553691249857
1316.2628295680981
1235.7781409598579
1174.6745492207442
1172.0388211911797
1168.8649135602843
1167.393287430961
1203.011586273863
1198.4747937371758
1162.1234640923421
1172.4501600415176
1193.3611114292614
1112.6061917874322
1118.0997438467612
1094.2976742546346
1053.060631933533
904.0911999756039
878.6583523122899
868.3924047613366


