Rainfall Prediction

587.7433225328313
580.4397745870025
548.4889567562155
495.5462398426485
483.89362215054155
478.923350928393
478.3727159805844
471.0010949704209
474.00560419503773
473.1431886556046
484.46660912476216
482.4658202121702
466.78557421284125
467.0576352216313
459.93076009980825
458.4372020414016
398.38383420286146
413.10953348580983
493.61598602896385
425.232671204053
390.3473315325084
419.5804338888253
306.0561522935752
319.0646146982326
319.4731740061914
321.9802185771599
316.67771865962317
362.5750567177068
356.9077685931868
320.62229323217093
321.4053043292753
324.5916701536647
317.96893057893845
272.8115029396012
271.0160790551754
311.6529115203411
310.3860756812029
312.54832732383267
326.65149252079215
338.15017611652576
361.559936317175
359.3960474547001
478.1733702461819
636.6014232823644
730.1652691912684
733.2561607946382
737.1443818377094
747.907785920133
892.0357953052778
807.0483558103547
818.3970569647064
835.3466057797265
788.8952273706312
779.0101785543739
958.4900951542049
1243.0883184092925
1308.5987749987255
1318.4328046277237
1307.627553032525
1350.9400136677734
1321.9583297473716
1383.6757654980515
1405.3175695790635
1424.9913468443929
1425.8198355211553
1424.8571004936664
1379.8750200033837
1368.497161613612
1363.9393119662752
1360.597746208242
1336.901554465386
1319.545529474382
1329.7668760021036
1197.805502854507
1040.8939721607212
948.1555631908785
939.4969112835821
984.0454060313543
982.8332632699401
808.882631697954
851.0688779151748
857.3093382494674
838.3408198800615
853.647595282713
842.0501381104161
699.9029189666016
453.98507304177116
319.11864612774093
327.60727812601067
323.52718235313205
297.68017126654837
301.89779966198364
243.8287562260231
221.8842623861517
218.4969680548748
233.28715596207186
233.0865678397409
271.5624874757513
264.99032840631435
266.92952864634174
265.86483831484236
272.3875992927729
268.8740794048303
257.45011774512164
251.10374873627495
251.09786411180923
253.43570732768208
248.9278383591629
206.30054647448497
197.9069474482773
197.63283992456073
198.8968638663382
182.83900108231157
181.46248778407778
195.688401919917
301.6900143376025
352.06392819783923
322.8578609212742
340.7501275920346
350.68928958573485
332.12171402940663
324.12181010859143
320.91195269412725
319.3393004231598
521.3826392491361
606.486662691741
610.3746336211867
610.4913795301269
686.5405591366398
718.354590334708
744.0702576026858
766.2097665469844
806.3141046946918
798.0142882898101
823.4643347925693
860.9276168056779
808.8696878075154
982.1590749233063
973.3633806035289
1105.459894948437
1217.044574149017
1214.0122790778425
1144.1468323796119
1170.1202402493204
1175.918518044553
1148.9665100240077
1067.9467468221208
1010.3350979977478
1014.7481026385334
949.536088733411
950.1662304294541
962.9812952597161
950.3509665056353
950.7482499485409
949.2393740941524
745.9493185570919
645.891784545702
826.5399771895442
964.8782329406824
889.5394396240656
859.7250701593775
973.5709452378547
952.5399804296756
1191.3681705345805
1224.8438498337464
1205.6897150349103
1205.3706550236075
1398.687321713789
1258.913831828164
1246.9028029101837
1244.2144953841116
1182.5524673309242
1262.9649621123942
1502.7399963169817
1598.6587251115589
1684.155045541783
1826.263743670498
1933.132371433923
1947.1352188869546
1940.580060383396
1991.0982959215246
2014.234778149176
2073.1762063621713
2146.9149666389894
2390.7733354024926
2437.1946510060366
2446.0124152477074
2445.7118024974407
2273.056579657553
2111.04901962062
2112.782525756065
2111.221733899417
1992.6728333890676
1978.1737074130153
1879.029992607525
1839.3649516384833
1834.045080440944
2006.0254028726467
1806.9932740851339
1803.5393539437898
1853.055655278368
1757.9397234320086
1665.3107323914699
1577.1804443772892
1363.2388023414833
1269.7719028393233
1180.278759914864
1042.2160029931633
955.2757426587998
956.4298774930986
949.1658265007834
970.9282398484697
970.7322846717128
978.3305119971142
915.3468712637348
654.457423101253
654.8803103230688
623.7663058861366
629.4413504510378
628.5907426966412
629.7065104117054
627.7463121290095
625.3310799494975
629.2324192542189
629.1415658786764
522.2634583527455
538.7706594195647
533.1883518340622
396.8097001012793
393.6538390032489
307.47282366087944
280.394601923648
308.6672017167776
307.0829430788482
281.3023973047619
265.95358182449337
255.84804140522687
317.66038022760733
349.35328738529364
482.6659700703681
495.16893872208607
568.9165191070962
517.9683130829118
749.4236271051526
666.2279063372449
655.533505223721
655.5761404890034
677.313472506849
672.1999041401501
665.8601128708949
667.2176478775034
667.5190460705514
648.2800969263025
655.9973687156642
721.9136931265914
788.6618464649943
788.2920833830066
789.9430507994066
791.1574236642913
789.6753715379656
766.2871465076125
761.7623535788493
765.9931161330301
761.4568947024942
763.7201347259257
758.683391538687
758.8152519747172
759.7676858963445
698.691309086342
672.8743504049281
533.2910733194889
518.0520948693687
448.37050232444443
451.5408983277617
202.92511753144808
209.60062083550437
216.02994225539584
218.9377534648861
214.99867849591277
394.2825833773241
465.951535540855
476.8437855966652
547.719207545977
683.4954978822357
766.0425568117819
721.2793621827988
697.8387279404377
785.2169742914854
786.5254295083058
798.9756406918098
787.9602701251324
790.9144285542224
786.2093332094188
785.9775485039822
781.0639953714083
779.7208833571991
773.2552014445108
765.6406683456871
768.8564991527496
809.3803705985233
809.6760344672895
815.0566246174355
807.1623141277669
806.4242235462219
808.067254096641
804.4156188095169
803.7506232950275
844.6598157415767
928.7967336760138
1140.5260802687408
957.6582160737761
886.903563245678
1013.1222531403189
955.2721821504053
850.9125117493855
837.1680582451811
818.3191155636866
786.2328503234321
707.7237890001868
705.7670153754082
709.1373594809165
704.0737918471774
725.6728723526835
765.4254763320239
766.9117851882758
770.8634731879495
770.7248376748894
780.2724248562135
780.8617046767953
781.4954074005583
812.168074945903
836.0884400694778
948.0164092826301
973.2644727432963
973.8181466965046
1088.4762784840752
1073.4115642136426
1069.9628656253396
1046.6016012581013
929.1188861603416
723.9066829801025
760.4763840592794
756.4008588581922
694.5485281249071
809.4213649911266
802.4182665260875
727.2370911297015
728.5381746440419
727.8414545829402
714.1382418028425
847.0843912683347
896.6189129816589
958.8776844673071
1049.1593016257439
1126.9891307940861
1112.9006649604044
1094.2266851250542
1192.4180847598366
1276.7193870949345
1371.717910206633
1363.5494812444442
1344.8453691263703
1303.5894044368272
1200.8373403072337
1166.479586339701
1174.4651184152376


