Rainfall Prediction

572.6563373333175
545.6997295962194
621.7632383041414
625.3535593889885
627.8788595074091
631.4875345203992
629.8621058886114
628.9303453376367
652.8035619880484
670.2890946820193
624.5548020787267
573.1495324234195
584.6179628678432
584.3938831983794
626.1967936449528
611.4068744710601
571.6362421471779
643.8701913188593
641.4965863405549
511.70574786965204
431.89226324235227
334.845509251971
126.31033502612976
99.01307833137867
98.19534048163882
119.7721155101296
120.26752795344726
119.80632965273233
119.50519759326336
114.38802582626273
109.31229895457899
109.29620778281625
171.4989166031076
172.53684637767486
172.42562890686258
172.45232063137257
171.4093278885631
165.17171480344902
170.50276584520833
161.06841941723624
169.73230178454352
165.25065494859814
331.63953386359395
339.5641228973858
337.2389944678205
339.6041334204283
384.04660428525807
410.6371140164291
559.0068524714117
591.2946010457722
742.8603394112205
743.4221509152111
743.1358080117735
744.2004748297106
739.7760905041233
739.2329162134155
754.1849715684314
754.2062699114751
756.1627537131025
772.2420363133014
773.0644383870673
772.4547490477705
776.0500078342103
720.055807023295
721.1522374646306
734.5789227219437
737.5129988591773
737.5629970034146
738.288664124945
732.6923049107652
733.4621281606419
707.3303968772731
703.096786034236
536.4765268171778
527.6415783090706
521.4573365716426
521.5186097543038
472.07642448217615
461.4318135584646
370.65314071910046
378.863618449118
250.50081018730236
251.61394715607344
252.0266231308535
289.9346455660329
290.5231310590246
290.70622498381715
273.13958781569306
286.334370228922
283.965655672971
266.78559782013366
266.7162620823501
258.7011113020267
273.7524854890508
274.812063335821
271.62323407988856
265.29901161386846
270.4580486002792
268.43890940821666
266.2997718124807
272.7642634128249
313.99868633043735
312.00923883813664
312.1406299558358
311.8716277420972
312.6366042033897
316.55868242198517
314.2880394578503
314.6982311734706
296.8642848075367
218.18887740246862
171.75025899053455
163.5128072281937
167.41825367627993
167.04344545675733
126.30968271410694
126.22993263133583
135.4823549531613
114.50816136149693
101.12667242455673
107.023049522777
224.05782183209578
248.6510802390641
248.6510802390641
236.61185145803393
242.08391840845414
274.95519999782596
274.95519999782596
275.2928019983354
275.3287246467696
251.5021149418502
245.08611574539316
231.9524071448909
261.7013357343153
262.5587262227902
259.49474140201926
362.83794203889755
475.3997307354574
534.3139845166866
535.4840725485758
530.3518946574642
565.3060243659091
568.672109034914
559.1570965408256
606.2699413388535
700.4483947353526
744.9900130992844
758.019331829076
737.5098820120977
756.9933817460059
754.7460964899959
885.1628807256869
786.3256324866827
783.3515046138111
774.4038909854826
785.6593401470549
780.3010875235072
729.9350177994556
730.215689828706
729.2818744283213
729.5516673599897
736.4590852648295
733.490800377293
732.4837243799722
754.4275767314446
751.0061153127735
727.3511697585781
599.5709908279965
497.71338788413254
425.5077457933085
531.8743981686788
536.8451318936168
514.6633228335768
517.4275275232777
508.6724187463821
456.7980407448563
440.5740385612744
362.10837704649987
329.4172512990265
342.6535889259578
346.94324200273047
365.39060487179506
292.83034501930325
302.6561692689836
362.25454556522055
405.9823288986288
425.5369373187145
443.38106436658336
444.4215791098094
466.2300457684249
488.02897072888805
482.3436855881301
469.19604226195094
465.01003859787505
463.59547883024396
472.4210967068778
510.3261680521271
488.0681787683493
492.31084858368536
497.89538102371415
497.89538102371415
382.03029643912976
369.9708754616228
412.56097206084553
438.31124126984935
405.2161997766545
431.6524052611988
423.34522185370326
424.97983382705934
424.2309113122534
409.41426062109645
403.51361474022195
360.92472420892796
334.0607818533753
317.7416955638994
265.01912917131267
179.69386701903653
185.95438846716957
186.33963118255946
186.63989776298396
160.62497830120947
289.0344160276343
314.1251435542784
409.3120159443337
491.70597337048275
479.063629024488
484.6914811301042
480.76555601739716
471.3568139529954
472.2414076396203
474.0025193453335
596.7567763644829
643.5945233932446
654.6992254802738
610.0259126353604
665.3958920258218
665.3958920258218
693.4109307567464
809.6274381241876
824.8157247136938
879.4354490620707
928.2293787525649
929.2228047174468
943.6573046448458
944.7318088031234
937.095338590984
936.7316312468004
945.6206809863286
910.2937296921768
908.0864897138546
906.0374742967589
901.75838559383
785.4604208522085
739.9007103423149
736.3622843576032
650.546210591098
652.5919207142036
652.0767505021106
650.5664822979531
650.5561346697019
650.4376208489189
649.3139609098026
589.1969584239802
547.6876935745187
548.6218904762844
543.6965042273436
489.2494702838848
489.24808418923294
516.6208139761997
538.9701269835865
529.8500249677561
477.7074817117334
418.95351622643227
838.0962468714237
872.9352128854975
869.8993289401184
870.0107719477973
885.5159781402142
885.2034950781184
885.2923080173268
889.3516791349335
893.1448729038128
889.9338701966224
889.4936325235606
889.5187601009864
802.2239960674973
785.712430871976
795.9057025152474
819.0303762287256
868.5433852786114
869.2558996596368
895.9187718570055
974.0381858439283
928.6498987365467
942.1477385699726
915.397738890686
923.2758091501189
921.3319172927656
918.4969088061222
925.9635471446975
914.05545279053
988.6928234353501
988.6928234353501
1005.580820632858
517.364097789336
523.6812050838862
553.1736134053228
676.3284907077157
763.3481799107996
839.3590302993028
879.6308153406499
917.6771316013223
917.722306756866
930.0859055534949
1109.979724757321
1115.810138264392
1175.7883873322019
1175.186479924978
1163.3562563895177
1140.0149603618013
1088.551490495326
1239.0119164747891
1234.04945543095
1253.185239206909
1225.302547451171
1232.1468022840759
1263.531660046099
1298.1137888401418
1373.087332908556
1372.9374230352703
1368.5784046568867
1326.04725023076
1312.3444161396692
1305.8206226061786
1286.2091408011672
1279.397602670819
1346.363964572799
1378.2025146467652
1297.1715115047589
1200.3709574829809
1143.7402623191533
1103.7244249355135
1070.8269851479565
1062.9478215392342
1060.8412712011952
835.2427945057668
760.3086209137002
716.0610881075444
722.3821728748242
733.9754699576957
777.4252635713385
790.282683034425
662.7678838821494
707.1926265968633
604.5033494149873
593.1117407956095
699.478162875815
686.9190800373822
677.1380189519294
594.5044789390512
585.8797085165041
584.3611921162973
590.0107712945152
553.8737738762834
548.4809764793715
544.8491885706741


