Rainfall Prediction

1088.002966869283
1100.3313921291162
1163.3778731001348
1174.8955639407975
1248.1669954375031
1340.5501683877553
1497.8420912859533
1361.13130654612
1331.486470906122
1382.29105434693
1235.6903669680771
1165.1191213651482
1119.4649260108179
1106.9254788560831
1069.2881629717838
991.9196493637967
987.3463874982492
1011.6335754500847
992.2061846123387
838.2079057745832
836.8602232786367
979.2615101806751
527.0607963147147
560.6230145321123
579.3141137842383
598.3728004400532
594.0648420901539
612.1118130158924
613.3486943457497
750.5848029341547
775.5848029342271
741.2577594690576
939.9240633138729
919.0625230607795
918.1622543211505
892.830700405117
806.2462472697387
594.7907649919764
602.7446863478862
619.592215924158
582.2658117801979
755.1139464896053
977.4693288758762
908.2119977180982
929.9339546431336
931.9151233707029
978.7413576571349
1113.3974032472847
1308.7982096316034
1380.3750683906699
1612.9777182030143
1696.3416610814384
1714.9936317438714
1673.8246646070486
1746.2266724467934
1852.418197833553
1912.0457100123763
1917.86322304665
1907.1367980681428
1898.5971998826099
1810.3569847478657
1775.9284683253582
1783.928468325122
1765.0674983534038
1840.0996075102032
1918.9644578041898
2015.6951435681028
2055.0980278629117
2086.6775896296476
2081.5272418983673
2072.071221436604
1960.2746691319235
1824.682389105895
1591.8235408846347
1664.9832145400612
1661.9178567755466
1688.2963281690995
1724.1968606258783
1595.6165511688644
1526.8220564513092
1574.3307354620208
1344.3307354621352
1253.7715809296537
1253.7715809295323
1285.7715809299045
1202.4219922680168
1107.4258858493963
1047.7683578421481
1079.8637374178627
1050.8635361983327
1006.0587058977961
1033.001724872148
1019.6931776611227
996.6899129069255
880.6498808553321
798.6498808555069
719.6498808554019
595.3912189749161
574.3912189750455
546.5899526834519
577.4577208493382
589.4032856429477
564.4118774174899
589.4032856431345
588.9781477691256
581.8560450725965
551.7448155808095
524.0101530293911
456.8626738329083
438.42038220823656
295.5770210628444
158.63060530862572
145.62147282515565
146.05166773562638
182.62147282546246
145.62147282546678
128.02181477251645
146.60643494793595
115.03662985822938
115.60643494808718
118.90390053411488
226.90390053401768
250.90390053401765
269.8828294741886
481.71678300531636
506.8361699875203
578.8361699875051
731.7002537033708
881.0876319274801
860.3452194490474
875.9121832499894
854.3922869598179
843.4117522946809
845.4117522945837
847.4366291994103
871.6616637063277
988.7610832642346
1111.4279990693008
1154.9781477694507
1154.9781477696495
1179.7627574602654
1192.2220684489305
1214.8070834488958
1207.3579704471308
1243.3579704470922
1311.5673431590164
1369.357970446974
1390.6327259183952
1382.632725918418
1363.4233532064059
1363.423353206258
1484.9066679797238
1384.674362289539
0.0
1186.7491216276958
921.2396561742017
1561.025205958567
1221.7515710851198
1225.770769731143
1220.9774556379496
1215.6942995738937
1235.325387010557
1343.3338973999607
1406.6782329177206
1398.3805591693513
1378.1875622482264
1479.2553544982754
1362.2952741939853
1325.1321156220115
1308.983251323183
1456.4758019172355
1470.5442779992268
1328.0840295114635
1268.665993402285
1230.4711663928065
1183.4711663928044
1155.2801654886666
1101.4804271762014
1273.478463367366
1555.577539283839
1603.401363469324
1624.8365521089386
1610.2976701267992
1680.5289031624802
1674.4557088659285
1520.9099292812843
1426.4455615959978
1389.62582284136
1237.4786535135236
1180.371886436696
1155.6294497725767
1132.240389540884
1061.2851674783947
1087.3588054774852
986.5754246536164
1019.7930589044204
995.9586703277424
910.8906821618807
911.4349410262371
790.6347827453754
689.0236191078138
549.7762157147928
805.7390595766935
616.9227404166094
626.2228517184376
609.6438671748183
580.406457605912
557.4247749181818
560.8559780726483
672.8661875452326
549.9881135905906
776.042055893266
877.1279983224291
800.8666320754271
773.0506644968564
166.56873069030542
657.6245077289115
671.6711724936594
645.1940464166573
778.0133937084804
754.2387819296761
877.2672738853917
888.2857987590589
1009.2857987590224
1143.2500814849313
1122.1494157987763
1174.1494157987763
1197.660251671892
1237.069679763157
1240.9860189609674
1241.986018960892
1362.9420558375036
1385.8464013194143
1410.9088201501263
1133.0719999855446
1211.485111216964
1159.8731127540636
1184.2111452326844
1138.5037783283824
1277.266484036758
1340.0670194304157
1405.0679360836643
1376.6131454654142
1285.2099293339515
1273.387375519868
1209.8981663121504
1209.9898496020196
1209.054894323123
1190.1271951458962
1219.2636155926716
1130.7841759999685
1107.8530677873161
1026.6180740736368
975.6159447663279
953.2212344980202
939.0371002946827
946.8163527649511
883.951274589157
933.1453585573063
1013.1426231150655
1015.2373132332459
1014.9560493982453
965.9616835392844
903.5837581683298
874.6952486146785
894.9732397051512
806.6499335765536
782.1855081267597
733.7056720846045
767.0167456444162
725.0754677535485
739.5935898129496
658.8508064550093
987.5729092954687
997.3878913356339
1053.5002990076791
1109.1797111608976
1043.6233869030166
1066.5093899057642
1044.469244356661
952.0741840492951
997.1219370603985
960.1367012481082
835.8153672426016
830.4275139495878
703.142578688229
707.4237114570972
720.4836521844112
832.6594295180557
793.7866487319777
723.5600138387563
715.7866487319658
809.7888846620674
753.8876468964243
837.1190117799806
1197.304347954336
960.3765130212767
1034.1552872147652
1084.0116160984555
1078.1319154487005
956.1377788747862
1029.558882703815
961.2628278326035
985.7216619835858
513.5956221871206
536.7829935776314
680.2838153125908
875.3693296685478
984.5275016626708
1106.3512115258457
1136.50768194689
1211.820593209498
1240.0432759178775
1267.86691762688
1550.7233739850155
1693.166924379816
2126.4028428410575
2169.7469436373704
2218.029033233514
2239.0019919281676
2179.882408177138
2305.6685967210033
2305.881275737818
2355.982243479472
2312.476703243945
2233.904213186237
2245.916871636476
2253.4663192500216
2276.4222205879637
2276.341715421757
2253.4684012928433
2285.1573110989657
2340.8034605417115
2380.2106513898366
2364.400766737128
2386.255248001266
2493.776456833522
2365.1193079750938
2190.803891386429
2111.7839037379035
2053.522194768876
2004.0370343172276
1935.7234920947562
1881.0445387134164
1913.4448008824188
1686.1349663172577
1542.0761110071808
1153.7955619007157
1138.8056650176395
1046.1546358264698
1023.5147889815979
971.0841162913883
1234.8609502424513
1258.7783422774094
1171.2364165889815
1184.1802896347533
1344.1802896348015
1556.1802896347992
1885.9500182828042
1948.6995746569262
1986.8125648548323
2014.7991598282977
2340.4871424543912
2315.4465578776253
2368.430193876084
2543.36475404806


