Rainfall Prediction

868.0255724735268
888.5082491682887
949.7237515180593
1008.5734710508351
999.7290921773047
994.6876123876281
868.0255724735268
857.2502944698823
758.9969025166139
672.6832726720338
648.6970426015139
549.680993045392
593.2195343201057
601.6421291654667
598.4788329158014
531.3750814115107
487.5352137188449
510.2897175684812
414.92027962570904
278.88924379796475
262.7884869146952
239.23855890588936
239.23855890588936
237.6945980326189
236.9238498421277
236.15392413708724
195.09747957133473
197.27048203618781
202.37108249886532
236.9238498421277
282.14730210954394
316.25865163327865
305.30269548242416
275.64376680376296
238.46616796691765
243.8901045585995
220.92929693660503
254.85767200875082
248.57102285371008
249.35402070743845
250.13782947342483
250.13782947342483
250.13782947342483
217.9244265765796
208.25189861660627
178.69933834639596
172.41024737506078
172.41024737506078
156.67102118601272
146.66902832216726
146.0097240105112
145.35136348194882
145.35136348194882
145.35136348194882
145.35136348194882
296.13349211509166
383.74607187477557
433.6408091204032
446.91165406812377
462.2446343113263
418.6418733613888
366.6873905011861
320.5067431908353
317.1067523407008
305.30269548242416
305.30269548242416
276.4539543543938
274.0257588974548
239.23855890588936
230.02421780890114
218.67438335809427
222.43676732256975
282.14730210954394
308.66000721074073
308.66000721074073
320.5067431908353
346.39047789699913
367.5786710049079
369.3634210813819
395.568075186972
426.11888133848373
526.3281335031752
591.120323255874
606.9271265446298
611.1666572179718
703.6477919217065
494.42274545232914
398.3134434705806
377.4308233697695
369.3634210813819
349.89236701814974
356.0491255789299
358.698787377662
388.27861906861585
532.386460513338
601.6421291654667
667.2052299484698
831.1114395666431
928.7485378794995
979.6176322124404
1092.0141767750981
1098.5302469620985
1097.225925421521
1007.3082922132085
967.1218835250821
967.1218835250821
1013.6398339228348
998.4678726082701
1003.5161469524418
1011.1055233243038
1102.4465315732332
1059.6420592060856
929.9777722008165
853.6691069503198
883.6736129540819
1187.1727814120543
1128.6820744352888
1289.2907910588272
1289.2907910588272
1347.789679324054
1392.9850515768587
1474.8138073305456
1486.4332841356363
1556.8406733181039
1508.3086507409782
1373.1459108227136
1370.320138996057
1294.8217775521425
1136.5956828788785
1102.4465315732332
1139.2379455729342
1160.4549503115325
1175.122794495464
1191.199228142464
1199.266774631383
1294.8217775521425
1301.7474851412978
1238.534413798931
1360.4464881985461
1473.363694714171
1461.7813937581222
1319.816477716174
1520.0227876916506
1649.5203806192685
2141.4544117456476
2371.807031063216
1979.2755514416885
2098.408713029704
1902.3408126008467
1902.3408126008467
1785.9349293464852
1718.0005660500624
1629.9264535818356
1607.424028174179
1531.769735180108
1571.6571466047053
1489.343308989633
1395.8275936143762
1390.1446023035674
1352.0038749987175
1275.500638352427
1181.8117924670194
1168.4474116789788
1163.1169207432463
1137.9165398278246
1122.1025206168442
1031.44312704814
1026.3452141639495
1019.9854816474538
888.5082491682887
762.4331405770297
909.1592964576242
1041.6659121993002
868.0255724735268
797.0939873669281
709.2282447426659
641.128863907275
634.6664898617046
516.2841065546318
513.2839030081493
631.443850165404
631.443850165404
631.443850165404
631.443850165404
631.443850165404
708.1109212680897
692.5332060398464
692.5332060398464
744.1696041719255
740.7625085719962
740.7625085719962
740.7625085719962
740.7625085719962
636.8180838060157
623.9465680363884
623.9465680363884
623.9465680363884
673.7807548094216
677.0769438029276
684.7898505669804
684.7898505669804
684.7898505669804
552.7527237194705
447.8647829138987
447.8647829138987
422.374749368013
224.70424897423922
144.0374787423146
143.38195703038025
143.38195703038025
143.38195703038025
75.2368636182821
79.02174531551448
85.08135870200383
85.63892850688428
85.63892850688428
54.7194641958439
61.679808989787574
61.679808989787574
39.76353636108274
39.76353636108274
39.76353636108274
39.76353636108274
39.76353636108274
39.76353636108274
39.76353636108274
39.76353636108274
39.76353636108274
20.85203562631763
19.369833476287532
16.84528247763334
16.84528247763334
33.24043399042041
34.091208930600345
173.80155223035604
176.5949243108656
176.5949243108656
176.5949243108656
176.5949243108656
176.5949243108656
176.5949243108656
176.5949243108656
252.49411422463655
258.8130466234219
262.7884869146952
284.5990783208496
287.87905824842403
278.88924379796475
257.2284841458315
257.2284841458315
265.9832299236573
406.5880824234811
502.33471422839364
535.4245710240297
547.6364570954065
552.7527237194705
571.3068125227924
635.7419702665951
721.5594037734734
788.9580726101175
788.9580726101175
848.9024277891987
848.9024277891987
928.7485378794995
926.291798411333
644.3685836902677
642.2081390720446
642.2081390720446
642.2081390720446
642.2081390720446
642.2081390720446
642.2081390720446
642.2081390720446
536.4385978539276
538.4686345739682
525.3207357218197
497.384679450747
493.4367840124659
493.4367840124659
500.3526806745578
509.292994682109
551.7281570120168
404.7442886658796
340.2907397360177
312.02955763402446
325.6294336739215
330.77926593868403
347.2648391538191
342.90045305164654
296.13349211509166
280.5167027932146
297.79368069057784
256.43740853990784
256.43740853990784
175.89523855271386
175.89523855271386
175.89523855271386
174.4985514924141
174.4985514924141
174.4985514924141
187.19686884320154
187.19686884320154
187.19686884320154
187.91073122989496
187.19686884320154
175.19644727393117
173.10545051427817
173.10545051427817
173.10545051427817
173.10545051427817
168.25795694021141
162.09074421712833
127.30565282423254
119.80580157016956
102.87104121163709
102.87104121163709
86.75738466844292
80.66089312182669
61.17457770965676
34.94790669363743
25.463523502824106
11.107150832734673
4.903144665369228
4.903144665369228
4.903144665369228
4.903144665369228
4.903144665369228
6.279827879373725
74.16579074828051
246.22690183247445
336.82155517708384
383.74607187477557
387.3706692418251
388.27861906861585
387.3706692418251
387.3706692418251
387.3706692418251
387.3706692418251
387.3706692418251
390.09667617535507
391.00678256560985
392.8291488036011
436.47307080641156
460.31836098119163
460.31836098119163
460.31836098119163
460.31836098119163
460.31836098119163
460.31836098119163
460.31836098119163
493.4367840124659
650.8650526363984
666.1114967942034
747.5821774128889
747.5821774128889
788.9580726101175
866.8259730027572
869.2257578704963
933.6689312882344
788.9580726101175
509.292994682109
403.8234587364565
340.2907397360177
336.82155517708384
335.9561255248514
345.51685815579185
429.87424320198
504.31943742876985
527.3361956533302
548.6583964116063
545.5945516730077
572.343791834347
579.6208372503783
539.4846438231704
514.2833026258471
590.0716849644616
633.5916428622337
749.8602662965941
1013.6398339228348
1062.2190225521301
1301.7474851412978
1287.9093760503458
1093.3162829936612
1075.137288295874
982.1236145999286
982.1236145999286
973.3626353668158
1030.1678055936968
1122.1025206168442
1046.7907631407627
1133.9556159781116
1133.9556159781116
1140.5598999622605
1220.8755362119048
1307.2976203651094
1383.052641527792
1460.3359329152395
1356.22281244485
1397.2496491079237
1370.320138996057
1384.4699860495623
1767.312172694369
1817.1308536222107
1990.5883381014664
1993.8249020270891
1993.8249020270891
1881.6969748617569
1817.1308536222107
1655.5663966232112
1336.5750326418306
1283.768329054187
1045.508710169708
1014.9078356675758
1006.0436784699222
1006.0436784699222
1006.0436784699222
1039.1068493268253
1055.7808014075943
917.7113861605046
829.9301036899878
833.4758877503153
775.0792167501071
878.8483106461139
877.6434449568917
811.1094406579217
844.1451748244275
785.4802456500142
711.4647393564496
689.2109022283857
575.4586300729737
571.3068125227924
539.4846438231704
300.28975503599645
252.49411422463655
165.50786768359572
158.69651325128117
158.69651325128117
155.99770506174215
155.99770506174215
155.99770506174215
155.99770506174215
155.99770506174215
155.99770506174215
155.99770506174215
155.99770506174215
155.99770506174215
155.99770506174215
149.31565879574728
134.94698058692344
167.5690730764077
228.50006876947327
272.4109114981379
249.35402070743845
183.64075733324782
223.19175852224103
317.1067523407008
274.0257588974548
278.88924379796475
279.70258044361896
315.4113108251442
385.5569292736304
389.1872881949184
389.1872881949184
402.90334067679197
402.90334067679197
414.92027962570904
416.7796645561584
416.7796645561584
416.7796645561584
434.5841982275644
434.5841982275644
434.5841982275644
434.5841982275644
434.5841982275644
434.5841982275644
434.5841982275644
434.5841982275644
434.5841982275644
419.57403568183656
401.0652418832371
356.0491255789299
284.5990783208496
237.6945980326189
217.17531168047876
217.17531168047876
175.19644727393117
98.18159757376249
126.04578580169171
119.80580157016956
147.990463362225
120.42532422956114
94.70904166656959
92.41543801582688
92.41543801582688
98.18159757376249
141.42108964886586
136.2341191432392
171.02254097270745
240.78580085375918
242.33631801275044
227.73924008442512
233.84908938900278
233.84908938900278
323.0646884832462
323.0646884832462
389.1872881949184
389.1872881949184
460.31836098119163
554.8038250235827
583.7934149789661
662.8340527541142
674.8788608803985
674.8788608803985
741.8975980928107
818.1493623715169
875.2354668161307
944.7734704763253
1016.1764014822961
989.6552016997922
1077.7276221929776
1106.367792871375
1110.2940266296878
1090.712624782073
1092.0141767750981
1092.0141767750981
1059.6420592060856
970.8646239881673
964.6295763633029
898.2054735986721
785.4802456500142
783.1646965920063
783.1646965920063
773.9265564616029
773.9265564616029
650.8650526363984
657.3841796583391
581.7058309826352
604.8112037610675
527.3361956533302
434.5841982275644
423.3097281364222
356.0491255789299
346.39047789699913
349.89236701814974
299.4569588359552
246.22690183247445
263.5859754363311
234.61654316254956
191.49319137652174
147.32927518230866
104.05390458456465
66.79895260288657
65.2505359296296
54.23171916948331
53.7452491196209
53.7452491196209
125.41732946685833
125.41732946685833
125.41732946685833
235.3848216616613
249.35402070743845
249.35402070743845
249.35402070743845
249.35402070743845
249.35402070743845
249.35402070743845
244.66822204212835
241.56065039679493
224.70424897423922
223.94758600257754
364.0179327983712
349.89236701814974
364.90702092391996
364.90702092391996
361.3550607869776
360.46890249882716
365.79684031638755
305.30269548242416
304.4652840952423
421.4404740961913
446.91165406812377
475.8053349921012
489.4996970300457
528.3449218452896
547.6364570954065
548.6583964116063
548.6583964116063
423.3097281364222
423.3097281364222
423.3097281364222
299.4569588359552
284.5990783208496
296.96319991348344
296.96319991348344
296.96319991348344
296.96319991348344
296.96319991348344
296.96319991348344
296.96319991348344
296.96319991348344
364.90702092391996
233.08246109283627
259.6065321356513
246.22690183247445
246.22690183247445
246.22690183247445
250.92244844849515
246.22690183247445
246.22690183247445
231.5516839528216
138.17204649959822
261.9917976548007
240.78580085375918
403.8234587364565
523.3079345766505
564.0661897257505
668.2995885760184
668.2995885760184
670.4901812207204
673.7807548094216
673.7807548094216
745.3065202670176
745.3065202670176
733.964775356337
785.4802456500142
788.9580726101175
793.6035723426413
798.2586560241164
799.4239228125558
878.8483106461139
980.8703390360496
952.2023320166342
952.2023320166342
928.7485378794995
928.7485378794995
928.7485378794995
1030.1678055936968
1072.5491795953612
1482.0721121261786
1531.769735180108
1543.5494347080535
1678.3105294895774
1457.4465637227909
1498.085742124902
1208.7035701450404
1073.842955715655
1007.3082922132085
887.2987157428105
887.2987157428105
884.8813974412396
881.2597942813203
881.2597942813203
785.4802456500142
785.4802456500142
780.8515513806302
859.6406917693892
1058.354414814044
1080.3201800023594
1077.7276221929776
1192.542462946135
1116.8487880378575
1035.2724619998153
1296.2058551188777
1283.768329054187
1263.1351655142505
1263.1351655142505
1264.5069673155517
1155.137565479312
1103.7530659164256
739.6280283730705
701.4199293936501
721.5594037734734
622.8780700919206
571.3068125227924
540.5013132388825
545.5945516730077
484.5935719144706
477.7535122560931
475.8053349921012
475.8053349921012
475.8053349921012
475.8053349921012
475.8053349921012
520.2937238362563
525.3207357218197
542.5366312946445
435.5282855885815
301.9576587827446
335.9561255248514
458.3948389790461
711.4647393564496
875.2354668161307
887.2987157428105
630.37090501213
628.2269184595566
628.2269184595566
631.443850165404
630.37090501213
630.37090501213
630.37090501213
630.37090501213
630.37090501213
602.6978457068021
602.6978457068021
602.6978457068021
601.6421291654667
596.3731827640397
596.3731827640397
596.3731827640397
596.3731827640397
596.3731827640397
613.2902605867359
614.3530207940468
614.3530207940468
590.0716849644616
633.5916428622337
767.0232598687265
816.9745545818049
822.8545365240115
752.1407850793165
602.6978457068021
290.3472305675681
197.99654899583106
181.51768542552716
179.40259192795082
179.40259192795082
179.40259192795082
177.295503534757
177.99697521499556
183.64075733324782
203.10318510091034
206.7765613762279
231.5516839528216
231.5516839528216
231.5516839528216
254.85767200875082
257.2284841458315
257.2284841458315
277.26493012447867
278.07669348227734
278.88924379796475
306.1408740568729
292.82240250121095
302.7927651712282
302.7927651712282
287.057892426554
250.13782947342483
150.64460490922716
129.20281769340147
125.41732946685833
147.32927518230866
179.40259192795082
181.51768542552716
159.37352136909445
220.92929693660503
253.28115963077028
253.28115963077028
261.1959083245981
279.70258044361896
281.3316102226112
286.2375067581026
268.38765392103073
272.4109114981379
246.22690183247445
246.22690183247445
247.00746270726518
230.02421780890114
227.73924008442512
350.7696893440631
431.7561272602124
430.81483530567374
429.87424320198
399.2299957282512
413.99164715227846
401.98393491576
401.98393491576
399.2299957282512
399.2299957282512
398.3134434705806
386.463439160991
375.6329823570494
345.51685815579185
305.30269548242416
302.7927651712282
302.7927651712282
228.50006876947327
180.1067349628015
180.1067349628015
173.10545051427817
169.63844135870028
169.63844135870028
164.82261820634085
185.77178128375436
217.9244265765796
220.17681934306256
220.17681934306256
219.42518121572135
217.17531168047876
226.97924298543293
133.6637049262598
67.31748382028252
67.31748382028252
82.86218629204802
105.83601784440351
155.32531479995544
158.69651325128117
158.69651325128117
158.69651325128117
158.69651325128117
158.69651325128117
160.73029696028505
194.3748812388664
216.42703948201478
250.13782947342483
352.5265505777659
424.24540999268953
427.0566700151374
427.0566700151374
432.69811866501817
466.105422996964
464.1736559766385
461.2811539176088
454.55606099375626
421.4404740961913
372.0460118203226
413.0637218959435
578.5793124740583
645.4497526087665
640.0502205294545
631.443850165404
748.7209180025687
775.0792167501071
813.4537003773963
963.3842792619482
914.0427330315958
801.7562499214719
795.9299170568124
795.9299170568124
795.9299170568124
795.9299170568124
795.9299170568124
792.441298371797
737.3608968711949
703.6477919217065
655.2086232726443
526.3281335031752
545.5945516730077
552.7527237194705
569.2348058571888
591.120323255874
578.5793124740583
570.2704837632039
570.2704837632039
573.3814213968107
573.3814213968107
573.3814213968107
524.3140026368905
509.292994682109
484.5935719144706
484.5935719144706
479.7044143606334
367.5786710049079
419.57403568183656
391.91760692242616
261.1959083245981
306.1408740568729
306.1408740568729
366.6873905011861
452.64081106029585
455.5147212939559
458.3948389790461
503.32673979423964
508.29694182201314
508.29694182201314
508.29694182201314
508.29694182201314
533.398502031423
451.6842221881146
473.85988546275917
458.3948389790461
432.69811866501817
411.2099947079908
403.8234587364565
403.8234587364565
450.7283245543813
482.6358702920192
745.3065202670176
824.032314761247
654.1217874522929
847.7122303346778
1011.1055233243038
1011.1055233243038
1030.1678055936968
929.9777722008165
926.291798411333
926.291798411333
859.6406917693892
859.6406917693892
780.8515513806302
939.8323724246048
954.6832038979518
1049.356548563342
1055.7808014075943
1105.0601530679896
1641.9741805891526
1672.234389107161
1945.4791992450325
1961.5461047191684
1937.463909084683
1884.8675852572128
1884.8675852572128
1884.8675852572128
1884.8675852572128
1884.8675852572128
1884.8675852572128
1801.5082403825875
1750.303948964138
1383.052641527792
1287.9093760503458
1283.768329054187
1008.5734710508351
845.3336036488297
845.3336036488297
824.032314761247
833.4758877503153
833.4758877503153
833.4758877503153
833.4758877503153
851.284589906243
863.2306921350777
611.1666572179718
595.3213227560498
515.2833705862508
465.1391965031934
424.24540999268953
123.53788661375225
250.92244844849515
126.67522740218206
231.5516839528216
254.85767200875082
265.18334760352843
334.2275096168878
376.5315402693513
491.46688806530415
494.42274545232914
521.2977948464737
562.0033098666148
567.165403815075
572.343791834347
601.6421291654667
651.9500018706917
729.4451645460849
887.2987157428105
899.4202433872322
983.3774587282824
1088.1111841063603
1088.1111841063603
1133.9556159781116
1136.5956828788785
1483.525320603429
1469.0164556760692
1464.6738673413988
1464.6738673413988
1464.6738673413988
1464.6738673413988
1530.299574421406
1622.4130156815647
1332.3782532688476
1332.3782532688476
1082.9149604427294
1044.2272172455464
1027.6188489837784
950.9627552539124
892.1403442154067
856.0559773049894
1222.2306772319114
1203.307866565572
1220.8755362119048
1214.1079293011692
1207.3538324314736
1169.7813981449763
1110.2940266296878
1019.9854816474538
853.6691069503198
841.7700872321111
776.232479546695
674.8788608803985
770.4721928686163
730.5741503431747
728.3167904118751
451.6842221881146
448.81860453344444
448.81860453344444
448.81860453344444
448.81860453344444
448.81860453344444
406.5880824234811
350.7696893440631
353.40608849839606
353.40608849839606
353.40608849839606
353.40608849839606
353.40608849839606
341.15989979719404
356.0491255789299
278.07669348227734
89.00750242758357
121.04584550824434
91.27511387411595
111.84358691862272
133.6637049262598
156.67102118601272
155.32531479995544
155.32531479995544
155.32531479995544
155.32531479995544
147.32927518230866
147.32927518230866
94.70904166656959
94.70904166656959
94.70904166656959
94.70904166656959
94.70904166656959
94.70904166656959
94.70904166656959
94.70904166656959
94.70904166656959
94.70904166656959
94.70904166656959
92.98722252688272
92.98722252688272
92.98722252688272
92.98722252688272
97.01981302251593
95.2851299501142
108.82693813129379
108.82693813129379
138.17204649959822
238.46616796691765
236.15392413708724
271.60467458857437
367.5786710049079
429.87424320198
453.59809078915896
472.8881845062774
472.8881845062774
517.2855101969154
557.8853920429668
557.8853920429668
557.8853920429668
557.8853920429668
560.972849713701
566.1316802849602
566.1316802849602
571.3068125227924
576.4982085872964
613.2902605867359
613.2902605867359
614.3530207940468
614.3530207940468
657.3841796583391
662.8340527541142
718.1889871084945
819.3247646707513
811.1094406579217
805.2592211916667
760.141709855742
760.141709855742
737.3608968711949
571.3068125227924
692.5332060398464
659.5622472902986
546.6151754109554
445.00747624236277
421.4404740961913
402.90334067679197
411.2099947079908
381.0351984775314
345.51685815579185
349.89236701814974
361.3550607869776
404.7442886658796
411.2099947079908
413.99164715227846
413.99164715227846
409.359101418324
407.51104539888104
438.36473322871797
511.287110143086
632.5174295395299
648.6970426015139
627.1558776071308
632.5174295395299
579.6208372503783
490.4829542581953
491.46688806530415
554.8038250235827
600.5870546622327
600.5870546622327
575.4586300729737
522.3025318699982
413.0637218959435
399.2299957282512
369.3634210813819
437.4185534848883
489.4996970300457
492.4514981002111
543.5552792986103
609.0456117850832
684.7898505669804
701.4199293936501
686.9991345996871
731.7037475674256
841.7700872321111
832.293367655771
859.6406917693892
1002.253229521815
1238.534413798931
1296.2058551188777
1254.915602138199
1101.1405501951408
1081.6172924736336
1072.5491795953612
1095.9221574747946
1095.9221574747946
1095.9221574747946
1173.7866281303254
1090.712624782073
1032.7190103788155
1032.7190103788155
1009.8392148115482
1006.0436784699222
1006.0436784699222
962.1395533854557
952.2023320166342
864.4285326345181
800.5897875167398
797.0939873669281
728.3167904118751
645.4497526087665
571.3068125227924
550.7042466831908
550.7042466831908
463.2088017886413
365.79684031638755
365.79684031638755
345.51685815579185
249.35402070743845
120.42532422956114
58.66689797398287
37.55306406082725
36.24395414046644
36.24395414046644
30.724146244038433
19.737730340153302
19.737730340153302
19.737730340153302
18.27691653312516
42.91720911467565
87.88024837917943
87.88024837917943
86.19760455886163
86.19760455886163
86.19760455886163
86.19760455886163
86.19760455886163
85.08135870200383
85.08135870200383
85.08135870200383
85.08135870200383
85.08135870200383
85.08135870200383
86.75738466844292
91.27511387411595
93.56008597199444
99.34762763429474
139.46879565620986
416.7796645561584
419.57403568183656
460.31836098119163
534.4112056425267
596.3731827640397
710.3461841862594
903.0680371230183
1222.2306772319114
1224.9425777741178
1224.9425777741178
1276.8772522619317
1224.9425777741178
1144.5290534786966
1140.5598999622605
1144.5290534786966
1144.5290534786966
1157.7951648254032
1204.6559804981105
1204.6559804981105
1204.6559804981105
1218.1668733832967
1395.8275936143762
1503.9243203662838
1545.024197130229
1593.977206118213
1593.977206118213
1657.0791575169148
1775.0629987417901
2204.943498321235
2188.16971809183
2080.293911368059
1537.6554945783005
1652.542382895651
1614.912202715876
1503.9243203662838
1417.2132653926722
1301.7474851412978
1080.3201800023594
776.232479546695
773.9265564616029
1048.0733759936081
1003.5161469524418
982.1236145999286
994.6876123876281
922.6110149352841
953.4424816249827
953.4424816249827
1000.990877872663
1110.2940266296878
1110.2940266296878
1196.5754230036412
1203.307866565572
1039.1068493268253
944.7734704763253
910.3792870776898
912.8210055537618
918.9354268078976
864.4285326345181
787.7981967988823
497.384679450747
497.384679450747
618.6104452401926
618.6104452401926
535.4245710240297
518.2875811796843
551.7281570120168
591.120323255874
657.3841796583391
657.3841796583391
744.1696041719255
757.8527008271606
635.7419702665951
679.277519403373
714.8240968081183
746.4440447575802
797.0939873669281
764.7269911824229
764.7269911824229
724.9353403492094
634.6664898617046
636.8180838060157
568.1997791069077
552.7527237194705
549.680993045392
554.8038250235827
559.943043153889
524.3140026368905
519.2903191701704
532.386460513338
512.2851720685459
512.2851720685459
537.4532858108323
422.374749368013
422.374749368013
422.374749368013
421.4404740961913
391.00678256560985
356.9316107480502
284.5990783208496
284.5990783208496
223.19175852224103
229.26172826769638
147.32927518230866
153.98331649373722
175.89523855271386
191.49319137652174
147.990463362225
147.990463362225
147.990463362225
180.1067349628015
153.98331649373722
166.194027374208
166.194027374208
166.194027374208
166.194027374208
162.77234193579162
159.37352136909445
159.37352136909445
159.37352136909445
150.64460490922716
150.64460490922716
353.40608849839606
349.01578421308267
364.90702092391996
376.5315402693513
376.5315402693513
376.5315402693513
376.5315402693513
376.5315402693513
376.5315402693513
376.5315402693513
376.5315402693513
358.698787377662
372.0460118203226
325.6294336739215
271.60467458857437
224.70424897423922
218.67438335809427
218.67438335809427
249.35402070743845
207.51380323109814
247.78883661771977
238.46616796691765
238.46616796691765
244.66822204212835
244.66822204212835
250.92244844849515
257.2284841458315
301.9576587827446
301.9576587827446
301.9576587827446
409.359101418324
319.6556083687041
693.641880278658
673.7807548094216
751.0002220652865
777.3863446294595
792.441298371797
813.4537003773963
819.3247646707513
819.3247646707513
819.3247646707513
819.3247646707513
866.8259730027572
858.4451993582825
858.4451993582825
868.0255724735268
868.0255724735268
868.0255724735268
868.0255724735268
820.5007612692021
814.626723373686
1199.266774631383
1272.7490130688298
1279.632081936775
1408.6449040412413
1750.303948964138
2023.0406178112144
2010.0366158640522
1921.4697105343396
1921.4697105343396
1921.4697105343396
1730.280750906341
1490.7990941195344
950.9627552539124
950.9627552539124
851.284589906243
824.032314761247
808.7675640495371
787.7981967988823
782.0078233955529
782.0078233955529
782.0078233955529
782.0078233955529
736.2282460342908
727.1890281766325
727.1890281766325
718.1889871084945
718.1889871084945
718.1889871084945
718.1889871084945
718.1889871084945
718.1889871084945
357.8148315094482
304.4652840952423
315.4113108251442
234.61654316254956
81.75929565838649
11.107150832734673
34.94790669363743
298.62493385972243
387.3706692418251
792.441298371797
851.284589906243
851.284589906243
979.6176322124404
988.3985173782733
988.3985173782733
1064.7982175621703
1090.712624782073
1090.712624782073
1133.9556159781116
1352.0038749987175
1437.2790151011666
1437.2790151011666
1437.2790151011666
1444.4700421702241
1444.4700421702241
1448.7908846943924
1463.227371939859
1463.227371939859
1463.227371939859
1463.227371939859
1463.227371939859
1514.161614225873
1547.97525405135
1528.8299255266477
1531.769735180108
1550.9283529898066
1540.6014425051494
1550.9283529898066
1242.622459218852
1222.2306772319114
840.5834288728267
816.9745545818049
834.6589996435117
733.964775356337
769.3219448381171
769.3219448381171
701.4199293936501
679.277519403373
679.277519403373
643.2880457556089
493.4367840124659
435.5282855885815
435.5282855885815
435.5282855885815
536.4385978539276
556.8575481079831
553.7779464937369
543.5552792986103
543.5552792986103
543.5552792986103
543.5552792986103
586.9296425517861
605.8688447038985
703.6477919217065
780.8515513806302
819.3247646707513
1261.7638990757675
1319.816477716174
1223.5863577998798
978.3654943051203
907.9398851687369
804.090966973354
770.4721928686163
844.1451748244275
822.8545365240115
778.5408117768184
787.7981967988823
874.0323547577614
904.2851291875384
982.1236145999286
1373.1459108227136
1401.5189519940636
1401.5189519940636
1405.7929568803481
1473.363694714171
1347.789679324054
1330.980383987682
1330.980383987682
1330.980383987682
1330.980383987682
1330.980383987682
1330.980383987682
1272.7490130688298
1200.6132634881073
1051.9245721948557
959.6518160239528
916.4879235233053
515.2833705862508
459.3562558765729
459.3562558765729
459.3562558765729
430.81483530567374
427.99516015389815
427.0566700151374
356.0491255789299
356.0491255789299
356.0491255789299
349.01578421308267
287.057892426554
266.78390885464097
217.9244265765796
39.31860461877367
24.678219161222042
25.07005172012076
23.89950648385427
7.722466181303306
11.42829811823304
14.072922040850699
15.098033194692464
15.098033194692464
54.23171916948331
76.31254064212013
107.62747069248856
107.62747069248856
169.63844135870028
197.99654899583106
208.99084668088227
221.68261319570476
223.94758600257754
223.94758600257754
223.94758600257754
226.22007824808028
226.22007824808028
226.22007824808028
226.22007824808028
226.22007824808028
247.78883661771977
381.0351984775314
385.5569292736304
468.03993240469543
505.31280678988816
515.2833705862508
515.2833705862508
515.2833705862508
514.2833026258471
514.2833026258471
514.2833026258471
482.6358702920192
467.072335087391
464.1736559766385
464.1736559766385
377.4308233697695
339.42232473155775
296.96319991348344
296.96319991348344
232.31665902844568
267.58538373893225
296.13349211509166
282.14730210954394
290.3472305675681
306.97981924847585
383.74607187477557
425.1817945290074
504.31943742876985
504.31943742876985
573.3814213968107
732.8339559834778
706.9942140053299
546.6151754109554
541.5186425021549
454.55606099375626
418.6418733613888
412.1365042748219
414.92027962570904
417.71041618170307
429.87424320198
520.2937238362563
520.2937238362563
528.3449218452896
550.7042466831908
627.1558776071308
727.1890281766325
732.8339559834778
732.8339559834778
727.1890281766325
727.1890281766325
710.3461841862594
617.5451321448878
578.5793124740583
620.7429837271081
606.9271265446298
585.8835868763358
496.3966935194478
449.7731185416864
381.0351984775314
411.2099947079908
349.89236701814974
229.26172826769638
225.46174665066985
219.42518121572135
219.42518121572135
219.42518121572135
294.4763978095242
448.81860453344444
445.95921838202963
443.106074153505
430.81483530567374
346.39047789699913
346.39047789699913
339.42232473155775
320.5067431908353
379.23156329770404
311.186024622191
425.1817945290074
436.47307080641156
436.47307080641156
436.47307080641156
481.6580384235736
481.6580384235736
469.0082145798732
493.4367840124659
493.4367840124659
493.4367840124659
493.4367840124659
493.4367840124659
485.5734409553193
545.5945516730077
545.5945516730077
595.3213227560498
595.3213227560498
686.9991345996871
686.9991345996871
690.3177167658633
701.4199293936501
665.0183893713086
665.0183893713086
754.423731927797
788.9580726101175
792.441298371797
807.5975199432514
807.5975199432514
858.4451993582825
828.7493602331534
1197.9208277550626
1023.7996323351971
1384.4699860495623
1492.2553942287866
1577.5979861665812
1545.024197130229
1676.790742516324
1733.3557750132404
1634.4405707015417
1676.790742516324
1831.2332787892597
1939.0659976023583
1967.9864123271732
2218.3964409019613
2063.8760149781783
2063.8760149781783
1985.7371072986346
1985.7371072986346
1850.0983898640754
1850.0983898640754
1845.375490103295
1682.872896460343
1470.4650187686216
1470.4650187686216
1869.0340671667657
1829.6643766337643
1824.9606182450714
1804.628821967725
1804.628821967725
1737.9720413037878
1564.2425440696727
1136.5956828788785
1136.5956828788785
835.8427031288868
1030.1678055936968
1000.990877872663
1167.1139705575008
1350.5986160723057
1425.8003858866775
1441.5920741688863
1401.5189519940636
1261.7638990757675
1241.2592397874878
1230.3728489053485
1184.4911997821603
1184.4911997821603
1231.7317637909541
1470.4650187686216
1470.4650187686216
1585.035470899047
1905.5240970266973
2037.7068551554626
2111.619318745568
2111.619318745568
2111.619318745568
1573.14159370045
1565.7244464800676
1824.9606182450714
1824.9606182450714
1824.9606182450714
1824.9606182450714
1824.9606182450714
1824.9606182450714
1824.9606182450714
1762.6676184654061
1415.7839017330493
1528.8299255266477
1310.0758747654068
1014.9078356675758
903.0680371230183
899.4202433872322
946.0101802876228
955.9244986547623
905.5028013436034
977.1139254903244
839.3973610776872
839.3973610776872
804.090966973354
614.3530207940468
614.3530207940468
562.0033098666148
362.2419522523319
291.99656845584974
369.3634210813819
408.43471853847086
417.71041618170307
612.2281393010967
699.1945375727438
519.2903191701704
552.7527237194705
573.3814213968107
573.3814213968107
573.3814213968107
581.7058309826352
581.7058309826352
581.7058309826352
581.7058309826352
468.03993240469543
468.03993240469543
468.03993240469543
468.03993240469543
484.5935719144706
668.2995885760184
752.1407850793165
738.4941577285216
662.8340527541142
657.3841796583391
657.3841796583391
651.9500018706917
651.9500018706917
651.9500018706917
621.810208563327
621.810208563327
621.810208563327
528.3449218452896
720.4353179103075
783.1646965920063
859.6406917693892
765.8748233779502
765.8748233779502
748.7209180025687
1088.1111841063603
1490.7990941195344
2014.9095120583318
2349.4144631949393
2371.807031063216
2371.807031063216
2371.807031063216
2371.807031063216
2371.807031063216
2389.0853880633026
2394.2779211806696
2546.6639680803655
2176.456141622021
2044.2376522078134
2049.1407808524427
2049.1407808524427
2054.0482190747553
2103.3591203029728
2153.098460452479
2158.0958719284904
2183.1467812329506
2183.1467812329506
2183.1467812329506
2183.1467812329506
2108.3138119233704
1751.8476717266994
1652.542382895651
1276.8772522619317
1276.8772522619317
1304.5214901360062
1283.768329054187
1115.5367326339674
883.6736129540819
523.3079345766505
362.2419522523319
485.5734409553193
498.3733395177362
498.3733395177362
562.0033098666148
585.8835868763358
671.5864147238049
769.3219448381171
699.1945375727438
699.1945375727438
772.7744989034205
769.3219448381171
769.3219448381171
772.7744989034205
738.4941577285216
704.7626490883791
701.4199293936501
684.7898505669804
684.7898505669804
684.7898505669804
684.7898505669804
684.7898505669804
684.7898505669804
684.7898505669804
684.7898505669804
684.7898505669804
662.8340527541142
659.5622472902986
480.68088632697317
379.23156329770404
377.4308233697695
392.8291488036011
302.7927651712282
491.46688806530415
491.46688806530415
430.81483530567374
412.1365042748219
334.2275096168878
259.6065321356513
220.92929693660503
222.43676732256975
175.19644727393117
175.19644727393117
175.19644727393117
171.02254097270745
185.06055802097472
187.19686884320154
205.3046416818204
346.39047789699913
378.33083119871105
467.072335087391
541.5186425021549
593.2195343201057
668.2995885760184
668.2995885760184
679.277519403373
706.9942140053299
741.8975980928107
741.8975980928107
744.1696041719255
852.4765541635351
842.9573359507979
819.3247646707513
850.0932143806393
602.6978457068021
602.6978457068021
654.1217874522929
719.3118456089707
834.6589996435117
910.3792870776898
1093.3162829936612
1366.0854206034028
1582.0589530757386
1593.977206118213
1897.5695383407538
2047.5059256808852
2109.966327482749
2134.8110985755197
2585.7472149014725
2406.410015004577
2479.67705400328
2383.897019237147
2502.519254820958
2437.7107077284554
2316.8280944151934
2632.2201743134924
2832.210369673009
2841.4296217588667
3035.7029523224337
3155.701716512846
3151.8655977386275
2975.417623939615
2966.0387795890274
2900.6961740648508
2775.300019818315
2775.300019818315
2780.7887006565534
2693.454291844598
2582.1850876886565
2401.2077729937746
2301.451113108342
2100.058372609008
1775.0629987417901
1545.024197130229
1533.2404076888713
1257.653313311515
1152.4821534704004
1076.4321771751936
1053.209422927819
785.4802456500142
702.5335519418884
674.8788608803985
658.4728996993488
509.292994682109
496.3966935194478
511.287110143086
351.64775069533954
282.14730210954394
284.5990783208496
212.69834758875177
256.43740853990784
328.2009642807156
330.77926593868403
330.77926593868403
333.3643243984908
337.6877319388817
442.1564149820239
458.3948389790461
535.4245710240297
586.9296425517861
914.0427330315958
948.4853209905478
952.2023320166342
955.9244986547623
978.3654943051203
1048.0733759936081
1044.2272172455464
1037.8281591206267
1037.8281591206267
1037.8281591206267
952.2023320166342
952.2023320166342
887.2987157428105
857.2502944698823
857.2502944698823
860.8367715026772
842.9573359507979
831.1114395666431
807.5975199432514
792.441298371797
743.0332967033811
611.1666572179718
529.3543117526916
574.4197009096732
574.4197009096732
571.3068125227924
689.2109022283857
566.1316802849602
545.5945516730077
468.03993240469543
420.50690273060644
182.93218184159156
160.05144964711053
141.42108964886586
139.46879565620986
127.93706063141504
97.60017366064262
108.22668900173973
162.77234193579162
203.10318510091034
203.10318510091034
203.10318510091034
203.10318510091034
203.10318510091034
216.42703948201478
303.628640467058
446.91165406812377
520.2937238362563
520.2937238362563
502.33471422839364
482.6358702920192
482.6358702920192
515.2833705862508
599.5326224834066
582.7492993456805
684.7898505669804
684.7898505669804
562.0033098666148
562.0033098666148
593.2195343201057
593.2195343201057
593.2195343201057
1011.1055233243038
1218.1668733832967
1577.5979861665812
1634.4405707015417
1737.9720413037878
2055.6849890983367
2253.8535458034507
2116.581145918834
2027.9250446813649
2040.9712951359138
2040.9712951359138
2045.871549437303
2045.871549437303
2016.5347722323172
1840.6570032887387
1590.9945982996976
1543.5494347080535
1580.571456018869
1580.571456018869
1580.571456018869
1580.571456018869
1531.769735180108
1401.5189519940636
1357.630178054885
1226.299337013091
1226.299337013091
1226.299337013091
1226.299337013091
1185.8317188808317
1185.8317188808317
1185.8317188808317
739.6280283730705
658.4728996993488
408.43471853847086
417.71041618170307
414.92027962570904
353.40608849839606
308.66000721074073
318.80523125590037
320.5067431908353
434.5841982275644
434.5841982275644
443.106074153505
443.106074153505
445.95921838202963
445.95921838202963
445.95921838202963
405.6658300371825
471.91716657420415
606.9271265446298
649.7807327918126
688.1047080897122
822.8545365240115
822.8545365240115
822.8545365240115
822.8545365240115
822.8545365240115
822.8545365240115
882.4664118357342
1044.2272172455464
1044.2272172455464
1076.4321771751936
1080.3201800023594
972.1133446889605
965.8754445105847
906.7210534007424
828.7493602331534
689.2109022283857
643.2880457556089
616.4804568527483
611.1666572179718
473.85988546275917
473.85988546275917
462.2446343113263
481.6580384235736
478.7286228837085
478.7286228837085
478.7286228837085
478.7286228837085
389.1872881949184
274.8343681062503
243.11280297481446
216.42703948201478
134.30485922075061
134.30485922075061
167.5690730764077
169.63844135870028
183.64075733324782
183.64075733324782
149.31565879574728
158.0204264238003
183.64075733324782
189.3410884709796
220.17681934306256
221.68261319570476
233.08246109283627
233.08246109283627
233.08246109283627
266.78390885464097
261.9917976548007
539.4846438231704
542.5366312946445
601.6421291654667
601.6421291654667
601.6421291654667
580.6630101854747
580.6630101854747
580.6630101854747
580.6630101854747
628.2269184595566
631.443850165404
751.0002220652865
785.4802456500142
1022.5276856631515
1022.5276856631515
1022.5276856631515
959.6518160239528
955.9244986547623
931.207582666187
931.207582666187
1089.4116271729702
909.1592964576242
904.2851291875384
866.8259730027572
813.4537003773963
974.6124958443775
955.9244986547623
955.9244986547623
955.9244986547623
884.8813974412396
840.5834288728267
507.3015593269086
633.5916428622337
904.2851291875384
984.6318712455388
1037.8281591206267
1111.6038754784913
1131.3177460896504
1144.5290534786966
1144.5290534786966
1085.5119622358197
1081.6172924736336
944.7734704763253
907.9398851687369
681.480585652091
681.480585652091
690.3177167658633
1026.3452141639495
1026.3452141639495
1026.3452141639495
1026.3452141639495
881.2597942813203
881.2597942813203
841.7700872321111
842.9573359507979
894.5646512875172
736.2282460342908
736.2282460342908
736.2282460342908
736.2282460342908
736.2282460342908
736.2282460342908
736.2282460342908
599.5326224834066
319.6556083687041
265.9832299236573
233.08246109283627
190.7749493848296
183.64075733324782
176.5949243108656
176.5949243108656
180.1067349628015
180.1067349628015
180.1067349628015
180.1067349628015
180.1067349628015
214.1872872388559
215.6796107963482
150.64460490922716
150.64460490922716
150.64460490922716
150.64460490922716
151.9772920805603
151.9772920805603
151.9772920805603
149.97966362099933
122.28987786650511
170.33003979340663
342.90045305164654
363.12957641551844
363.12957641551844
363.12957641551844
1031.44312704814
1168.4474116789788
1172.4510065184609
1172.4510065184609
1172.4510065184609
1243.9862160888001
1246.7153415869109
1239.8965579342741
1294.8217775521425
1294.8217775521425
1287.9093760503458
1292.0552192823936
1292.0552192823936
1292.0552192823936
1292.0552192823936
1347.789679324054
1344.9828515737604
1088.1111841063603
1088.1111841063603
1114.2252286360074
1127.3650633284706
1114.2252286360074
1114.2252286360074
1118.161394692753
1118.161394692753
1118.161394692753
1023.7996323351971


