Rainfall Prediction

593.9899387549003
567.2977817041728
545.4410236892596
507.6229716814879
479.271727128716
477.86526879808673
481.93677785807773
477.1400635869569
483.5936296143662
492.79136452409045
486.64849620849674
479.4726068283673
457.7871767228676
456.060836924895
449.34082032810954
455.308800024864
402.7871767228676
416.9018406810352
479.62918636103166
393.85473148566496
392.9599446536153
401.2801333382152
243.85822270703378
230.2430675579186
245.40523213732848
254.78772087798328
256.507031545853
260.6303034326531
258.3359752197544
210.63044416932348
208.45946692782024
207.7958067481872
227.9951005942184
197.22332691801176
205.83796878954166
253.2129297229824
252.2581465321761
242.7277451134503
249.2097621093464
252.9151012932393
257.19518480347284
276.02151444205566
431.10596288274996
595.7269348192223
690.6270357876338
702.6864964884843
696.5154658947388
705.9517814556531
878.9791378896152
802.2896428717355
701.8201296786251
727.5157452480681
680.0187207004126
688.2540907647766
980.4737488781063
1243.0447358829938
1362.6949179840872
1373.981636342305
1375.1805065242381
1377.2225577578306
1369.0748987245051
1417.6870573636763
1445.3664263780076
1449.6005098876985
1452.8172519012237
1450.390432944703
1398.2296113805223
1393.5082362583785
1391.2741324880467
1383.3822777483945
1382.7805774975848
1375.6116720756334
1371.825601825106
1214.2361027327465
1058.3746795825748
982.212290942981
963.6551362059529
991.8384998362042
998.6033250917915
818.5563378779395
811.8742416079634
794.4017310341414
789.5886446264398
796.7881425244335
794.0743843464487
649.5924315157438
395.6420663185913
264.1940084788948
271.8598504520468
262.19950598597296
269.04467810749617
266.7663822117326
220.71524032014486
201.7995567597835
201.01657414479197
211.03594059749713
223.1429200266625
211.0669826067369
212.62403559631792
206.42801890153447
205.52458791456786
211.69439524784627
211.35576025917817
206.91521374718877
199.79183329421073
201.7145437259158
208.35923658517828
202.24389406662652
150.5359448688742
128.7095368594575
111.074910483976
111.77085086490338
84.30865246219018
88.51532444911501
100.79305034752167
185.7201839588109
254.14962424375645
235.07157352775099
233.16190729163745
218.9714557295621
218.76904261660354
263.54398833773524
250.35077587735896
265.61054419996844
450.03718307548115
544.1827432722715
547.1063600256706
544.416266827951
621.2504572663414
659.4606616176844
666.6955846945712
685.9585512280879
683.452183034484
679.2575065754963
705.2363408780191
747.9781513968015
772.2806860497267
841.3050452361002
843.3175365699913
923.0527428068493
1136.2262586536513
1143.3957381769114
1154.658750322688
1054.0
1051.176711354224
1022.2721234764963
954.5205846661365
903.1919190607041
887.4132287857235
989.796087800594
977.1518611244296
877.4140938926229
998.8555278459513
995.5004260633651
990.6026095901897
772.6064778791697
675.2101658338762
843.0143956321143
990.9575604052134
910.4513295206609
866.8872416442583
990.3435339569805
999.3401528312338
1206.3401528312338
1220.2522563364855
1194.555181403605
1207.6735442588736
1393.1310862823557
1244.301551831467
1258.516119777074
1231.9098594469447
1182.8054599593122
1255.533530610349
1488.5255065177769
1603.0753415074396
1686.1432287094449
1813.4058975728983
1885.710392306358
1884.9634730244163
1928.337964575957
1957.5629832011957
1973.765766975733
2035.4008502357874
2101.109722614037
2365.0379951336195
2392.802957650384
2402.1676012318867
2411.9143563965144
2215.237359881245
2083.7108720584592
2090.553043201224
2085.60363428708
1955.5530432012242
1955.5530432012242
1849.3036770447748
1810.2363423823313
1809.4902322428445
1904.0191814530147
1715.5530432012242
1766.5530432012242
1788.5530432012242
1726.1619799137145
1642.5872301182246
1568.588125310541
1350.9111565434066
1254.8531802709024
1168.934714352903
1028.8329998016286
931.3024758211734
932.3156306009348
911.0107533065212
929.5808909514732
933.5625664861398
913.6587592485391
846.0360770715257
588.5498950998636
556.4882869658679
551.7644084819028
545.1048268805558
542.414594942053
542.1175713356567
563.2750693795969
563.2038465575363
576.2430150207098
591.1775066423204
507.2099460342081
507.36028823529495
484.57361397916736
366.62993478048463
361.04341716974415
312.2092797654419
289.44806950448515
314.64095471541765
307.1163544134308
307.1414807512338
283.95848939970256
284.1789842824503
360.71132740145663
402.88440759459684
398.36776413087966
457.2773135918627
523.397772960865
473.6737032003448
690.0451383624052
604.4465489721754
605.7424241027423
582.953207248802
584.2280234884292
733.3415451480112
715.8331852504115
712.7218075614803
721.791723612457
700.9745770030239
710.8102850200266
758.3072165709079
780.9361493838102
777.1511784845368
778.166103035562
779.8901991819378
777.5482490105982
754.6345509642601
750.2290012830156
762.8476097922894
750.0486774076275
752.6409262140055
759.177981339153
736.4643333086177
736.2903841106599
672.9432062822492
653.0135781795846
513.0912493906036
492.77381251454756
404.92194212701366
465.7542500102775
220.3606016136327
230.8373165937693
237.3348005875825
238.2473760872461
239.8789983457075
265.5402973498036
487.12843819767045
502.36271488298365
581.9633649702205
685.0003813788101
785.9066763420218
736.437155146053
715.0657824004202
810.2694821216395
824.308370374339
830.5292124313507
823.7355492111507
824.6573931398168
839.4938280619807
837.0648681542935
845.4775198005638
845.4775198005638
837.5854607816714
833.7596274992817
830.6409520171077
843.1281837866983
816.8256724663083
817.78913385573
829.6152635843704
831.457285737476
752.6790165528529
754.7068242924967
758.1275258711189
802.9765026748859
913.2132154780955
1127.136536257004
956.5690352182585
895.8176597323013
1005.7247572290865
976.5916292193451
901.6588112611428
902.2961171328732
882.2887834964735
876.0755263228633
774.8168029523437
791.7009808448453
771.5433424562578
599.922843984952
606.3240979719416
646.1011731066241
841.7539261477546
841.2511710128143
849.8512779545649
846.3469755529401
870.0989724329265
873.3158637603069
888.5743253508901
945.3337839979644
1037.853295203449
1066.815279188405
1072.5078454027685
1172.5778084198619
1177.2018970194224
974.2110570073369
1151.3592410820236
1030.4071415716176
815.3922600188116
809.1674234712568
810.3569937494321
738.5330628512801
842.7324791572439
832.2170580889901
764.2467046717928
748.9168099057385
751.9900722203697
762.3651656695603
874.0880581347287
940.9396267402692
931.7804432153393
1023.1270054620353
1086.942319770289
1091.1259640996336
1098.7994088817036
1157.6810541997177
1270.7530456710676
1298.8390730005729
1286.2133848978
1286.510540787355
1256.2171087330346
1134.209939501007
1120.220842484609
1137.2321093485714


