Rainfall Prediction

922.0
980.0
950.0
1132.0
1242.0
1209.0
1293.0
1284.0
1257.0
1144.0
1013.0
960.0
971.0
972.0
999.0
1093.0
1062.0
1205.0
1397.0
1228.0
1154.0
1102.0
925.0
842.0
747.0
725.0
726.0
725.0
696.0
691.0
673.0
664.0
583.0
501.0
414.0
321.0
299.0
265.0
279.0
246.0
304.0
221.0
375.0
303.0
302.0
216.0
164.0
176.0
242.0
191.0
345.0
354.0
378.0
379.0
370.0
368.0
382.0
382.0
405.0
422.0
405.0
424.0
625.0
600.0
637.0
811.0
959.0
959.0
939.0
934.0
888.0
767.0
847.0
598.0
663.0
659.0
718.0
697.0
695.0
613.0
525.0
276.0
234.0
210.0
228.0
229.0
219.0
191.0
194.0
171.0
154.0
181.0
426.0
351.0
348.0
445.0
402.0
275.0
328.0
374.0
385.0
496.0
597.0
592.0
729.0
730.0
750.0
791.0
778.0
842.0
775.0
828.0
913.0
952.0
953.0
1068.0
1189.0
1221.0
1200.0
1197.0
1173.0
1349.0
1362.0
1098.0
973.0
950.0
848.0
752.0
731.0
676.0
401.0
390.0
376.0
384.0
393.0
372.0
488.0
569.0
593.0
606.0
531.0
554.0
557.0
567.0
612.0
538.0
525.0
636.0
545.0
560.0
667.0
826.0
720.0
678.0
647.0
561.0
549.0
627.0
614.0
607.0
595.0
855.0
846.0
850.0
902.0
925.0
918.0
805.0
705.0
640.0
700.0
680.0
660.0
405.0
29.0
0.0
0.0
0.0
0.0
0.0
0.0
0.0
0.0
0.0
0.0
0.0
0.0
0.0
0.0
0.0
0.0
0.0
0.0
0.0
0.0
0.0
0.0
0.0
0.0
0.0
0.0
0.0
0.0
0.0
0.0
163.0
250.0
250.0
232.0
298.0
285.0
228.0
74.0
71.0
57.0
53.0
104.0
213.0
151.0
150.0
111.0
254.0
72.0
251.0
165.0
10.0
0.0
0.0
0.0
0.0
0.0
0.0
0.0
2.0
0.0
102.0
102.0
140.0
243.0
284.0
193.0
242.0
116.0
186.0
170.0
267.0
234.0
277.0
245.0
297.0
302.0
327.0
293.0
468.0
822.0
850.0
1067.0
1066.0
1081.0
1081.0
1087.0
1147.0
1122.0
1001.0
976.0
1011.0
880.0
880.0
858.0
968.0
982.0
1006.0
988.0
1572.0
1690.0
1681.0
1605.0
1652.0
1599.0
1592.0
1544.0
1539.0
1584.0
1598.0
1618.0
1175.0
1208.0
1098.0
1119.0
1179.0
1198.0
1223.0
1285.0
1191.0
1242.0
1421.0
1578.0
1629.0
1672.0
1672.0
1741.0
1837.0
1895.0
2088.0
1768.0
1668.0
1634.0
1736.0
1803.0
1887.0
1928.0
1975.0
2005.0
1869.0
1949.0
2022.0
2070.0
2044.0
2022.0
1965.0
1871.0
1949.0
1933.0
1976.0
1971.0
1879.0
1718.0
1563.0
1504.0
1502.0
1474.0
1153.0
942.0
887.0
653.0
336.0
361.0
293.0
215.0
132.0
12.0
0.0
0.0
0.0
14.0
0.0
0.0
0.0
0.0
0.0
0.0
24.0
5.0
52.0
0.0
0.0
61.0
56.0
51.0
148.0
206.0
226.0
271.0
367.0
364.0
374.0


