Rainfall Prediction

2230.0
2504.0
2494.0
2259.0
2502.0
2406.0
2544.0
2560.0
2575.0
2143.0
2328.0
2442.0
2377.0
1868.0
1913.0
1562.0
1266.0
1493.0
1179.0
1000.0
749.0
505.0
621.0
778.0
1071.0
1163.0
1078.0
1115.0
881.0
1114.0
1078.0
1016.0
980.0
1385.0
1143.0
1405.0
1430.0
1226.0
1365.0
1395.0
2256.0
2521.0
2698.0
2958.0
3124.0
1930.0
1871.0
3818.0
3738.0
3797.0
3743.0
3747.0
3701.0
3283.0
2960.0
2547.0
3036.0
3589.0
3645.0
3682.0
3792.0
3798.0
3801.0
3685.0
3559.0
3488.0
3486.0
3550.0
3485.0
3450.0
3563.0
3685.0
3335.0
3267.0
3112.0
2822.0
2249.0
2405.0
2377.0
2295.0
2698.0
2943.0
3171.0
2886.0
2981.0
3329.0
3387.0
3011.0
1884.0
2197.0
2083.0
1540.0
1635.0
1631.0
2034.0
1595.0
1682.0
1679.0
1791.0
1720.0
1901.0
1658.0
1333.0
1509.0
1642.0
1470.0
1500.0
1770.0
1689.0
1727.0
1709.0
1563.0
1255.0
1317.0
1272.0
1216.0
1338.0
1278.0
1238.0
938.0
780.0
797.0
689.0
1469.0
1347.0
1260.0
728.0
742.0
920.0
1081.0
1047.0
1452.0
1422.0
1325.0
983.0
859.0
807.0
1480.0
1446.0
1475.0
1466.0
1284.0
1387.0
1320.0
1377.0
1701.0
1441.0
1410.0
1793.0
1481.0
1540.0
1376.0
1717.0
2048.0
2210.0
2442.0
2541.0
2830.0
3023.0
2982.0
2997.0
2519.0
2581.0
2468.0
2502.0
2553.0
2428.0
2680.0
2715.0
2657.0
2724.0
2748.0
1486.0
2088.0
2936.0
3028.0
2573.0
2805.0
2821.0
3152.0
3629.0
3747.0
2674.0
2879.0
2748.0
3261.0
2669.0
2673.0
3118.0
2706.0
3006.0
2865.0
3135.0
2749.0
2757.0
3143.0
3192.0
3200.0
2675.0
3029.0
2802.0
3232.0
2620.0
2562.0
3089.0
2240.0
2162.0
2136.0
2030.0
2408.0
2330.0
1708.0
1774.0
1726.0
2800.0
2703.0
2006.0
1724.0
1534.0
1520.0
1504.0
1323.0
1859.0
1636.0
2026.0
2259.0
2295.0
2730.0
2738.0
1491.0
1674.0
1806.0
1885.0
2145.0
2231.0
1582.0
2235.0
2351.0
1633.0
1580.0
2186.0
2254.0
2999.0
2834.0
2386.0
2683.0
2552.0
2464.0
2454.0
2470.0
2676.0
2658.0
2556.0
2285.0
2230.0
2268.0
1944.0
2006.0
1699.0
1649.0
1681.0
1674.0
1558.0
1560.0
1873.0
1957.0
1874.0
2017.0
1911.0
1980.0
2008.0
1986.0
1812.0
1612.0
1344.0
1483.0
1186.0
1248.0
1474.0
1344.0
1271.0
1137.0
1144.0
1018.0
1813.0
1876.0
1924.0
1956.0
1892.0
2020.0
1895.0
1899.0
1951.0
2058.0
2014.0
1311.0
1614.0
1934.0
1941.0
2183.0
1832.0
2469.0
2311.0
2534.0
2629.0
3294.0
3048.0
3083.0
3308.0
3012.0
2895.0
2792.0
2467.0
2619.0
3316.0
3365.0
3434.0
3663.0
3735.0
3810.0
3767.0
3983.0
4107.0
4684.0
4584.0
4645.0
4473.0
4302.0
4126.0
4115.0
3771.0
2498.0
2215.0
2268.0
2162.0
2482.0
2337.0
2601.0
2560.0
2447.0
2563.0
2746.0
2956.0
3439.0
3305.0
3244.0
3287.0
2236.0
2055.0
2330.0
2148.0
2145.0
2082.0
2129.0
1803.0
1797.0
1570.0
1770.0
2278.0
1865.0
1910.0
1793.0
2220.0
1799.0
2381.0
2440.0


