Rainfall Prediction

6.430352164028218
6.433796133333266
6.402702531401826
6.407264055699742
6.305793527503125
6.2939441711505415
6.231907703614538
6.2983642919695715
6.281547856441827
6.279168097802049
6.295453571051816
6.301907687448552
6.288951468325416
6.329010630267471
6.314787375599478
6.332326287254706
6.369324087877594
6.3487180213514245
6.326944687163153
6.310102997855328
6.301203799738136
6.300232084412498
6.3310501211483805
6.328951166298515
6.353849739737294
6.4084016093408085
6.421686405278103
6.421345720978063
6.428116798836638
6.447171538190222
6.447181639253705
6.4545989585710535
6.43420617996548
6.437380641403943
6.433039663802515
6.464532603723949
6.443441743466413
6.454279307463508
6.441287200598125
6.434274031510358
6.448430127558
6.437112185278047
6.492580812257192
6.515021571887086
6.506853615123476
6.5046449880953885
6.503660383999111
6.4912911576118075
6.5038850499789875
6.496610956403214
6.484708541902808
6.48391749641145
6.466162500795946
6.4385806478806895
6.397802530509977
6.343137711044681
6.283846010965949
6.2810244872670475
6.287436296211898
6.272208665562571
6.2302291667634
6.253991985173273
6.236683721394967
6.230628615732467
6.279478171624566
6.305770060344546
6.203932159057673
6.18420010422354
6.13256889345646
6.245065402825197
6.251377855486636
6.258582686011767
6.272202278478111
6.249562541484848
6.254324566687802
6.228090949675293
6.223737752471997
6.213639648511628
6.214869574995149
6.199060027031786
6.1991000391768525
6.223570962779974
6.2685889603169915
6.362879060296586
6.396531088278987
6.4003763429227645
6.430854569983732
6.4942834814926185
6.518332917889348
6.529282158997153
6.54969873854642
6.561764889510943
6.538865533326475
6.54007836289292
6.535508648930169
6.475876429167026
6.459271678227534
6.400866366912413
6.401525250317245
6.427933834913183
6.417532187097977
6.422425314513653
6.428794284247207
6.46765856883549
6.554565347109239
6.59925552895316
6.611722521462327
6.61931775973153
6.621598882875874
6.6274918561614395
6.639609217257434
6.656833014656883
6.642519147117567
6.6141012484055475
6.58121113520718
6.584398951522653
6.582305258557838
6.5839371649933
6.562016590107245
6.558348019118715
6.547127464628782
6.542022086129601
6.535070730096968
6.563475412281788
6.566872778601177
6.567271303851363
6.591241017790493
6.588089964398217
6.59596292099573
6.600729420469156
6.599334863598927
6.645207896615158
6.646167096024623
6.642342338370798
6.625008010980133
6.5492731633437415
6.4522731440376795
6.4132770326478745
6.4037569415138975
6.39947576805801
6.382696855400585
6.3781565795186115
6.323500135486154
6.329289272655904
6.346209965276586
6.3768099795185735
6.373589290783759
6.369418153803075
6.32406698925213
6.329952269510332
6.321150100060827
6.334874701748818
6.323102569118837
6.288835014699769
6.2593376762757575
6.26541048662582
6.275658417679794
6.230389398451279
6.210873825312378
6.1479149785730245
6.150487531470285
6.16654291961029
6.131990789542642
6.142166754248069
6.155176611253788
6.200937040898446
6.266796473222127
6.294733369095921
6.303383634815796
6.311764756790731
6.312522121058483
6.318824970481857
6.30144761181253
6.319325052133731
6.363709728927884
6.372252095335738
6.320628193340334
6.29992172363528
6.303947822604287
6.306872424553853
6.296946134907074
6.268810490644582
6.217508886817189
6.207144567621101
6.274392302943246
6.249603743206788
6.256178679147918
6.34298986224843
6.388194197440176
6.382506508502781
6.381606773498219
6.386927827189762
6.395854971219024
6.386722132403165
6.419025238798303
6.442230527731632
6.4247975628996565
6.366567167436514
6.300188597795135
6.2649500649315
6.257929533111811
6.261132371193277
6.256805269350532
6.2625755602451045
6.277609244962834
6.2572114977697835
6.233283861859303
6.2459347165204475
6.226134470161284
6.222015728534896
6.17899759179015
6.176087597436551
6.179031483941543
6.214272791539631
6.207450297451223
6.163770344700989
6.162332631741561
6.141010413736929
6.083302288962735
6.047715061882523
6.09486275831886
6.108519847320861
6.117032791596856
6.128505772086598
6.131132792216042
6.213021801001857
6.280444579855757
6.283300022587782
6.281738895916875
6.2792540147531355
6.282461591970868
6.310629143868991
6.3089865494134525
6.3150074431682475
6.314410881491424
6.318317319093494
6.368239338646783
6.359754291872902
6.3137109228237716
6.308047660571002
6.320206131758762
6.332486488322523
6.328725224449198
6.324206212690447
6.262332875778542
6.264855055759885
6.3373938047013985
6.345547934629298
6.347276580383164
6.42897514586933
6.471772427115138
6.4748395332698765
6.46823783955409
6.460268356879141
6.451830579129845
6.468436115094022
6.467814057225503
6.430143874865695
6.441785742470267
6.458146970630213
6.468152448734059
6.465309076786156
6.44483618006621
6.442198986058091
6.422108250117285
6.446543200140265
6.434750609697901
6.400619407297405
6.397106517636284
6.389813211302212
6.3698196937721105
6.352402158475431
6.324172700571318
6.3230188706198165
6.289253663968836
6.2815811615212125
6.22988913292784
6.172756332268047
6.132731786814327
6.193135898145288
6.160546147674748
6.141491606995336
6.189311795843563
6.200319097941361
6.2372765754993
6.213192587681701
6.204430055833035
6.268566223641776
6.390975681382338
6.362069263314773
6.2909139022267535
6.123336244615561
6.22095346023494
6.4225438525566
6.463143148949406
6.519105532896405
6.506286750493209
6.53326229025658
6.555129962900238
6.567415750370724
6.575420233455264
6.626185401576508
6.655709356852671
6.662167205752415
6.690328952484623
6.704189474898416
6.711434662102527
6.713861945382459
6.7219293507868985
6.724023078322151
6.712914487293261
6.711733927570768
6.709505992999922
6.70116803325082
6.713080557221287
6.715004840837679
6.72092753096045
6.713055324896474
6.674952455070604
6.595491044273946
6.616889352340468
6.619065315611154
6.623874940621874
6.628046407541261
6.588241210953882
6.581750290852248
6.543579140627619
6.5677430315689795
6.5585555696168
6.553229298612451
6.549133143925453
6.544290875832956
6.488665942528572
6.446050785778122
6.428624844055438
6.338034344132878
6.309181900189018
6.303541545075301
6.308792078311203
6.292818496041933
6.29233356313832
6.300434863392883
6.3001592834019595
6.311942846944341
6.359348245880585
6.336706649937369
6.387933769437916
6.395020255642965
6.41674022424516
6.462590981611851
6.525865463464309
6.539915485067765
6.566286770651781
6.563679948633708
6.556489082958013
6.584529340023165
6.5864609875812725
6.584141960299551
6.56843692751622
6.581279507146623
6.576291867392638
6.586177628113559
6.5896270491092075
6.6176278867605784
6.62820537021729
6.6321588792416595
6.676735698334318
6.662455932297059
6.649542212516801
6.617910518832343
6.622531600128723
6.661000710946793
6.665221264867468
6.667938181029958
6.674111349521943
6.700998312055097
6.742680345254004
6.747148422496264
6.744054274937854
6.7409189396384415
6.725368423471439
6.698922245315341
6.684159000888095
6.652245372206573
6.6453609592044405
6.645069535012856
6.622871645579003
6.619294681443021
6.612797881816293
6.603905464492805
6.5885582433359735
6.5801037604740085
6.56584759870443
6.564645146241114
6.530598179184276
6.490368705303265
6.479516113285169
6.288148009098145
6.230395480030946
6.231956593487027
6.227544275740795
6.151534671509621
6.089413779768414
6.089376266966019
6.103287180355968
6.115063060536293
6.20993718832806
6.179792501181661
6.194553741818908
6.190432169000488
6.183474471152352
6.205883656371855
6.234855290620372
6.268117097032604
6.253729128362688
6.257367293749258
6.261851725567751
6.2747740674511
6.232949685316837
6.23851970675166
6.222244651593699
6.223047344324405
6.235539140177269
6.274343834940152
6.267889315337462
6.26232663281199
6.265907709936991
6.2667494316783285
6.2766214876359845
6.283890114324888
6.286941980303637
6.316386294909774
6.312739739188994
6.33296292043365
6.3643933605208876
6.40426799374599
6.417159032777347
6.451550791547458
6.448976977989619
6.448438481681147
6.46795689489214
6.466259370751518
6.462341158158164
6.468839218791948
6.4416463897917895
6.454074227578246
6.491041319315044
6.540039129826423
6.525939974398541
6.544628601756529
6.547402562458097
6.544060766432195
6.549405190821484
6.5286513888354705
6.4798499274378205
6.480131567042069
6.505068533774288
6.503369222456745
6.5113995408393555
6.549772594507514
6.564353833969124
6.574730963675265
6.584914141539804
6.5867866258897045
6.497004206016238
6.484015131519512
6.511431551071729
6.533145762774398
6.495015820146904
6.497861248412224
6.4980049161083935
6.474822041853544
6.436753880782548
6.393211133522626
6.411250458786628
6.414264064854358
6.407417288973614
6.385928350754509
6.341077543691251
6.325561415327185
6.2620034599191845
6.26075977955996
6.235236023693482
6.2145154972956265
6.216949241392853
6.224531108863821
6.228331464144039
6.219853890134839
6.23552063599805
6.239227178493625
6.232521591331534
6.230435611793431
6.260231312930042
6.281541648734514
6.275877076871902
6.2566373882280315
6.286252523053584
6.387185980558859
6.424931781995168
6.489511080839897
6.49841148024489
6.4992391104861795
6.513751047368865
6.512550102368669
6.510579015753483
6.521203572186273
6.529442551259535
6.530192216787599
6.548656992110875
6.582991363482626
6.589301188543481
6.615333637412675
6.626885395627092
6.64311127484137
6.6343496222856695
6.619792922710197
6.5884870423626225
6.603712644726539
6.611415714096716
6.63184927459651
6.655447351569619
6.652494162928538
6.633442547428394
6.589593277581707
6.580764869964255
6.601551563372228
6.6002353877902475
6.600764189306608
6.573434992258664
6.558692574312977
6.559577229705421
6.572920938195676
6.604619700877551
6.604462366336532
6.606365571257573
6.622199632208842
6.637645250263374
6.647630831706378
6.662269633624875
6.656851175311856
6.628708546556179
6.625577238356888
6.608544810844313
6.5910933640624885
6.56235782992493
6.56938099537407
6.568314460300931
6.572432571852665
6.577280932205765
6.572552539623736
6.554442674928932
6.521698076013056
6.537146945957934
6.557860960174966
6.557123913526696
6.553915554379429
6.547975341440431
6.5311450917551905
6.53655642321552
6.537588787155811
6.557570951394111
6.5532254091688875
6.538009497669401
6.529435862783019
6.517317676415505
6.529606951286013
6.535244865349784
6.524704749964885
6.50933065148439
6.4990276855839655
6.48773827147921
6.489387481873445
6.499185496624865
6.511367548928016
6.517337455473566
6.526645291171741
6.533293415526853
6.515559991226742
6.476799746585031
6.481501559017234
6.459140048077787
6.464876222922246
6.495075959489004
6.473383917211195
6.44259329634851
6.397017073606619
6.414777099358719
6.421299717511097
6.370015404505034
6.36286814055173
6.329765052109934
6.318017486351906
6.3506423993948635
6.346062022835378
6.354558773074306
6.360460861148998
6.365863996032513
6.367833965079831
6.4225902125626515
6.452273324939563
6.466850476641913
6.495119589591706
6.495768693757016
6.4907284903038205
6.477349436996479
6.454565024436125
6.44481107525573
6.383753955175892
6.374382720022927
6.370853991337486
6.351503483327201
6.400472408084399
6.417916114366006
6.4314497956299235
6.448835063634483
6.476518753555417
6.510647019404285
6.4754002449779
6.497338327870345
6.5416209672299575
6.546304338168289
6.582452898175896
6.58531887663685
6.592894648587353
6.596594894771658
6.588467117311663
6.576390687075192
6.567862100948334
6.560449338233863
6.529924476919632
6.5180988137030536
6.529869532045805
6.503949028094775
6.498766074862378
6.500556671108974
6.483114591495563
6.484107877577366
6.486029732354537
6.48434554328829
6.486648422527256
6.483212115020386
6.46661257713057
6.373296075501947
6.356044516519558
6.171219122585901
6.0678550112359435
6.189974983295529
6.252624325538965
6.268744482302548
6.257632186539533
6.194425016571442
6.194455036927434
6.177168615158988
6.1827590614271575
6.183301569177861
6.177039268061505
6.177039268061505
6.177310977549085
6.202757496409672
6.2075495277098645
6.235007618001762
6.256256532498865
6.242370412750136
6.3486587945741535
6.346764462926743
6.335436780509364
6.3397521248089195
6.349864573264262
6.348321633888408
6.389632730551063
6.4468437928865105
6.4820949348487575
6.481847602981871
6.503244794323143
6.451823024091992
6.4407750973625815
6.440710794480819
6.44065276470532
6.4180354059944795
6.411376651679976
6.448023235632402
6.450751255141015
6.434446380649129
6.386838769984385
6.37763839689617
6.386785825720905
6.388293306616777
6.394372408757522
6.401386341123823
6.429446742458221
6.420367039560737
6.411370376628625
6.377621247024312
6.377435190683199
6.3418994254850745
6.33824632398976
6.3388229035103345
6.327101450304612
6.327997094806288
6.33599652102236
6.336610817102441
6.32200481686139
6.308558620615371
6.33982503192644
6.280829685883931
6.261430392613858
6.056292960277368
6.001793352320725
6.119440074647457
6.233261719790152
6.242484251933516
6.2565464613814745
6.20554327525492
6.1857413717465635
6.183110568870634
6.209164172658531
6.201605757923616
6.228006161273297
6.2431110681904025
6.264236640517594
6.253078398901373
6.253070518026418
6.242762603533682
6.2373761461278425
6.236178229749083
6.334679087004327
6.332865406175619
6.333240976783939
6.334415471974945
6.35089683303549
6.352519289011239
6.399227974834436
6.488451038656426
6.5313037580122275
6.521614632534193
6.529376030737137
6.540278197271567
6.5436894940522725
6.530671736393971
6.537083789884672
6.510527338421743
6.505504330887857
6.506290983227777
6.519043614149253
6.521368358716064
6.519374827319177
6.476742013233339
6.472625174530683
6.454824679793455
6.436220916903299
6.397523052134305
6.38776064454686
6.346248863896417
6.402597370651863
6.456612748207868
6.504765249433154
6.462541799438718
6.476394901494378
6.508981692981535
6.512597804152286
6.53243411626127
6.556119640944998
6.571192822216777
6.554143112942225
6.539879457463801
6.5329601315030486
6.519695709997775
6.4999555418374415
6.4989467331580455
6.533609016375834
6.533526557337523
6.558858777445642
6.580356305642611
6.5814532130595635
6.571016747169165
6.566714758698506
6.569666723980113
6.602203319702374
6.601692939707058
6.609167971420255
6.613388132275312
6.621807405484744
6.599570026813878
6.6069139689373815
6.609517926595997
6.59584512956699
6.574999526482449
6.572428644227728
6.55065495084713
6.538268439754813
6.534629398380617
6.531650625804071
6.512177787202042
6.480026185651765
6.459966417316965
6.439243988353651
6.451524133316415
6.45798722508057
6.461104965471912
6.465662872362175
6.427534625811922
6.41877994012729
6.402847850546414
6.364363785532992
6.360582272585512
6.386353904123624
6.37280353983205
6.378718867037887
6.342929596517218
6.338683367240821
6.359624644739816
6.3479591745474355
6.330128595648903
6.285392461217701
6.270514951961926
6.287124719923977
6.331754926291732
6.3617450103783195
6.324350465982687
6.385270558617989
6.427767718524337
6.459872672292523
6.488141458330462
6.524060604974207
6.542085424692501
6.548191409906128
6.542908208791624
6.528276604220854
6.517611249230846
6.521796860399581
6.518284322438764
6.538499754100077
6.533183497514587
6.553964244526996
6.569378143190061
6.560382598852741
6.5443485292034245
6.5477161842849005
6.546129863477813
6.546866284376298
6.5570762071073885
6.559637582353291
6.563669055426747
6.5610654191679725
6.564917242861144
6.573900163335598
6.582546992854428
6.565748628423795
6.571433365037053
6.566151714713724
6.54015671520348
6.536886554662778
6.550663755144362
6.54096172382979
6.519096957536305
6.49163420842151
6.497401642604997
6.5015960931556105
6.531366593807899
6.556173764104351
6.563616219328032
6.57492284586088
6.551758933865394
6.557087263820905
6.552106522247908
6.536653666921868
6.540259597299631
6.556626412001755
6.563419898795466
6.582054691670251
6.585210756329647
6.5928713664193435
6.58721333387923
6.59193708558524
6.589510627899975
6.580338508916252
6.577417133645322
6.5353699168964345
6.547560675790129
6.529851344936173
6.527582042239494
6.589386558801331
6.585967632825778
6.587873258425999
6.611634832549803
6.633960156602552
6.635868523900841
6.6372081580690905
6.638829267476294
6.622083252530336
6.611328714979913
6.596570974312005
6.586187524269899
6.5856560354843605
6.575381256621445
6.579591654313568
6.577222153300584
6.583719766824223
6.574034745291753
6.5893387261006335
6.571922101233004
6.569480786915235
6.55042159142192
6.580002297775406
6.551523828239394
6.54314005273136
6.54509946556908
6.580746610213857
6.578063395522503
6.557445843002899
6.58004167751566
6.590128606170022
6.572008441862065
6.583769779257476
6.556375109366279
6.533406126156835
6.424019031587325
6.378544398060264
6.4255924343813815
6.4594001660634905
6.461649710863677
6.4572656000887925
6.436948323078362
6.432518273680291
6.440705830392924
6.458447641424547
6.460957174412237
6.465938267791155
6.47553364604456
6.472845555915805
6.456417372058767
6.482803595830807
6.484272574274331
6.496338008928556
6.490771259565131
6.54967529317562
6.550990198959891
6.552070773897968
6.527398034550679
6.526486247933491
6.516441996909651
6.510095394179421
6.53199054878704
6.541127616675725
6.501149187227832
6.472185543457485
6.475285606566314
6.465431222183649
6.46610008444529
6.478892552439047
6.48110578185171
6.4778259018715945
6.501411485777301
6.509845737327137
6.50954558215287
6.4959931569290426
6.475872789427515
6.463680164115353
6.454089879230322
6.435842986444561
6.454591062093114
6.519233010111647
6.474057559588116
6.462268570509776
6.440568618583776
6.425875788425217
6.413515027325378
6.419135487967488
6.428869093781318
6.425390638273871
6.409081433847392
6.421755641026945
6.426499244138983
6.413849606150893
6.411455233129634
6.425643112552819
6.475257208896922
6.474940354471509
6.485975498872717
6.494693370548068
6.4803008220281235
6.484409917634952
6.4873643269924965
6.486189584457597
6.480504930966616
6.493145332665449
6.498735118154567
6.525280565873269
6.532814227122875
6.539261397315479
6.526551869532245
6.50976326242872
6.4632371474945245
6.4817050400367915
6.479723087804093
6.4944798391408884
6.5155348870179814
6.517104928185879
6.513642188168537
6.501500692007168
6.502777377625316
6.512959525253028
6.496457605033325
6.482164241997804
6.47609336818706
6.468490258222986
6.459821413689108
6.4290889997580365
6.430674713820927
6.428654473123684
6.423179811189827
6.421051063854094
6.395641315217895
6.393499037688923
6.376057542003724
6.379392490371225
6.358181301629897
6.350144861788128
6.302353845842708
6.317075379129282
6.291208903686113
6.2943405944232715
6.279176436899829
6.230497489836395
6.1761742660952565
6.181080727731721
6.239216347930737
6.221110701613174
6.1982459185042424
6.195839265240952
6.271437310200597
6.296145146060174
6.297011496494849
6.325546442187242
6.343719405862122
6.346541667537158
6.3525782521213445
6.344332252901896
6.34443857719909
6.337584583751468
6.313923687265836
6.312251489067167
6.347413118363138
6.36759023067195
6.3732514658831745
6.370909926011162
6.368901698063917
6.371337202230817
6.3744662040012505
6.386976864901141
6.374556673259552
6.377783636547456
6.375885275332677
6.363085141254867
6.325201331229312
6.324670807695313
6.327914224550695
6.328876699707726
6.347848164063326
6.361868460713997
6.362175699583113
6.322848064988474
6.302013248233412
6.308876661897808
6.334981937007995
6.318401096500039
6.297599889097327
6.277492897933963
6.342070735303722
6.366300937411218
6.343226690852496
6.339511013722778
6.330541501592985
6.269636083977458
6.271129327067867
6.262605668981542
6.3507073493739865
6.388945204872436
6.403595321483119
6.409507918406298
6.3844129077141805
6.412410031061162
6.416232520323529
6.413552882360415
6.39440610044482
6.333072602196863
6.335529702960722
6.318285675575861
6.352167302131075
6.339898438584241
6.343194876290477
6.373733995825747
6.433570256199306
6.482332925316437
6.484525252327792
6.469086920938203
6.468049825258768
6.4763630526171125
6.474676824632856
6.402412716990665
6.363109948527306
6.364222182556332
6.352695743760243
6.355077178635829
6.369076961390821
6.372385460806983
6.375489130437587
6.365567262285674
6.351760528839254
6.348961751128825
6.336722527791821
6.334370724327416
6.318359725984086
6.309564556645317
6.2745306166119565
6.257095332499694
6.290661016174269
6.317466190987055
6.326740419536168
6.336162736795111
6.385747445221235
6.389663273495607
6.381964462460447
6.369385733151294
6.3437298097261845
6.355921381452403
6.364566637556886
6.36484035409818
6.372415442697514
6.373555314651657
6.308096963172954
6.311662519370529
6.270630724715377
6.2850810118064135
6.282712738950422
6.28240895041524
6.304622177936332
6.307049154455327
6.303284013595756
6.326204826859113
6.3312426069342775
6.361787706183964
6.417300859402655
6.430540036206991
6.477996830248412
6.483193172265921
6.491350076437927
6.47361885852746
6.453450037424379
6.453584602552954
6.443373810492959
6.4474276575601
6.455721114223096
6.464690277209957
6.458574001072428
6.4523921737843954
6.4615200986149
6.465602308654533
6.464465798802331
6.451802389421184
6.453367295736176
6.44795502263393
6.450751633555848
6.454541126206774
6.451738842623763
6.450582218721978
6.43541383536053
6.405236815746196
6.399522712155275
6.3964324780279185
6.4027778224780345
6.4112469773068295
6.379214548973714
6.320563718481009
6.276245685399972
6.200380675895173
6.199637239957706
6.327644970957032
6.3679776628493014
6.414277786485563
6.474483625568867
6.4839707927739205
6.474622727322081
6.447122346944227
6.4275856944949705
6.413846246546765
6.382964031569647
6.384622766383618
6.387147068622053
6.389873589587846
6.390921120306813
6.392376068048614
6.324201703174731
6.302536824256941
6.28076364063282
6.28556786308742
6.2918447003627405
6.322330053154982
6.333388375811877
6.3376498332416045
6.344828204117808
6.332586191245511
6.323106752906443
6.344801787929567
6.38102532583167
6.397164067120152
6.4173766714625415
6.417352617047472
6.388767677590194
6.366768656628009
6.332735220120883
6.134448052526026
6.051991097811071
6.049052356043001
6.11584310280365
6.118278754183028
6.116670397051953
6.097444615000586
6.05902501289241
6.039616453493296
6.0379423331068995
6.13293802427933
6.130863999635006
6.09977033839876
6.111840934265185
6.11928153299471
6.115251021319667
6.1216363014140756
6.083667853170827
6.083681662895233
6.082776981561029
6.215432654805216
6.227189162837947
6.231643859862839
6.196511123632381
6.138588420801346
6.099069755860078
6.073163842153539
6.055196677535439
6.225200384864013
6.273031688614552
6.2979414708871
6.325729620818514
6.334675924940091
6.34057412564232
6.340356536130013
6.340045952605708
6.338973339278684
6.364307452553615
6.407573523308835
6.418193470174482
6.427240032519192
6.418627090564847
6.434678641244366
6.440805560201
6.4275925417517525
6.421441438245936
6.403382929571581
6.392802513522591
6.398823571533319
6.397690077873894
6.398940801057833
6.351861057788459
6.340360389602815
6.32971371822972
6.330213823459096
6.317056610582617
6.318233196114422
6.3435477588752605
6.351976929288525
6.242664864987028
6.21259222983902
6.1764720640455275
6.006806494961773
5.931020867484743
5.9365815787724
5.990207580986237
5.99958348352437
6.002719993029451
5.98867287545052
5.9694567714149
5.953022947851208
5.953551158054689
6.064033130906205
6.061945037497993
6.057710906707193
6.0559035870067355
6.054037986878826
6.046295324654355
6.053244050568509
6.037992624939698
6.061276688558974
6.060311530867213
6.191362931718215
6.182631989608618
6.157870928562096
6.157260984273557
6.17585678292437
6.208118494804631
6.173037595603634
6.12460587225993
6.144826363731214
6.1785727604183505
6.192264181310022
6.113568105743737
6.114526487291481
6.127157083356932
6.070089614384885
6.023597604975037
6.0289876046044295
6.218297748988369
6.214841753211776
6.194689830468258
6.194691324522184
6.211718938915763
6.245627844157335
6.236908909996576
6.2392927831791685
6.238987319004589
6.2401713765014195
6.234914424789258
6.2409201647716195
6.228715992244288
6.260580271637883
6.236836563602885
6.302364753378598
6.339054468451483
6.359347559312846
6.346491306136343
6.330844568765164
6.3097319732572625
6.323494374463689
6.252776305013172
6.251404266795841
6.267161490774734
6.304116483537254
6.304247303622961
6.301253820070291
6.308171678037305
6.311730671261664
6.331960886698728
6.322882251900816
6.319100673348581
6.32851510314338
6.32582360368831
6.312713248370372
6.290869535140729
6.286396820509447
6.284462685023205
6.285832986217668
6.283766593032961
6.303081487260731
6.314496029694482
6.332076208115698
6.296533259040958
6.2914271030879165
6.26545343441761
6.243605171921981
6.22169941864041
6.251461132927363
6.244553955408281
6.2276878012630394
6.178003097566521
6.16318540257556
6.153788945740696
6.133488256008226
6.031457368370149
6.027154867413993
6.051934336639476
5.991750829709043
5.958029495770125
5.961725698526218
6.146374478770043
6.193207468083313
6.223156206276596
6.223677992914248
6.227550650188639
6.236534701563309
6.244354113885096
6.2426766011745904
6.238989692687947
6.238206424102236
6.224887234975767
6.211356865273015
6.198236313075604
6.1862999071981335
6.205593166342512
6.270367692057874
6.309972666162009
6.32917791313211
6.2928593190545445
6.271842984467659
6.207515216032567
6.193882118970524
6.183617829957258
6.203072033692701
6.25998181704047
6.304162890986617
6.319880325571769
6.318299454566818
6.349945371557328
6.362388660367402
6.310849443090532
6.286277719874152
6.242515272097197
6.160641902493417
6.176818921418621
6.178725314372673
6.17205047023266
6.137714456147674
6.2597371998233
6.283560853021291
6.332971423395835
6.363692475087516
6.383336005680029
6.390578723071255
6.397739120827412
6.390846215410766
6.368931732229484
6.344264638740197
6.355287250848801
6.396054689346088
6.397379215507102
6.383744880402186
6.394117884780354
6.395773061894718
6.389756284100223
6.354297470505224
6.306211371782203
6.304419144293711
6.314418271411736
6.266620432691311
6.2092495847374005
6.1374751969754335
6.100138789036703
6.042534255662421
6.071935212179403
6.073906735039509
5.7500479175957615
5.753750189815632
5.761819772010896
6.138678592880364
6.239809285198294
6.28551220337673
6.2937011596503645
6.273050742853507
6.27070775427712
6.245700456716494
6.245237852369626
6.338975125919721
6.353296199345042
6.372827740663886
6.368580799888028
6.369975842425697
6.385324440746302
6.376854626494942
6.376850498667196
6.362601189002187
6.386432204114106
6.376616593553965
6.363977079806153
6.340086657464024
6.450168840891987
6.443169027583029
6.406824314219041
6.402841006625023
6.372421141614518
6.295684737995307
6.3165342781490255
6.31626382574277
6.318614965048595
6.2853287126529
6.399219284755376
6.414094760229671
6.439222767123505
6.452538600918253
6.445193942834824
6.43243372954549
6.435453597242799
6.4337089881718805
6.363332810702746
6.357474908302835
6.313402714374245
6.242001078074376
6.247885033669688
6.280300983226417
6.3239996483422205
6.3250976444068385
6.33986061831633
6.333460068157182
6.343808422847076
6.342907577409081
6.35180981263555
6.319515196324762
6.323874785820068
6.320247345300866
6.345265235914286
6.361843353832351
6.371273679863802
6.374944704654571
6.370066992687145
6.375193978452771
6.375722627175871
6.473583198636625
6.484911165295007
6.495071277245444
6.49623559497989
6.50787327658887
6.511140406575
6.531735177440283
6.548846778130173
6.566119395798998
6.566373530098879
6.54761128551044
6.525619792627393
6.515554358856817
6.498510498579251
6.510640166483438
6.527150467503442
6.523692368931324
6.542402755548641
6.5418676081035585
6.525972573346505
6.503160593442639
6.611785999817612
6.614488220046981
6.619486925345233
6.613539594342009
6.606607614061785
6.599610592552211
6.5947923998504
6.5896512606119435
6.579897330361561
6.5729476940039255
6.507809090444051
6.493594585923187
6.460618376958588
6.434488919723507
6.4452575417603954
6.459772171666324
6.458607914225525
6.442590545650866
6.412948554650738
6.402132525665702
6.399095573672389
6.433970551941115
6.432312232184076
6.429498108606103
6.37173359197645
6.310486615624676
6.252958539298066
6.20657327379515
6.173127713762396
6.202783811078838
6.214588825404461
6.110753845935737
6.103106806258064
6.085923118539879
6.113638856077597
6.130413498273097
6.144947278424749
6.173010980367882
6.189720592601776
6.183172190665744
6.190993745727989
6.2692371313945365
6.272879745665705
6.279632567809538
6.296944774054311
6.285178253410075
6.244229138595742
6.2049649855765905
6.219697044062983
6.187907647703545
6.192373741624276
6.202136911942421
6.108410331603098
6.113625137612542
6.123377698280992
6.107884650295956
6.109181496000562
6.1185561548487675
6.2200597005682505
6.207176026431477
6.198011205123959
6.187968793395081
6.189589372581862
6.184221618237431
6.194492729791426
6.235141306887241
6.24251293401499
6.235273548862681
6.224736842391101
6.21349391428059
6.225823353272021
6.232644869760139
6.243815487585721
6.313549737462059
6.346540149259519
6.3415470913277705
6.341123961395033
6.353534060948198
6.365703339476508
6.316081651987463
6.323313533094998
6.308836132191089
6.315128871825404
6.3493292429206845
6.3659910372065625
6.399742519890389
6.388000505533873
6.361578596272212
6.365193743800042
6.41954111053107
6.439015981006744
6.448896399336288
6.452440643644547
6.471962479609937
6.487564108679487
6.480003645790412
6.4710680429206535
6.469265597536108
6.469265597536108
6.468714369434135
6.469640318684854
6.468200524542711
6.466771195636768
6.451411851692511
6.4005984097866815
6.3764498225516455
6.367124822231512
6.397513026476686
6.373614518418216
6.359205302986302
6.3901295453136235
6.366141266636489
6.35432242975686
6.353658066533725
6.287276413584398
6.2615763617942175
6.209098696689146
6.1704261877617235
6.179199389674541
6.161296944310274
6.154078592376542
6.134598758008733
6.1241523232395805
6.11018468094715
6.108247435731486
6.089584580844062
6.09617519627034
6.125847138467222
6.120433065862217
6.120433065862217
6.128026947848185
6.128265566012383
6.138554409278207
6.131605318185212
6.184664177807455
6.2291992268741625
6.246782814520253
6.24089921311409
6.156160762825242
6.141544955891347
6.169098006160327
6.1546521231068425
6.1283637597438645
6.136011056340557
6.1581942512471075
6.269336205137893
6.3399242357891055
6.353737552433624
6.348038306918025
6.335996820071512
6.314506282300712
6.293940671294228
6.2755242962267435
6.184181601081249
6.287114824619049
6.281104967072721
6.284042583500275
6.240859642708857
6.322451281378216
6.34416709187827
6.3800493383244925
6.398447416386799
6.45373526058441
6.451997444523237
6.497591208470906
6.494968581372005
6.48235895394413
6.493501165138506
6.515965442104713
6.5418343396179175
6.5588316905648485
6.526961069866356
6.533065786244455
6.5304899126850895
6.528801481552456
6.541193000243305
6.530267962352206
6.476320265009397
6.387658114117564
6.379467741597321
6.378248021660297
6.378248021660297
6.37754921816287
6.377843415142196
6.336407379144384
6.280186422076621
6.257127746304228
6.2658706201445415
6.288779174067617
6.26696634839834
6.27891802918169
6.295623270500876
6.285970864649505
6.305297636430133
6.309814703524602
6.278869446440575
6.276022891016494
6.2946515697699255
6.280688570368821
6.266352773685668
6.196970563006534
6.2082955184058894
6.216960930610529
6.238204924483875
6.23390787860495
6.242539666603674
6.293606692560054
6.415572628687433
6.450543853917005
6.427459770166167
6.453091054348723
6.453194097038282
6.462182831890689
6.472534640730102
6.490012802362333
6.491750471902783
6.586536631781694
6.6058269953913396
6.593673527779574
6.586471538625646
6.602833610952405
6.611193528036276
6.599782546134379
6.601786913994265
6.595180821299539
6.597989377985036
6.611294365335406
6.625379667116555
6.614656670422136
6.649560404935416
6.647918333580539
6.65317140217983
6.601084575370403
6.592905656881215
6.5653577325035135
6.562131709450925
6.575775168795294
6.606582183980638
6.6013756239668275
6.58978246524355
6.586977173288857
6.533723021253438
6.545035040964673
6.543944200735955
6.549247934124061
6.505342451505695
6.509110092366799
6.479465700562734
6.461362984638
6.497342899558852
6.520512185042563
6.544377332097157
6.5442962319493265
6.569717150704803
6.574747863128518
6.572634803516672
6.574659694720772
6.567125230291029
6.526106517071812
6.549203173037305
6.517024568242383
6.4946267845179175
6.491164649474904
6.486873533612169
6.498663728708055
6.511208042468627
6.508460274831848
6.555302844107046
6.556390863416226
6.61448803035614
6.618908706709137
6.634803264975052
6.616862526507843
6.67304519003599
6.663120212404571
6.659950503127372
6.667773642003586
6.663606224405387
6.6596574033365785
6.656379472870755
6.659266164776542
6.650614298452329
6.617276285374772
6.612596616039488
6.604808196869485
6.596566754285252
6.5838267636006815
6.593176840205775
6.597068856817584
6.584033635437364
6.568088273502266
6.53393161980519
6.542697985377036
6.5539162830012305
6.5468151237738725
6.539303840577289
6.528545377140042
6.5267629632102295
6.505673402721915
6.506920682713334
6.455577301346226
6.451093821967267
6.427043694912246
6.440275403438422
6.2369488617789415
6.236887492662279
6.2335710018110975
6.186332899441064
6.187347926452649
6.3588358183275915
6.397112680839445
6.405511196847043
6.433028975122787
6.462568647147806
6.471128219014974
6.460331211736098
6.459095526799871
6.445514971517997
6.430833786570305
6.431465965057154
6.3889130208931535
6.369682087543656
6.328384692569257
6.308752806127183
6.279544447330232
6.280782000843445
6.279318761602829
6.259238389824032
6.2441166591009205
6.28915262532815
6.290855846204447
6.335409664310712
6.3389081870528585
6.352169118445031
6.315261740829116
6.352340092434744
6.3249049334270095
6.323573093310472
6.341962296904928
6.363210884680697
6.327342698734241
6.303960087140722
6.27076155070755
6.244728081270209
6.26676428664569
6.3008957906321035
6.330164345134791
6.3493852379569695
6.333854217336597
6.336134923823627
6.353681836724565
6.336122032954449
6.3357748944982015
6.338948072132333
6.319730902856442
6.321118248432643
6.337366497674607
6.361715861319211
6.369868542541878
6.369868542541878
6.384257883767408
6.386780083379509
6.410071878810944
6.412795594525326
6.387715175203358
6.401768587415363
6.195136037360795
6.192484401997861
6.182558760835912
6.164835007671879
6.134649342904395
6.306537197768164
6.3418917817830645
6.332084949669948
6.36525930933183
6.3975707321533575
6.387965538544232
6.368896761767326
6.353959628123695
6.447769312576839
6.473329553582964
6.49822979984903
6.509959953895941
6.527932763679586
6.537510280759192
6.537960533396483
6.537546735918125
6.528156190383192
6.496883491583046
6.469010583969904
6.469001064974758
6.462582503120963
6.4601273935855685
6.433403039784417
6.4097129938726045
6.405827681389504
6.409549929395462
6.427405414286577
6.436481387761539
6.451239045385821
6.470821677427411
6.500401336248816
6.475827401006638
6.460957089047334
6.46988385326122
6.441281819494776
6.418966148474477
6.416951063969523
6.415220392929276
6.415593033946151
6.3301499792839575
6.306793145971837
6.2038203263710106
6.222146580490844
6.195165541516759
6.188069480501345
6.206422398194937
6.273491640272747
6.288197690976075
6.266765748780339
6.263976210125167
6.3527596133626405
6.368243534479039
6.372555842312832
6.3875727032264775
6.390041286070507
6.435453173125465
6.436473581934694
6.417557302654278
6.395219438103943
6.368858324706578
6.34977451712109
6.317416849530729
6.3190714693398204
6.3184229347228635
6.304774850457563
6.336609526403948
6.3436580407795935
6.32710533035812
6.336872643638019
6.3172361513674
6.27438111513571
6.302290787785273
6.2142004221733815
5.819142991172952
5.6892381729443064
5.862958164969274
6.051948301756194
6.044425921496736
6.0259379386601095
6.026738239457028
6.029183020513772
5.921059487767413
5.956085767779656
5.957557766442029
5.95100127184148
5.993375026755966
6.180985460180802
6.285397598583226
6.36785835218019
6.440906311573037
6.481084855689469
6.502112436175608
6.507626228603212
6.508885384140749
6.5287726693238985
6.527128015382797
6.506511025736585
6.499863059975795
6.526770704452304
6.519743774090719
6.525154617802115
6.5509792059486855
6.536701557511993
6.554408535985081
6.581509685874122
6.592398258344044
6.583104589322266
6.583928712290824
6.594134085150108
6.587441749970727
6.57416278499028
6.569099564456059
6.568159262325909
6.5664413018476635
6.564039729145383
6.581698061364791
6.622245104136723
6.608709816422578
6.569998380203954
6.549480178202236
6.516838376344875
6.462376361358943
6.449268440275711
6.438704511047927
6.457478916617543
6.454318990266389
6.4500611711455
6.449814745098344
6.469472677897353
6.452191020462582
6.457053781424526
6.450794169768364
6.380199632117416
6.381143338543933
6.268023106519625
5.872237149546579
5.746356432086158
5.910468331908591
6.077229570240702
6.072431344077138
6.064007735422813
6.0903937784735644
6.092441402053908
6.098278872430717
6.190128519230265
6.192256476923163
6.161163971959371
6.185481423126486
6.378627096140888
6.395511698442655
6.410234038633018
6.440448249878786
6.469134657844834
6.467993625866912
6.457944320598393
6.447361657989507
6.431097325693929
6.431519829692261
6.4310846554453365
6.380434778033691
6.376556580760251
6.35122324220099
6.323623046095629
6.322894793121552
6.303460257149322
6.303227572621784
6.2942016700512475
6.267528175394962
6.278613103757007
6.284753509943093
6.2929795745363935
6.328915099759701
6.245924420556538
6.2373776474525755
6.312447111846664
6.294241563700075
6.290760298390125
6.300371359839786
6.340998265705931
6.328079799502853
6.321984629253165
6.182275641714927
6.177075484621862
6.157301083691622
6.244113717791868
6.262276395885833
6.271205847182242
6.26938896467786
6.279059014896427
6.2932702337138124
6.311933702461638
6.309570202749237
6.31440490551166
6.321827606562728
6.321827606562728
6.34090866733044
6.339933554986621
6.35747480564078
6.444190667427237
6.46200364098822
6.464846326717666
6.4621450935297595
6.44567321146383
6.435753905105972
6.442490610572976
6.2942301655538495
6.283282727493317
6.265351726817039
6.2717663706821725
6.274050012429209
6.353136062251539
6.391730669456532
6.332970034374083
6.339465799422738
6.369100816417927
6.384385312903389
6.375266197329233
6.397705620459633
6.408293931959328
6.397113666276772
6.426151110644053
6.4358230125929445
6.435208834855306
6.427768061795926
6.415435246844188
6.415511272152541
6.393898292070083
6.403200039074683
6.406958580596643
6.397352566285382
6.395120057892426
6.397396500687156
6.35891818563321
6.387438892388275
6.37403966552405
6.363038940255017
6.415102015380444
6.422767331601638
6.4283297251790135
6.429405506179762
6.43004041880158
6.425520000488095
6.4142314189860015
6.451034762452488
6.445340925534649
6.4421196240531025
6.427180204009743
6.439656317111088
6.417837285002797
6.413128174624301
6.415304149629251
6.368716077011919
6.289158647208422
6.29976561188542
6.304205857879776
6.304004288823811
6.370393725563492
6.387979337611264
6.377590832057149
6.419037099130212
6.419104289622973
6.418703756855821
6.419574912430134
6.42648108844709
6.346179649940418
6.344363328047785
6.366504109945266
6.312880841029076
6.378434772692467
6.386109305462666
6.376517836084398
6.367530626174286
6.3590119977672455
6.3847514788181154
6.332444159148621
6.356515766183764
6.360982249844701
6.357660237919797
6.3800721031239895
6.3816981095166
6.379589869885133
6.4131692968375145
6.4667945609725015
6.506082301507782
6.501839443382874
6.526750003159778
6.530894505291172
6.5249533835660865
6.526035720219766
6.535764057719135
6.526653541368851
6.527735083877329
6.5263483956973545
6.530697156720303


