Rainfall Prediction

464.0968276454414
471.6360055125917
335.94641156364
247.94641156364003
355.1057054466654
155.23995460962533
329.9485199467068
347.3511320828411
489.01102739141095
644.967591092347
718.0007234105067
879.0877486364247
721.7551286049788
581.8490834276754
345.59763201141175
349.09419973785884
412.66407757094885
0.0
0.0
251.79729755742198
259.86005031266933
216.3637119407015
212.2759199274339
247.48433652108565
1.0807533653844317
0.0
71.6151630604412
38.64234171411083
0.0
0.0
440.1686298311541
0.0
0.0
0.0
0.0
0.0
0.0
0.0
0.0
0.0
0.0
0.0
0.0
0.0
159.87306436475825
0.0
0.0
0.0
0.0
0.0
0.0
0.0
0.0
0.0
0.0
463.11184953317337
581.0224564674204
903.5259655310712
915.7184977074323
0.0
0.0
22.555711682043523
98.05169553725972
68.43119618544642
98.34486077504835
98.34486077504835
169.1365963742611
114.1365963742611
157.1365963742611
308.1365963742611
452.1365963742611
255.99690989961783
0.0
838.4981267654075
760.4981267654075
579.9969098996178
669.9969098996178
745.7186706604451
706.7569527826768
727.0284933593439
764.6966880862894
896.7240525844109
973.1066340227262
1094.4067807552528
971.8907043798624
1031.676105453179
0.0
73.60597096760839
0.0
0.0
0.0
0.0
0.0
0.0
822.020942561172
801.6678127798332
823.4784814759719
756.1468033784879
775.2607581981606
828.3395116625821
870.2733749712634
1034.5423025323212
1012.1204466484104
893.4304534115239
925.9456183284154
1020.6602329459183
994.7373880018847
820.2229733157519
744.7982511042497
829.0428369933196
806.1559799261067
768.6917900863729
636.5996993674754
560.8943127486581
450.7271330605691
621.8302011544135
464.9423418910085
162.39872180502186
134.2376130225066
92.68786846644764
97.23247005787675
105.16874475087889
301.9725507883013
643.9585629814937
637.4606015922263
631.7539595956014
652.0344994068332
481.78102914737747
506.78102914737747
491.9001672599411
455.3395877903897
709.3395877903897
498.14983203623774
786.3915025970852
963.9894498830512
900.5728375118244
899.7335340024495
936.7236978408936
830.94435277871
800.5771860850557
845.5501315376844
799.8564471910747
785.3199705266763
789.5345523707822
789.5345523707822
770.7122960297875
865.0937976603122
949.2881563605222
1023.6325947697469
1041.7607840822118
1238.7607840822118
1281.3916490382835
1299.1938689132523
1295.082709379907
1201.8321307444792
1168.60144450123
1061.3989297247651
1087.783198535247
1209.9131935926998
1065.9131935926998
931.7826427861582
1015.048599744458
950.116799189931
0.0
1374.207273011472
0.0
0.0
0.0
0.0
108.13037351015578
384.6036530819813
0.0
0.0
212.78460619783868
110.12825066176433
286.47075553849226
0.0
0.0
0.0
0.0
0.0
0.0
0.0
0.0
0.0
0.0
0.0
367.0371190318868
278.2859454865924
281.2859454865924
460.8293152231304
605.1389938591768
498.9839738547089
491.1573665848988
0.0
0.0
0.0
0.0
0.0
0.0
281.4311961854464
401.70158036254315
769.6423725255579
0.0
0.0
0.0
0.0
17.339273227996387
0.0
0.0
0.0
0.0
0.0
0.0
0.0
0.0
0.0
0.0
0.0
0.0
0.0
0.0
0.0
0.0
0.0
0.0
0.0
0.0
0.0
0.0
0.0
0.0
0.0
0.0
0.0
0.0
0.0
0.0
0.0
0.0
0.0
0.0
0.0
0.0
0.0
0.0
0.0
0.0
0.0
0.0
0.0
0.0
0.0
0.0
0.0
0.0
0.0
777.6686061413949
816.4483177031046
820.9313328613323
852.7608185648807
852.642802305929
852.642802305929
850.0794749843758
882.5666745435834
0.0
0.0
0.0
0.0
0.0
0.0
0.0
0.0
0.0
0.0
0.0
139.79782017848584
0.0
330.6925429558224
361.586735591129
438.586735591129
159.58673559112907
463.586735591129
577.586735591129
151.58673559112907
683.0496798988943
239.07745559342055
543.3472296167124
676.1777813886681
0.0
98.08030682611997
0.0
370.508906863785
408.417923111238
0.0
62.23860316952505
368.6910901572498
225.04676714834815
231.22422170635824
234.22422170635824
56.752419986061085
118.70184500323803
180.65231336305456
169.53272769415506
212.57354782846002
362.70204297641135
393.339011095722
346.339011095722
111.92543587331642
352.4512578884426
228.0271201609061
0.0
0.0
0.0
0.0
0.0
0.0
0.0
0.0
0.0
0.0
0.0
0.0
0.0
0.0
0.0
0.0
0.0
0.0
0.0
61.041099555440496
0.0
0.0
0.0
0.0
0.0
0.0
0.0
0.0
0.0
0.0
0.0
0.0
0.0
0.0
0.0
0.0
713.6291600790299
752.5694286226972
784.8181231137967
558.6978509401764
943.6490578567059
937.3715983234283
799.9491319064505
753.0622396687482
572.1367142775007
375.99219051372927
242.0730352389097
173.0531738710605
0.0
0.0
0.0
0.0
24.84586232025464
121.10785846700114
180.22405760027522


