Rainfall Prediction

2237.8014029376304
2323.8299901346995
2444.8779628706043
2491.0259228943596
2593.346488402521
2575.90211540139
2561.0383593731494
2549.414552902225
2570.6670926686143
2464.530426460606
2376.682851361147
2340.107725682795
2144.606771308186
1992.5739756865028
1850.9723064756993
1729.1670940334711
1473.1092518884154
1172.1467498573118
1085.4740311944358
758.3203017376866
814.2092866421815
771.2552902868258
872.9032858243996
970.3131748688795
1385.197963955495
1475.35066164807
1489.0611169892381
1549.8599285501207
1592.8611534076904
1595.3730428301565
1607.001015185773
1551.2614761852276
1657.7116603512525
1648.158434523855
1650.4319367950875
1649.6621772038507
1606.2957915566171
1606.6123297122438
1905.2786442562515
2082.360555341039
2205.671008297057
2257.6738920583703
2298.3069868800776
2409.3380511297128
2539.1956142760987
2822.398402375045
2825.090604429693
2836.7254117738726
2878.434220309343
2838.2977588331923
2803.2566923203954
2705.9869685177946
2653.45826490013
2373.6107601365143
2218.3108421279953
1731.0842237430534
1947.6967861831126
2338.559795571797
2205.213220358085
2279.3836228217015
2339.4299208483676
2327.9458555485226
2456.819567965265
2429.313859725886
2351.678217043837
2356.363934354528
2381.9744393831184
2411.999868104147
2428.025029953521
2236.4604084679354
1706.8577161307253
1596.2717698716992
1625.3703604342154
1859.3527897187873
1892.4515637879015
1739.2276119065814
1643.96253598067
1643.0438887710739
1386.160340111409
1642.1706648773734
1673.2025507041699
1773.4438994078694
1954.0059388779048
1973.2264241524547
2249.383500894023
2440.4433531222276
2440.833364788422
2042.4977567555484
1463.5072196217764
1289.2624414482466
1282.9401529121105
1213.0594736356893
1252.7794156885925
1249.232583829495
1144.1669408410983
1258.2960732396411
1634.2211614481002
1773.2537031949032
1761.5222278212282
1746.957529775722
2009.2713004400837
2064.3483389373678
2123.244043096689
2403.842967135376
2434.3641421864363
2282.08686250851
2272.222644559547
2338.471592855841
2338.8616330118707
2296.8395716690175
2378.497643660916
2363.119933187398
2278.4427690904795
2221.44565889389
2170.0809144955015
1915.4613238305617
1973.8217924712333
1982.8217924712333
2020.079343721723
2064.3851063943234
2033.6696126018903
2021.988603713417
2012.776613639412
1979.5646235654071
2018.8791442371994
2048.7224152422864
1875.9858284798543
1835.3543208040192
1831.7807310299113
1899.71482695145
1873.0914087179278
1549.7215073030313
1641.1462496565596
1580.1961496688139
1255.573351333429
1278.5687915847968
1241.3612011188131
1381.6898865474939
1509.4613225789042
1514.6103682673388
1525.8406603764136
1565.4377743673745
1552.5964922486705
1549.3282225544178
1549.3282225544178
1533.6792757597402
1578.766538552149
1390.0827155823504
1435.526846251703
1401.1920805097993
1338.656358266453
1287.3692292001376
1452.7232669895411
1609.6673894255648
1762.285061093067
1845.3931285934486
2381.669233148114
2702.911891307972
2471.4267535974977
2797.68881984916
2997.9000044764675
2999.3620316330166
3034.3607967044295
2895.7757256513496
2887.6421677393023
2886.8281522390544
2773.7123377356106
2779.3273120618715
2681.3905089546743
2996.40596350891
3054.600380142102
3192.4375769536828
3236.9064269934706
3338.0565870571313
4126.250923444195
4167.6259542256685
4580.517359988387
4687.434062592608
4712.195099382402
4885.220172898161
5203.718377315728
5287.668933322355
5293.2845462725845
5344.637030596756
5200.376944289248
5328.756991802345
5257.957060132205
4803.320976027089
4437.976366287184
4394.9583128463155
3838.9527876152006
3619.5150316835357
3568.4722136175765
3544.0362582078437
3420.69797910306
3429.907056542787
3427.6382831360156
3424.0904297397196
3458.351191955223
3389.035195816928
2885.2093340820284
2832.1089258959278
2688.16162747926
2542.9684734221973
2421.8419566648927
1621.995201143729
1990.8145567696142
1611.4792484601344
1857.2621561040378
2109.9661180307517
1901.5472672805051
1814.777393055247
1849.5754359401692
2100.2772321476054
1979.777393055247
2035.0850606079177
1846.5028520386174
1840.4776363568362
1752.7112128570802
1809.03928187525
1855.4057698617469
1993.7544147788926
2269.266298036469
2291.154572018428
2437.5043433091087
2792.751973024589
2789.6034886103876
3095.1110129132703
3131.906692353652
3698.0690922153512
3694.9593836924196
3726.509744956768
3754.3362332944175
3754.3362332944175
3757.0759490989944
3848.947096514185
3991.462709856598
3582.2846943573104
3640.328713142416
3310.338250734861
3037.515463746741
3230.7197082972875
3589.3162086232473
3499.091815482822
3484.78257455582
3986.3962298639376
3947.4325202272107
3951.8746431515206
3946.8746431515206
3994.089200123293
4230.094416720428
3858.797020299155
3960.3109639409513
3604.123279806934
3574.3131972826723
3380.6264352199755
3007.6298977676097
3154.215906433378
2841.260040910031
2809.8421296397523
2212.8702524541413
2209.055672256124
2178.5912626921863
2178.375332312998
2583.1602695023867
2578.8360158060655
2540.9568901403222
2417.2099245698055
2424.3073745881115
2401.2750966463964
2396.9821303983167
2429.402976026933
2434.037883041716
1742.9563876421307
1776.0846783278485
1641.2928884358953
1146.058008685638
1240.1948515926738
1133.0248051740334
1200.1814507765707
1186.3207838865928
1235.027796768368
1230.6467027781991
1220.3827791302033
1220.82892144436
1221.7094308474132
1198.2948694144684
1202.0052321243204
1065.3159612011032
1093.7358496243535
1093.7358496243535
1093.451606620061
1083.432040718757
1082.9543955294648
1058.7976434440761
646.9025732428828
645.46069666612
609.4572835573185
643.1771362013097
758.1647592196915
1372.9502684363447
1627.7084141111286
1611.1823553585757
1640.1734305135794
1655.9451122736405
1836.3805843061923
1783.4742061726545
1845.409150222593
2268.085107705993
2323.415543322349
2407.0576157664545
2652.685787965845
2882.1196328818
2943.582198947081
2857.8097784861857
2903.630508355076
3106.286463836361
3520.2510848724673
3206.9428302057495
3482.5232493090502
3491.249278950882
3608.9084182909087
3640.720696764611
3635.5310425377334
3657.4333716652905
3618.7883077589695
3721.1267313773888
3814.148086866168
3765.8607506709996
3739.8301939594435
4178.265404913214
3193.8842225776966
3163.493981638559
3266.3129916974754
3153.2932811451365
3101.99473887009
3326.575888872352
3117.7861467991543
3045.5448443401306
2709.664237160512
2903.8560348560445
2779.288239373049
2530.603901924808
2486.8617569855223
2417.6602398392743
2211.5753068250033
2233.106506124067
2149.2601071433364
1951.8195424223015
1910.5293013393782
1926.8310864127907
1994.2221594202942
1908.508434072016
1895.792093370002
1679.792480668839
1698.5059784900407
1693.6603251454455
1759.8321160497885
1911.8353096275068
2315.988755536697
2417.389777870773
2387.186856124419
2683.743458187737
2650.9654910584486
2493.339186882935
2574.106081274625


