Rainfall Prediction

1609.4611446608308
1652.5906001785606
1627.2851106675762
1626.34731371942
1658.921215971661
1663.8344749394037
1671.229670385731
1671.229670385731
1644.921215971661
1614.0
1374.0
1243.9286234144588
1107.1514294287429
958.2437056060345
836.9231903791894
766.7126984780141
625.0
593.6696972201767
578.0
295.3380962103094
277.7126984780141
174.0
259.1010205144336
408.22967038573097
620.3917306086998
629.5773815983958
641.6451062424843
684.4058829184432
684.4058829184432
684.4058829184432
680.2437056060345
680.3589838486224
760.706234591223
827.287187078898
828.3917306086998
828.3917306086998
840.1676030258087
836.0910976997934
840.0
827.4058829184432
951.2010101267766
991.3166718717473
1060.7011166407801
1111.5582656834229
1207.9500312109985
1403.8878833687654
1403.8878833687654
1411.1737775370652
1491.1821953995868
1746.2788578010166
1432.1670542656623
1431.94448724536
1420.94448724536
1246.7397083745307
1445.6191684803532
826.1588442866757
1053.2954009072946
1952.72894254868
2099.3022843964077
2132.2153903091735
2200.5609110854143
2211.2540333075854
2214.5278640450006
1401.5075774975294
1983.2667994693186
1980.1937515251343
1980.1937515251343
1957.9571690641296
1962.8339080528108
1979.671171994062
1960.3772233983161
1397.5051025721682
1294.0200080064064
1097.8644712743398
1141.055728090001
1407.8344749394037
694.1002008040225
694.1002008040225
703.145502758917
716.2236111653688
837.6292944562551
912.6292944562551
914.4397802214389
915.5835921350013
812.4397802214389
754.0
736.8130461211379
517.3643578734473
259.0
131.0
109.07179676972449
70.5100040032032
98.43978022143897
106.68629150101523
118.0
118.0
109.75378874876468
109.75378874876468
110.0
111.67544467966324
137.34314575050763
151.0
129.3380962103094
135.0
216.7171431429143
242.1320377358868
245.56091108541423
294.81892698718116
302.577794898144
290.1010205144336
340.5278640450004
313.2886907991979
319.0455488498967
325.1010205144336
320.61916848035315
321.5147186257614
331.5147186257614
316.77913284171143
316.77913284171143
316.77913284171143
309.62284491910094
319.3795006481867
316.3452418938224
303.0
296.0
295.1010205144336
295.1010205144336
305.0
339.9400718277167
425.83484861008833
427.2540333075852
403.5108747069239
397.83484861008833
386.2153903091735
380.75192319072806
306.22967038573097
270.6292944562551
267.26679946931847
212.7791328417114
231.0
226.10102051443366
175.70849737787083
143.79534946591474
142.0
154.0
141.38675227416385
142.50806661517032
135.83447493940355
131.8754845034029
138.61916848035315
138.83484861008833
135.0385186031843
375.41699475574165
560.1937515251343
626.788897449072
580.5147186257615
551.8019609728144
693.0
756.5038463814561
733.8130461211379
668.4319024958196
668.287187078898
668.5500556793563
671.4040820577346
678.3508893593265
682.5147186257615
685.7084973778708
814.5075774975294
990.0
783.2020410288673
846.0
776.0
881.7537887487647
806.1678404338007
1168.0
1205.6862915010151
796.0238230365969
841.0
839.287187078898
1242.2507861712963
1280.7236366060283
1332.167024322105
1329.6720433604564
1305.6045687928156
1449.0834785137972
1632.9147228316517
1408.3218407883726
1464.8948822334846
1251.797058982529
1401.7512886940358
1347.5523894104729
1356.5523894104729
1201.1193869821789
1250.6377085042627
1218.366692347216
1191.734508099157
1186.3910123704702
1271.0676293747613
1202.857864376269
1179.581254575403
1188.810960961347
1115.4342862858286
1084.524199845511
1055.9666790032093
1038.773311225008
1070.8344749394037
1037.1306202352812
1044.5927933776509
1305.9524079167427
1271.0510469979183
1265.0641553321364
759.0
702.0
702.0
567.5075774975294
573.229670385731
318.60769515458674
301.5100040032032
211.86447127433996
219.53589838486224
170.51668522645213
162.60769515458674
167.0
165.25403330758516
166.61916848035315
311.423588545111
311.423588545111
517.0807503325194
558.1676030258087
607.6377085042628
600.639320225002
635.6377085042628
659.0
656.7519231907281
656.2667994693185
657.0
664.1477004536473
665.1254921336125
682.1825757707286
682.0910976997934
523.788897449072
564.4083369533746
1214.0
1187.5675327089966
1174.189286995184
1174.189286995184
1187.7784594474504
1187.0676293747613
1181.5869216354813
1267.9147228316517
1288.5525031676866
1349.261366246294
1363.1089537154808
1628.3725830020305
1556.0910976997934
1330.3431457505076
1228.143593539449
1190.4353400337495
963.2519842519764
911.9651304173
885.8948822334847
850.8948822334847
825.9571690641295
826.8432083375061
1227.5644042258373
1247.1715728752538
1311.668949878807
1339.2513158259242
1265.0500312891236
1346.7425223233445
1281.7702459027919
1260.8922706432775
1311.0
947.6458434959374
700.1672494243741
732.1477004536473
765.0910976997934
770.1002512578676
767.5500556793563
796.1089537154808
729.6504113376453
749.423588545111
660.6761924206188
762.8706800674989
946.155589796288
721.1715728752538
711.7022168698155
653.577794898144
970.5278640450005
912.2020410288673
936.2020410288673
717.1010205144337
916.3352060516173
793.6163879740917
773.3197307232637
289.6393202250021
293.2886907991979
261.885122951396
299.34314575050763
408.67544467966326
970.6451062424843
1215.7625758361141
1214.4605427039812
1148.9583514021429
1163.3378997576142
1280.8531525898222
1239.6829603876793
1219.2916869918747
1207.5264788368095
1820.5264788368095
1790.750969006806
1414.4423588078007
1423.7071436010356
1246.9571690641296
1408.413006380784
1405.413006380784
1418.278640450004
1529.3613054160367
1572.5801594712702
1550.6015873265833
1654.1514294287429
1647.8697496213167
1667.2699313744897
2118.167249424374
1997.2185611406694
1997.2185611406694
2065.425396956028
2070.430780618347
2194.2078438912577
2195.10012531348
1942.4794167490613
1288.0
1223.3140409644902
1336.4058829184432
1165.1715728752538
1162.7537887487647
936.6076951545867
947.0
939.0
1292.5278640450003
995.5278640450005
1082.6761924206187
938.229670385731
1116.5166852264522
1094.6092805703347
975.0
973.7519231907281
964.1937515251343
843.3594500778295
786.3515447968019
780.2701665379259
761.6742434027697
674.2509842672249
664.7425223233444
462.1089537154808
503.83484861008833
503.83484861008833
496.3867522741638
496.3867522741638
644.7865280406683
704.3939895645537
712.5812545754029
1017.5147186257615
1066.5051025721682
1102.3667504192892
1153.5369075765443


