Rainfall Prediction

511.7439818779279
543.7183218821494
575.0
595.0
620.0
620.0
620.0
629.0
656.0
671.4170899190946
626.5661366915703
598.2019348995913
583.9170965695755
575.4605074790394
569.9031951323348
546.792370222004
455.7339247722719
347.14347896859124
230.05196803891613
182.11705811710198
75.35594417659235
49.39279595546401
35.71521260351699
39.30619495755137
66.6618054057497
67.02977137663599
58.090044851756545
59.114596410950895
61.82448364088721
63.070881202697365
64.05038142084763
68.32220078298423
73.03750914383049
75.93476644128508
91.2928902427374
84.87001565772613
86.91671680132436
90.16092399266687
81.90073949342465
107.13103908883211
71.53149307103357
182.13145269538984
242.0
314.0
314.0
373.0
397.0
406.0
406.0
396.0
389.0
389.0
389.0
389.0
389.0
389.0
389.0
389.0
389.0
389.0
407.0
407.0
407.0
413.0
417.0
382.0
363.0
363.0
378.0
383.0
430.0
527.0
445.0
522.0
450.0
450.0
387.72292315765486
367.0
360.0
361.0
442.2081610692711
557.407243837432
596.3729385287427
598.7882749461921
616.519071706613
618.3017980703313
626.747018195229
622.5070862555251
619.4770196041756
613.521888628385
609.7364295872134
623.8417953885403
624.9931899923366
609.4581725659616
595.3126643766386
588.9960136854893
589.3647207248745
588.1914639921272
587.0658022596322
573.7627062071134
563.8664953589331
465.5729374486047
367.4607924950109
373.2055721696241
353.85420683186635
355.1841159048796
380.4013162684495
410.2736361614524
422.16124287744174
420.3953558846503
424.1764470858738
346.2485930928514
239.74513302413027
207.61028447177355
214.50848204407282
195.29771032838295
212.8331506371557
226.35202764483327
229.06404008216737
219.57024636572658
272.6998652273238
274.97823653299156
241.88579612699354
239.75921736948357
245.70393544847462
248.87787760232987
240.0626891071919
238.21360754810735
256.6015646677518
262.24334401920487
481.5431292684539
447.52715677883384
418.37252506721717
409.78917302345155
399.1688538165414
329.1985573172939
329.4978304436803
299.9060013511373
270.20380768668224
249.62826852519265
248.96978876119547
247.2885253156831
247.2109840485527
230.57455981997754
249.60972928622783
392.36441597031006
387.59260388725613
363.93232010907263
413.4083769208822
397.2019811591293
412.6493147405499
363.6478791511003
366.4862736822774
389.2860381732489
422.93679222782396
507.8537337208659
517.1528828739297
528.5335990370006
543.0578957306833
559.3691929442684
565.1824540629475
330.8696650139136
392.30535349260697
426.07615735460934
423.22332243352037
419.71843655661354
416.377988824412
414.0475363409747
418.7645923600219
420.4953773266018
465.4827116381726
472.30215010134265
473.81374921417563
714.3708743711959
1078.7180057117548
1152.1127868412689
1006.0406755225391
1013.9964509793597
1020.4788443092489
959.0901049926447
979.358721604855
980.1115022154254
1001.9029048251133
1013.0488587889967
1022.0200903131989
1120.806254888533
1128.4722524567676
1128.2544226500816
1111.5521770403288
1098.0577067484135
1168.6964679385653
1185.471342070011
1282.1254430779488
1246.1382589844181
1227.394872992279
1231.643153883433
1240.677693103304
1246.4032689916294
1247.1623908206843
1229.8766155770345
1225.1820770905133
1217.792165004659
1207.5219092459897
1207.1456757517176
1024.2367994988617
657.8100862762216
567.4594962640864
553.934048316847
539.2883684791307
545.4491756140155
519.9963139449351
518.8917559576462
656.316637372927
631.5220839865592
626.159859998755
583.2314991676412
455.96548979695456
363.2039224821207
361.3648072150684
361.26228883706597
357.57183774405996
301.6331071464576
499.582705502461
412.17796970289413
475.2581028439608
631.4684999788378
625.8126825883821
629.1326729507466
626.009612975273
633.7642451238818
704.0181075267885
737.3890669785051
711.3667041251449
724.381782365298
763.817989926358
710.041611657623
713.8789711468276
714.2488313460981
726.5299864879711
741.1655144817661
799.446119950777
831.6686240130913
1007.545960783871
918.1070208623212
1062.8594487053258
1072.0981905887654
1108.8778556870234
1108.8319368267587
1108.1152520206294
1111.3550121025687
1100.7282842633938
1103.8467356769356
1037.9836136361826
824.046892635979
806.3329807837284
709.6419082161162
596.7466340912965
585.7887728695719
577.2448827979034
576.1822071394889
568.2952594380449
510.90413543671644
480.9921766608956
477.4369742688778
472.3320979990541
425.573968665189
416.34467659652216
411.4219725764497
411.44026363582464
413.8209770832918
422.29580948371404
355.4912023636238
350.20063247842927
207.61325879475433
151.37375900792557
10.668002278429682
0.0
0.0
23.18683846331706
36.39459013962963
33.78622945520979
33.06795941365601
31.027768084303545
39.47969830249164
29.48898652492619
36.078153953519546
43.108413949490114
60.226523693059846
68.12290635058078
65.30973003781271
65.52619931593667
62.72265571451362
91.69978230390456
140.1371432402603
143.44511586822236
183.5017136404154
335.28651138982866
450.91277144188064
477.72665905975003
509.36068300301673
636.6283839853404
652.712951125887
652.0459842267315
654.0252087605578
646.7654710062084
711.5959230413001
738.044399381373
738.8855006639686
792.6685706340693
718.7768220972843
703.5517700504136
720.359373491419
738.127274074969
822.6920887895172
953.5344405804042
984.0042083183578
1002.6227669559388
1020.0
1049.0
1116.0
1129.5977311888341
1166.0
1183.0
1158.0
1138.0
1174.0
1123.0
972.0
968.0
971.0
948.0
876.0
968.1166565391268
968.8347574074953
974.4984635829799
1154.978652708479
1155.8388230326436
1234.951932369731
1234.0264136742965
1234.9587494522696
1275.7180799626174
1264.2569002638563
1241.5391979332903
1230.3421915168824
1158.2987692589197
1047.5095044578125
1018.4797513038319
1011.7600161411508
1009.9461586021785
924.5154610814551
855.6455502277223
835.5452367777297
813.3607177518562
786.4180938385629
811.0090668657347
806.5602493943762
770.2637938845911
767.2792523836025
764.2691623047191
659.2981239334902
635.7310347569212
623.4992045032732
589.0122453306244
454.43108067719385
443.9272673880683
437.2164698064423


