Rainfall Prediction

899.5980060723105
942.8914545635685
1044.5398316124138
1160.7088103273527
1280.352608856298
1288.1550038146568
1270.2395856207647
1249.530668961506
1243.6733041872105
1192.4341538303318
1027.8211654200773
1056.6878322641376
1013.5153889309968
1054.3386230547642
1025.6510476639842
1154.164862333619
968.9708385924619
1044.2897722433195
1081.4691874395733
1076.6867477096632
947.0074765018575
899.0965037685094
954.1256198166842
769.1520639766409
660.6372019414226
669.8827758670911
569.8419985892324
597.9653071216421
565.224271927751
546.8004610201203
618.8249476739907
554.58280342381
337.07996542585494
333.2118427273144
186.74451574757094
5.301015802738732
8.412781717285895
0.0
0.0
0.0
0.0
0.0
0.0
0.0
0.0
0.0
0.0
0.0
0.0
0.0
0.0
0.0
0.0
0.0
0.0
0.0
0.0
0.0
0.0
0.0
0.0
0.0
0.0
149.64169277198658
141.3109256363345
297.5857174640899
454.10360510428086
504.0793697650121
467.1745556723162
445.919497844164
449.8297579559011
557.9901239481987
545.1220597305303
523.6154828171639
560.6535795295448
568.0051248441271
576.2770747287013
501.9612840935518
479.8642651764903
473.2705328111894
576.7828444819986
544.7349637504702
496.19182223609187
482.40601925362125
485.6857957559042
469.8380507872546
445.1895091547771
429.51515171837144
451.801456767875
481.9713298035574
463.99149326501407
557.7625830093189
813.0628969498592
749.77636391556
697.1140721739583
780.7393003883541
756.1578636299766
636.9957462739277
623.032454841254
700.1316141906278
650.4419594670965
760.7592757755178
685.490253708745
748.5162085171997
838.1811340081009
785.323802426331
880.1788966407453
894.1002884417913
895.7191970283075
1086.3982851796673
973.8257744903174
1093.208880819711
954.8586011215309
1068.6019040129297
1036.052505252245
1154.9295052311927
1373.6218810029288
1368.1119856199043
1395.6948829712833
1396.3857496130984
1407.2650130400598
1447.0004200064282
1421.1742391536782
1104.7595384286644
1035.6579192796441
1051.1228583820664
826.8458468693511
725.9915939867659
754.9829452844975
656.5039167013718
661.7882086273248
731.741160466894
654.5339269386176
650.1918347704944
697.6525121508968
534.7431420943828
551.4122440387271
530.0258440966145
406.4329894316801
456.12458540021595
209.7809089778902
140.46920593114885
141.25842132242778
105.63434987343501
235.73163782913403
200.51326338596468
0.0
157.27658123035297
83.45568632525863
61.585833667346265
367.3009274868196
281.1553668982509
205.41412630554726
197.9143700903242
290.40115521776715
223.33061961035747
267.4811842122705
389.4320644350576
345.5059039952036
382.83715167899993
429.73760991195365
426.1802291138718
542.4822217173547
503.1984136650634
523.5772361127196
609.8860183416891
574.0385147819096
588.4352136014136
620.6723213753185
587.6619253406021
623.9756945750182
665.3523122847057
650.3671113970167
655.3966564568269
634.7382568717607
606.4095664912592
705.3672545738276
627.2069853072035
318.439704322539
353.3845035599389
390.4383061226835
172.84694118787195
172.84694118787195
55.760030436744756
120.66076254006538
236.40872777226735
240.69127243967648
259.3771699460256
59.26390157213356
196.01552796003486
238.02254092848065
291.1429395092099
232.2435604902206
381.0735539525705
360.9329234562574
336.7148102008319
366.1458792995531
433.7081840566676
456.9500931566531
408.8163084514248
409.9829470058255
410.43903094553934
410.52952283185607
433.89146665554904
457.0882003425463
457.0882003425463
429.6854174108586
431.7217229321441
422.4819024625556
499.45965413523425
479.8172580406775
481.8670644904007
474.78862957329784
575.8534904288765
558.9797232510197
540.9329558937311
540.9329558937311
540.9329558937311
441.69271841629757
467.88056005103283
477.45723106603964
419.3302427517457
349.1802901303088
413.7911491344982
251.44733447097946
287.5211621211689
198.47180451392114
50.82623560599353
0.0
0.0
0.0
0.0
0.0
0.0
0.0
77.71069599995784
102.4553840198459
93.11363671993323
78.73550722325328
83.18326265998465
0.0
0.0
0.0
0.0
229.51721259049503
366.06710534550524
375.7684791924147
362.9054778854781
354.67239902162663
415.76485506045304
499.19418343651085
549.9508215117637
481.2554286660063
596.4366869109408
924.8733592492415
901.650218946551
985.4744434139063
1081.2875557286177
1069.1240187524054
1122.871743852521
1111.7978199619665
1059.3496656279517
1140.7963362035946
977.1787776576102
1006.4796887334103
966.2275634983259
866.564003104216
884.2007550595902
901.0409283016976
941.2090926514186
1057.6046462036054
994.6200920447952
1006.4803619078673
1006.5654584764866
1093.0437777883235
964.2075840489653
802.085260486446
867.1867824805893
855.943009111116
867.8775510992248
797.5357870324742
808.1071435210088
849.6897629614876
835.4597438769006
842.7341778506648
513.4740458663114
579.8482577736007
450.93146833885964
427.1671765106978
552.7990549960809
456.2717071578243
566.563663029655
472.6090449295195
572.452950723374
551.0497783911769
763.2950075389653
1085.099180529069
1344.3699527419774
1382.113335968776
1389.5848549435857
1731.2754673793
1753.7722150341986
1821.6743880720896
1983.773352352492
2054.5814149100424
2084.3967241756814
2039.3108196157923
2004.831476487132
2004.569461854062
1887.3405578623954
1983.350364005718
1972.6132426871984
1965.1354046226488
1902.1962881307431
1913.84874662329
1952.8969801603105
1857.741726779069
1923.8813926290763
1925.9536255386795
1921.5977735029835
1855.072351975157
1845.3726745765725
1855.7765613535507
1823.7729731739405
1853.7626550448433
1784.1534240647927
1632.743800772493
1223.9271595708701
1052.031309285479
1088.612415939757
1014.7856056219155
599.313311503684
512.9342977768694
471.7557457705474
242.47173959992176
0.0
0.0
0.0
0.0
0.0
0.0
0.0
0.0
0.0
0.0
79.70968082562092
10.367137230106607
76.93612767917045
68.63102474855356
20.632360357064726
0.0
60.26855363581828
224.80068041740412
209.03174465226135
302.1257905299968
279.84913095506545
299.8647261781248
328.47171813857307
264.0362658355515
439.9540935276241
367.92017416912125
395.25409870005075
434.0946111719851
453.40334258582556
465.54242961325394
399.2945370710771


