Rainfall Prediction

1599.1099747474748
1674.4481279009797
1647.107914151576
1675.7045680238332
1641.9937137330755
1650.3962962962964
1699.4166666666667
1620.3333333333333
1609.0686274509803
1573.5538302277432
1467.9786422578186
1153.2319434102756
1034.3478260869565
741.3559117305458
434.0948198198198
342.3691581895916
64.58683473389355
157.58615304528888
0.0
0.0
0.0
0.0
130.6818181818182
169.3532242540905
995.684897183342
1070.4186379928315
875.9631497284718
1125.8891166222586
1110.2232036914963
0.0
1069.725505050505
1069.7233146949802
1263.5329380764165
1464.4968030690536
1457.6739494660596
555.4664964901085
741.4915403208086
743.8013490656396
754.4926372155288
745.1903137624888
1003.566289140573
976.6662295081968
1035.190539760705
1136.9025891094855
588.9275179098189
1182.0203941918262
1061.5528176336036
1099.8678076875672
696.858276643991
984.0216779303518
0.0
474.838995215311
594.1937618147449
533.8176782077393
14.480201131363895
132.18195564516134
389.5495156544451
0.0
325.7660322995499
388.5655039454806
837.5149786272991
568.5854807259637
549.4487020917443
0.0
234.81115879828326
353.96451271186436
692.6906401793499
306.05422347855
290.96440715552933
319.057688621269
572.3162372637141
98.05033238366566
83.413829787234
150.6960190136661
472.8083619702177
252.28559279133344
140.30404386922402
167.72313927053474
253.43170246017345
186.78763358778625
92.05656565656571
157.747018129771
217.07264957264954
211.05673758865242
53.68590985406168
49.578178694158055
0.0
206.88839063278522
0.0
0.0
0.0
0.0
0.0
0.0
0.0
0.0
0.0
0.0
0.0
0.0
0.0
0.0
0.0
0.0
0.0
0.0
0.0
0.0
0.0
0.0
24.875
139.49019607843138
193.36363636363637
287.0
279.0
201.66829268292682
323.88235294117646
236.75
293.604967474867
321.7145638629284
204.625
0.0
194.92207792207793
191.84761904761902
199.71317829457365
120.92
90.17647058823529
84.25356125356123
218.759246653052
0.0
0.0
0.0
0.0
0.0
0.0
0.0
0.0
0.0
0.0
0.0
0.0
0.0
0.0
0.0
0.0
0.0
0.0
0.0
0.0
0.0
0.0
0.0
0.0
0.0
0.0
0.0
0.0
0.0
165.2626016260162
95.38819875776392
0.0
221.03105590062114
170.0
170.0
170.0
171.0
6.636363636363626
321.34000000000003
536.2528735632184
572.1046511627907
0.0
0.0
172.5142857142857
0.0
0.0
0.0
0.0
0.0
0.0
32.005714285714284
107.10084033613445
208.84313725490196
232.88235294117646
59.131147540983605
0.0
0.0
0.0
0.0
0.0
0.0
0.0
0.0
0.0
0.0
0.0
0.0
0.0
0.0
0.0
0.0
0.0
0.0
0.0
0.0
0.0
0.0
0.0
17.400000000000006
96.12446351931331
316.24615384615385
86.9390243902439
0.0
0.0
39.078947368421055
0.0
0.0
0.0
0.0
0.0
0.0
0.0
0.0
0.0
0.0
0.0
0.0
0.0
0.0
0.0
130.1504854368932
71.11538461538461
0.0
0.0
0.0
0.0
0.0
0.0
0.0
0.0
0.0
0.0
0.0
0.0
0.0
68.12734082397003
54.097744360902254
20.908045977011483
9.99233716475095
0.0
29.671532846715323
0.0
0.0
87.98541876972861
337.60752235011273
441.01356988032995
401.1166085440279
200.06267376955236
177.6003804893516
645.2143344797826
543.6451711491443
467.6528534894676
527.6540659933569
584.3051176014475
711.8819008899576
468.3988095238096
475.37133620689656
563.3468137254902
562.5492850686171
468.21609195402306
490.96484375
508.02004219409287
651.0146396396395
784.8171441882134
213.12955899181367
248.02847222222223
494.0321003401361
573.8090277777777
586.6986111111112
489.47877725856694
494.77562824092547
329.70704225352114
300.10215053763443
301.0474040632054
0.0
0.0
0.0
6.231155778894475
0.0
97.96952104499275
49.83599419448476
388.7910014513788
0.0
0.0
0.0
0.0
0.0
0.0
0.0
0.0
0.0
0.0
0.0
0.0
274.95975232198145
324.4
158.22033898305085
42.07142857142857
0.0
0.0
0.0
657.3956043956043
343.2773109243698
655.0614525139665
447.4343434343434
235.43445692883896
89.31564245810056
0.0
425.8571428571429
275.578431372549
187.88990825688074
153.4035087719298
184.1443298969072
176.98850574712645
0.0
0.0
604.3807407407407
0.0
548.0962962962963
438.7362962962963
417.80740740740737
154.72151898734177
0.0
0.0
0.0
0.0
0.0
0.0
0.0
0.0
0.0
0.0
0.0
0.0
0.0
0.0
0.0
0.0
0.0
0.0
0.0
0.0
0.0
0.0
0.0
0.0
0.0
0.0
0.0
0.0
0.0
0.0
0.0
194.27184466019418
243.71875
212.28571428571428
389.2452830188679


