Rainfall Prediction

572.8163232158178
542.3863954312386
625.007261047764
648.9222379467042
597.8659273443748
647.9241982290259
643.1873136839645
623.66933337615
659.7213321761492
674.0852778821037
645.0559457472148
589.0555377817724
595.4614062690505
630.3879293991644
625.6139174314666
589.2634118685692
614.8718024605795
656.5255552632053
673.3734140891261
484.1230868666913
411.93157907281056
351.99380149287344
134.18231831295944
100.56947308196713
137.70207357784085
152.72434218561398
122.16214518127077
100.96423156688606
146.78443252739515
132.00343383662243
143.16872647552148
137.8919114705065
146.51232980592147
182.77377864578628
166.2447867543616
159.11106896333678
171.07314717639454
164.6753020876443
177.75741393986254
163.5149891004413
147.21238690466876
178.5250693296555
335.4792116285682
359.8690310866479
342.7066900192553
354.63962459692743
398.58036614901215
405.6733059863208
571.5563219226278
588.0763489738488
739.6746457465088
743.310004469549
756.5260633344095
748.0209524857919
746.1911621972337
746.2864932959925
759.1666613603886
761.2547178734015
767.8896782512581
776.0792431151232
763.7908990118467
756.9361475149138
777.2622987341157
708.0053292354831
720.7427924829904
723.0213758638201
761.3898806035871
759.8947363754005
768.6440660611646
748.4461384011548
746.1643490798178
708.4633794064978
706.1100990347488
507.77011347593236
509.23955512595734
539.1746489175962
532.5280111630435
496.238397715642
445.95838714410604
353.1588593116876
398.26117206697626
233.81895715470858
244.36333459872523
275.45009841679666
303.70849143356133
302.341872328603
292.12646091608417
293.02409845964394
262.3885910571572
282.48458068580226
265.4902591397684
236.24563819053836
281.9303212474596
259.76836396674685
260.3366458989982
307.4998207684182
244.55540536709634
262.98702553662474
255.27292227087173
251.58202381037262
252.30026588241034
254.39100235211095
313.5017783089741
254.03299474453428
275.5913321253645
282.61084578053067
280.26373658092143
311.3175868487151
302.0297725205745
282.50699500820633
182.23884813063788
167.66095533477716
167.0248061066039
170.5492276159379
168.07599236173652
96.04307317709241
82.78237298181531
152.23440536074236
132.9406937283361
117.01014502802624
120.91464374100414
214.95112112145318
247.49547763502642
259.7352936655087
181.3360149106437
195.89875537884112
263.7667495385377
256.6873076245092
253.49697973585108
251.0795709374167
267.71511977377975
214.65276455131084
251.94456748775656
247.73531813958186
243.41705220287233
265.833016441273
364.6631317503394
479.71672170739123
500.53784691704396
503.05461855929
500.1288508680754
576.0754926672655
575.4025949889195
558.6450874113832
600.8811599711569
675.3381195839745
740.4872413018091
774.9279520800434
733.9206974808974
733.5833235391118
736.5489814303793
875.2322860184755
811.361166313938
753.721703667281
766.0036422240884
760.0855567712309
758.4564814858634
784.9925816288658
740.7864545289483
762.103202984816
764.4346602994219
747.3044072341738
741.6009013482106
740.2344021834307
738.4333085639205
730.7483238959602
741.7630943530978
622.4284670893853
544.2325348827477
465.5859808477358
545.932750166344
566.732464302579
517.8553978413701
498.71383742520254
507.4259747983438
467.7389174100027
421.51716303721986
313.44992972578063
309.2082998260855
339.1326980508481
352.26692912446794
352.9477561251596
287.4625019852142
288.09801808196295
347.8986409990862
396.63057227068134
434.7565003348974
431.86407626442696
425.72165156143956
447.8548170852861
454.0124908019436
461.35149782701524
447.7157209272932
449.90623449397793
453.57892804589085
460.35558610131966
447.3704462251346
450.95931625780463
464.0508555869802
461.03359512957627
469.75902437562365
358.20012894777346
376.702333645676
417.5502016374621
376.6325684025431
369.0310139279361
384.43449682371386
384.30428480140563
374.6158310889288
408.35484072910685
401.75720228516144
410.261995670175
371.57201413095237
294.5040609502083
284.5933973312334
238.98686476335493
140.193980929147
195.1884988289665
188.55712454243104
171.82320360723963
154.47231330393492
261.6809153908147
305.7941421869807
373.22423417739077
448.49184134337304
482.3506190659986
465.2725637088722
464.882803793387
471.3448018633652
489.54327808174776
489.54327808174776
563.0102562226301
654.3389157476357
658.1747805230509
620.8301969226948
662.8629240281812
656.7048229163139
702.8927745371503
837.1162064832481
878.6438392253305
895.6693408300406
928.2492523302092
967.6860652419905
931.0473252628956
965.1740358726854
941.9737115404553
935.1118744681074
968.3213712107229
895.6926264271001
907.4106694113729
890.8816623680526
890.816807777004
787.0534754128144
748.6302961328887
712.1055825278584
673.5380284940992
704.1577900289652
693.0977990276052
656.2594255521358
689.3332460472955
662.6720711826097
662.6720711826097
606.3848442447595
559.0497271276691
567.255414996301
565.2376966697668
508.98986100506295
529.0391315562741
467.99046124814816
559.2323604901574
520.6599657705382
448.0962957271285
361.4343652621957
868.6954881735548
895.0335712423631
887.2148606814175
888.1341956531129
922.5588768303513
881.8240852729978
874.8253624152031
863.8155382413881
884.777594300508
914.3105947119217
893.0722894681173
915.3121610852636
851.2875682743777
846.6060202884663
842.35187689721
830.3293092493923
888.6894339570298
871.8947858965838
893.8910870136906
983.5052705148677
940.0903361827258
923.42628525874
939.4878582337984
955.6047753658777
927.1409647853623
921.8469433157278
977.4838776778854
797.5028093159608
895.6083181395052
896.8122251583468
920.3813785844769
466.30488075836183
433.43900379738136
461.19800185199847
561.781714470091
630.7604291899493
745.2334272820468
776.5815008311121
798.171944338847
775.9023120580938
745.6124603692883
1042.8741109958967
1162.840861744969
1259.8914457969838
1255.122743148652
1222.8296542713258
1188.8223137384773
1106.6924918232914
1253.3203195502067
1211.3464169276017
1322.264265931136
1299.2430579714337
1268.8225850064534
1271.7351038861573
1260.364328625458
1379.1859897162483
1355.0135484988743
1338.1289341680063
1331.55400286936
1310.1449100738014
1334.2183373362195
1313.6062360190663
1282.2106650865817
1336.8373754274378
1378.5194036736875
1299.8297071776124
1231.9675338106717
1135.8765238273345
1100.5343049000173
1068.1039403259274
1074.8991458576413
1079.5796301636824
822.7113229475681
766.7328184291312
724.6134959663399
710.9657823679003
692.2045018062687
741.9477263102016
762.7930193075478
648.4769580802333
690.2187852230461
582.8478874848997
575.7208913883727
694.357664116359
717.1250944931448
705.2541379155848
578.130460969762
593.9006299850807
595.1509118313002
603.4639458090362
533.5302377880498
524.4400660724698
542.7634433311282


