Rainfall Prediction

422.2443809597009
379.8801378593181
411.58084360342013
152.78318897681788
110.26466842279467
172.29329773576796
288.9924811764413
288.9924811764413
341.6837341660825
532.0458069947085
698.555402543658
1017.6365978119528
1074.296001698678
527.0013310972959
1034.9637267973067
807.681585865877
408.42462340490533
356.7383665307053
305.21652524292665
322.49324321314816
377.46857734717753
361.4081687881668
240.0335261494062
370.79605804297944
100.85734786005077
612.5951470505895
678.4128351854822
716.5402739064888
677.5569876155209
616.30891440333
137.8979176228881
310.1378485457347
269.3769206612323
195.9430159843377
203.6692640651816
286.38367267084993
140.47551764752484
115.36836824001261
1024.0039536389959
1081.5853717476552
1022.9421895588189
1114.056518540041
1028.238122850185
500.9975381499977
699.3796233156661
504.4035960229454
667.7240666740977
653.8282682012532
582.7763558731657
656.7026295585717
672.9892745291181
609.9926179225572
570.1536512269014
598.7665608857516
574.9061587440027
190.70843093292757
581.0537817814782
517.91689097822
142.65275081537362
240.410357049218
887.4955477314488
764.7661845927929
490.67994930425516
267.5373874415332
473.5525986230534
262.73163816541273
294.74577849861214
319.6067931000077
177.6490608225674
345.38293636729253
293.6500605908401
309.46858569319795
267.07714172254805
198.28511500036495
452.4050641782095
439.80886593153707
423.5530325566152
289.158600861423
240.5922184260645
339.8904499637912
160.10928012141133
541.3342252662645
166.6994187545077
799.7470313458912
1196.4151509410854
662.3220168524158
300.56496993577144
664.2306304105146
667.5363135186121
314.3543414464216
312.37924237938915
339.97229904800906
673.7283775454043
718.4781951013642
1219.8840516072823
1117.4781992128483
283.1358587790432
414.6029577068149
891.7263790367093
835.7534668792164
708.9638855850093
731.8609966031361
504.4844363826963
466.45258370374773
331.3787581729267
771.3432938047067
768.2986288739806
307.5968764317184
781.8999975488994
369.12209425210597
698.3500389729251
802.475893800596
360.6376314903631
462.3059878857264
476.5815661893894
260.9637118033927
271.111275882574
275.67465839994975
233.48589804707433
666.369957076029
785.5999979140788
82.80251403613329
838.9428934580753
855.182679103103
810.6839844279732
980.7094201943377
809.027927078199
55.034219517946326
442.8987483099767
529.4710578820007
171.27187407555834
259.6834934084395
88.78618292109346
471.754998065702
432.3085980459434
226.9667841387411
230.34707091746168
428.94480546204613
189.67607312767325
642.8479731751409
546.4116769779145
455.9416479611406
608.9352502904587
835.9352502904587
455.390998239674
232.3694511599512
574.2890062530589
717.2749140915048
486.0064949709114
626.186422635177
553.3027251657552
625.0979210658692
540.4109816527754
535.0016946709029
569.1358352767111
537.1931330285792
838.5891058014877
843.606489549793
924.976995513862
730.2635847082165
859.4053609952605
483.54011329562934
455.0944472539284
459.4510690738221
477.52516017830624
477.52516017830624
423.9016976077066
426.81110658310877
622.2949121759427
1018.6123460138383
953.5809352006922
1104.6729269820335
1503.7643915489293
1288.4851220788723
1177.4600962569125
1264.2134633044025
1022.9262554990371
1020.0823134314046
765.136988411818
1552.4058747634267
1555.3777676178865
1512.613632095123
1462.2722044817783
1479.0483426852552
760.972178790876
1104.6102939294697
1110.9016204567793
1016.3654684751316
1019.571240268273
1002.8014992404085
1747.9759723749066
1722.3774266983412
1666.445318634848
1756.5876010037189
1916.2108443488155
1961.6788728025797
2000.6159051652069
1091.64242410425
1076.64242410425
1066.64242410425
423.7114718212712
453.97188173058714
745.1395275429154
627.765300922389
535.4956495783249
545.6932106446114
940.9347273601087
444.77501330633515
428.8810611790075
363.90568033388416
797.5453759421464
802.905269364664
492.11270962228997
221.06215435910462
179.3452084621249
758.0249383538865
646.9097120860497
202.01991711442352
130.70274167870548
332.6451789017541
435.95515619919047
224.4891494328961
953.3877003237825
194.6525232320664
124.37955613836289
654.8619349451251
606.307361944044
80.27891018419291
537.4898393862328
567.4898393862328
548.088885231211
1084.8999953912803
644.4443559801805
1020.3430795570674
873.9839815465727
892.179354165966
993.9657941800613
1012.2568843924945
1082.301251962687
659.7874465359492
779.8375620691457
774.6373041948971
614.5963055431523
608.6422341212808
1093.7970561306151
895.4877513011267
798.1917897843492
809.9027212640212
731.5444496831802
674.3039365577158
695.6487476260062
649.452634429266
520.7883564723539
602.8563141663718
601.7930631873865
673.3115019641481
759.3531954278296
780.8609199054583
631.5258715297383
373.4733347488733
1506.2555461819384
1021.9927536008056
1023.4469684966537
1079.089143864501
1138.089143864501
417.2435434134534
564.6582795740924
552.7908791408739
541.9177515728845
484.50651776707167
529.286826874802
531.302466142423
486.302466142423
407.5575478155689
738.1801819080259
420.8654216299333
210.35616316048487
384.5230527215196
214.34438855505675
338.2974383400923
377.4007144114464
366.9187194867657
98.81300071656756
342.10366916157386
513.9362236617009
450.12146283636196
377.67000322537206
355.02758197712706
313.82711398674894
158.72947151535448
135.72947151535448
125.47308738271943
96.51635299261562
217.51635299261562
311.5163529926156
397.5163529926156
457.8668534153769
457.8668534153769
421.32717084441276
424.7077547813175
323.44943988192506
307.1026326488628
345.82136917706214
344.60429573059514
196.4480255277174
163.2803383631341
71.11830481346205
337.6130336195614
730.8340773592863
388.827263231834
193.99793963757253
1120.6462421299595
1033.742714605525
1019.6391518571656
1003.2527099390263
1003.2527099390263
1010.4137766281693
999.8479884462438
999.8479884462438
999.8479884462438
999.8479884462438
1064.154124175629
1066.804574418389
917.0299886045167
917.0299886045167
919.0625658789504
919.0625658789504
922.0130150925203
922.0130150925203
922.0130150925203
917.5837836404913
410.33755331440193
859.3485905032951
528.8888565547113
538.0363638296498
826.605105234658
577.4738089298943
757.6806715233008
657.21533761774
445.2055704952489
433.3312820464269
433.3312820464269
127.60877712759417
70.70277992275658
86.90383763697933
456.0431028396348
641.3073252032234
475.45075028148364
631.5944226690751
668.9997304582014
720.6238213227957
681.544953323667
710.6025039253741
1318.4908142831423
992.8418205900794
833.9997984683514
1344.3444812969428
1311.357064330115
1235.9769171055286
653.9769171055286
443.85411964898566
397.42410150107
333.2513999481311
214.6852476542779
857.8907402924696
831.9051053735562


