Rainfall Prediction

556.0705620472752
527.1498922084539
524.3322746134091
512.7397565759479
517.7347875779196
511.1562454861914
502.502865588516
510.55918237424316
531.7782264013717
574.8714951555031
556.4685533539581
540.6339055990803
554.0589390333399
567.9612375527201
564.5818478671804
451.801950200752
453.05788337858934
387.8311880686184
254.636584937879
191.69643889276423
94.67578888030931
46.415829866297315
9.657780153921351
0.0
0.0
0.0
0.0
0.0
0.0
0.0
0.0
0.0
0.0
0.0
0.0
0.0
0.0
0.0
0.0
0.0
0.0
0.0
0.0
0.0
0.0
0.0
0.0
2.8450752088525064
30.355646621539393
28.79222693729878
32.6668006448848
20.0226850871947
26.51493610274097
54.890289974553234
68.18587721449148
137.86252946654386
165.5101339231533
170.1387679914403
204.11061034729184
223.98259687583013
260.22598638641125
260.0713356229573
295.9537960842863
311.43903237655593
321.91616672321675
286.6123069929393
292.8320809663978
296.33018818494764
278.16075577908026
305.4825242672615
393.42180229281973
453.195950540588
416.67152940287343
493.76626024390856
406.7864572203065
410.87973465262564
353.7827393811085
287.8390590714106
323.6243733437402
307.77843535144103
399.3691981491984
517.1820335473387
543.3692225528821
503.1605063049657
519.870859957807
521.2542856825339
527.8826459175407
536.139405224043
536.2860492570499
536.1767377986159
537.3179187571932
553.3449390477701
552.6860733917691
563.2161519435206
560.0083874323191
563.9223793813273
567.2890461463526
564.0934644135536
563.6569842026402
551.577418272246
548.8293527551943
460.004591081239
360.9620973836412
374.4734715962116
364.18040381814995
372.42148966508375
394.3581427826945
417.2755034727738
409.5232300279645
413.0206808993708
429.87761823037965
339.46004148245015
224.82666630168927
206.22371649905998
256.42081941280026
208.22954345101553
263.4070337375171
280.73783412243347
282.1220648898952
187.51003327494868
334.0100391057998
323.3555112891397
276.2260281349591
277.50304409882744
274.01287079213324
272.70787595045647
275.213629571496
278.1799693267434
250.53014517794452
262.3400234880237
496.97622295997576
495.94560480841164
491.8951137785832
480.08416653304795
399.552555315923
387.34076261832104
384.12019141095453
362.5003206123234
323.0934269258715
294.96254654409
310.0927412061136
323.39760461588827
313.8971369822792
296.3836102242057
308.07663424209835
405.09761032825656
355.63959785326267
293.7147742949584
348.82320627052
324.6224968249799
296.90970870201164
235.25853261518688
249.61946890655412
295.44616446020416
327.1248829440234
405.27816687808826
424.24324913279213
428.39097385076997
447.49613353457784
470.6756777428915
507.0470783053983
195.07822870402347
269.72292119046
288.81671393328276
286.4016396576344
284.76366618575327
291.9530698979875
307.48564269707566
312.6937745247847
306.8982315172612
366.8132649843854
391.7438352504864
407.71484642568515
674.3959331501655
1044.4545440645625
1131.957155675304
1024.9381156389975
1035.9492139942588
1063.383750802865
995.4392880764897
993.0427770237615
1000.9411232696879
1033.5967828957669
1030.158412071432
1050.8831778501838
1090.6413976053173
1124.640337135865
1121.8310092055497
881.6118150550254
1110.90962502061
1201.0135315801497
1198.8414187738838
1322.588974450291
1275.6792212359894
1258.1874794973774
1252.4971479346036
1246.8029314009125
1237.0543465755047
1240.8330682430346
1240.9749700571085
1239.4343183887668
1235.0634236956153
1213.941458571404
1201.3159160079433
985.9648908668227
609.1796638085208
506.5247734780427
499.7069557539355
520.0086068809075
515.5233004399734
513.1635246786004
545.6950101817276
697.9168785481953
686.660534597878
689.5818859358276
645.9949329748061
508.14900991193286
448.7342954097411
437.88841723505686
442.6806072686081
445.7490058263277
387.43895098765427
595.2133031364642
500.5772974276378
523.1539465140194
754.7205855561474
757.573902651636
759.7647064844148
776.6181650843665
783.1729667731536
833.4106956318564
861.0031632027
830.1103082920308
837.2628972394829
891.149786080132
812.2544396268129
829.2423048659783
828.5129930242405
820.1292945343247
816.9679879751702
889.4384560503214
893.3639530228834
1021.5914721774581
917.9717571136748
1042.853603904086
1041.0159758637908
1076.2012469297415
1065.9207685812016
1060.5870126591162
1066.8609042984247
1061.415592032563
1056.7435670098337
997.9398590838064
783.0250400780989
759.8190003611016
698.5410986864675
570.7192740019501
584.0079378047008
535.5563868542464
536.5773702506219
530.2276816087582
469.708075457711
451.7741552815058
454.677226605134
451.15703552233373
413.33565769449024
431.6041739722074
429.7048508438253
434.1240659085753
440.400408475388
426.21073915199133
358.6005514816977
353.6005514816977
229.60055148169775
180.42555693141625
36.33469198507271
72.04512958953826
14.560954547752061
75.80219638108778
74.02735484658822
66.51720637285769
58.2760971153879
55.947246859393374
58.54219031833935
43.54219031833935
50.523567303522896
49.52763572507277
81.98664420900835
69.72162514462826
100.83474556474596
100.83474556474596
98.53315567838928
83.44937036702564
136.44937036702564
137.44937036702564
180.44937036702564
314.2989880396634
424.467421354934
447.26930686236784
478.14180218103445
604.6961959536534
361.30058809730934
649.8763809277632
651.0281973235702
650.3003815990387
714.5121676479611
749.0840245589516
749.9014398223537
764.0919414093877
719.1730920503848
721.5459013741779
746.0688493738027
755.5507835354798
838.9937903408185
974.4895667693248
1001.0373979869142
1003.4786241615583
1003.8116878304706
1031.9894028373071
1089.8409223371812
1118.6485736059647
1134.325667541653
1159.1557224579926
1145.0170820777882
1127.938271941919
1162.7126338306894
1107.9384518984755
951.6322558515997
958.1383359661735
951.1242193057783
934.793242182673
870.5315418896331
982.2816949787624
950.423306217398
942.1687398179398
1161.027424720741
1059.2979501916848
1116.3605850434813
1073.7110796608774
1009.9040118535281
1041.0681876436358
1027.211253111242
163.37151230507152
160.1027971249149
82.40064967416279
895.9449738527471
946.70247522993
966.9895719143905
977.2015306320318
905.9854885385921
846.2744802774047
828.3495357489256
818.0763478967922
826.6037864669962
889.9331291468785
891.5214929738909
855.8336537187263
854.6264207132032
856.0119528749217
745.0119528749217
718.5962932264061
705.5962932264061
666.5962932264061
539.7106780069518
567.1923855647603
557.379109536713


