Temperature Prediction

403.34234667058644
403.34234667058644
403.33898532288373
402.6404956339397
402.6404956339397
403.32234600387983
402.6404956339397
402.6404956339397
405.84167341828453
402.6404956339397
402.6404956339397
402.6404956339397
409.08935015612246
402.6404956339397
402.6404956339397
402.6404956339397
418.80954214010154
414.8095421401016
402.6404956339397
402.6404956339397
402.6404956339397
402.6404956339397
402.6404956339397
402.6404956339397
411.2521875176291
408.2320187667455
405.34959383733946
402.6404956339397
402.6404956339397
402.6404956339397
402.6404956339397


