Rainfall Prediction

1549.9939024390244
1558.3438885370488
1521.020923076923
1609.3345454545454
1720.358208955224
1726.8034600113442
1764.160535117057
1688.16248606466
1654.6605042016806
1602.1577415599534
1387.4798361688722
1092.6124837451234
1146.4225352112676
1159.132707774799
1151.3627386438448
1120.072864321608
1136.740832157969
1190.06
1186.9928924598269
1160.26198630137
1139.2477611940299
1165.3789319678126
1119.8788598574822
1187.0454545454545
740.3829596412556
348.5265610438024
364.5196629213483
375.0670103092783
423.69234496124034
410.3800200803213
420.7905198776758
428.47376543209873
545.1209386281589
602.5556328233658
0.0
0.0
0.0
0.0
0.0
0.0
537.0406360424029
466.4602763385147
688.1071428571429
819.5969447708578
932.8524064171123
864.6717557251908
829.5924170616114
842.4893742621016
889.4845132743363
723.0275103163686
727.3399725274726
717.8914780292943
733.554347826087
743.6258366800536
883.1939120631341
1166.9258783204798
1277.9422776911076
1268.5070202808113
1297.8365310821182
1302.7114942528735
1303.5478560490046
1373.1519216823785
1588.5415106117352
1650.2934782608695
1682.4302120141342
1811.6041666666667
1867.162704701532
1877.8565768621236
1871.520127118644
1874.540412044374
1875.1393875395988
1861.8338658146965
1864.8626461211477
1739.9090136054422
1583.51400996264
1511.8582729070533
1508.8968935888963
1543.3544344473007
1554.8818998716304
1359.7579250720462
1360.302964569776
1401.1301272984442
1390.265636232926
1373.1171138506163
1352.2516411378556
1215.3285714285714
976.0
846.4878048780488
847.2377622377622
814.7562724014336
802.125748502994
849.4624145785878
1030.9249067164178
915.4250258531541
926.982722513089
987.59287054409
988.8368932038835
879.8970099667774
891.3190376569038
891.6545086119554
937.8601823708207
958.8604651162791
973.1955420466059
797.6524640657084
977.8929889298893
977.6451612903226
982.4616063548102
1151.6916317991631
1129.638888888889
1121.4619164619164
1083.097142857143
1151.4436734693877
1117.8208263069141
1117.4406565656566
1122.1584158415842
1297.5565972222223
1626.0737553779963
1616.3974437005477
1621.113196125908
1543.0411622276029
1561.1405598570577
1704.4184782608695
1698.3870305164319
1408.3306675938804
1463.1187664041995
1554.0245901639344
1389.7446662078457
1316.1034609720177
1424.6353436185134
1318.1764076977904
1352.9770279971285
1284.3791874554527
1255.5360714285714
1266.4535714285714
1276.195499296765
1286.7158836689039
1286.5641791044777
1394.4716981132076
1052.1361639824304
1152.9677531206657
1230.1267605633802
1230.1509433962265
1227.2179919137466
1227.2179919137466
1226.9397470039946
1262.2204591492234
1212.1543494996151
1231.6042442293374
1214.989247311828
1005.9446594427245
1247.1085572842999
1240.7242249459264
1274.8427947598252
1033.406113537118
1033.0254916241806
960.4927288280581
915.9284377923293
1174.7971872686899
1244.6106998654104
1189.0547752808989
1203.3827116212337
1269.3920863309352
1446.0646830530402
1560.4521912350597
1838.121212121212
1839.6132177681473
1635.1739130434783
2047.3616306954436
1902.5593220338983
1907.8377686796316
1769.8083333333334
1659.9594450373534
1947.5460122699387
2131.9117108874657
2210.560209424084
2270.8696202531646
2441.439703525641
2540.3987885892925
2233.8170103092784
2346.8756388415673
2367.937731958763
2311.5169455169457
2368.603584827011
2410.60401989225
2651.5209895052476
2658.378322725571
2662.8273542600896
2711.7842028456766
2421.4178278688523
2311.009279240397
2340.819385140905
2345.4181856718947
2172.57091561939
2257.5344677137873
2141.9300411522636
2067.8297922568463
2169.405547913801
2277.949450084602
2121.2730627306273
2180.829350766456
2231.6555803571428
2111.6815286624205
2030.6589513462447
1976.25
1813.5980926430518
1595.935956346927
1555.07699330493
1280.4570858283432
1346.9823614110871
1357.0796551724138
1146.4634146341464
1174.4964664310953
1174.4540673211782
1174.979293957909
1135.6405693950178
985.6268462206776
981.6567944250871
978.6216097987751
709.1973929236499
709.8154706430569
759.0608490566037
741.1553067185978
750.920297029703
720.756345177665
768.3959505061868
642.3716475095786
706.6471747700394
33.76186943620178
44.76523702031602
43.31506849315065
14.43023255813955
0.0
0.0
0.0
0.0
478.468992248062
443.0674603174603
443.4946619217082
345.1035653650255
670.0233837689134
669.0
732.5923913043479
664.1546391752578
886.5470852017937
953.2333333333333
1040.72076707203
1042.5935754189943
1062.6351835273053
1062.6351835273053
1133.912162162162
1108.582842724979
1146.2310231023102
1145.291935483871
1144.1563255439162
1510.4264705882354
1582.1336432306798
1611.4810126582279
1294.2787199124728
1840.823114487249
1840.3672638436483
1285.5052169137834
1285.5052169137834
1285.5052169137834
1358.6164658634539
1548.094862813777
1628.9368790181181
1168.7118332311466
1215.6425505824648
1181.4971680302078
1155.7046439628484
1068.0396361273554
1059.6667758846656
1026.7108271687962
499.04104979811575
345.55555555555566
499.1160949868074
603.7251461988304
1009.5176470588235
1001.9323308270676
1030.6237942122186
1072.4882168106833
1049.8054474708172
1028.8807994289793
971.9498044328553
932.121081745544
1184.295417348609
1061.2072107765453
1080.8424821002386
890.1390887290167
877.4676400947119
868.2459080280593
868.2459080280593
868.2459080280593
896.2001557632399
1166.9548507462687
1509.062099871959
1384.4088486140724
1880.8476983349658
1793.2853751187085
1792.2319587628867
2181.9032192339037
2178.8609098228662
2171.1748623131393
2625.367463235294
2516.5620787513303
2515.8143680230464
2508.452972972973
2461.6034912718205
2835.4245963586395
2926.4505928853755
2759.084529226461
2717.0592829250977
2945.0016846361186
2823.1953862285914
2682.9992649761116
2604.6583333333333
2671.607528885576
2592.2440182301557
2508.1176470588234
2514.332179930796
2510.307392996109
2507.897415818324
2516.86186770428
2542.025641025641
2603.186687069625
2538.2505863956217
2290.275470890411
2006.2888229475766
1834.5037715517242
1834.787829833064
1781.4255319148936
1461.824602122016
1503.4297385620914
1497.8950699533643
1253.8816705336426
1287.5510440835267
1253.9561815336463
1246.9713375796177
1235.4686998394864
1097.402802101576
930.5352564102565
933.2288770053476
876.0775488069414
713.0314769975787
805.401554404145
857.5172413793103
885.8304568527919
902.981981981982
879.7952879581152
884.8517130620985
975.5461689587427
1026.2550182481752
1154.9489711934157
1275.0311778290993
1361.2052401746726
247.5214857975236
248.5999999999999
277.7241498959056
327.386761842959
1565.8136200716847
1560.5664335664335
1561.9114369501467
1601.1353115727004
188.74156588160417
180.100772698004
184.53331197950024


