Rainfall Prediction

524.4527270971873
518.8745578191655
499.8888465847012
468.50482230267664
489.59689752049223
506.1994590456652
492.6834425276703
535.8616939325356
486.17129357036123
496.76452301623914
508.2417085419257
505.9703478058373
471.1348761262808
471.84694882645795
517.9158346131273
518.5776759203143
498.6796417397958
512.6797252530444
571.8286841033832
506.331587488269
584.6155175955497
611.2791839643666
511.3347525794003
515.6308287714025
516.1948775215457
518.5160016870801
521.3737111585376
545.0616583238772
538.6771664509033
497.3325132010238
502.1613071645172
499.0555516000737
511.4994577145384
504.0509291159936
520.8653149214467
556.5654668253475
542.5102389090542
548.9628147997453
515.187008543537
511.1838206241302
524.9616912287726
531.7353488974492
646.301283548596
773.5052203944823
838.7022953397285
798.0864981692963
799.3191004088204
770.8145284579199
847.0234431074231
812.5291366769762
817.6247504601524
696.4214942479182
679.747977891601
685.3929810394737
788.7823057609477
947.0131194302553
1004.9593874107057
1004.9235644291067
952.3723252416128
953.2562805280851
953.320269566445
957.5607168431017
983.1818415907305
941.3640727745246
828.0501224701799
793.4547319975276
765.6486257918378
764.3010403254266
779.1184026018758
852.667225229569
947.1192080402726
940.2870956847818
941.6736021276761
882.6683536063675
816.869363051656
770.8895175152765
764.810850117851
784.491483424008
784.9537083343967
693.2064548483129
671.897128024059
677.724732392008
669.650388257235
668.589931811096
698.4002232302715
594.4421608699655
445.6831793473425
371.5879545410605
387.055064729233
393.02517100585465
392.1108296435593
414.90595723363106
383.6225377697568
360.32070477989146
359.466833072505
383.70449956990007
393.509625282113
402.59438842390296
402.59438842390296
390.9107567843384
361.21824255053565
322.5396159579517
321.7356828388086
307.1469840089532
306.13095288676703
300.1008898461429
299.79750513712884
294.86811087184714
249.2670383106489
240.13348399877924
240.12099062221105
240.5433580205055
217.02287388672698
219.86165098284445
241.40838659145732
322.1980150164082
361.7869518502259
359.7097696968999
355.1969109417358
351.4047014982616
385.97124664478815
428.9055882829812
406.5952607741894
380.9691291572839
527.7167284365127
581.0665713109707
575.6371053988485
556.6754165271457
578.236951493464
595.3020120220765
607.0362376944731
615.4008491981957
615.4008491981957
615.4008491981957
629.2238404380549
646.7616012660291
646.9223824170856
720.7014386094052
740.925725519317
786.0246229873479
850.6869206743927
850.6857451529798
877.3581235183015
890.4477941913364
883.1098475268177
868.5986298977214
859.5793234633691
859.5638015204619
827.7306696819104
879.1393129520974
883.9008528645649
817.5451815554642
734.9324190339021
734.9868437917941
736.2038183621991
627.2700844386219
569.8911099342166
668.1674320236446
742.1804292282077
729.7980087258986
715.9784714292222
804.926768322864
804.6826897500721
1053.4418920614853
1102.73945804878
1114.4997042472646
1130.8100018983507
1352.988285435688
1272.0040139510143
1260.3148688683618
1235.2579078662116
1207.2505010917414
1275.2179137617927
1441.1261803837367
1553.704977362156
1604.3761271464455
1703.0874001089483
1764.3590485952875
1747.4582264611142
1797.0583646236769
1830.269670925386
1818.3202402405332
1850.5267183288654
1888.044288906198
2021.6626227091774
2021.5187217345256
2023.5309224710354
2028.159152165589
1941.6842946212157
1874.1999423192992
1850.1019135426666
1847.468463175721
1750.619136556227
1742.8002467361139
1548.206488693946
1497.5390087902633
1520.213890533473
1550.8185432326522
1338.3572722394897
1361.4068329433883
1505.476954980033
1566.3872661993971
1573.099930208764
1535.2110856761954
1359.2568805451392
1243.0153128233433
1189.2280469482491
1080.782349542248
979.6279201628689
968.3249938386108
913.1986057549462
858.2192382860783
846.3739388391825
848.1000652205728
808.5676720196606
651.5552995134483
649.5735875950763
646.2619617779756
640.4243950962127
630.3031633560779
624.5131229890846
624.5131229890846
624.501914156858
621.2250238171285
621.2250238171285
549.1494829032782
549.0802806265563
522.9384518785846
450.0896948479436
465.5584217722544
420.8647747557867
341.63869502102733
311.38441550024356
275.8254819563029
254.34172518302535
241.3900179218184
232.969460721123
271.8279099233424
288.9304349700015
383.98998887200776
408.9856051024592
473.5912219647442
445.25497549234836
594.9758087136142
572.7461516012232
572.8514675413622
588.4073757572476
699.9315548558554
723.6853807823537
729.2384336251705
729.4029702956332
729.4057122590227
729.4578076051365
729.5044160771697
773.709351937165
791.9739024790972
797.4264477512526
812.3474178534387
800.8767958177159
774.453962438245
735.2275960292671
780.7083148917403
757.2259869650785
731.2812677513134
731.1677595216902
737.433390310538
742.6547833541548
745.2479232238741
712.4936446500508
698.4886572465757
590.9921183671521
569.7960469636392
494.4391328287587
489.6148751052595
248.409633047994
242.52574680600628
241.9568890813544
239.32991945336022
200.58439767624967
327.5799341859829
431.38884728673236
442.25147897052665
489.36159989502545
569.2579098599941
627.7203412773515
608.191797634769
608.6486275865906
652.0491863291784
636.3300999343718
637.2325921765944
637.2592694752284
637.257700253282
578.2621643232186
578.2621643232186
578.2621643232186
578.2621643232186
569.1876158383785
562.1762867211486
558.709856867434
552.3288463130848
545.7233647855934
545.8021535986367
556.9068634514584
556.9068634514584
556.9284106232518
562.7059639713715
600.5629595340964
661.0487420778156
706.9522380595438
776.1484662314654
682.039903524344
565.0017780896419
622.5707087794258
598.88509108793
663.9533030684269
647.2840430968486
630.635325453832
663.5983847377721
623.50759700687
627.3368239628917
626.4398453014956
636.8192988792962
645.7013136705338
670.7689017593553
671.9217563970742
671.9217563970742
671.9217563970742
673.3819471522326
675.8063209085658
676.7780148043886
687.752416674007
715.5316967230752
772.8746761188216
776.1384015641515
782.0778910630697
856.8142544343507
863.2813165732587
860.4789044631164
820.4379455656482
785.3784467520325
661.8866486912815
669.3023419479404
667.4998455291493
625.9454521268956
707.330268605684
645.109372482852
607.1078723477636
607.2026209499618
557.3958044846847
546.9041341445975
603.9994272781029
630.6232188799439
630.7144130923839
670.8683886627331
725.3581086922958
729.5238451767831
763.4311609741013
795.1560708772488
865.1244888339878
934.2855924781752
939.4293786623116
999.894420169262
1143.9822868400274
1089.4978502008037
1187.129859509277
1187.8443063052262


