Rainfall Prediction

480.93219008292573
534.3150469838571
612.0391957875929
632.3254298083925
627.2334720313377
651.3271208576692
644.8920118027704
645.2818886527668
662.9935054590582
637.8888653005699
641.192845177955
627.0583076834532
610.3678812421967
619.9849093138629
603.9071440090311
607.8216999020027
599.7161091663386
596.341480932213
566.006532724105
494.35751916377023
475.7246760719517
461.6187825834351
455.7885151814105
450.1611155064773
468.0173525065024
453.5857327406626
450.62916114553326
448.78912315911003
441.03611943773114
406.9144435850252
377.1462910624199
362.10836989218734
338.0828918570994
302.79096589993503
274.9301104134432
230.3370802285265
209.1417041600622
201.4136526917054
184.24159437333438
176.4899306592541
124.43650050712981
116.82194721453473
87.98522151838108
85.12779281428394
83.28586162720768
89.95901217490172
89.95901217490172
89.95901217490172
89.95901217490172
84.05089919618844
83.55207639797719
80.08587469674241
75.51030019616469
74.42998271359289
75.79578439095424
72.14608260242625
67.58641633442843
58.784688976033856
70.80336121623705
70.70242978756738
98.21320112915221
104.43759390833839
103.605408583194
94.62194006331508
81.53801971204378
54.31056194820764
83.36738227324568
78.93967813783833
80.39356969229583
79.2193999759311
78.19424427301755
79.90134290496813
73.99932405156152
81.3337639596119
82.00874452866898
82.89176558533883
81.94500385019938
158.24060823892785
159.96338431435876
199.03007321668713
213.73380590871798
209.17273008000384
212.80754540848284
215.31593019422579
221.8625123826877
217.58725546562437
219.81037907074662
211.4970006531107
213.0598572206548
216.54976261456648
224.63760727853779
186.82860057943716
180.3323043116874
199.08500479191122
199.8366470772498
193.19853760551223
185.9281224842397
191.8545121929266
207.67803207373674
195.67495715839982
257.63362864086224
258.93008808853267
257.75282975891264
257.75282975891264
211.9378945616687
212.29083535637224
209.86818088203523
210.9063991120241
177.12379086626612
172.86431044583367
88.20863247365283
114.33017749431774
114.104066622885
118.43670742662904
115.02953496644629
124.60222525788647
125.1138929736585
109.08057483977493
117.48974225818873
187.8350070251852
183.082249080682
158.63758511596586
155.36405003189898
166.1491787265108
149.83069481355466
154.92389323832626
160.73122216747547
170.44735532930306
165.91853216713602
142.07137816922136
140.1435903476306
125.2528531655355
122.70682800707044
129.6625184931121
131.71070726991042
110.57355676269573
104.9529491787147
120.71729910854452
86.01729725486989
132.12325262911622
105.49152807917852
148.0998244656017
151.7839005957687
151.89860946454996
145.0815631230522
146.95224073276552
147.1707571965653
145.6342567935252
145.6342567935252
145.6342567935252
75.43414253665034
56.734126705756815
62.2275435903844
63.430681979079225
64.13114211787526
64.54534109798749
105.38061614853926
127.68248168214141
129.14733819264427
133.8754914769769
154.9628128891639
155.41315621844143
155.3231920104868
158.35742916914234
154.6156756780088
148.60437998591775
146.70520443432304
158.64396564903709
156.86555335984815
158.27161467820358
203.8533779682079
187.26021412793642
184.00154889536952
163.44738013651906
161.92019867996797
159.4000022574195
130.27569351129475
146.70971605307554
146.57556838333915
167.74191810644882
169.17081695088953
175.05356689581166
163.5074479387213
113.49027438470566
114.34395400682327
55.13942955767538
44.94384787912311
55.62160080675468
63.121791801199166
73.13239257383005
60.50511730330931
49.99765134188729
48.36862396839126
56.41633974721813
65.09077253541038
64.75508123440122
64.68284245543883
64.70757380797954
65.15595611005828
53.207754510209575
52.59134847550981
45.001524561803976
44.92695694709463
40.86235844609805
53.715821172938895
79.68479489776269
81.90639138420799
81.14407075082103
82.6030544268861
83.07096006130091
107.10503180903967
130.39507866063386
146.50634141371813
153.78733305995783
152.27118386468482
157.98046962637136
159.61693381675164
155.23062237896917
166.72413942682942
154.22262312947277
158.31049692936236
182.0781824035085
178.69562590439725
208.5921518577755
202.98348200773182
161.0331325031318
170.76164719648105
187.39121325743068
190.57231433065837
187.64937834927065
212.65025526646528
227.06362946253898
186.83175222123938
192.3999734125339
234.22089036124632
161.01909097751914
161.33592895902322
138.1192092524829
137.87085617413993
137.68676084736373
132.0916351992882
96.83892273770512
91.06071978872552
87.18329402379207
87.18329402379207
87.18329402379207
87.18329402379207
87.95453239414643
93.30632122710185
89.33339198142883
38.082428381499895
38.84320122137409
40.04864594307529
57.79262238134524
58.356466195652985
58.356466195652985
62.455943327295024
62.81535794835749
66.2091089998575
66.10643262533473
67.7974072972764
63.84124084107071
65.59063983460186
65.62515214419055
69.30788533906474
68.90588524968429
81.36587995847839
132.87320271864445
156.18203279892558
164.20852552662967
176.47353162865676
240.10821437003526
238.54897065940762
218.88847657580723
218.04497256512553
219.38047840573986
220.0962404327395
240.29817437292314
257.226717022626
247.51234345566166
238.19296847692203
221.21915028154206
216.65894424365396
191.43093927159924
200.1068391218493
215.67506817877262
214.44289077442866
187.31758758203415
186.8212189028264
167.27248474070888
172.14108525783814
161.3678352816375
140.30529740856474
120.99153042644772
143.62500930701742
169.3950310343396
188.90671520503113
162.3502548332797
120.73176308750001
155.9173932024194
125.05892594226086
135.27285901185394
163.6177155029697
167.04446952820078
187.54569667220733
172.95146657717984
176.45929926124603
187.78966014416315
183.83976712400852
162.2526205970075
163.5028336007404
178.5391205640737
183.49968817693136
188.98064220979833
205.53757824481573
189.44824850277098
193.21809819781197
214.85384615252136
230.9607565738247
233.77058268386392
222.75885462247237
224.66568991855164
240.84414033728675
241.02453847989764
241.0250608209062
247.69527200487457
235.79753255846737
224.75575990388833
219.23944019718613
214.2494986416883
212.64734077312804
211.11045898931175
201.36966023972082
178.4105411017509
168.51854278554228
168.50546970934974
155.32924390709425
157.65959161616536
149.5608626491029
195.84874093792476
161.76898731640864
184.14534801761786
182.07815871578669
176.81568110144087
166.70342283592922
153.05519499151373
154.9155984596096
126.13850129931213
107.6757709793995
95.83913073529045
114.66007286665793
135.23885413884054
140.85690103330373
128.72992881884315
112.01457767437209
112.79690983303327
132.35111850244877
132.35111850244877
132.53687454965484
158.2133436574612
193.12501150590663
190.49394645012453
204.39885732515228
203.99809270435142
193.45107115745205
230.9497976422946


