Rainfall Prediction

76.79843748410511
77.00649323271382
77.80745465570763
78.28793010419933
79.18333157931662
77.49838707999025
76.0
75.90783885739337
76.14459928320589
76.15773105863909
77.34339015067803
78.98101037591252
78.52388171760232
77.55643106796495
75.33923280734945
74.2630459919333
74.45804187594514
67.09694478886502
66.27971031922213
66.53570470055908
66.15889962809237
65.16901104052447
65.6505902486794
64.8459713474939
60.572270883631234
60.50619802962338
60.55575942881073
59.9749947894954
56.868268832451726
58.36951259004995
56.78027826631356
48.692915295759406
51.82663407939975
52.08646657242167
53.74011537017761
52.41183072551463
52.773099207835045
53.9351462406472
54.01851534427802
53.68426212587819
56.20498198558558
56.089214649520635
55.70457790882182
55.362442142665635
57.83597496368502
58.86425061104575
57.82732917920384
57.105166141076936
56.85068161420758
56.7626637852735
56.74504383644443
57.4543296888929
57.436921923097515
56.824290580701486
56.824290580701486
56.824290580701486
55.59676249567055
59.270566050949775
59.177698502053964
60.728905802755904
59.39696961966999
59.59865770300536
59.38013135721409
55.731499172371095
54.35991169970753
51.894122981316485
51.91338940966964
51.81698563212646
51.487862647424
51.57518783291051
52.09606511052442
52.22068555658763
56.39148871948674
58.309518948453004
59.329587896765304
57.41950887982237
58.58327406350724
59.388551085204966
59.02541825349483
59.983331017875294
60.249481325568276
62.14499175315739
62.63385665915839
64.73793323855806
64.79969135728966
67.26812023536856
70.5691150575094
70.19259220174163
67.04476116744694
67.09694478886502
65.55913361233506
64.68384651518491
64.52131430775415
64.59102104782058
64.66065264130884
64.96152707564686
67.07458535093602
67.05967491719595
66.67083320313314
66.32495759516172
67.82329983125268
69.41901756723442
67.39436178197698
62.609903369994115
58.98304841223451
57.81868210189506
57.253820833198546
54.981815175565096
53.907327887774215
55.226805085936306
54.101755978895916
53.71219600798314
51.44900387762624
50.78385570237849
47.843494855622744
48.86716689148246
45.40925015897091
40.08740450565489
39.949968710876355
40.024992192379
39.74921382870358
38.98717737923585
42.485291572496
48.2078831727758
48.11444689487763
48.02082881417188
47.634021455258214
44.609416046390926
44.609416046390926
44.204072210600685
43.42810150121693
45.68369512200168
43.04648650006177
47.29693436154187
47.67598976424087
47.67598976424087
47.67598976424087
49.33558553417604
49.33558553417604
48.938737212968626
49.37610758251404
49.59838707054898
49.879855653359705
49.759421218498915
48.908077042549934
48.47679857416329
50.35871324805669
50.35871324805669
51.76871642217914
51.57518783291051
53.54437412091022
53.54437412091022
54.20332093147061
54.47935388750494
53.563046963368315
54.72659317004851
57.66281297335398
58.66003750424986
58.73670062235365
59.06775770248944
59.10160742314882
60.18305409332431
60.489668539346454
68.33008122342603
65.4217089351845
71.45628033979938
73.01369734508724
74.19568720619817
73.61385739111897
75.41220060441148
76.14459928320589
74.85318964479737
75.26619427073486
76.84399781375251
78.07048097712733
78.41555968046137
81.27115109311545
79.42291860665912
79.42291860665912
78.51114570556209
78.51114570556209
77.05193054038295
77.10382610480494
76.64202502543888
74.55870170543476
71.62401831787993
70.73895673530957
75.7429864739964
76.28892449104261
76.51797174520506
76.58981655546643
76.56369897020389
75.9012516365837
77.12327793863537
75.17313349861105
75.31932023060219
70.32069396699666
73.61385739111897
73.14369419163897
76.249590162833
78.81624198095213
80.92589202474076
81.15417426109393
80.63498000247783
78.689262291624
78.40280607223188
78.24960063795854
78.7337284776988
79.52986860293433
80.96912991998865
84.05950273467003
84.5103543951864
85.72047596694736
89.24124606929242
91.58602513484249
92.60129588726068
92.60129588726068
92.60129588726068
86.6717947200818
85.5043858524228
88.1873006730561
87.90335602239541
88.57200460642177
88.44772467395643
85.03528679318957
80.61637550770935
80.83934685535256
80.19351594736322
75.92101158440923
77.53708789992051
73.97972695272672
69.3325320466518
66.02272336097626
68.0
68.83313155741209
69.00724599634447
68.11020481543129
69.3757882838098
65.54387843269576
64.68384651518491
62.99206299209449
58.80476171195663
58.154965394194846
56.85068161420758
51.068581339214816
46.73328578219169
49.01020301937138
50.38849074937649
50.68530358989675
56.16048432839589
58.25804665451803
53.70288632839021
55.72252686302013
55.19963767997033
56.133768802744754
55.72252686302013
59.23681287847955
58.74521257089806
58.71115737234278
58.43800133474792
55.35341001239219
58.034472514187634
58.75372328627353
59.177698502053964
57.227615711297986
61.69278726074872
63.490156717399906
63.835726674018524
62.505999712027645
64.5445582524197
66.63332499583073
66.52067347825036
69.63476143421474
70.02142529254886
69.41901756723442
69.41901756723442
69.41901756723442
67.446274915669
71.28113354878694
72.42927584892728
73.76313442364011
72.11795892841117
72.8766080440082
71.87489130426563
77.45966692414834
82.26785520481253
88.21564487096379
90.1443287178955
91.16468614545876
91.02197536858887
91.02197536858887
91.01098834756164
89.32524839036273
89.02246907382428
88.79189152169245
90.24965373894794
86.61408661412992
85.21736912155878
84.79976415061542
84.5872330792301
83.00602387778854
81.80464534487024
82.35289915965315
79.79348344319854
79.7370679169983
79.7370679169983
79.7370679169983
80.03749121505496
79.18964578781748
74.88658090739622
73.57309290766564
68.4178339323893
69.96427659884722
69.73521348644456
70.66823897621902
69.66347680097513
65.74952471311104
61.886993787063204
57.86190456595773
64.29618962271404
64.67611614808051
64.67611614808051
66.12110101926616
66.64082832618455
68.4178339323893
70.8519583356734
71.84705978674423
73.00684899377592
75.53145040312677
76.31513611335565
76.31513611335565
76.3740793725201
75.78258375114957
75.18643494673756
75.32595834106593
75.71657678474378
75.71657678474378
75.75618786607468
75.76938695805846
81.12336284942828
81.54140052758476
81.6026960338934
81.43095234614415
81.0
80.55432949258531
79.32212806020776
74.89325737341113
73.40980860893181
71.58910531638176
70.8801805866774
64.56779382943171
69.13754406977442
69.13754406977442
67.75691846593969
67.31270311018568
65.93936608733814
63.245553203367585
59.464274989274024
58.08614292583042
54.76312628037227
53.58171329847526
53.58171329847526
53.41348144429457
53.97221507405454
54.055527006958314
54.47017532558529
58.20652884342099
59.12698199637793
61.44102863722254
62.849025449882674
57.09640969448079
58.29236656715869
58.63446085707619
58.872744118140105
58.283788483591216
59.21148537234985
59.36328831862332
58.8387627334226
60.124870062229654
59.16924876994806
59.21992907797171
59.87486951969081
54.08326913195984
54.08326913195984
55.39855593785816
56.97367813297646
58.90670590009256
60.52272300549604
63.90618123468183
68.4470598345904
71.63797875428926
71.80529228406496
75.82216034906945
77.64019577512668
78.37091297158659
78.65748533992172
83.68392916205596
81.9084855189009
82.72242743053422
82.23138087129512
83.46256645946133
82.79492738084863
82.20097323024831
86.66602563865497
89.11228871485683
91.33454987024352
93.4558719396486
95.10520490488415
96.49352309870336
95.35197952848173
94.96841580230766
94.82615672903758
94.41398201537736
94.47751055145346
96.82458365518542
100.46392387319938
100.45396955820114
99.9799979995999
99.65942002640794
98.60020283954795
95.46203433826454
93.18261640456336
93.1074647920348
90.10549372818508
89.59352655186646
89.3364427319557
91.01098834756164
87.1550342780037
86.23804264940155
86.90224392960172
86.63140308225418
85.63877626402656
87.27542609463445
87.12060605849801
82.55906976220118
80.32434251209281
77.94228634059948
75.47847375245475
76.34133873596926
76.79192665899195
77.1621668954417
76.66811592833099
75.65051222562872
74.91328320131217
77.10382610480494
74.85986908885161
70.6257743320383
70.3846574190711
74.89993324429602
75.11324783285569
74.24957912338628
74.97999733262199
75.9473501841901
78.31347265956222
78.2559901860554
77.28518616138541
76.55716818169282
74.19568720619817
72.90404652692469
73.39618518697004
72.30490993010088
71.42128534267638
69.59166616772443
67.55738301621814
66.91038783328041
66.73080248281148
66.34003316248794
66.04543890383347
65.06150935845248
61.34329629226001
58.70264048575669
58.88972745734183
58.88972745734183
58.81326381013045
61.554853586049575
58.68560300448484
57.758116312774604
55.58776843874919
54.22176684690383
46.151923036857305
44.73253849269008
44.21538193886829
42.96510211788167
40.91454509095757
36.30426972134269
37.86819245752297
41.0731055558257
44.02272140611028
45.16635916254486
45.0111097397076
43.382023926967726
41.10960958218893
41.44876355212541
45.91296113299599
50.53711507397311
52.716221412388805
52.65928218272634
52.25897052181568
52.23983154643591
52.23983154643591
54.3323108288245
56.65686189686118
56.53317610041028
59.724366886556446
61.37589103222861
58.497863208838666
59.447455790807396
60.398675482166
60.481402100149765
60.8276253029822
69.39740629158989
72.56721022610694
77.29812416870153
78.19846545808939
79.50471684120383
83.16850365372699
85.65045242145543
85.36978388165218
84.30895563343196
83.84509526501833
84.7938677028003
85.10581648747635
85.12931340026184
84.823345842993
82.83115355951527
81.49846624323675
81.03085831953157
82.28608630868283
82.23746105030237
82.12794895770867
82.12794895770867
80.75890043827987
78.98101037591252
78.1728853247723
75.76278769950325
74.43117626371358
74.43117626371358
73.67496182557545
72.89718787443039
72.8285658241325
73.40299721401027
65.00769185258002
63.25345840347388
57.3149195236284
57.34980383575867
57.253820833198546
55.44366510251645
52.53570214625479
50.93132631298737
50.21951811795888
55.036351623268054
53.749418601506754
54.53439281774392
54.4426303552648
55.560777532356404
55.054518434003214
52.54521862167861
51.10772935672255
51.90375708944392
55.614746245937326
57.245087125446844
58.154965394194846
61.1228271597445
61.1228271597445
61.66036003787198
61.773780845922005
63.29296959378664
65.05382386916237
66.2872536767062
70.80960386840192
71.09149034870488
70.73188814106408
71.03520254071216
69.24593850905626
68.93475175845634
67.88225099390856
66.4304147209695
63.61603571427569
62.617888817813075
64.1404708432983
64.50581369148055
62.91263784010332
63.103090257134
62.177166226839255
62.68971207462992
61.652250567193406
61.652250567193406
61.95966429863868
62.0403094769844
59.682493245507096
56.133768802744754
54.101755978895916
53.1224999411737
49.678969393496885
49.678969393496885
50.51732376126036
50.46781152378217
49.16299421312742
46.8081189538738
45.044422518220834
42.871902220452036
43.69210454990696
43.965895873961216
44.82186966202994
44.82186966202994
45.32107677449864
45.32107677449864
45.32107677449864
46.72258554489466
46.52956049652737
53.028294334251406
52.52618394667559
51.0098029794274
50.57667446560717
51.12729212465687
51.146847410177685
51.16639522186413
51.16639522186413
50.79370039680118
52.009614495783374
52.09606511052442
55.154328932550705
55.96427431853289
60.96720429870473
60.96720429870473
60.96720429870473
59.75784467331465
59.682493245507096
59.177698502053964
59.177698502053964
62.26556030423239
59.648973168026956
59.54829972383762
58.762232769015846
57.60208329565867
61.1310068623117
60.76183012385325
61.465437442517235
62.928530890209096
62.75348595894893
61.862751312886175
53.96295025292817
57.253820833198546
63.13477647065839
64.66065264130884
66.44546636152086
67.55738301621814
67.87488489861327
69.74955196988724
70.61869440877535
70.55494312945054
70.49113419430843
68.1248853210044
67.46109990209172
62.976185975335156
63.245553203367585
63.43500610861482
72.6636084983398
72.6773692424265
72.6773692424265
72.6773692424265
70.37755323965163
69.59166616772443
69.18092222571191
69.2314957226839
70.17121917139534
67.16397844082793
67.16397844082793
66.52067347825036
65.13831437794502
63.96092557178953
63.96092557178953
63.96092557178953
60.959002616512684
53.4696175411794
53.1224999411737
51.536394906900505
51.894122981316485
52.22068555658763
52.92447448959697
51.75905717843013
52.21110992882645
52.21110992882645
54.47935388750494
54.680892457969264
54.75399528801528
55.97320787662612
56.91221310052878
52.278102490430925
53.225933528685054
53.24471804789655
53.24471804789655
53.094255809833136
55.776339069537364
55.4346462061408
55.31726674375732
54.120236510939236
56.0
61.61168720299745
62.16912416947821
62.16912416947821
62.16912416947821
75.69676347110224
77.83957862167549
77.89736837660179
77.75602870517501
76.7333043730035
76.81796664843453
75.1997340420829
74.67261881037788
73.23933369440222
73.23933369440222
72.04859471218019
72.11102550927978
70.41306696913578
70.25667228100119
70.19971509913698
70.8519583356734
70.09992867328754
64.4980619863884
63.702433234531945
65.25335240430181
66.90291473471092
67.91170738539859
66.332495807108
66.55073252789934
67.40178039191547
67.54998149518622
66.88796603276258
63.796551630946325
64.1482657598785
64.1482657598785
64.1482657598785
47.59201613716318
45.67274898667694
46.776062254106
46.88283267892417
48.12483766206386
46.44351407893249
47.22287581247038
48.76474136094644
48.14561246884289
48.14561246884289
48.662100242385755
48.815980989835694
50.22947341949744
50.457903246171455
50.60632371551998
48.76474136094644
49.07137658554119
51.41011573610781
51.41011573610781
51.58488150611572
49.42671342502959
47.7179211617606
46.87216658103186
46.84015371452148
45.60701700396552
45.387222871640866
43.93176527297759
40.91454509095757
39.496835316262995
39.496835316262995
40.024992192379
41.340053217188775
40.890096600521744
40.607881008493905
41.09744517606904
40.38564101261734
41.82104733265297
40.91454509095757
39.11521443121589
38.45776904605882
40.024992192379
40.32369030731191
40.32369030731191
40.22437072223753
39.93745109543172
42.69660408041839
42.96510211788167
42.8485705712571
40.01249804748511
40.01249804748511
37.881393849751625
38.27531841800928
43.439613257946945
45.2658811910251
50.07993610219566
52.076866265166146
56.133768802744754
61.74949392505172
63.99218702310463
64.11708040764177
64.28841264178172
63.97655820689325
63.25345840347388
65.90902821313632
65.29931086925804
64.91532946846992
65.1766829472013
64.5832795698701
65.81033353509159
66.24952830020754
68.05879810869422
72.37402849088892
72.3118247591637
72.15954545311382
71.23903424387504
71.23903424387504
71.386273190299
71.37226352022192
71.386273190299
72.22188034107116
79.8373346248483
81.01851640211638
81.03085831953157
82.02438661763951
82.42572413997951
79.85612061701971
81.5659242576212
83.33066662399864
83.0
81.9817052762383
82.46817568007674
85.05880318932309
86.18584570566097
86.16263691415206
83.47454701883683
83.48652585896721
84.07734534343957
84.42156122697565
89.63816151617569
91.98369420718001
93.14504817756014
92.16289925995167
88.47033401089882
88.57200460642177
90.87904048789248
91.91300234460846
92.44457799135652
92.8654941299512
96.29641737884126
96.57639463140049
96.17692030835673
90.95053600721658
93.24698386543128
93.42911751697112
90.515192095029
89.31405264570633
88.91006692158093
86.16843969807043
81.93289937503738
79.09487973314076
78.91767862779544
78.30708780180757
76.10519036176179
75.13321502504735
74.95998932764064
77.5112895003044
78.6956161421969
80.05623023850174
80.1373820385967
73.97972695272672
69.94283380018284
67.93379129711516
68.0808343074613
68.02205524680947
69.88562083862459
68.51277253184256
68.66585760041157
68.03675477269621
65.53624951124378
59.55669567731239
58.71115737234278
58.34380858325929
57.323642591866054
51.39066063011839
51.93264869039514
51.93264869039514
52.55473337388365
52.55473337388365
53.665631459994955
53.51635264103861
56.06246516163912
55.42562584220407
56.65686189686118
56.90342696182718
57.86190456595773
58.5064099052403
55.48873759602033
54.616847217685496
52.459508194416
50.86255990411808
50.86255990411808
50.774009099144415
50.774009099144415
50.635955604688654
50.15974481593781
48.31148931672465
49.8196748283246
49.73932046178355
50.53711507397311
60.852280154485584
62.19324722186485
62.19324722186485
62.19324722186485
62.77738446287803
64.96152707564686
64.01562309311689
64.69157595854347
65.19969325081216
66.7233092704491
66.46803743153546
66.4529909033446
67.12674578735364
67.97058187186572
66.94774081326419
65.86349520030045
68.87670143089025
69.13754406977442
68.81133627535509
68.08817812219681
67.468511173732
67.468511173732
67.468511173732
67.468511173732
67.468511173732
67.91170738539859
69.42621983083913
70.12845356914696
67.43886120034946
65.92419889539804
68.4324484437025
62.02418882984283
60.67948582511226
60.67948582511226
61.26989472816156
60.15812497078013
57.77542730261716
58.0689245638319
58.23229344616267
57.51521537819362
57.271284253105414
57.01754116059373
57.7148161220323
53.777318638995006
53.45091205957107
55.848008021772806
57.51521537819362
57.445626465380286
56.471231613982
57.1314274283428
57.358521598799946
57.619441163551734
57.82732917920384
58.360945845659494
58.360945845659494
63.30876716537765
62.465990746965666
61.30252849597641
60.166435825965294
60.13318551349163
60.13318551349163
56.929781309961136
54.037024344425184
54.037024344425184
55.94640292279746
55.569775957799216
56.05354582896607
55.87486017879597
55.569775957799216
54.16641025580336
53.60970061472084
52.20153254455275
52.32590180780452
52.01922721455981
51.536394906900505
50.61620293937506
47.958315233127195
45.94562003064057
39.433488306260706
39.433488306260706
38.47076812334269
38.31448812133603
37.94733192202055
39.382737335030434
39.736632972611055
43.977266854592045
36.90528417449187
36.823905279043935
35.86084215408221
34.95711658589707
34.95711658589707
34.95711658589707
36.38681079732051
47.57099956906519
47.57099956906519
45.803929962395145
47.286361670147556
47.916594202843754
48.08326112068523
48.08326112068523
48.08326112068523
48.08326112068523
47.83304297240559
47.11687595755899
46.604720790924176
46.281745861624536
47.49736834815167
48.43552415324934
51.048996072400875
52.602281319349636
52.602281319349636
52.687759489277965
52.55473337388365
52.55473337388365
51.69139193328034
50.813384063650005
47.19110085598767
46.87216658103186
46.61544808322666
46.61544808322666
47.0
47.0
47.0
47.10626285325551
37.97367509209505
39.698866482558415
39.1279950930277
36.91882988394946
39.774363602702685
41.701318923986086
44.328320518603
45.0
50.586559479766954
54.85435260760991
55.49774770204643
58.33523806414096
59.481089431852205
59.833101206606365
59.07622195096772
58.74521257089806
60.43177971895251
60.4648658313239
61.0163912403872
61.57109711544857
61.66846844214635
62.0
62.0
62.03224967708329
63.43500610861482
63.46652661048972
63.48228099241551
62.76941930590086
62.76941930590086
62.8410693734599
61.506097258727124
60.174745533321534
60.32412452742269
60.340699366182356
60.35726965329032
59.76621118993574
58.30094338859364
56.32938842203065
55.794264938253285
51.79768334587948
47.275786614291256
51.22499389946279
48.30113870293329
47.66550115125194
46.04345773288535
46.08687448721165
43.62338822237447
39.25557285278104
39.20459156782532
40.87786687193939
45.24378410345447
50.27922035990614
53.91660226683428
56.01785429664367
59.99166608788257
59.19459434779497
59.93329625508679
66.783231428256
67.00746227100382
69.70652767137379
72.07634840916957
72.2841614740048
72.2841614740048
71.25307010929424
71.23903424387504
71.33722730804723
70.12132343303284
70.73188814106408
70.73188814106408
70.73188814106408
70.90133990271269
70.88723439378913
68.4178339323893
68.18357573492314
67.63874629234341
67.60917097554147
67.57958271549181
67.75691846593969
67.75691846593969
67.75691846593969
66.18912297349165
62.864934582006846
59.0
55.86591089385369
55.04543577809154
51.526692111953004
51.419840528729765
50.51732376126036
41.43669871020132
41.38840417314975
36.66060555964672
40.17461885320133
45.59605246071199
52.5642464038057
52.81098370604357
53.21653878260028
54.72659317004851
53.898051912847464
53.094255809833136
53.094255809833136
53.094255809833136
54.680892457969264
56.18718715152058
55.14526271584895
55.14526271584895
55.14526271584895
55.389529696504916
55.389529696504916
55.17245689653489
58.16356247686347
59.36328831862332
61.424750711744856
62.56196927846821
64.91532946846992
69.27481504847198
68.25686778632608
67.92643079096678
67.468511173732
67.468511173732
68.94200461257273
69.77822009767804
70.94363960215179
69.39740629158989
66.20422947214173
61.0163912403872
66.04543890383347
71.97221686178632
73.1778655059028
73.68853370776216
74.42445834535849
74.49161026585477
74.49161026585477
72.4568837309472
71.29516112612411
71.29516112612411
71.29516112612411
71.30918594402827
71.20393247567159
71.20393247567159
71.33021800050803
69.39020103732227
68.36665854054884
66.53570470055908
65.35288822997802
62.82515419798029
57.0701322935211
57.0701322935211
57.463031594234565
57.39337940912697
58.378078077305695
56.32051136131489
55.04543577809154
53.53503525729669
49.71921157862421
49.193495504995376
49.10193478876367
42.23742416388575
30.380915061926625
23.853720883753127
22.22611077089287
19.621416870348583
21.563858652847824
21.908902300206645
24.49489742783178
24.535688292770594
24.535688292770594
24.535688292770594
24.49489742783178
24.24871130596428
25.942243542145693
26.057628441590765
25.787593916455254
26.476404589747453
35.874782229304195
37.296112397943034
37.52332607858744
39.585350825778974
40.70626487409524
40.50925820105819
45.858477951192405
46.03259714593562
49.35585071701227
49.35585071701227
49.35585071701227
49.37610758251404
49.57822102496216
49.42671342502959
49.70915408654627
49.70915408654627
49.749371855331
50.06995106848019
50.06995106848019
49.16299421312742
49.01020301937138
47.77028364998475
47.74934554525329
48.05205510693585
49.889878733065686
51.95190083144215
51.95190083144215
51.273774973177076
51.03920062069938
50.52722038663912
50.16971197844373
43.9203825119955
42.720018726587654
42.5205832509386
40.607881008493905
39.48417404479927
39.230090491866065
34.942810419312295
34.249087579087416
29.732137494637012
29.732137494637012
29.732137494637012
30.854497241083024
30.397368307141328
30.397368307141328
29.866369046136157
30.265491900843113
30.199337741083
37.080992435478315
42.5440947723653
44.204072210600685
44.955533585978046
45.94562003064057
51.19570294468082
53.018864567246254
52.364109846344185
50.3189825016365
50.3189825016365
50.28916384272063
50.52722038663912
50.52722038663912
50.52722038663912
50.52722038663912
50.52722038663912
51.41011573610781
52.22068555658763
52.64978632435273
52.507142371300304
51.99038372622383
51.720402163943
51.60426338976267
51.6817182376902
51.6817182376902
52.41183072551463
52.392747589718944
58.05170109479997
63.608175575157006
64.89221833163049
64.95382975621992
65.5133574166368
62.473994589749104
67.26068688320095
67.09694478886502
68.5200700525036
65.1536645170477
64.50581369148055
63.75735251718032
63.75735251718032
63.75735251718032
63.66317616958802
63.474404290233394
63.474404290233394
63.490156717399906
63.835726674018524
65.64297372910524
66.49060083951716
66.83561924602779
66.4981202741852
66.24952830020754
66.02272336097626
65.65820588471787
65.53624951124378
66.21933252457322
67.31270311018568
67.26812023536856
71.02112361825881
66.47555941848101
60.868711174132805
59.295868321494375
61.53048025166064
57.0087712549569
56.60388679233962
49.38623289946298
48.92851929090027
45.94562003064057
45.28796749689701
43.77213725647858
43.60045871318328
43.60045871318328
43.60045871318328
43.70354676682432
48.88762624632127
48.88762624632127
54.99090833947008
55.27205442174191
54.506880299646575
52.62128846769148
52.182372502598994
54.58021619598075
54.653453687758834
54.286278192559855
54.230987451824994
54.543560573178574
53.637673327615545
52.91502622129181
51.536394906900505
46.24932431938871
47.89572005931219
65.09992319503918
65.49045732013177
64.49030934954492
64.47480127925948
65.28399497579785
66.36264009214823
66.73080248281148
68.6804193347711
69.1158447825099
69.46221994724903
69.77822009767804
69.77822009767804
69.77822009767804
69.7137002317335
66.18156843109719
66.18156843109719
61.18823416311342
60.572270883631234
59.321159799855565
59.321159799855565
58.60887304837041
56.991227395100026
66.20422947214173
66.90291473471092
68.0294054067798
68.06614430096654
68.06614430096654
67.55738301621814
67.55738301621814
68.2934843158555
68.21290200541243
52.62128846769148
52.1344415909483
52.09606511052442
53.094255809833136
52.09606511052442
50.714889332423866
50.950956811427986
48.49742261192856
47.8748368143433
47.37087712930804
49.4368283772331
50.19960159204453
52.24940191045253
53.665631459994955
53.665631459994955
54.49770637375485
55.04543577809154
55.04543577809154
55.04543577809154
55.04543577809154
57.201398584300364
57.41950887982237
46.36809247747852
45.35416188179427
45.48626166217664
46.46504062195577
50.6458290484024
66.71581521648372
72.16647421067486
72.43617880589781
73.4234295031225
73.7563556583431
76.15773105863909
75.20638270785267
74.52516353554684
74.52516353554684
74.52516353554684
74.03377607551839
73.89857914736926
73.89857914736926
74.16198487095663
76.32823854904552
75.82875444051551
75.79577824654879
77.23341245859851
78.23042886243178
77.78817390837762
77.94228634059948
79.56129712366435
80.0312438988674
84.71127433818948
84.05950273467003
83.54639429682169
83.5344240418284
84.55767262643882
83.72574275573791
83.40263784797217
80.93207028119323
70.58328414008518
66.09841147864296
65.02307282803544
62.960304954788775
69.30367955599472
66.65583245298194
66.65583245298194
66.85057965343307
67.07458535093602
67.07458535093602
67.07458535093602
67.07458535093602
71.04927867332644
70.83784299369935
67.87488489861327
68.1615727518079
66.64082832618455
64.03905058634146
62.960304954788775
63.111013301958636
63.14269553954757
61.13918547053109
61.237243569579455
57.5065213693195
57.5065213693195
57.436921923097515
57.436921923097515
57.33236433289665
61.37589103222861
63.047601064592456
63.41135544995076
67.5721836261046
70.03570517957252
70.42016756583301
72.20803279414278
71.33722730804723
74.57881736793632
77.47257579298626
81.87795796183488
82.87339742040264
84.49260322655469
85.9127464349732
87.74964387392122
87.57853618324526
89.20201791439474
91.13725912051558
92.08148565265441
92.63368717696602
92.4716172671377
92.37423883312923
92.15747392371387
91.67878707749138
93.27379053088815
93.06449376641986
92.69304181005174
92.43376006633075
92.43376006633075
92.5418824100742
91.6515138991168
90.01111042532472
88.44772467395643
88.1873006730561
83.15046602394962
81.02468759581859
80.77747210701756
79.06958960308319
73.96620850090939
71.55417527999327
69.0941386804988
63.84355879804947
62.617888817813075
60.41522986797286
58.5064099052403
56.06246516163912
51.66236541235796
49.77951385861457
44.384682042344295
43.174066289845804
42.261093218230876
43.139309220245984
43.139309220245984
44.395945760846224
44.53088815642464
41.30375285612676
42.35563716909474
39.230090491866065
38.65229618017538
41.255302689472536
41.012193308819754
40.8166632639171
38.2099463490856
38.157568056677825
39.698866482558415
39.84971769034255
43.42810150121693
43.31281565541543
43.243496620879306
42.7551166528639
42.13074886588179
41.0
40.64480286580315
40.162171256046406
40.53393639902249
40.34848200366403
39.8622628559895
39.293765408777
37.93415347678132
37.93415347678132
36.51027252705737
36.30426972134269
35.25620512760839
45.47526800360829
44.88875137492688
52.820450584977024
55.10898293381942
53.86093203798092
53.823786563191554
54.18486873657626
52.26853738148792
52.3450093132096
52.3450093132096
52.38320341483518
52.44044240850758
51.28352561983234
51.16639522186413
46.75467891024384
46.71188285650665
47.82258880487337
47.97916214358062
47.25462940284264
47.791212581394085
48.68264577855234
48.68264577855234
48.373546489791295
48.373546489791295
48.373546489791295
48.744230427815765
49.01020301937138
51.419840528729765
54.405882034941776
56.07138307550475
56.97367813297646
49.47726750741192
49.040799340956916
44.31703961232068
43.15089802078283
43.68065933568311
44.0
43.104524124504614
43.3589667773576
46.561786907291264
52.26853738148792
54.42425929675111
61.41661013113635
62.457985878508765
62.473994589749104
62.473994589749104
63.45076831686122
62.96824596572466
63.05553108173778
63.05553108173778
62.64982043070834
61.68468205316454
61.68468205316454
61.68468205316454
61.68468205316454
61.68468205316454
61.63602842493991
62.4099351065197
60.654760736483
58.0689245638319
56.382621436041795
55.560777532356404
56.089214649520635
56.10704055642215
52.933921071464184
51.31276644267
51.234753829797995
50.96076922496363
51.19570294468082
50.941142507800116
47.94788837894741
42.43819034784589
39.63584236521283
27.477263328068172
25.019992006393608
24.979991993593593
24.979991993593593
22.516660498395403
21.656407827707714
27.129319932501073
31.176914536239792
32.12475680841802
32.90896534380867
36.207733980463345
36.207733980463345
36.207733980463345
36.823905279043935
37.027017163147235
35.53871128783372
35.17101079013795
37.322915213043046
37.603191353926334
37.86819245752297
40.92676385936225
40.76763422127902
42.638011210655684
42.638011210655684
43.139309220245984
43.278170016764804
44.23799272118933
47.8748368143433
48.84669896727925
48.394214530251446
48.579831205964474
48.579831205964474
48.579831205964474
48.579831205964474
48.579831205964474
48.53864439804639
52.61178575186362
51.720402163943
49.749371855331
49.16299421312742
50.05996404313531
48.35286961494633
48.78524367060187
52.373657500693994
52.48809388804284
52.05766033928148
52.421369688324624
53.028294334251406
52.0
54.415071441651165
54.17564028232615
52.53570214625479
54.872579673275794
53.43220002957018
53.48831648126533
56.78027826631356
58.77924803874238
57.879184513951124
54.909015653169384
54.04627646748664
59.833101206606365
59.648973168026956
59.648973168026956
59.648973168026956
59.648973168026956
59.648973168026956
59.632206063502295
56.01785429664367
54.42425929675111
60.382116557802114
62.57795138864806
61.44916598294886
60.959002616512684
62.88083968904996
59.924953066314536
62.83311228962003
63.45076831686122
63.03967004989794
63.071388124885914
66.007575322837
63.86704940734306
63.97655820689325
63.4428877022476
63.118935352238
64.40496875241847
67.83804242458652
66.10597552415364
65.62773803811922
67.72001181334805
69.12307863514182
69.12307863514182
64.4437739428721
65.06150935845248
65.30696746902278
66.34003316248794
67.38694235532579
71.07038764492565
71.11258679024411
71.18286310622803
71.14070564732964
65.88626564011653
63.788713735268246
63.788713735268246
64.39720490828775
62.26556030423239
62.26556030423239
60.60528029800704
59.95831885568507
60.08327554319921
61.62791575252241
58.412327466040935
59.27900134111572
59.648973168026956
58.9406481131655
57.706152185014034
56.2672195865408
52.687759489277965
54.29548784199291
54.653453687758834
52.82991576748916
52.3450093132096
56.2672195865408
56.71860364994893
57.37595315112421
57.271284253105414
57.3410847473258
56.124860801609124
54.194095619356915
56.7626637852735
56.674509261219015
56.515484603779164
56.515484603779164
56.515484603779164
56.515484603779164
58.240879114244144
58.154965394194846
58.154965394194846
56.32051136131489
56.37375275782161
58.66856057549052
58.52349955359813
58.60887304837041
57.9396237474839
57.40209055426466
57.40209055426466
56.79788728465171
56.815490845367165
56.19608527290847
52.66877632905477
51.6817182376902
51.39066063011839
52.687759489277965
49.21381919745713
49.54795656734998
47.97916214358062
55.380501984001555
54.86346689738081
56.089214649520635
53.99073994677235
51.22499389946279
53.291650377896914
55.19963767997033
55.33534132902769
55.33534132902769
57.645468165329355
55.47071299343465
60.64651680022522
62.96824596572466
64.03124237432849
63.984373092185564
61.765686266729034
61.43289021363068
63.49803146555018
63.45076831686122
63.45076831686122
63.45076831686122
63.45076831686122
63.43500610861482
63.43500610861482
63.43500610861482
62.51399843235114
62.0644825967316
59.799665550904216
59.19459434779497
58.0
57.982756057296896
50.76416058598822
49.8998997994986
48.49742261192856
47.81213235152768
47.81213235152768
49.29503017546495
48.85693400122443
49.05099387372289
50.47771785649585
50.16971197844373
51.60426338976267
45.8475735453906
43.162483709814474
44.328320518603
47.31807265728392
50.68530358989675
52.630789467763066
50.89204259999789
54.00925846556311
54.83611948342078
55.4346462061408
55.4346462061408
55.4346462061408
55.46169849544819
55.70457790882182
55.70457790882182
55.70457790882182
55.70457790882182
55.70457790882182
55.70457790882182
55.70457790882182
55.70457790882182
56.24055476255546
57.41080037762929
59.19459434779497
62.57795138864806
59.87486951969081
59.38013135721409
62.91263784010332
62.03224967708329
60.4979338490167
60.249481325568276
59.94997914928745
59.54829972383762
57.61076288333631
55.344376408086845
52.278102490430925
48.620983124572874
47.7179211617606
44.9221548904324
43.95452195167182
43.197222132910355
43.197222132910355
43.197222132910355
43.162483709814474
42.8485705712571
43.289721643826724
44.40720662234904
46.69047011971501
47.32863826479693
47.34976240700686
49.39635614091387
49.52776998815917
49.9799959983992
49.21381919745713
47.05316142407437
42.49705872175156
42.15447781671598
42.930175867331364
39.408120990476064
45.17742799230607
46.411205543489174
47.18050444834179
47.22287581247038
49.06118628814432
49.68903299521938
52.191953402799555
53.19774431308154
53.422841556772326
54.74486277268398
56.098128311023
56.06246516163912
56.098128311023
57.175169435691224
58.84725991921799
59.590267661758325
59.724366886556446
59.42221806698232
59.08468498688979
57.766772456144714
57.47173218200405
57.61076288333631
58.489315263559035
59.89156868875618
60.21627686929839
61.37589103222861
61.71709649683789
62.57795138864806
62.69768735766894
63.671029518926424
64.89221833163049
60.852280154485584
61.93545026880809
60.266076693277455
60.28266749240614
59.253691868102194
59.87486951969081
57.67148342118486
58.33523806414096
61.83041322844284
63.48228099241551
62.39390995922599
62.39390995922599
62.864934582006846
62.0
60.69596362197407
60.266076693277455
60.35726965329032
60.340699366182356
59.85816569190874
60.25777958073132
60.0416522091123
59.89156868875618
57.33236433289665
55.749439459065414
54.4426303552648
52.592775169218825
52.191953402799555
51.21523210920751
51.068581339214816
48.13522618623496
44.81071300481616
45.044422518220834
44.170125650715555
44.01136216933077
44.844174649557324
45.110974274559844
43.9089968002003
43.749285708454714
41.60528812542944
35.45419580247167
30.166206257996713
28.792360097775937
30.01666203960727
28.948229652260256
29.732137494637012
30.364452901377952
30.463092423455635
30.01666203960727
33.28663395418648
33.31666249791537
31.78049716414141
32.37282811247729
38.07886552931954
39.14077158156185
40.19950248448356
43.3589667773576
46.850827100489916
46.9148164229596
54.064775963653084
54.15717865620402
54.147945482723536
53.96295025292817
53.67494760127857
51.720402163943
51.720402163943
50.90186637049765
50.12983143797713
49.73932046178355
49.759421218498915
49.8196748283246
49.8196748283246
49.678969393496885
50.039984012787215
53.99073994677235
54.08326913195984
53.563046963368315
55.02726596879042
54.644304369257
55.054518434003214
53.25410782277739
53.291650377896914
54.616847217685496
59.715994507334464
60.40695324215582
60.43177971895251
61.93545026880809
61.66846844214635
59.94997914928745
61.1228271597445
55.37147279962851
56.471231613982
56.50663677834667
56.471231613982
56.50663677834667
58.43800133474792
58.45511098270193
59.270566050949775
60.390396587537
61.25357132445422
63.071388124885914
63.13477647065839
68.86218120274728
76.4525996941896
77.9743547584717
74.93330367733695
76.66159403508382
78.46655338422862
77.47257579298626
77.47257579298626
77.3950902835574
78.20485918406861
79.04429138147802
78.88599368709251
77.25283166331187
75.94076639065476
75.43208866258443
73.66138744281159
72.07634840916957
73.83765976789893
73.32121111929344
75.1265598839718
74.23610981186985
74.23610981186985
74.23610981186985
74.29670248402684
72.84229540589725
72.84915922644544
72.18725649309579
71.25307010929424
71.14773362518304
69.52697318307479
69.42621983083913
65.16901104052447
55.71355310873648
53.43220002957018
53.54437412091022
51.93264869039514
53.65631370118525
53.094255809833136
53.39475629684998
59.388551085204966
58.215118311311535
57.99137866959192
56.94734409961539
53.637673327615545
50.92150822589606
50.92150822589606
53.0
53.056573579529235
51.45872132107443
57.0701322935211
54.83611948342078
57.148928248918196
61.1228271597445
61.96773353931867
62.23343153000644
62.37788069500277
62.5859409132754
64.02343321003646
64.72248450113763
64.02343321003646
64.35060217278468
65.27633568147036
63.953107821277925
63.953107821277925
63.76519426771944
63.52952069707436
63.00793600809346
60.975404877704584
60.96720429870473
64.61423991660043
60.63002556489647
64.37390775772433
63.80438856379708
64.69157595854347
64.69157595854347
64.69157595854347
65.5972560401729
63.914004725099176
64.07027391856539
63.047601064592456
58.077534382926416
57.73214009544424
57.148928248918196
54.101755978895916
53.879495172096775
55.036351623268054
56.630380539071076
56.418082207746124
54.78138369920935
53.95368384086484
53.95368384086484
53.786615435440815
52.905576265645195
52.79204485526205
52.79204485526205
52.640288753007425
52.640288753007425
52.49761899362675
51.65268628057983
51.507281038703645
46.95742752749558
45.31004303683677
41.09744517606904
40.64480286580315
39.242833740697165
42.790185790669334
43.034869582700026
41.54515615568198
41.52107898405339
41.20679555607303
40.54626986542659
39.56008088970496
39.05124837953327
36.51027252705737
37.17526059088221
36.08323710533743
33.58571124749333
30.331501776206203
30.24896692450835
31.701734968294716
34.11744421846396
36.373066958946424
38.88444419044716
44.05678154382138
49.457052075512955
50.149775672479336
51.21523210920751
54.36910887627275
54.53439281774392
53.36665625650534
53.36665625650534
52.97169055259611
54.20332093147061
57.59340239992772
59.472682804797024
59.55669567731239
57.810033731178535
57.62811813689564
59.18614702783076
59.295868321494375
61.927376821564145
65.3834841531101
66.01514977639603
71.34423592694787
71.72168430816443
73.64102117705865
75.1398695766768
75.71657678474378
76.32823854904552
76.66159403508382
76.17086057016817
75.77598564189053
75.45859791965393
74.03377607551839
70.8942874990644
69.67065379340143
69.73521348644456
69.46941773183363
68.68769904429759
72.20803279414278
72.29799443968
72.99315036357864
77.18808198161165
78.19207120929845
77.92303895511263
76.48529270389177
76.42643521714199
77.96794213008319
77.96794213008319
76.97402159170326
76.88953114696434
76.08547824650904
74.24957912338628
73.93240155709809
68.8040696470783
69.44062211702888
66.24952830020754
64.5445582524197
64.35060217278468
64.48255578061404
64.45928947793328
65.2916533716217
65.28399497579785
65.33758489567853
68.65129277733959
73.08214556237385
73.07530362578044
73.41661937191061
73.53230582539895
77.00649323271382
74.69270379361026


