Rainfall Prediction

98.98484732523458
99.38812806366765
99.34787365615834
93.34880824091971
93.74433316206373
92.44457799135652
93.16651759081692
93.26306878931231
92.61749294814668
92.62828941527529
92.48783703817492
93.20944158184835
92.41212041718337
92.5418824100742
89.57678270623477
87.95453370918409
87.21238444166057
78.62569554541314
76.07890640644094
75.98684096605149
76.96752561957543
76.18398781896364
75.77598564189053
75.2994023880668
73.1983606373804
70.54076835419359
64.86909896090742
63.13477647065839
60.778285596090974
59.94997914928745
57.810033731178535
46.58325879540846
45.27692569068709
48.394214530251446
47.58150901348127
44.78839135311738
43.58898943540674
41.08527716834828
38.88444419044716
38.88444419044716
43.3358973600409
45.32107677449864
46.021733996015406
50.695167422546305
52.66877632905477
55.49774770204643
59.430631832414505
59.91660871578097
61.155539405682624
61.62791575252241
61.886993787063204
61.741396161732524
62.22539674441618
62.03224967708329
62.41794613730894
65.23802572120036
65.95452979136459
71.04927867332644
71.47027354082255
75.03332592921628
78.52388171760232
80.43631020876082
80.49844718999243
82.07313811473277
80.85790004693419
82.8854631404084
84.67585252006619
84.3682404699778
83.98809439438426
83.916625289629
83.97618710086806
81.82909018191513
80.7465169527454
79.46068210127572
79.56129712366435
77.33045971672482
77.54998388136518
76.47221717722064
76.18398781896364
75.67033764957046
76.19711280619497
78.26876771739798
78.90500617831546
80.95677859203639
80.73413156775763
82.20705565825844
83.58229477586745
82.40145629781065
78.2559901860554
77.87168933572714
75.77598564189053
74.87322618933953
73.41661937191061
73.72923436466705
73.72923436466705
74.17546764261078
74.52516353554684
72.27724399837061
71.97221686178632
74.35052118176442
76.87652437513027
83.00602387778854
85.05292469985967
85.6971411425142
84.92349498224858
81.82909018191513
81.55979401641473
79.44809626416482
79.14543574963751
80.0
80.820789404707
82.35289915965315
80.17480901130978
79.13279977354523
78.30708780180757
81.43709228600933
80.2869852466762
78.48566748139433
79.81227975693966
79.89993742175271
80.34923770640266
80.48602363143554
80.52328855678958
84.26149773176358
83.92854103342914
82.26785520481253
81.91458966508958
80.02499609497022
81.44937077718895
82.04876598706406
81.20344820264715
82.95782060782456
77.33045971672482
78.48566748139433
79.2464510246358
80.84553172563095
81.17881497040962
82.09750300709517
82.09750300709517
81.7312669668102
83.15046602394962
82.04876598706406
79.98749902328488
80.19975062305369
79.84985911070852
78.63841300535
78.29431652425353
77.64019577512668
76.9285382676676
76.94153624668537
79.1580697086532
78.86697661252141
78.02563681252464
81.62107570964744
80.90735442467513
81.6333265278342
86.60254037844386
88.02272433866155
89.40917178902845
88.57764955111419
88.2269800004511
88.57764955111419
87.38420909981392
93.637599285757
90.70832376358854
95.69743988216194
96.17692030835673
97.18024490605073
96.68505572217457
98.48857801796105
98.39715443040006
96.37427042525407
100.65783625729296
103.11159003720194
104.41264291262816
105.09995242624994
107.99074034379059
106.6302021005306
106.6302021005306
106.15083607772479
105.17604289951205
103.82677881933928
103.97114984456024
103.53743284435828
100.42907945411031
97.89790600416333
97.29337079164233
100.00999950005
100.12991560967181
98.8736567544662
98.46826900072936
98.56977224281286
97.76502442080194
95.47774609824009
89.16277250063504
90.78546139112804
88.67919710958145
94.15943925066674
94.30800602281866
97.08758932015976
99.80981915623332
100.81666528902848
102.4792661956554
99.58915603618699
96.85040010242601
96.37427042525407
95.82275303913993
95.17352573063583
94.42457307290302
95.80187889597991
99.20685460188726
99.15644204992432
100.70749723828906
104.62313319720452
106.46126055988628
105.67875850898325
105.27107864936124
106.02829810951414
99.9799979995999
99.61927524329818
102.61578825892242
102.84940447080868
102.55730105653132
102.1077861869505
102.0196059588548
101.75460677532
100.30952098380293
98.28529900244492
91.13725912051558
92.09777413162601
88.60022573334675
83.43860018001261
81.21576201698781
79.51100552753688
78.587530817554
78.90500617831546
78.91767862779544
80.96912991998865
77.92303895511263
77.92303895511263
76.3544366752843
71.2460525222275
71.27411872482185
69.54135460285484
63.05553108173778
59.89991652748775
62.83311228962003
64.18722614352485
63.245553203367585
68.22023160324215
68.20557161991974
63.02380502635492
63.671029518926424
64.07807737440318
63.90618123468183
64.60650122085238
65.31462317123173
66.7233092704491
63.968742366877905
63.93746945258312
60.29925372672534
60.76183012385325
60.76183012385325
60.76183012385325
61.05735008989499
71.30217387990355
73.56629663099808
72.40165743959182
69.75672010638115
69.22427319950712
69.26759704219572
69.12307863514182
69.12307863514182
68.97825744392213
67.6904720030818
67.6904720030818
68.14690014960328
65.45227268781429
71.27411872482185
74.06753674856482
76.68115805072325
74.91328320131217
74.91328320131217
74.55199527846321
81.69455306200041
88.55506761332182
96.1977130705299
100.637965003273
100.0199980003999
100.02999550134949
100.02999550134949
100.02999550134949
100.0499875062461
100.269636480841
100.32945728947207
102.04900783447137
94.37160589923221
92.33634170791044
92.16289925995167
92.16289925995167
93.12357381458253
94.23375191511798
95.4148835350125
95.68698971124549
97.83659846908007
99.498743710662
99.76973488989535
99.82985525382675
99.37806599043876
94.40338976964757
92.01086892318754
85.97674104081871
86.74099376880577
87.45284443630179
87.36131867136622
84.42748367682174
80.12490249604052
74.97999733262199
74.56540752922899
78.16648898345122
78.44743462982075
78.44743462982075
80.03749121505496
80.73413156775763
82.66801074176153
85.82540416450132
84.39194274336857
84.39194274336857
85.86035173466273
85.79044235810886
85.79044235810886
85.93020423576334
85.34635317340748
84.77027781009096
84.4630096551147
82.42572413997951
80.4114419718985
80.0749648766704
80.72174428244226
80.48602363143554
80.46117075956576
80.46117075956576
79.8373346248483
78.66384175718855
77.87168933572714
78.37091297158659
76.57675887630658
75.76278769950325
73.824115301167
70.28513356322232
69.81403870282824
75.97367965289031
76.4198926981712
78.62569554541314
77.7303029712351
77.07139547199077
75.0066663703967
75.63068160475615
75.68355171369801
73.9459261893446
73.9459261893446
73.9459261893446
72.56721022610694
72.34638899074369
71.55417527999327
72.24956747275377
76.44605941446557
77.38216848861241
79.79974937304002
80.56053624449132
81.47392220827471
83.22259308625273
83.22259308625273
83.46256645946133
84.05950273467003
84.7938677028003
84.68766143896052
82.3164625090267
83.2946576918352
81.24038404635961
82.13403679352427
80.61017305526642
74.56540752922899
74.10802925459562
71.40028011149536
74.95331880577403
76.52450587883597
79.61155694998057
83.36666000266533
90.60905032059435
93.94679345246436
94.678403028357
99.38812806366765
102.58654882585728
104.64224768228175
104.9285471165974
111.72287142747452
110.89634800118532
112.1427661510095
111.15754585272202
112.37437430304117
111.71392035015153
110.4445562261898
113.65737987477979
115.57681428383462
116.63618649458667
119.26441212700459
120.5902151917808
120.94626906192683
119.78313737751236
121.37545056559007
119.73303637676612
119.26441212700459
119.15536076903967
119.20570456148481
118.36384583140241
116.00862036935014
113.85077953180645
110.77003204838391
107.05138952858108
101.04454463255303
100.13990213696037
102.29369482035537
98.98484732523458
96.23928511787689
93.85094565320053
93.46657156438339
86.23224454924039
83.18653737234169
81.91458966508958
81.54753215150045
78.26876771739798
77.93587107359485
78.3198569968051
73.85120175054702
71.93052203341777
72.069410986909
68.11754546370561
69.8426803609369
73.18469785412795
71.93052203341777
72.0832851637604
72.36021006050217
75.33923280734945
78.39642849007855
79.30952023559341
81.25269226308751
82.47423840206105
89.1852005660132
90.24411338142782
92.10863151735563
93.04837451562494
92.0
90.76342875850384
89.38679992034618
88.99438184514796
88.6227961644181
88.9606654651369
87.64701934464172
88.23831367382311
87.02873088813831
86.48699324175861
86.49855490122364
91.29074432821763
91.33454987024352
91.44397191723465
90.93954035511726
90.15542135667715
89.24124606929242
86.34813257969161
83.88086790204308
85.56868586112562
84.67585252006619
83.70185183136631
82.80096617793781
80.53570636680354
79.81227975693966
77.87168933572714
76.57675887630658
69.2098258919931
67.67569726275453
64.60650122085238
63.118935352238
61.09009739720506
58.34380858325929
58.957611891934704
61.773780845922005
63.592452382338585
63.118935352238
62.80127387243033
61.96773353931867
61.96773353931867
62.57795138864806
66.52818951391959
66.07571414672717
67.77905281132217
67.77905281132217
67.11184694225007
65.4217089351845
65.39113089708727
65.31462317123173
66.82813778641449
65.34523701081817
66.73829485385434
67.23094525588644
63.71812928829596
62.928530890209096
63.56099432828282
63.51377803280167
63.51377803280167
73.47108274688756
77.67882594375381
83.73768566183328
84.62860036654276
86.22064717919949
90.74139077620532
93.33809511662427
93.34880824091971
93.74433316206373
94.42457307290302
94.74175425861608
95.18403227432636
96.99484522385713
97.75479527879949
95.23654760647301
90.98351499035417
90.89554444525871
92.5526876973327
93.09135298189624
95.14199913813037
95.56149852320232
95.50916186418976
95.04735661763561
95.0263121456368
92.99462350050136
93.57350052231668
94.29740187301027
94.678403028357
96.54014708917737
100.90589675534329
101.81355508968342
95.60334722173695
95.17352573063583
90.64215354899729
93.06986622962343
95.66608594481119
94.95261976375376
94.02127418834527
94.53041838477179
93.71232576347681
100.29955134495867
100.14988766843426
101.23240587875011
100.48880534666536
100.25966287595426
101.22252713699653
102.80077820717118
101.6070863670443
101.68579055108928
103.70149468546728
102.60604270704528
102.79105019407089
104.8713497576912
103.95191195932858
103.89417693018218
103.25696102442683
102.3132444994293
101.56771140475698
102.19589032832974
102.64501936285072
98.41747812253675
97.98979538707079
96.98453484963466
94.41398201537736
95.40440241414439
92.75774900244184
89.21883209278185
86.86771552193599
85.89528508596965
83.10234653726692
82.30431337420902
73.2666363360568
73.15736463268753
72.069410986909
72.62231062146122
71.55417527999327
69.65629906907199
67.55738301621814
67.24581771381771
64.45153217728807
62.849025449882674
61.56297588648554
63.82789358893179
59.51470406546604
59.682493245507096
60.43177971895251
60.991802727907626
62.0
62.0
60.36555309114628
60.398675482166
61.644140029689765
61.90315016216864
64.03124237432849
63.85922016435841
61.886993787063204
61.773780845922005
70.58328414008518
70.3846574190711
70.65408693062278
78.80355321938218
79.44809626416482
81.49846624323675
81.47392220827471
81.57205403813245
80.1373820385967
79.97499609252883
80.47359815492284
80.26207074328447
81.37567204023571
81.37567204023571
82.13403679352427
83.21057625085888
85.32291603080617
85.75546629807339
85.24083528450434
84.26149773176358
84.3682404699778
85.0881895447306
89.47625383307015
92.88702815786498
90.44335243676011
90.46546302318913
90.01111042532472
88.94942383174835
91.76055797563569
91.48770409186143
91.68424073961675
84.64041587799531
83.19855767980596
83.2586331859946
77.45966692414834
80.37412518964048
85.45174076635303
87.8521485223896
88.14760348415605
89.23003978481687
89.57678270623477
89.66604708583958
91.15920140062659
90.27735042633894
90.92854337335444
88.47598544237866
88.03408430829505
83.72574275573791
82.98192574289898
83.09031231136396
89.43153806124549
88.94942383174835
87.55569655939013
83.06623862918075
79.435508432942
78.87965517166008
78.35815209663893
80.29943959953893
87.50999942863673
86.95976080923866
86.94826047713663
86.93675862372602
87.0976463516667
88.46468221838589
87.01723967122837
85.45174076635303
82.0
75.35250493513803
72.60853944268538
71.84705978674423
70.17121917139534
70.8801805866774
72.85602240034794
70.97887009526144
71.16178749862878
71.88880302244571
72.5120679611332
72.63607918933951
72.74613391789285
75.16648189186454
75.55130707009641
76.94153624668537
77.03246069028303
78.2559901860554
79.68688725254614
80.56053624449132
81.8535277187245
81.87795796183488
79.66178506661774
71.33021800050803
70.92249290598858
76.49836599562111
76.4198926981712
76.06576102294646
74.47147104764348
89.43153806124549
93.13431161500041
93.53074360871938
94.6044396421225
94.73119866232032
95.42536350467836
97.38583059151881
96.56086163658648
95.96874491208062
96.30160954002794
96.11451503285026
95.05787710652916
94.51983918733676
93.89355675444402
93.59487165438073
93.54143466934853
93.3702308018996
86.45229898620394
86.69486720677297
86.05811989580066
84.970583144992
84.6640419540669
85.19389649499546
85.82540416450132
85.94184079946159
88.80315309717331
87.8521485223896
82.90958931269651
83.2586331859946
86.17424209124209
87.95453370918409
74.80641683706017
73.78346698278686
74.41773982055622
72.80109889280519
73.29392880723478
73.3621155638249
73.67496182557545
74.91328320131217
73.66138744281159
73.22567855609124
73.37574531137656
73.15736463268753
73.18469785412795
73.32121111929344
73.40299721401027
71.20393247567159
70.79548008171143
72.42927584892728
72.42927584892728
71.87489130426563
71.596089278675
70.75309180523492
69.13754406977442
67.6904720030818
67.54257916307313
63.340350488452465
61.69278726074872
61.40032573203501
60.74537019394976
57.982756057296896
56.60388679233962
53.777318638995006
49.15282290977803
47.686476070265456
46.73328578219169
45.58508528016593
45.232731511594565
41.182520563948
39.698866482558415
41.66533331199932
44.15880433163923
45.91296113299599
46.79743582719036
48.518037882832814
48.31148931672465
51.28352561983234
52.592775169218825
52.97169055259611
53.75872022286245
53.34791467339656
54.01851534427802
54.38749856354859
59.49789912257407
60.18305409332431
61.61168720299745
62.928530890209096
65.58963332722634
72.81483365359011
74.4983221287567
73.91887445030531
72.6773692424265
71.66589146867567
71.9444229944198
75.59100475585703
75.41883053985921
75.69676347110224
76.66811592833099
76.31513611335565
77.67882594375381
77.64019577512668
79.74960814950754
84.3682404699778
84.5694980474639
84.08329203831163
87.71544903835355
88.05679985100527
89.53211714239757
89.86656775464388
90.19977827023745
89.36442245099556
90.5317623820502
90.1443287178955
89.92218858546538
86.62563131083085
87.20091742636656
86.22064717919949
85.26429498916883
85.60373823613078
84.14273587185052
83.57032966310472
84.5103543951864
87.31551981177229
88.75809822207775
88.82567196480981
85.41662601625049
85.41662601625049
85.94184079946159
85.90692637965812
92.05433178292046
94.18067742376883
95.00526301210897
91.94563611178074
86.49855490122364
85.79044235810886
86.11620056644394
82.30431337420902
81.93900170248598
81.14185110040317
85.18215775618742
84.71127433818948
83.21057625085888
83.3186653757728
88.39683252243827
89.45389874119518
90.37698822156003
89.19641248391103
92.28217596047462
93.35952013587045
91.30169768410661
87.71544903835355
88.36288813749809
88.11356308764276
85.33463540673272
83.7973746605465
83.48652585896721
86.11620056644394
87.61278445523804
89.2972563968233
90.33271832508971
83.11437902072059
79.56129712366435
79.48584779695062
79.58643100428615
79.62411694957753
79.14543574963751
78.9430174239622
78.87965517166008
78.93034904268447
76.13146524269712
70.54076835419359
70.78135347674555
70.76722405181653
69.05070600652827
64.1404708432983
62.65780079128216
61.318838867023565
60.8276253029822
56.2672195865408
54.46099521676041
54.27706698044764
58.20652884342099
56.05354582896607
56.674509261219015
59.88321968631947
62.99206299209449
65.0384501660364
62.70566162636353
63.592452382338585
60.530983801686226
58.18934610390462
59.447455790807396
58.872744118140105
57.18391382198319
57.043842787806646
58.412327466040935
58.63446085707619
58.60034129593445
59.312730505347666
59.262129560116215
71.84705978674423
72.84229540589725
72.93833011524188
72.92461861401813
73.30757123244501
74.48489779814429
74.48489779814429
75.69676347110224
76.02631123499285
79.74960814950754
81.33879763065102
82.46211251235322
83.70185183136631
85.17041739947034
84.22588675698226
82.10968274204937
84.34453153583817
83.66600265340756
82.6922003577121
80.46117075956576
80.14985963805552
81.7312669668102
81.25269226308751
81.90238091777309
82.20705565825844
82.64381404557754
81.87795796183488
81.68231142664855
81.57205403813245
80.18728078691782
83.66600265340756
77.34339015067803
75.92101158440923
77.70456872024965
79.06958960308319
85.24083528450434
84.35638683585256
84.545845551393
90.13323471394999
91.00549433962765
89.01685233707154
90.33271832508971
91.68424073961675
87.49857141690943
85.9534757877772
87.82938005018595
89.78864070694021
90.44335243676011
89.76636341080105
90.3216474606171
90.50966799187809
90.73036977771004
89.1852005660132
88.84818512496471
88.50988645343524
92.97311439335567
93.00537618869137
93.13431161500041
93.10209449845905
95.29952780575567
95.77055915050303
93.44517108978933
90.033327162779
90.86253353280438
91.07140056021979
90.2551937563706
84.545845551393
83.7973746605465
84.0
77.110310594628
75.69676347110224
74.28324171709255
70.8942874990644
67.92643079096678
68.81860213634101
69.44062211702888
66.87301398920195
64.94613152451807
58.25804665451803
58.034472514187634
57.54997827975264
57.63679380395825
57.28874234961002
58.51495535331117
59.447455790807396
61.85466837676846
54.80875842417888
54.91812087098393
54.84523680320835
58.360945845659494
56.7097875150313
57.758116312774604
57.113921245174545
67.15653356152326
66.18156843109719
65.57438524302
66.12110101926616
66.46803743153546
66.4529909033446
68.96375859826666
69.35416353759881
69.89992846920518
69.61321713582845
70.45565981523414
70.3420215802759
70.68238818828917
72.49827584156743
73.32121111929344
73.13002119512889
73.17103251970687
73.17103251970687
72.9520390393579
73.85120175054702
74.41773982055622
73.60706487831179
72.78736154031138
70.21395872616783
71.17583859709698
72.18032973047436
71.93052203341777
71.10555533852471
72.13875518748573
72.0832851637604
72.31873892705818
63.02380502635492
62.83311228962003
60.398675482166
59.177698502053964
61.93545026880809
63.30876716537765
61.95159400693416
61.773780845922005
67.40919818541087
73.28028384224504
73.49829930005184
75.09993342207434
75.27283706623525
72.99315036357864
73.15736463268753
74.36396977031282
74.06753674856482
74.06753674856482
75.15317691222374
74.05403432629447
75.59100475585703
76.2102355330306
76.79843748410511
76.77239087067694
75.55130707009641
75.77598564189053
78.4219357067906
78.2559901860554
75.85512507405153
74.59222479588607
73.97296803562772
73.95944834840239
73.95944834840239
73.95944834840239
74.444610281739
71.34423592694787
69.44062211702888
67.97058187186572
67.85278181474949
62.03224967708329
55.31726674375732
54.36910887627275
52.87721626560914
51.49757275833493
52.32590180780452
51.146847410177685
48.47679857416329
49.09175083453431
49.09175083453431
50.15974481593781
55.58776843874919
58.61740355901138
62.65780079128216
65.1766829472013
71.02112361825881
73.51190379795642
74.14849964766651
79.96249120681522
80.7093550959243
84.03570669661795
86.91375035056306
87.45284443630179
87.45284443630179
87.46427842267951
87.56711711595854
87.1550342780037
87.1550342780037
87.04022058795577
86.84468895678077
86.47543003651384
86.1278120005379
85.90692637965812
86.2670273047588
86.37129152675674
86.08135686662938
85.53361912137238
85.5102333057278
85.82540416450132
86.16263691415206
86.16263691415206
84.52218643646175
81.14185110040317
77.18808198161165
73.57988855658861
70.7248188403477
65.68104749469211
62.88083968904996
60.29925372672534
48.373546489791295
44.181444068749045
37.416573867739416
41.42463035441596
49.37610758251404
57.879184513951124
58.20652884342099
58.497863208838666
61.40032573203501
62.321745803531535
62.44997998398398
62.44997998398398
62.44997998398398
65.11528238439882
66.79820356865893
66.51315659326356
66.06057825965497
65.83312236253116
65.92419889539804
65.7875368135941
67.60177512462228
71.02112361825881
73.51190379795642
75.98684096605149
78.05126520435142
80.57294831393475
86.1974477580398
86.47543003651384
86.30179604156567
86.30179604156567
86.04649905719582
85.89528508596965
85.89528508596965
85.89528508596965
80.9814793641114
76.86351540230254
72.04165461731151
78.587530817554
85.27602242131137
86.0
86.4060183089118
87.36131867136622
87.76103919165953
87.76103919165953
85.871997764114
84.62860036654276
84.22588675698226
85.25256594378845
85.25256594378845
86.23224454924039
86.2902080192185
86.4175908018732
86.54478609367523
84.5103543951864
83.90470785361212
82.19489035213807
79.5989949685296
73.37574531137656
73.0479294709987
73.38937252763509
74.59222479588607
76.86351540230254
78.53661566428744
78.95568377260753
78.95568377260753
79.22120928135344
78.19207120929845
77.20103626247513
71.48426400264607
63.103090257134
59.262129560116215
59.91660871578097
58.957611891934704
59.38013135721409
59.54829972383762
60.315835400000886
60.249481325568276
63.93746945258312
62.51399843235114
63.103090257134
61.69278726074872
62.44997998398398
60.13318551349163
54.84523680320835
55.299186250793966
57.0087712549569
57.463031594234565
57.93099343184095
59.447455790807396
59.665735560705194
58.855755878248644
59.04235767650204
57.09640969448079
55.20869496736904
54.607691765904185
54.75399528801528
54.36910887627275
55.06359959174482
55.136195008360886
53.81449618829484
53.62835071116769
54.772255750516614
53.178943201233324
53.34791467339656
52.21110992882645
52.01922721455981
52.24940191045253
52.230259428802384
49.03060268852505
51.478150704935004
53.47896782848375
57.82732917920384
57.09640969448079
57.0087712549569
56.868268832451726
56.32051136131489
52.076866265166146
50.91168824543142
50.23942674832188
47.853944456021594
49.03060268852505
49.69909455915671
48.373546489791295
47.138094997570704
46.9041575982343
47.56048780237646
50.67543783727971
50.67543783727971
49.879855653359705
50.93132631298737
50.61620293937506
50.950956811427986
50.21951811795888
55.641710972974224
60.23288138550239
62.30569797378086
64.1248781675256
64.51356446515724
69.59885056522126
70.8942874990644
70.45565981523414
68.61486719363377
65.09992319503918
65.57438524302
65.39113089708727
65.39113089708727
65.39113089708727
65.39113089708727
65.39113089708727
66.3023378170031
66.91786009728644
66.84309986827361
66.85805860178712
67.29041536504289
71.442284397967
77.9487010796203
79.66178506661774
78.66384175718855
82.37718130647589
82.75264346230881
86.6371744691619
91.96738552334735
93.26306878931231
93.28451104015072
92.2496612459905
89.3420393767682
94.87887014504336
94.97368056467013
95.94790253048787
92.32551110067033
91.57510578754469
91.82592226599198
91.94563611178074
93.10209449845905
92.66067126888301
92.77930803794561
92.97311439335567
93.02687783646186
93.08061022576076
93.09135298189624
92.44457799135652
91.83681179135085
91.45490692138941
90.9065454189081
90.19977827023745
87.64701934464172
81.75573374387878
79.6994353806851
78.66384175718855
74.79304780526061
78.95568377260753
73.63423117002037
67.32013071882734
67.58698099486321
67.17142249498666
63.56099432828282
62.849025449882674
51.73006862551025
49.27473997901968
46.73328578219169
46.75467891024384
44.83302354291979
43.22036556994862
47.66550115125194
45.51922670696417
47.15930449020638
56.16048432839589
56.302753041036986
63.35613624582863
66.7233092704491
68.39590631024637
69.32532004974806
70.55494312945054
71.386273190299
71.93052203341777
74.60562981437795
74.31016081263719
76.56369897020389
76.56369897020389
77.1621668954417
77.17512552629896
73.44385610791416
74.67261881037788
91.804139340228
90.80748867797193
92.53107586103168
92.84395510748128
93.35952013587045
93.35952013587045
93.46657156438339
94.55157322858251
94.96315074806648
95.01578816175763
94.59386872308374
92.32551110067033
92.15204826806618
91.32360045464699
86.47543003651384
86.31338250816034
81.21576201698781
78.40918313565064
76.95453203028396
76.11832893594026
74.97999733262199
74.4043009509531
83.88086790204308
82.51060537894507
83.73768566183328
82.17055433669655
82.17055433669655
81.60882305241266
82.10968274204937
82.0
82.06095295571457
62.976185975335156
62.14499175315739
61.237243569579455
62.22539674441618
61.44916598294886
63.00793600809346
63.229739838148944
60.61352984276695
59.94997914928745
59.833101206606365
59.565090447341724
59.312730505347666
59.312730505347666
59.413803110051795
59.89991652748775
60.69596362197407
61.35144660071187
61.35144660071187
61.335144900782616
61.82232606429493
62.67375846396959
61.95159400693416
48.60041152089147
50.0
50.19960159204453
51.710733895391584
56.515484603779164
75.20638270785267
80.58535847162312
80.19975062305369
80.59776671843954
80.56053624449132
84.08329203831163
83.37865434270333
83.84509526501833
84.11896337925236
82.95782060782456
82.66801074176153
82.94576541331088
83.3186653757728
84.71127433818948
90.50966799187809
90.80748867797193
91.13725912051558
93.58418669839472
94.72064188971694
94.94208761134337
95.3205119583398
97.63196197967139
99.498743710662
105.26157893552613
105.6882207249228
106.02829810951414
105.57461816175325
105.56514576317318
105.36602868097478
104.97618777608568
103.07278981380101
91.57510578754469
89.83317872590283
89.53211714239757
88.41945487278238
90.1665126307988
87.60136985230311
90.15542135667715
89.00561780022652
88.75809822207775
89.31965069345043
89.31965069345043
89.06177631284928
92.74696760541555
91.76055797563569
87.54427451295716
87.62419757121887
87.28115489611719
84.8174510345601
82.75264346230881
81.76796438703852
80.83316151184488
78.35815209663893
76.52450587883597
69.92853494818836
69.7853852894716
70.63993204979744
70.69653456853455
70.41306696913578
73.28028384224504
74.83314773547883
74.26977851050857
79.94998436522674
78.95568377260753
79.38513714795737
81.25269226308751
84.78207357690657
87.76103919165953
88.84818512496471
92.5526876973327
93.71232576347681
95.48821916864928
96.9639108122192
99.05553997631834
100.31948963187563
105.15702544290609
105.97169433391164
106.29205050237765
106.38608931622592
106.19792841670689
106.15083607772479
106.18851161966627
106.58330075579383
106.73331251301067
106.33908030446756
105.32805893967665
105.43244282477761
104.56576877735849
105.08092119885512
104.37432634513145
101.19288512538814
99.37806599043876
99.2874614440313
93.90420650854784
91.46584061823299
91.12628599915614
89.1403387922662
83.11437902072059
79.03163923391695
74.2563128629479
69.35416353759881
68.23488843692792
64.97691897897283
63.419239982831705
60.69596362197407
52.53570214625479
43.05810028322197
40.718546143004666
39.97499218261337
42.661458015403085
45.4972526643093
45.43126676640219
45.69463863518345
44.76605857119878
44.294469180700204
44.58699361921591
44.85532298401161
45.760244754590204
46.776062254106
45.47526800360829
44.45222154178574
45.69463863518345
46.021733996015406
48.29078587059855
49.77951385861457
55.136195008360886
55.89275444992848
56.85068161420758
56.88585061331157
57.0087712549569
57.0087712549569
56.83308895353129
56.2672195865408
56.60388679233962
55.85696017507576
55.20869496736904
54.662601474865795
53.36665625650534
51.02940328869229
50.27922035990614
49.839743177508446
47.49736834815167
58.1033561853358
58.48076606885378
66.4981202741852
67.6904720030818
67.60177512462228
66.9776081985614
65.86349520030045
65.25335240430181
65.23802572120036
65.1766829472013
64.17164482853778
63.796551630946325
61.91930232165088
63.30876716537765
58.70264048575669
57.879184513951124
59.22837157984339
67.36467917239716
67.468511173732
67.85278181474949
68.17624219623724
68.42514157822401
68.13222438758329
68.9492567037528
69.91423317179414
69.98571282769076
70.14271166700073
70.14271166700073
70.14271166700073
68.86218120274728
69.54135460285484
61.40032573203501
61.106464469808756
53.103672189407014
53.34791467339656
54.037024344425184
55.71355310873648
54.954526656136345
54.71745608121781
54.71745608121781
54.607691765904185
54.607691765904185
63.984373092185564
65.49809157525127
62.83311228962003
63.968742366877905
64.1248781675256
62.25752966509352
54.16641025580336
55.67764362830022
55.62373594069352
57.810033731178535
58.92367945062494
60.29925372672534
65.08456038109192
70.17121917139534
70.61161377563892
71.49825172687791
75.17978451685
76.6550715869472
77.70456872024965
76.95453203028396
77.75602870517501
77.52418977325722
76.95453203028396
77.13624310270757
76.87652437513027
77.110310594628
77.9487010796203
78.75277772878871
79.67433714816836
79.77468270071653
81.52300288875527
74.41773982055622
73.08898685848642
74.04052944165107
74.32361670424818
74.28324171709255
74.1215218408257
76.2102355330306
77.45966692414834
78.2815431631237
77.14920608794364
78.80355321938218
77.79460135510689
73.43023900274328
68.19090848492928
68.60029154456998
67.85278181474949
64.0
64.89992295835181
63.702433234531945
64.01562309311689
66.0
68.87670143089025
70.45565981523414
68.78953408767936
70.19971509913698
68.76045375068433
68.1615727518079
70.21395872616783
69.16646586316233
69.05070600652827
66.9776081985614
66.94774081326419
66.94774081326419
65.69627082262737
64.82283548256741
64.8074069840786
64.88451279003334
61.6765757804371
58.974570791146924
57.48043145279966
57.82732917920384
54.055527006958314
55.00909015790027
58.51495535331117
61.806148561449774
60.844062980705026
60.67948582511226
60.41522986797286
58.20652884342099
60.530983801686226
60.89334939055332
57.63679380395825
54.12947441089743
52.55473337388365
54.01851534427802
57.844619455918284
60.71243694664216
62.81719509815764
61.87083319303208
61.93545026880809
71.88880302244571
72.29107828771127
72.3325652801005
72.3325652801005
72.24956747275377
71.74956445860839
71.66589146867567
71.55417527999327
71.77743377970545
74.43117626371358
75.24626236564843
75.15317691222374
75.15317691222374
74.43117626371358
71.34423592694787
68.97825744392213
70.28513356322232
70.28513356322232
71.98610977126073
73.62064927722385
72.75987905432498
72.30490993010088
71.95832127002409
72.52585745787498
74.5385806143369
73.38937252763509
68.7749954561976
66.31741852635702
63.57672530100933
61.44916598294886
63.74950980203691
57.41080037762929
58.92367945062494
59.0592922409336
59.0592922409336
59.481089431852205
59.481089431852205
60.43177971895251
60.794736614282655
61.13918547053109
59.19459434779497
58.309518948453004
58.787753826796276
61.59545437773797
61.773780845922005
65.55913361233506
65.7723346096214
68.41052550594829
68.67313885355759
66.90291473471092
64.4980619863884
63.103090257134
63.03967004989794
64.32728814430156
67.02238432046416
65.68104749469211
67.32013071882734
71.84705978674423
73.66138744281159
74.57881736793632
75.65712127751095
77.43384273042376
75.07329751649384
74.57881736793632
74.43117626371358
74.47147104764348
74.47147104764348
82.35289915965315
84.4748483277715
84.30895563343196
84.10707461325711
83.916625289629
83.84509526501833
82.71638289964086
83.3186653757728
83.94045508573325
82.38931969618392
81.4616474176652
78.08969202141856
80.06247560499239
82.0
82.1462111116514
82.3407554009556
82.75264346230881
81.75573374387878
79.13279977354523
78.06407624509497
76.58981655546643
72.24956747275377
70.19971509913698
69.61321713582845
69.65629906907199
66.58828725834597
65.20736154760442
64.1404708432983
67.03730304837748
67.85278181474949
68.83313155741209
59.91660871578097
55.910642993977454
62.080592780675026
65.57438524302
64.60650122085238
64.74565622495459
68.54195795277518
66.04543890383347
70.04284403134984
71.79136438319027
73.48469228349535
73.43023900274328
71.20393247567159
71.28814768248647
74.04052944165107
75.84194090343416
75.3657747256671
76.39371701913711
77.9487010796203
77.93587107359485
77.93587107359485
77.93587107359485
77.9487010796203
77.60154637634484
76.34133873596926
75.35250493513803
75.40557008603542
75.33923280734945
72.8285658241325
72.60853944268538
71.33021800050803
70.71067811865476
71.48426400264607
68.044103344816
65.28399497579785
70.54076835419359
72.97944916207575
70.42726744663604
71.63797875428926
69.29646455628166
66.37770710110436
69.29646455628166
73.1983606373804
75.8814865431615
80.43631020876082
86.76404785393545
88.7130204648675
90.65318527222306
91.36739024400336
91.68424073961675
92.57429448826494
95.18403227432636
96.52978814852958
97.62171889492625
99.76973488989535
101.36074190730847
103.10189135025604
103.22790320451152
103.9038016628843
104.90948479522717
105.92450141492289
108.2497113160123
112.0267825120404
111.73182178770737
110.75197515168747
110.78808600206071
108.44353369380767
106.70520137275409
106.51760417883985
105.61249926026748
104.55620498086185
104.19213022104884
102.0
99.23708984044222
96.93296652842108
93.27379053088815
85.48684109265004
82.25569889071517
80.51086883148137
79.10752176626443
77.18808198161165
76.77239087067694
74.5385806143369
74.3774159271482
73.15736463268753
70.25667228100119
68.05879810869422
65.39113089708727
65.26867548832288
66.09084656743322
66.12110101926616
66.24198064671678
62.99206299209449
56.302753041036986
55.87486017879597
55.51576352712804
56.28498911788115
54.47935388750494
57.54997827975264
57.253820833198546
59.04235767650204
58.01723881744115
60.01666435249463
59.0592922409336
59.36328831862332
59.36328831862332
56.40921910468182
55.98214000911362
55.06359959174482
54.99090833947008
54.71745608121781
55.06359959174482
54.16641025580336
52.744667976962376
50.51732376126036
52.24940191045253
52.744667976962376
56.65686189686118
57.810033731178535
58.66856057549052
56.639209034025185
59.262129560116215
56.586217403180434
56.42694391866354
56.124860801609124
56.65686189686118
56.78027826631356
58.56620185738529
62.25752966509352
59.565090447341724
63.08724118235002
60.860496218811754
62.19324722186485
61.43289021363068
62.27358990776106
62.048368229954285
62.976185975335156
66.06057825965497
69.62758074211685
70.8660708661063
71.11961754677819
71.54019849007969
71.2460525222275
71.69379331573968
72.04165461731151
72.26340706055866
71.88880302244571
72.86974680894672
71.27411872482185
70.3420215802759
70.48404074682438
70.61161377563892
66.85805860178712
66.87301398920195
66.84309986827361
68.83313155741209
68.54195795277518
71.88880302244571
70.21395872616783
67.3349834781297
68.58571279792899
68.60029154456998
69.77105417004964
69.68500556073738
69.75672010638115
69.94283380018284
69.95712972957081
69.12307863514182
66.16645675869307
62.6418390534633
62.25752966509352
61.85466837676846
61.1228271597445
61.93545026880809
62.177166226839255
62.22539674441618
61.93545026880809
62.433965115151864
60.794736614282655
59.00847396772772
60.06662967072483
58.88972745734183
59.38013135721409
59.295868321494375
60.249481325568276
60.89334939055332
60.44832503882965
70.8660708661063
67.34983296193094
66.27216610312357
68.2934843158555
67.15653356152326
63.57672530100933
63.340350488452465
62.68971207462992
61.57921727336261
61.36774397026503
63.245553203367585
63.340350488452465
65.13063795173512
65.11528238439882
65.36053855347276
70.15696686716153
70.18546858146635
69.4118145563131
70.92249290598858
70.52659073002182
70.95068710026705
69.77105417004964
72.40165743959182
74.75292636412303
77.2916554357584
79.62411694957753
80.53570636680354
80.62257748298549
80.19975062305369
80.2122185206219
79.44809626416482
70.27090436304346
71.40028011149536
71.27411872482185
69.54135460285484
71.17583859709698
71.56814934033156
70.55494312945054
70.11419257183242
70.01428425685718
69.58448102845921
70.28513356322232
70.95068710026705
76.58981655546643
86.68333173107735
89.28605714219886
85.28774824088158
85.27602242131137
85.98837130682264
85.32291603080617
85.83705493549974
85.83705493549974
86.18584570566097
84.33267456923205
83.22259308625273
83.23460818673925
83.28265125462805
83.95236744726142
85.22910301065006
85.77878525602937
88.90444308357148
89.15155635209068
91.86947262284681
90.97252332435328
90.93954035511726
90.19977827023745
88.84818512496471
88.38551917593742
88.47598544237866
88.50988645343524
88.81441324469807
89.52094726934027
87.63560920082658
88.05679985100527
85.07643622061282
74.39085965358916
70.12845356914696
70.12845356914696
70.24243731534378
69.42621983083913
68.67313885355759
69.6419413859206
74.57881736793632
73.81056834898374
73.41661937191061
72.31873892705818
68.67313885355759
65.7419196555744
64.40496875241847
62.94441992742486
61.83849933496123
60.08327554319921
67.09694478886502
64.77653896280658
66.75327707311455
71.18988692223074
71.18988692223074
71.04927867332644
71.17583859709698
71.2460525222275
75.6042326857432
76.05261336732617
74.28324171709255
74.60562981437795
74.61903242471053
70.97887009526144
71.17583859709698
71.33021800050803
71.6798437498297
71.62401831787993
73.49829930005184
73.02054505411473
75.24626236564843
71.56814934033156
76.07890640644094
76.43297717608546
77.43384273042376
77.82030583337487
81.33879763065102
81.64557550780079
83.4146270146909
85.31119504496465
86.02325267042627
80.18728078691782
79.92496481075234
78.34538914320358
77.05841939723393
77.53708789992051
77.60154637634484
77.5886589650833
78.07688518377255
75.0066663703967
74.87322618933953
74.88658090739622
74.73954776421918
73.55270219373317
75.40557008603542
75.41883053985921
75.27283706623525
74.93997598078077
75.11324783285569
73.25298628724975
73.11634564172364
69.6419413859206
67.95586803212802
63.26136261573884
62.94441992742486
62.41794613730894
68.93475175845634
66.70832032063167
65.40642170307133
64.88451279003334
63.82789358893179
59.19459434779497
59.58187643906493
58.770741019660456
58.770741019660456
57.30619512757761
56.65686189686118
56.621550667568265
58.309518948453004
57.42821606144492
57.706152185014034
59.782940710540494
60.975404877704584
65.05382386916237
70.78135347674555
72.5120679611332
73.00684899377592
74.77967638335967
77.93587107359485
80.56053624449132
83.8212383587835
84.94704232638121
84.61678320522472
86.06973916540005
86.99425268372619
87.7040477971228
87.20091742636656
81.8413098624405
80.99382692526635
81.09253973085318
79.91245209602819
81.89017035029296
84.9352694703443
84.94704232638121
84.82924024179398
84.91171886141512
86.37129152675674
87.95453370918409
88.38551917593742
88.24964589164084
88.92693630166283
87.87491109526086
86.64871608973787
87.92041856133307
84.74668135095321
79.98749902328488
79.38513714795737
79.49842765740716
78.4219357067906
76.51143705355429
77.78174593052023
77.38216848861241
76.58981655546643
81.90238091777309
83.916625289629
86.47543003651384
86.7179335547152
87.24677644474895
88.61151166750288
88.27230596285564
88.53247991556545
89.3532316147547
86.92525524840292
84.5931439302264
84.4630096551147
84.62860036654276
84.86459803710851
82.12186067059123
81.06787279804497
80.93207028119323
80.52328855678958
80.29943959953893
81.14185110040317
81.11719916269298
78.86697661252141
78.86697661252141
78.87965517166008
76.13146524269712
77.79460135510689
78.23042886243178
78.21764506810467
74.76630257007497


