Rainfall Prediction

765.0
289.0
301.0
316.0
350.0
300.0
344.0
330.0
340.0
615.0
680.0
941.0
912.0
26.0
16.0
22.0
279.0
343.0
543.0
60.0
93.0
88.0
56.0
182.0
276.0
75.0
73.0
124.0
151.0
284.0
83.0
72.0
381.0
215.0
189.0
193.0
261.0
121.0
263.0
497.0
319.0
244.0
49.0
19.0
651.0
277.0
404.0
813.0
424.0
287.0
245.0
69.0
760.0
371.0
31.0
101.0
569.0
453.0
351.0
240.0
149.0
203.0
235.0
242.0
72.0
87.0
203.0
136.0
152.0
120.0
250.0
145.0
587.0
765.0
924.0
32.0
253.0
219.0
262.0
287.0
98.0
119.0
169.0
119.0
129.0
148.0
254.0
204.0
33.0
33.0
24.0
39.0
76.0
29.0
49.0
28.0
27.0
37.0
17.0
8.0
3.0
34.0
2.0
20.0
91.0
181.0
107.0
119.0
229.0
99.0
93.0
165.0
101.0
256.0
163.0
82.0
139.0
146.0
118.0
128.0
40.0
36.0
91.0
121.0
120.0
86.0
113.0
86.0
15.0
51.0
138.0
122.0
81.0
59.0
87.0
42.0
63.0
139.0
4.0
139.0
46.0
95.0
0.0
94.0
107.0
103.0
19.0
51.0
72.0
6.0
31.0
58.0
64.0
13.0
48.0
161.0
160.0
183.0
113.0
30.0
66.0
159.0
33.0
192.0
142.0
92.0
102.0
112.0
82.0
64.0
102.0
50.0
301.0
264.0
56.0
133.0
188.0
127.0
213.0
150.0
164.0
68.0
171.0
230.0
2.0
79.0
220.0
104.0
50.0
34.0
9.0
105.0
307.0
507.0
713.0
773.0
827.0
811.0
816.0
931.0
927.0
958.0
152.0
68.0
459.0
522.0
366.0
15.0
122.0
8.0
231.0
23.0
286.0
228.0
49.0
99.0
42.0
20.0
4.0
32.0
3.0
19.0
47.0
45.0
18.0
116.0
78.0
40.0
17.0
18.0
2.0
115.0
269.0
2.0
2.0
3.0
104.0
254.0
557.0
153.0
364.0
374.0
297.0
333.0
321.0
74.0
216.0
216.0
259.0
259.0
228.0
208.0
293.0
164.0
173.0
74.0
272.0
122.0
99.0
104.0
130.0
522.0
372.0
96.0
548.0
224.0
328.0
212.0
454.0
683.0
592.0
586.0
306.0
89.0
189.0
139.0
210.0
336.0
205.0
125.0
317.0
140.0
37.0
204.0
270.0
156.0
160.0
105.0
42.0
128.0
128.0
225.0
124.0
58.0
38.0
76.0
84.0
12.0
78.0
201.0
398.0
422.0
422.0
196.0
187.0
106.0
109.0
209.0
94.0
60.0
66.0
238.0
213.0
261.0
55.0
74.0
204.0
310.0
134.0
695.0
637.0
770.0
773.0
139.0
109.0
472.0
1173.0
1221.0
827.0
501.0
611.0
67.0
66.0
193.0
129.0
380.0
462.0
282.0
151.0
10.0
82.0
2.0
20.0
147.0
124.0
570.0
24.0
725.0
713.0
28.0
482.0
335.0
388.0
178.0
70.0
16.0
36.0
97.0
20.0
118.0
110.0
78.0
666.0
720.0
429.0
153.0


