Rainfall Prediction

545.2034125154116
548.5530237745928
577.8330129125991
600.0753184673231
629.1600890010125
634.0067426779724
639.6278147132366
642.2760992803067
650.5438231247781
653.3321406445222
607.2254824964546
591.8909873449704
593.8978228671951
594.2297227067189
602.9190583189594
619.3752218493361
572.4343470904871
560.3112373677225
520.4961864039299
457.3176625874119
357.02634464150503
314.8954927777314
218.12988214378672
193.69939765002403
187.59346209565118
200.39737121779254
195.31705457927725
195.24223477831478
193.03403229263358
189.64019617424117
185.0754236480943
184.38895857064247
203.8669810956907
194.94388128319758
190.48452271976356
170.095427582234
165.0346385203321
156.07471686218716
155.96735976949418
156.84798161430172
148.75496238253197
158.81162559636613
194.74039428028124
0.0
0.0
0.0
0.0
0.0
0.0
-0.0
0.0
0.0
0.0
0.0
0.0
0.0
0.0
0.0
0.0
0.0
0.0
0.0
0.0
0.0
0.0
242.02720764663417
232.19166705182187
232.19166705182187
236.6717883236875
230.56398493482752
227.74394773691574
185.56820921081592
195.47881023644052
349.6437262382333
368.83837265188396
368.01702769207725
370.34971451000564
357.9516734369838
354.9040811161761
335.49714860140284
342.1424951701611
268.46302767555204
218.54572195808746
140.54763702204437
0.0
0.0
0.0
0.0
0.0
0.0
0.0
0.0
384.0391499475118
343.25562118322625
339.7121171939023
389.5170843148623
370.6656685801239
271.8916922591604
323.3355349447238
352.24231342572114
356.11548880196574
380.02672210511156
373.8007932754449
375.2694242396976
396.06594526686007
396.2682778719367
412.58675113787143
431.9828267575843
434.9375676503374
442.028712207722
401.8188183194183
347.8045742670179
302.66273411086087
291.50589122923606
295.8661939858893
267.65371583906733
283.98071292654515
300.45470710477235
281.60480278211554
262.97573905796236
291.25044060021474
389.68938621508306
381.42163606485684
357.99927482018774
340.9607139190338
340.3707965730169
337.77009399831024
324.34395856739224
331.04214793488876
322.98431797513274
337.0620831793194
332.37206134772606
325.1709654616811
332.3875593759131
332.8908159404862
297.8681756765434
329.59497842993176
330.45260027617616
303.80292887726927
310.1794817356492
135.3737171436281
143.81543988367946
145.06102317713845
159.70535184288826
173.77954342006012
0.0
0.0
0.0
0.0
0.0
0.0
0.0
0.0
0.0
0.0
0.0
0.0
0.0
0.0
0.0
0.0
209.28827803674005
165.8800921143986
154.67151801573306
448.84649704019915
463.6652634711109
466.46304296656604
444.1776325654944
426.11901313728026
409.1457131211867
427.6570840862285
426.46684478025685
421.6290903687794
0.0
0.0
0.0
0.0
0.0
0.0
0.0
0.0
0.0
0.0
0.0
0.0
0.0
0.0
0.0
0.0
0.0
0.0
0.0
0.0
0.0
0.0
0.0
0.0
0.0
0.0
0.0
0.0
0.0
0.0
0.0
0.0
0.0
0.0
0.0
0.0
0.0
0.0
0.0
0.0
0.0
0.0
0.0
0.0
235.91362574653945
168.31303948218786
165.53746165736928
115.21547868401974
201.57473813738525
0.0
0.0
0.0
0.0
0.0
0.0
0.0
0.0
0.0
0.0
0.0
0.0
0.0
0.0
0.0
0.0
0.0
0.0
0.0
0.0
0.0
0.0
0.0
0.0
0.0
0.0
0.0
0.0
0.0
0.0
0.0
0.0
525.1004362220609
558.5796441991882
610.6339582970261
615.4995359211899
620.396262789617
620.396262789617
619.6934619790006
609.9216480676125
587.4191470726873
556.1075478357841
546.7025104392746
537.0314412565841
499.8838874311176
499.8838874311176
500.82868497296636
521.0796484223885
537.7712988791906
505.5837779931291
491.93090878443
541.2048109561265
526.6118207436884
381.8690196562219
347.72055467025757
303.8360483323272
410.8372635483131
416.8792113326897
409.2794288641947
408.6545447609601
414.04710223154257
419.471834830032
406.84148153363736
230.22164651470774
208.78972452270497
234.8456511664113
238.82806966614774
249.64457728635765
247.55746686510176
254.46159988447516
292.09505174198495
301.1158928938824
295.3790266938126
168.02953139216802
621.6687867762842
702.2104671102716
724.4652544607743
745.2488093282337
827.8376975149994
855.4953420734361
867.3943220235848
905.2587878182287
762.5967807628732
779.0146709626358
789.1797762004007
834.2378529902356
860.7797252407805
837.2289685317228
845.5067610147169
868.4051641805091
874.050575154976
899.0637074983846
997.1948081454377
1017.9277825744389
1031.9376040806883
1025.2176059797118
1033.9151352956428
1050.7324100294325
1033.601207756569
1063.3765870498232
1065.6247976723917
1066.8993963787225
1058.305187223554
1043.480149076907
950.1040951171594
808.4312390521776
387.04987631639403
386.6774223019194
402.74066332789295
0.0
0.0
0.0
0.0
0.0
0.0
0.0
0.0
0.0
0.0
0.0
0.0
0.0
0.0
0.0
0.0
0.0
0.0
0.0
0.0
0.0
0.0
0.0
0.0
0.0
0.0
0.0
0.0
0.0
0.0
0.0
0.0
0.0
0.0
0.0


