Rainfall Prediction

785.900299766786
815.2517913875231
857.7345583365687
863.1151825173008
878.6231586833726
878.6231586833726
878.6231586833726
878.6231586833726
878.6231586833726
878.6231586833726
878.6231586833726
878.6231586833726
878.0664334143021
878.1779067015198
877.3962407570091
874.2375318205096
873.7820294158148
873.7820294158148
873.7820294158148
876.9481509233386
875.7105136044755
875.0320755078772
859.9542863953626
859.8316513369753
854.9855074589866
853.2149043845567
843.1641802547051
839.3698617439732
848.1921721236916
830.6783266063806
816.8087281863928
810.8189102621226
767.8159173730422
711.9670899838887
715.9216305064872
675.9858792213569
676.3418379345917
676.3418379345917
678.109982194978
678.8118689199323
678.8118689199323
678.8118689199323
678.8118689199323
678.8118689199323
678.109982194978
678.109982194978
674.9132791358129
674.9132791358129
674.9132791358129
674.9132791358129
664.5430172953448
646.3337163780924
637.975829306188
624.7985879098766
623.8141073178047
623.8141073178047
623.8141073178047
610.4246757330643
599.8669483259698
554.1306196917133
629.6312849582208
648.4622841038954
648.8846159766779
647.6142572582131
596.9666072209305
631.9935171009568
628.6764576591016
628.1968799401212
628.1968799401212
625.7769872219483
626.2639304348425
626.2639304348425
626.2639304348425
626.2639304348425
626.2639304348425
626.2639304348425
626.2639304348425
626.2639304348425
626.2639304348425
626.2639304348425
626.2639304348425
626.2639304348425
626.2639304348425
626.2639304348425
663.0055310076841
676.3418379345917
676.3418379345917
677.0514149055552
677.0514149055552
687.6703568560717
687.0058218071524
670.5502435377589
665.6865677277755
665.6865677277755
665.6865677277755
666.0659531978598
608.2600807802351
608.2600807802351
608.2600807802351
608.2600807802351
609.8863081989529
608.2600807802351
608.2600807802351
608.2600807802351
608.2600807802351
608.2600807802351
608.2600807802351
608.2600807802351
608.2600807802351
608.2600807802351
608.2600807802351
608.8040238106389
609.3460952311355
609.3460952311355
609.3460952311355
557.1819791242267
610.9612107161178
617.2612027598516
630.5804005790168
650.1449583245061
702.5549956057056
704.660430655602
674.194239431343
663.391282445064
663.0055310076841
663.0055310076841
662.6188520258507
662.6188520258507
664.1600210423716
667.1987767084526
667.1987767084526
666.0659531978598
681.2448049125314
685.3325072759334
697.0134887065848
697.0134887065848
698.8815713814583
718.6894740620567
775.6314010257537
821.8529515739102
821.8529515739102
826.3193351414712
831.6805729887083
831.5377318290209
843.967201488869
843.967201488869
843.5661267433252
826.6132121575226
824.8427588607757
834.6547092234576
828.3665490210302
800.2518178776617
799.0568274894691
804.9525641566207
808.3980705630474
811.1392185855859
814.9387745630736
814.9387745630736
814.9387745630736
827.7839827651785
826.6132121575226
832.1084265516625
832.1084265516625
826.1722178169034
824.397427792029
843.0300036426786
843.0300036426786
842.2228912411567
841.6828496904318
804.7868122379999
753.0490232478184
753.0490232478184
746.2052954919335
737.1176338691572
737.1176338691572
713.3903235409466
713.3903235409466
713.3903235409466
713.3903235409466
713.3903235409466
683.3015197471634
691.924959839235
704.0616283679235
711.6809638724613
708.2081322674777
728.5466945785174
724.0902012348552
717.5878860970171
717.5878860970171
717.5878860970171
690.9529425713328
690.9529425713328
678.109982194978
678.109982194978
677.757894852168
677.757894852168
603.8395324998656
607.7142528424761
607.7142528424761
568.1190064654875
568.1190064654875
578.338093746548
659.09622577715
659.09622577715
659.09622577715
660.6713806072293
661.453203319971
687.6703568560717
694.8067394047358
694.8067394047358
694.8067394047358
706.7392154378387
698.8815713814583
686.338560896958
677.405040250223
668.6969243803742
628.6764576591016
628.6764576591016
628.6764576591016
628.6764576591016
628.6764576591016
628.6764576591016
628.6764576591016
628.6764576591016
628.6764576591016
628.6764576591016
628.6764576591016
628.6764576591016
625.2885428956449
695.1238196795284
731.6221879192517
731.6221879192517
727.7688744492992
679.8590303098639
679.8590303098639
679.8590303098639
678.4613057386758
677.757894852168
649.7259470713459
640.2181171118385
644.1763910442828
698.8815713814583
688.332189144339
688.332189144339
688.332189144339
688.332189144339
688.332189144339
688.332189144339
688.332189144339
691.2775926346999
733.1389430895925
733.1389430895925
733.1389430895925
740.2821748522638
740.2821748522638
740.2821748522638
740.2821748522638
740.2821748522638
740.2821748522638
740.2821748522638
690.3016960946284
641.5484926785347
641.5484926785347
641.5484926785347
641.5484926785347
655.0893419174865
657.5054626344563
657.5054626344563
657.5054626344563
657.5054626344563
658.3028152301437
662.2312408676247
589.7789061463274
586.0575104955068
609.8863081989529
649.7259470713459
661.8426928662831
661.8426928662831
666.0659531978598
690.9529425713328
732.6348864418824
702.2520017190628
702.2520017190628
702.5549956057056
694.1707261663348
694.1707261663348
694.1707261663348
694.1707261663348
694.1707261663348
694.1707261663348
694.1707261663348
694.1707261663348
694.1707261663348
694.1707261663348
694.1707261663348
694.1707261663348
683.6417861122708
681.5894061802537
681.5894061802537
681.5894061802537
681.5894061802537
688.332189144339
687.6703568560717
702.2520017190628
750.7984078435743
743.3881957183364
737.6083891306124
735.8844207432821
735.8844207432821
733.1389430895925
714.2384098964092
663.391282445064
648.4622841038954
648.4622841038954
648.0388332443594
647.1885499549275
654.683090895036
654.683090895036
669.0692958509458
669.0692958509458
695.7561400121509
713.3903235409466
715.0821634793994
715.6422816256808
715.6422816256808
715.6422816256808
716.200508162677
723.5579691692916
723.5579691692916
731.875938762177
743.8609958706784
753.9409665687485
748.97611736807
745.505422835395
745.0372218104028
697.3263209008967
694.4890424035283
674.194239431343
665.6865677277755
665.6865677277755
665.6865677277755
665.6865677277755
665.6865677277755
665.6865677277755
665.6865677277755
667.9495912460625
674.5541590265758
711.6809638724613
737.8532290898411
728.8051631625732
728.8051631625732
707.328357193162
688.9913414801634
689.6478363842531
718.6894740620567
722.219878715947
722.219878715947
727.7688744492992
720.599797558134
721.6816076859574
712.8225023787973
722.4883609569014
716.7568564586938
716.7568564586938
716.200508162677
703.460634056349
703.460634056349


