Temperature Prediction

414.98712995803373
430.1164991661035
417.70819702088795
425.798660487617
435.78314449413
423.23173853782845
432.9999706044624
446.6944828329283
451.4246712790527
442.1170557702355
452.5248851383661
447.65326548515407
452.623692684009
444.44715499624
412.70211055635855
415.3379522688798
399.9000690717096
403.9894244750532
390.3977367852176
394.33039424361033
389.27927531739624
374.4626470969891
424.1199179994107
431.7343293126629
427.7036412478465
421.88836757438224
424.9989745874969
428.33350969588435
424.50428702280345
423.4568798460089
425.91841076751416


