Temperature Prediction

438.94877673762477
438.94877673762477
438.94877673762477
438.94877673762477
438.94877673762477
438.94877673762477
438.94877673762477
438.94877673762477
438.94877673762477
438.94877673762477
438.94877673762477
438.94877673762477
438.94877673762477
438.94877673762477
438.94877673762477
438.94877673762477
438.94877673762477
438.94877673762477
438.94877673762477
438.94877673762477
438.94877673762477
438.94877673762477
438.94877673762477
438.94877673762477
438.94877673762477
438.94877673762477
438.94877673762477
438.94877673762477
438.94877673762477
438.94877673762477
438.94877673762477


