Rainfall Prediction

800.7057353394459
806.037795738788
799.7092213151776
729.7925051556209
706.7444953618065
680.5159099147206
654.660731052211
654.540910828783
630.4349441900946
698.2002143757006
747.7539334740361
746.2232085417414
744.7228671814009
753.885015609711
771.2560579298539
794.6535794151702
761.0204500182622
714.0125806253276
722.7996797149007
722.5118835099327
729.7127224360803
741.7347887429416
761.6120662021524
764.4494250947414
761.937468461492
751.8134162336877
741.8898975757446
737.458373351363
734.4857537539966
732.16164234552
729.5177435906153
735.3028852393012
727.9033692330272
723.8345619350534
727.1163429211315
724.940447315022
724.7887208415135
726.2818942137443
721.0278010328535
722.5841620328695
708.8121022990852
698.8227919344648
694.1707014158399
688.4127440339249
676.1410485111587
662.4475430694023
663.0381174503526
662.5646085362168
637.3818356781945
608.2892273546832
607.2248303263204
572.442468005134
0.0
0.0
0.0
0.0
0.0
0.0
0.0
0.0
0.0
0.0
0.0
0.0
0.0
0.0
0.0
0.0
0.0
0.0
0.0
0.0
0.0
0.0
0.0
0.0
0.0
0.0
0.0
0.0
0.0
0.0
269.61743900324126
621.5742880604586
641.3681053376012
656.930039183051
682.3304583487525
704.0546762946058
725.5046810645454
760.0953347110549
768.8469308794256
766.5895127476567
766.9314701177083
765.4792553663501
765.1321656751917
766.5054395271113
766.8622134643861
760.0239879291072
761.0345825273098
765.1076127125282
767.2917024901049
778.5343721197947
785.7452663968769
796.6189185908094
798.8873509196474
793.7910533642764
791.1695406968973
793.9410927960834
795.568536287524
800.9377989961919
816.451718529587
821.4032034280514
819.6823322012045
802.9710400719146
807.0665038714166
811.5366109404182
807.184299961197
804.1251166075118
799.1145215700617
789.7172509560717
771.4175456427371
767.7818037727445
779.4789101699884
777.2863703862912
775.3571159535336
773.9553623089057
768.2129299638292
770.0503009070261
774.8679244387727
779.5684411532284
785.9719540747897
786.5010855370449
780.6595308439952
775.3565000870958
764.1222998955711
758.3489636293212
756.9531943934828
759.9433619656929
757.2324502877539
752.1158949630452
744.4021039271669
707.2417028658529
692.2758869507571
709.8261225293442
709.6217107408426
690.4905770582918
667.5699254378053
679.7546821549223
688.5625555642983
697.2346898464205
695.6452926883122
711.1603007925037
712.8854789987565
707.7121928746641
713.4463068786255
720.4070117655225
726.5589554782005
734.3276040358911
732.6829909342656
727.2160958049426
721.3461824174874
706.5760974955149
702.8966784665653
692.9030556146815
690.1946508368459
689.6940403435422
688.0419195036029
679.8053055207212
668.1603543780809
685.0035271798222
695.5582041490173
696.0297081760709
722.3894837611122
728.5028601611898
714.2433601013305
711.8728120462848
774.2746112768044
772.0167986937863
759.4361008755036
713.9104685949984
704.3194975136884
708.2284885329404
697.2649732569834
695.3686065323212
674.3061396166164
675.1251253246721
675.8025244464098
675.399124448662
672.9477210263066
674.1263981101001
672.6436084245722
678.444283610788
671.1220175767279
673.3863081499039
670.0271051093861
669.9570133419278
668.2438640813673
672.73430909412
678.7171369740494
684.9709934297834
685.1464245706377
682.8408636275692
692.7313956597469
710.6957438108818
706.0731034990822
708.586851192608
712.7462995197781
712.4126037250835
708.0913722918251
709.2672409286923
710.4726298140959
711.6819910720342
712.4111924194245
710.0430649021346
708.4288806138214
699.9277935164631
692.1242704940056
787.5247497286624
781.9690600731747
789.5242098681507
786.1176807068131
781.6199577925181
813.2822600066772
806.6037539308431
688.952927270534
691.7653529734691
690.0247374890155
705.9051639856259
707.3950223178581
710.890577136168
793.0805218465186
803.7055629611342
792.8036850040307
770.866897323641
769.2903695580594
786.265282253602
850.1003433625432
752.2890439596719
752.550150357786
753.3358515995903
754.8770464436964
754.0150140708794
754.0150140708794
752.3551549873207
753.7168083891055
757.8741925835881
757.913549300872
757.8716050904583
755.1711839878725
748.0741723822512
737.2524415813004
737.2524415813004
731.7006282747462
731.1003176740209
759.3817180055979
765.4562540359191
766.9165666538466
778.1733290122178
787.1164277568585
797.4674964349823
797.0225811504209
794.4451903792
794.4464630677145
794.4549905292412
787.0570397588526
784.2445949571112
751.9810405695237
749.5218074740003
745.3766820952729
743.0650023769056
741.7475798793478
738.2099686629927
737.6996577895153
737.6996577895153
737.3342574361542
737.3120883787416
727.5492602120668
726.5127219417496
724.1442563104996
724.9073070379978
728.1984578543854
721.921078558841
721.7880354963096
719.6486883374445
717.5331468544929
656.5167357982501
630.1055863351833
629.730964513812
568.4247122290766
0.0
0.0
0.0
586.7469744732099
626.4370366579919
706.7920773860632
718.8634288506161
703.4159442387305
717.03065091185
716.9362207058474
716.8719331787595
723.79806547419
729.6436152035052
734.3618826990704
738.8120799391094
759.1095716763559
769.581205332565
761.6646357703555
766.6206103916091
767.3823582271865
768.9795665351375
768.0635865835883
771.4892730046929
777.4376295085856
777.5146457155973
778.7075383459039
779.8439817176898
782.3655069685702
784.7329917947488
783.907697327537
784.0987698892555
787.6598728414491
786.6667943102474
787.1289819622735
771.7425048236274
770.65328760014
745.9881273163414
744.0897448834797
745.514306403734
740.6732898013817
743.750977758467
743.4178646071045
897.1331046657791
730.3301511995717
727.1205662421077
722.0606709366233
687.9015651467164
661.7815591171639
781.8790857559768
792.2311707588929
824.9051635140107
838.2495065761703
694.5724830118277
689.1971497764506
689.194868240338
689.2005751353109
694.8723814484459
711.7335939206177
724.3090854922248
741.4829793452504
748.2794034799736
756.5503654545732
781.8949811714043
785.7384153366264
789.933805920667
842.560635644019
825.2550403039921
776.1247814227152
774.4486131012287
778.7809726546409
777.6320176571489
774.9424782632288
775.0123364174821
781.46354609177
784.489890317173
788.5049859156765
804.8833841076033


