Rainfall Prediction

552.9412735323314
552.4032878360352
550.9074682288152
584.6407658628802
607.782980375749
614.3303331738545
609.7411133438162
625.6261403765777
639.4261166959031
642.7786601370336
648.4405131540738
595.2135762827911
606.0876530021494
709.9992735999431
705.3377664179501
647.9956063200341
569.6393906453171
476.39527563619487
348.12451742669043
334.824707424825
202.4600887055812
132.20683498129603
122.7408561554218
157.01959538479835
0.0
119.73682144770362
0.0
9.849423237936719
152.66464595228456
0.0
154.69501108899598
129.83673649904486
154.7946214932052
66.2198745617129
172.8373187102077
158.7424896841553
167.74719429672675
122.69001600888299
163.0
179.3792763557038
131.25763246057983
218.54453822752507
237.0236357142704
312.60540441030923
312.2725032400951
371.2564845668397
392.10325105288564
404.2533775664021
403.8520582541944
376.7124232884169
379.5602631981077
387.3580929620915
387.1799214125099
384.9014730675525
385.83169622100445
380.87113930032564
385.6457684581001
387.62060861357895
387.5633329716702
386.6325830541437
403.59579498993276
403.59579498993276
403.59579498993276
410.4454860965143
414.4457225374233
379.04098433580697
362.688649821093
363.0
376.82248343101844
378.4845068330642
427.9461574234191
524.1365731892871
444.222259401873
519.9803456429142
439.51950577362015
445.3360176246767
379.91910854380524
363.0627380136863
356.59267039988515
355.30780695689106
419.4816274058988
543.7916782724275
595.8253210125671
613.9209296610454
625.9505764298054
620.5172838846142
619.1316728972639
621.3212672862054
648.8461233664323
643.0626703586656
632.1446074674411
682.6604573899256
675.9230736434629
665.772517131275
670.9586631397092
663.907551890616
634.0473551644349
643.8946339373482
636.0163501911875
654.7394078081069
646.4308567857162
557.6659283878236
448.33709681282903
459.17438307247534
429.32592949538093
423.7141916362874
455.6582429754734
490.3813075853845
502.6896053422828
492.00785710095136
499.653942203439
405.9404698514489
288.55741557660394
260.2184938025491
263.52164781607314
234.80523805196526
252.55823653496293
271.8250493762321
272.2205903551711
234.22358108717103
298.149800515697
317.49746635128633
291.4516151258213
291.3850992066029
271.95473263470376
252.3314860579896
271.16840477705955
290.4566016033136
312.7844270784769
311.755240984553
554.7516846765079
558.9450553253298
548.859985895672
534.0422635591092
520.4123490738848
468.1661433253741
465.108090171827
429.4380817615233
409.1288688824706
375.87551940875994
398.0090984280379
401.9952818586007
391.7274940456648
380.2931212514317
399.1245876380116
555.4111647542837
547.898798206465
531.1512106679754
583.7221391456094
569.7221391456094
567.5360397406454
539.8204610731755
537.9671121049136
556.0257647976013
591.1647893413875
677.0
679.7758632718211
681.7847390145442
694.2626932919475
710.362773081167
719.9605694306641
475.9341699344846
515.8307638472251
514.6616464975465
510.3088045241612
519.5023373881886
517.3386028679553
516.0475262151778
506.84731460906875
520.7825603975615
550.0398347106303
574.4992508362684
563.6465767539348
825.4448422448716
1196.7905147702234
1278.8662739915212
1100.2686026689532
1120.213724857465
1097.210618480323
1049.4704476515692
1018.1499927191858
1045.8248568761808
1067.2107042800703
1029.183693717471
1074.5011745474735
1175.8726869577692
1159.3449822859402
1169.814974325658
1173.7626507641016
1168.5311719358747
1255.3535598659385
1264.2835370514692
1375.5180594102308
1335.9083280895163
1335.25094507661
1332.2314089525821
1308.6143828012835
1312.6143828012835
1342.9954552099155
1347.2744444310172
1345.8307781005506
1331.6487970227513
1314.1555904638044
1306.6455997938133
1125.3837017539115
731.6336729058147
638.3459083320867
590.3644096020485
650.9269727002785
641.3321590791493
652.2973831965844
659.2826699166644
775.3282250608218
738.5081350076656
766.0533536060923
720.5409434871656
609.3745437798186
469.15284257885685
513.838178940526
508.2318658606346
521.8074329749899
438.3424207544807
644.9476192059251
558.3077133219849
612.8181215975501
768.7246889081491
753.4492152072323
783.9648803874012
766.9911060999768
782.9651919470018
842.9651919470018
874.2043398586036
846.2010636646022
860.8681202092826
899.5549371117287
841.7988219526208
840.8613658297868
844.0290678948692
844.6165443597004
844.8833279333704
907.833624583374
920.0662564717101
1046.9324183318768
949.071271150294
1105.071271150294
1119.5506158396456
1156.673702175282
1157.5659331982554
1155.917300350601
1161.0
1159.7578903474782
1159.0
1098.6101506354978
886.5485575800461
868.5165575388579
797.1327314783754
694.6190009604582
706.5466124669307
706.6979055935673
705.9180338597879
699.058413774162
639.058413774162
609.5152203139007
608.2321300347771
586.8207035136587
561.9384320641882
557.6173798220377
540.7005555493292
557.7718575689443
556.4238907071426
561.6354491104149
496.8083568736287
473.76075388732545
366.9108495469085
308.40736449623614
158.76385173203195
145.06509353643395
107.4380922536807
203.3614980353262
212.9002588162701
209.98057345505694
202.5052971315751
204.46114411233458
214.44678916334794
174.65847975215675
175.42522550834784
167.1100449177963
201.11927988089568
201.3309169517917
205.57485061987924
198.57885062499463
199.84381025127018
227.2468608306139
270.69583547781934
287.61263288800285
313.942112017652
466.0153436040761
584.8060319601581
614.277944297947
654.2912718714387
674.2294861567722
766.542383124981
761.248725541835
772.2406370666091
754.9766635772826
817.830042905606
842.5166472699831
847.4852442730102
850.7294152669494
755.2858273991568
750.8350269173732
760.2441400297774
764.0793974188152
861.0
988.2541729512591
1014.0095501690681
1014.9642403038104
1011.5923298557842
1038.9320819078318
1111.2351839914527
1134.2997903935618
1153.970129716884
1170.8838156757965
1143.0443116815418
1138.0
1172.163886240556
1113.4239260141833
970.4326453963541
967.0676365017438
962.4357844867436
946.079172709316
858.5208948306364
984.0536062723139
996.4908627807846
1002.1015633802301
1220.2885582389054
1225.9568545366453
1321.3357325716718
1317.9712890792575
1323.3719729822355
1377.7373255767968
1373.6681237714702
1353.695675160388
1354.2594500875273
1286.7207403057673
1183.9029506172838
1163.6082070088132
1162.8118989309924
1161.611335887795
1078.4994967354378
1010.6679284731119
956.702463820913
988.7025683817592
987.5924301803992
1021.4532040940327
1009.7495490729315
979.5494637086064
977.0033344146559
975.6862888644968
862.3770440691707
847.9723539287747
836.4911878668366
796.4865196966877
647.1375438644443
657.1686775842438
560.7689355719763


