Rainfall Prediction

1616.0567544482121
1562.6963707410978
1595.836482636647
1625.980139546571
1655.6901014422601
1655.7043912382792
1664.1440283469674
1665.262733257155
1650.3588623242304
1554.439273105086
1480.0510551360119
1186.9815792784357
998.111955621753
1258.3712273955598
1079.6314707624483
983.2068524408063
667.3659911481799
621.6913021670235
606.2415739134851
595.5011860251186
588.454014504021
337.06809288286445
249.03422861912912
296.6311512089603
564.1670821200304
621.674703543755
666.6126109820043
736.3158307480156
683.3586095133148
522.522743723721
709.1548984873398
703.596831834795
800.7505422880283
944.8895611038812
623.4442027900222
861.7736366152028
836.6361695215834
508.9021205049443
852.4013948574109
785.4422176300302
969.822381584452
1018.6112138488259
1225.6696587561935
1216.3591933148844
1112.4420647563231
695.0068518010046
1465.1906731038002
1738.962495423113
1770.376789877718
1664.677287949888
1329.2357487562676
1350.735258899749
1385.01956744048
1727.7749192862334
1284.5931640683887
948.4191686641198
1258.9025171162548
1793.4809953158383
1939.4672218474718
1965.4012164584847
2031.9044124794054
2062.007348916988
2160.8999903753825
1402.812694328801
1974.1514098369898
1965.7948962760563
1968.605073079038
1968.605073079038
1964.5806571862536
1970.3575033370364
1980.272664574757
0.0
0.0
1210.7663236874203
1118.9913188068201
1386.2617385348967
900.1010748189047
953.106932817823
1034.8390648207478
785.6762068258554
828.4943593339432
822.4190690964132
808.6252527590738
752.5591493761594
787.4009422676328
781.504246048244
777.2429131171949
562.9431045268096
224.74976518627756
237.26002360184205
197.43623970299137
0.0
106.45396237381678
189.38377461400702
187.03833526660003
0.0
0.0
163.35844125537847
188.34406967101478
197.20617570508796
239.0511651827277
250.3869945180253
240.6943753903774
259.25076647915154
0.0
0.0
138.33892556206558
309.78763202712224
307.8602362812641
58.83529463323811
272.6646542430132
205.54885998453332
319.85223431438044
280.03913892950703
290.03756826528905
306.79708187791175
342.71056669078587
247.4714312220928
326.3968099528116
314.94223503292324
162.22854856183216
343.41146024771564
430.0060281114817
418.7002388079686
419.77407293264395
404.4144056392553
387.7106740212421
379.86376128027325
454.86586459873547
437.92110104296825
385.4632738904182
364.8234258249099
27.503426070837975
33.05176663354308
0.0
112.06357917962191
0.0
528.7258647748174
352.89353031828836
356.29493105177096
449.07553221401884
350.38838815114946
311.0486877886417
305.6345608736009
305.5529325851604
301.77211454776864
298.80133616569384
282.8840887956248
280.6660258542041
281.06179605957595
283.8363002040196
284.3539880989085
608.5999714218888
894.214170194854
987.3458120031939
1013.2031077985644
1072.5989859321517
744.4004450326229
875.4128502709394
832.3176046711735
672.1264560781666
690.5497237915097
396.78622995247997
440.23075680170314
605.1089657653675
626.6129952064435
663.7274197217486
798.1165292893666
961.2366945432542
809.901662906934
1011.7382142875487
1017.9739727911201
1108.975483779223
1105.1622793702709
1039.5725464920993
1120.0621355850656
614.8468780983959
752.6177506614699
776.4227401741816
1258.5911710537011
1362.5623065511152
1320.848825737866
1382.7705744721677
1269.6832387452878
1366.8132296741178
869.2143238106469
0.0
1267.2829089818856
1332.7106782554333
1627.6919239462666
1463.7686516470972
1467.9836360314926
1457.9123072866205
278.9408503372549
155.52690540045728
0.0
847.2198468673823
1273.3833957569775
1269.1308400966973
1137.99621348377
1140.855726725496
1089.5233104174931
1093.4709530677997
918.3733130621293
1221.9922653245878
1029.28065041249
1027.744921627416
1027.744921627416
1255.9920284270268
1250.917208285174
1238.8834638365702
818.6793924070874
679.0972641612922
732.2103622879348
582.0084387506668
382.67478172581053
220.7209216690436
280.44169524713726
179.66275867257713
177.5846836978887
70.03939288516747
282.4860994792457
0.0
290.61965491277397
331.0020737597449
635.8945328182899
633.8047040219267
586.3553656221663
591.787069764408
678.7470954498049
670.784904204413
611.2814154121584
650.6948304432125
663.3869916332319
692.3442672238208
660.0864716502889
675.1343232528251
639.8579649283971
1338.4042820377038
1338.7686575244174
991.8951119613947
1072.9633900866133
1484.9764961844155
1475.0722107623276
1499.7437409894985
1508.837662517024
1523.4325097559567
1525.1287538992513
1565.7997720504868
1735.2788855946878
1773.3139165163159
1775.048403956311
1913.6760417138519
1946.895848120204
1946.2467315953281
1403.9913042243588
1678.4629493746995
1679.5788219394326
1274.9652042827036
1227.0722281090914
1131.0880748169375
1129.3191808614106
930.2198984646909
989.8771619763568
1332.651280428771
1292.2531066269994
1515.149993922142
1522.183958730185
1280.5137794992575
1499.8309295077745
1633.0422036302548
1407.8866001513557
1518.6772744782916
1372.3318260778472
1378.0469456773558
1474.3274520597502
1563.1571908204285
1557.1967585595985
1544.4714669987866
1541.1527934868536
1381.8641014027307
1343.8509770063808
1347.3092007022265
1330.5142337275452
1327.0512696468932
1333.5412810968114
1333.695150209099
1334.6651997802724
1392.9295871408453
1432.2992340917194
1432.3929112227715
1432.7084954660177
1434.6595163455086
1430.579091102046
1385.4635549440382
435.369013730257
589.895424588937
530.8220361017178
591.2717826444573
807.6592215808807
1169.5619391227328
1465.14273680792
1464.5626968054503
1505.4048379941187
1137.1220783457634
1273.5819032751374
1182.42391232721
1312.2550681595237
1316.250743720984
1711.9393301120328
1279.8311298618878
1762.3207419978269
1756.0449189173323
1772.0407671956054
1512.0952983947373
1795.7987767875702
1769.4991377757299
1993.1685355801465
2090.501981055852
2068.552814912521
2138.482428239471
2163.696516582043
2212.180335713935
2713.1340800783437
2739.2459750594353
2735.698577723907
2705.8894423778593
2816.450569935765
2750.984687577409
2716.410452637343
2511.6651887079424
1386.5738218059657
2301.640944962419
2270.0914994903133
2168.195777675418
2020.9005139097194
1779.9661288390594
1762.8559450325768
1758.774067185101
1758.6814161077964
1753.2712533864105
1741.6194841418787
1750.9674285173837
1058.401516454782
1056.8469661809906
1063.7954891212867
1142.1901800828387
1168.872334759868
958.4308762502857
877.0941549676822
810.1918133739896
762.3908665744461
730.5001179590492
666.9641193619889
916.5200459898433
971.181489753923
973.0551693033494
973.6735555468563
974.0377018095885
751.7704141110602
0.0
0.0
36.12499687774152
711.0375284188615
822.3760801817995
891.4829901116977


