Rainfall Prediction

6.403848121026866
6.400636270713611
6.358967822913566
6.362460960905098
6.24476824966329
6.229104589747076
6.159769426583722
6.239468753213465
6.220488403075373
6.218013087284996
6.233298415320972
6.238925133508019
6.224697370173834
6.2703975529774985
6.253765031034183
6.274738500064254
6.318737111132262
6.297539394610803
6.287268815629654
6.271833061316063
6.262431683071613
6.264661310647515
6.299067252717979
6.295128076777633
6.321019956000205
6.383436753384814
6.396879632341212
6.392898223676693
6.398312610121756
6.421607833207927
6.42254965370899
6.433649059877949
6.436870848643836
6.449018621181664
6.446298834137128
6.479737835647802
6.477125254493707
6.481074519463748
6.462382095737972
6.451992570821526
6.465879008645086
6.435392317823845
6.486614037617367
6.5037016547953055
6.4973334745218025
6.487975165811921
6.4853842335153695
6.473151157214625
6.486034563727418
6.4793533558519565
6.468562531443673
6.468099230846471
6.450093650153911
6.423787110380724
6.386364372067513
6.335349311086821
6.277683346408756
6.273864564222376
6.274345754242594
6.261116535664364
6.218996219477432
6.243989747509742
6.2257473656420785
6.222823136202766
6.266581854892548
6.2852950849167915
6.17461824016593
6.155766055746746
6.099279578874343
6.225533919131008
6.236065339475939
6.2448349146113085
6.260981824961833
6.2428916960339205
6.245770776076116
6.213259985767959
6.212497957259879
6.199479648620465
6.197587532056513
6.180543652367302
6.177266481639601
6.199698388103279
6.237631389664376
6.326969614503698
6.357981780488622
6.36082757057012
6.39107860526698
6.4558710543867655
6.481146330813433
6.494531245590071
6.514742208160948
6.530648147345527
6.506653296927477
6.506633225274922
6.502226667660812
6.43410066133011
6.414025632351356
6.339282415038945
6.339180476686247
6.365376278506343
6.359282870331205
6.362993016211169
6.368974768291979
6.4140302323733005
6.509719271728911
6.560311977164204
6.573903534443522
6.581395071407327
6.585406053161325
6.593154017213661
6.603373252416789
6.622082230230731
6.608607117615223
6.5832757304088005
6.554074920525617
6.567602007177069
6.566338698856175
6.573200373783374
6.560152239205687
6.560653053668168
6.554298935430628
6.549626503155788
6.539662518913785
6.562529232786841
6.5608275752241445
6.561550444950791
6.587489280971761
6.586065099932229
6.597093464538074
6.598576231254967
6.593608965518017
6.636243990249195
6.634943156003649
6.633379363642449
6.610675971143467
6.52999672980085
6.426067217028805
6.382269498743461
6.370818587284672
6.365356598820201
6.348279813779772
6.345433192043654
6.2892873765781925
6.2956425148606705
6.312883761318023
6.346391512327024
6.337295286443153
6.33002822966424
6.276753725087498
6.2785681108492595
6.267376843529357
6.27908788228053
6.264626471960501
6.225008081853687
6.194089616642518
6.200800971076101
6.210750812101242
6.157493251797007
6.133391195290713
6.061145957640035
6.0640224521258626
6.084089402906248
6.049271653896081
6.060778459825361
6.069231203121841
6.126223057061066
6.195992907103025
6.226059028478819
6.235295706951582
6.246248437733438
6.246432009088535
6.25129373639124
6.231681055469686
6.25159670931828
6.296566661751308
6.303927677849545
6.243900024256105
6.22223569411352
6.228768865291838
6.236643235065759
6.227647103487827
6.196612438230356
6.139283307853461
6.131082298651547
6.208134044748965
6.184515533339925
6.190568953896213
6.287984633668641
6.329947143232211
6.324697677523871
6.3187640768290425
6.324268796472698
6.334040802934091
6.326061320177857
6.363122825815966
6.393555046620035
6.377604336215795
6.3220125584542926
6.244497105939054
6.205741972244329
6.194867463945085
6.195747588200414
6.190427485345861
6.197111563402613
6.204660015072125
6.183814868647083
6.160492795625975
6.175904795126938
6.153876819610813
6.1498647119178464
6.0997693691504375
6.0931675513825105
6.097129930820993
6.135707259267947
6.125031552842119
6.073472969965776
6.071278540154793
6.0524468552340975
5.988987987229697
5.9564258189247745
6.012517379397972
6.025332574203864
6.035214698844464
6.045807732814378
6.047869357295564
6.144465494897
6.22246542278767
6.224697535797478
6.219229326875383
6.218314812882472
6.2171793821657
6.247081793074191
6.249364823901509
6.2578872166880775
6.254380541442998
6.259648581295407
6.308700921904107
6.299808815746305
6.2463170794185885
6.239711111079144
6.253342198250892
6.2634642054783205
6.263750312502746
6.257646084494361
6.189867635618336
6.200100567855673
6.2792006421026105
6.2835747511365305
6.283034306095326
6.3738481830109475
6.414961041506219
6.41643155502199
6.414038769703023
6.404951234981771
6.396149049171441
6.411183966254697
6.41054820893422
6.368392355171071
6.380287678320251
6.395608100458545
6.405661019702905
6.406272230447751
6.385352658080975
6.382760064476828
6.360442305125964
6.386939782484669
6.370045123895618
6.335411680405503
6.331412698175495
6.323028600985403
6.3004159247246
6.280300772224502
6.249964641290253
6.248812585667089
6.212004555881037
6.202984868355136
6.150529080226947
6.093633377913003
6.05301715023793
6.107627990526032
6.072982735161794
6.051405404341756
6.109296826784647
6.1218553651667325
6.164357843324997
6.130569175039156
6.12360961307596
6.196846284046581
6.335807050693864
6.307714026873487
6.24388133615353
6.089038655836326
6.177978734431954
6.370746322720618
6.411127696864699
6.466467840585363
6.449019210847869
6.478431898440602
6.499649032970484
6.513001784009177
6.521454223057452
6.575800447840786
6.6088706573682
6.615742140238555
6.646634224815522
6.660587675422067
6.6679449068661345
6.670440754495945
6.678365180785037
6.682235799397059
6.677184954440451
6.675239779182349
6.675194139264973
6.671271126936455
6.684371065980125
6.686798387395434
6.694810384246797
6.689195091227752
6.660809812863107
6.583695649142078
6.602423742188368
6.604149045732002
6.607710577648557
6.6103168564802575
6.57169533120415
6.562762764323942
6.522509627680782
6.551391066951929
6.542287404448138
6.536086561814768
6.531148448874422
6.526148616421983
6.4691112831713955
6.418366552437754
6.3937144599144276
6.291664735164209
6.260615610412248
6.25534044163641
6.252820183384927
6.2344958505182895
6.2319158055386
6.240409235551436
6.240152313212471
6.25338664768061
6.306449872598657
6.281819640411372
6.340011570254229
6.35344766911828
6.3815212117866125
6.428639931852992
6.493127335678961
6.512931907201206
6.53141634567525
6.528230585581094
6.52302319062005
6.556518545528482
6.562287024998776
6.563028469859811
6.550773722120226
6.564011267867903
6.563131985718945
6.574378162332835
6.578117704347674
6.606875507991468
6.617669090231715
6.62177900213781
6.66657137878151
6.64589360744407
6.632093314682999
6.609818256135011
6.6119073706972085
6.649529982309478
6.652703671811093
6.65539110285013
6.663479003699862
6.688993904200732
6.729839171506543
6.73605798243259
6.730494754156093
6.727142309484977
6.710730942364727
6.688166132206245
6.670953527675773
6.644846840875531
6.644112069831932
6.6434655614238896
6.61595580479657
6.611327064892209
6.604830769014017
6.589923183746819
6.571638333985607
6.56017623400579
6.545232883348698
6.541938946768994
6.507162961861313
6.464522091946088
6.454491872603073
6.261029855244832
6.204402108312502
6.205404353432647
6.202347991365757
6.141249755167433
6.067972315646713
6.065285836396054
6.077710431190187
6.090589190679716
6.179253364791161
6.145934291643158
6.168497513287495
6.163623469583708
6.147559579301895
6.169709165803717
6.1958071457741735
6.234871642254135
6.214477002892518
6.215835847154464
6.220020174290653
6.235791859951299
6.190193467754785
6.195535871378423
6.182421734571269
6.179602538348176
6.1929966146126985
6.22848803777293
6.224248884123119
6.214621577591079
6.212103020713226
6.212334771566402
6.221064233181105
6.229753756844268
6.23381489605633
6.267228794188969
6.267124542339829
6.291236016441275
6.326323057425562
6.376066848440026
6.3945119565937425
6.4378910532866565
6.438611594552128
6.439021881713245
6.457880566791525
6.457980533953769
6.45654324576644
6.46302185834066
6.437440063245786
6.446816813684583
6.4851560226310125
6.534834970747596
6.5205199244223495
6.534402320199649
6.5372819138267
6.533934837517937
6.539347532498174
6.519113789974158
6.4719532621364575
6.472700298451409
6.4976179349823635
6.496707987780548
6.506074573655573
6.543282180470718
6.555466976760869
6.5660818948780335
6.575841234269118
6.579595941630339
6.483110118903324
6.468348406810092
6.494644387713485
6.512357665003453
6.468806022299867
6.472196909068723
6.4751812568318865
6.453050042232999
6.410335625629444
6.362460591995093
6.382582421285646
6.380309698946637
6.375614064122711
6.35242269424535
6.306879918085165
6.292543519739411
6.2385660010514
6.2377615927835315
6.212259891397937
6.19331296065363
6.196875082605461
6.209468839160994
6.211565914985155
6.196130975830007
6.207393696755685
6.207274296664793
6.2022628330814955
6.201594996307431
6.23218821039249
6.256149467444135
6.241773744062185
6.205441968557793
6.234765584065
6.340883558828969
6.383624544555434
6.4520235151815015
6.462390757127112
6.462586952993627
6.475179253004175
6.470839743819493
6.463997721247653
6.477255853724172
6.488896712936068
6.490807895015127
6.512941073323429
6.550681183241352
6.5576501369271085
6.57729425278386
6.590427803268627
6.604020800900749
6.593045082771667
6.5756508457056455
6.537249094593265
6.553078508027328
6.561936154773106
6.581730403241882
6.608235588904192
6.605039707760396
6.582459103825418
6.533172975237392
6.525236703529108
6.551253858372927
6.5519995240695454
6.556954477919604
6.533675612867571
6.5195109742105535
6.525877408329835
6.53849238512232
6.574346191754891
6.576683524105403
6.580401255291969
6.598289511298988
6.617025410488166
6.627219340250093
6.634930646558631
6.629916617039628
6.601282105807613
6.598217985439073
6.586747199838431
6.569947903448835
6.54674576414133
6.553908282614684
6.5535205604079785
6.560373033764154
6.567420221109132
6.564072622744996
6.545656053981396
6.506781465348265
6.524190312569761
6.545181848615959
6.5435407425292365
6.539826944312359
6.532488927477654
6.516408925101899
6.522619604642176
6.5225387933264
6.539573973362675
6.533506684358985
6.518526373143756
6.504672965755438
6.491170135186641
6.500912887075721
6.505095212137306
6.492168566603228
6.475380633218167
6.4656834006160455
6.451022450439958
6.4496259396078575
6.459233328202389
6.470518697248597
6.4780003955665535
6.4875244003703285
6.493190554067794
6.47517132022353
6.435150892048632
6.440327986573639
6.414902333785541
6.423405128162917
6.4606460837959485
6.4351163852253865
6.403051141937667
6.351698884590393
6.370356021202632
6.376191605195887
6.316533130411711
6.308404804781313
6.275225545976285
6.270150614717615
6.308596784142509
6.303813733804557
6.323656923866417
6.328928619298106
6.331830396347527
6.33614921198801
6.396036566372507
6.430305693665756
6.450929120509288
6.4801637030742505
6.477981777082158
6.471432218185466
6.457379151769677
6.434146747386862
6.423411289657034
6.363519344111649
6.352761065923215
6.344852229923959
6.329403464031119
6.3734845818260375
6.391513864474441
6.405259906676829
6.425584101695533
6.450507207665231
6.484987710033609
6.449522726232969
6.473232865475728
6.518931992989845
6.523192145218866
6.55786092364193
6.557647206676337
6.562318896467302
6.5681755095188485
6.5615631743930205
6.55038243817946
6.541616338039113
6.534754246949382
6.503471199874566
6.48859988391984
6.488614579465585
6.461068461794149
6.456193970452679
6.460396277791385
6.442678616185807
6.4406382216372045
6.442752005511869
6.4409993605837945
6.443284041399507
6.441259865141825
6.424028657712469
6.329783577285829
6.305411921687253
6.080181136416764
5.954924783075907
6.097446576041692
6.170413773003103
6.188812269607449
6.176329134908543
6.100232491683794
6.097788032117332
6.075978302994738
6.085228070537226
6.090503071307827
6.090479995874696
6.0898148606756095
6.089736943867726
6.109545889428093
6.11431906037078
6.145600183356743
6.171070218912021
6.173865068762826
6.297989535829913
6.298832445350529
6.286595481675143
6.2829100703787955
6.29524246189945
6.291356716961571
6.337580088100536
6.398045522336144
6.4351032456619315
6.433297967397815
6.455182397502972
6.405887369169747
6.4081864400109
6.410124727578985
6.414949094948984
6.395137485336736
6.3893215219380615
6.429474344072927
6.431041916968486
6.416491523556163
6.368996921146054
6.360986668211623
6.369426829900142
6.370830673462221
6.374742820290886
6.381183673503861
6.4185825607555085
6.409321934829716
6.400865038409423
6.367865647710261
6.3676938228546405
6.32996462535037
6.326334779658712
6.326060686518075
6.3185446041844315
6.315462588514019
6.314040139616038
6.313479129910959
6.303824629462024
6.300983736680712
6.319544519922834
6.261501955496406
6.263170087712813
6.024098570776983
5.953422121198958
6.34374287389311
6.466116784596477
6.472715633839586
6.219896128061854
6.141079401757983
6.112733271713157
6.105785641016842
6.1335034515982745
6.124044502596505
6.148379369165674
6.162604556683036
6.182494023175165
6.173413602670136
6.174095012143905
6.162208618401766
6.155346114161517
6.154024371264609
6.267184244717953
6.264577845078824
6.264928021050508
6.265583034113169
6.284728453187218
6.291214474987884
6.343529957988669
6.438454800909213
6.485021077471053
6.496370896882059
6.5037322111090035
6.510893756746617
6.501911400410798
6.483754275112881
6.5000276954161595
6.474915498653019
6.46939343776868
6.472428040073434
6.485014749071213
6.486207492870809
6.485313052404194
6.440390636349187
6.436731574977651
6.419558375931766
6.410134649987045
6.375599071783858
6.355812461448036
6.315281986115689
6.37422480128919
6.428985259720915
6.476162317888857
6.434948674821166
6.449708454590061
6.483370496034771
6.487069874995936
6.509195748824407
6.535343879786437
6.553049375298285
6.53800158800145
6.5242812216401695
6.517755768212298
6.508240788609935
6.493861297104225
6.493185450644012
6.529397653034994
6.530263151789961
6.556408625861377
6.578478509017542
6.584583578389751
6.5704816380745665
6.566335869108803
6.567033233616698
6.596567575028256
6.596802255278375
6.597844838379846
6.6004152398388305
6.609091896857365
6.593847047296771
6.601900379474462
6.604900320236139
6.591074680018858
6.56364650309296
6.557660548227246
6.532764049524412
6.518816794130499
6.512136006368662
6.502301022157177
6.4782753550067245
6.444917833443547
6.424669158187898
6.404156997836541
6.418250850687232
6.42363386580498
6.427979240266534
6.432944870541418
6.395896903379647
6.387937270568953
6.371163076770587
6.332423570583636
6.3239929424422945
6.345193007814926
6.330638370350627
6.3393293288953
6.298741871267216
6.293671758058439
6.31445106682577
6.300019038296115
6.278723680820595
6.22450454001647
6.201898866893979
6.221265114058493
6.273032124434955
6.3102208391753605
6.274198924178072
6.353356084819794
6.411546782595117
6.449431918724853
6.488328783776223
6.522885030434977
6.541148954205445
6.545047779651334
6.53858202600396
6.523016106982773
6.514529188024043
6.517423295586671
6.512718196537971
6.529049992049592
6.5156129246480265
6.535876209131137
6.551204530850873
6.534667694842698
6.520331750735277
6.521409518667018
6.517686464375997
6.5159761558541724
6.526114222753182
6.5280539013111385
6.5309404863833915
6.527675662986564
6.528328438462467
6.543227861846194
6.556601200439949
6.543052338834183
6.552786626957115
6.544073635500707
6.5187625899931305
6.517589497916842
6.531822341272552
6.523988785061064
6.503412394690759
6.476454406622233
6.483891724589917
6.489708967923034
6.520081595294247
6.539995108609073
6.544327845291198
6.554698430363901
6.532700265872663
6.543797920639053
6.5412015361522
6.526849096978836
6.533363382000746
6.551305507444934
6.5588848228354575
6.580962535173036
6.583796286911184
6.591946946426189
6.59234387419446
6.60355083997799
6.601360155260436
6.5924471832031415
6.586260411997843
6.548393950692879
6.559478123021173
6.538684785697917
6.534729196812766
6.600489380803476
6.595076839022416
6.584928442187179
6.597896897095528
6.617766295235709
6.616439805846742
6.615867310652273
6.613718935227174
6.5955074150597195
6.588663730775915
6.576338572250236
6.57013662108633
6.57190538112851
6.561720755516866
6.566369627876448
6.562601927818164
6.56987083610856
6.560469811796247
6.577239787641257
6.558580868672226
6.555413757857567
6.535863430718787
6.553157056785023
6.521567998102453
6.512281084852145
6.514329439591091
6.557986795630394
6.550911293051821
6.532543176036427
6.554229613692273
6.563660098069155
6.547978752966955
6.562928292293243
6.538635170000435
6.5160450287590015
6.406027900880379
6.362900368216145
6.40780114658492
6.4389926107878335
6.44039679729223
6.435525845905302
6.415577184381055
6.412173063723484
6.419746295524663
6.435333441872938
6.438569612469216
6.4439216749772985
6.453112846567574
6.44971035564419
6.431309832558908
6.460823987807047
6.462541390849562
6.473709670983407
6.473380148301141
6.531958995701575
6.533621518129188
6.53490786112946
6.513175750976782
6.5156057244954715
6.502969094294211
6.498182326682397
6.523227790862384
6.532978470160547
6.491330832052046
6.4629239933959735
6.471727783044513
6.473456716186129
6.472143432557385
6.489131894531617
6.492230311845111
6.49439306009892
6.517076298199058
6.524790023731191
6.52295688300292
6.509781391176411
6.479859517741293
6.467608796568343
6.445766198257031
6.4300704865793055
6.449779092432989
6.515367674784471
6.466000867508795
6.451896820920856
6.432131900514081
6.4211176001344406
6.407980559390342
6.4098078630699495
6.419809585139471
6.410434362592298
6.391961490018993
6.409240800201004
6.413074446871966
6.390725356506078
6.388801783496941
6.40267383403534
6.4483944333694545
6.448631569506721
6.460161870115595
6.4714871412939985
6.458017302532324
6.470465775339609
6.473264831726352
6.473395194275088
6.468254942882709
6.481947450404389
6.484704113557997
6.5105529632015635
6.513059102256296
6.530010646249709
6.516808288113731
6.49880322860378
6.449809459020413
6.468938641087696
6.467571115537239
6.479638910539467
6.485284666565052
6.486251556973301
6.484174167847795
6.471394784298188
6.474577186777937
6.483838487780796
6.465969353636389
6.450202808522181
6.449919004982604
6.442586316448452
6.433334107477522
6.40302353471291
6.402014014419712
6.394531550097533
6.387052097611098
6.3842619880147
6.355996539351468
6.353793535664105
6.336024163452217
6.3397522034490015
6.3184285370841895
6.310736558780778
6.262359990807424
6.2836930727941125
6.25805423155616
6.261794930091197
6.2457872190315324
6.188233163305631
6.130958815946852
6.133234555664497
6.206287110077918
6.2158968519107525
6.194810431591486
6.193512384171966
6.270383998298723
6.27582019869827
6.270291825008496
6.294766846922806
6.312187430064142
6.305064765328124
6.3047989022034665
6.294366128793219
6.29348023801095
6.286259145813314
6.267236001987259
6.267474186711434
6.307805349908941
6.332283463569584
6.337917061229151
6.334508768421678
6.332277393249792
6.333879295161593
6.337035692402264
6.349909655939882
6.336207292421773
6.33971621024484
6.33552505044274
6.322272353766495
6.284149720417979
6.281008280253462
6.282409976154186
6.283472950791987
6.30511154073794
6.32117347220864
6.321551253063815
6.279865508967395
6.263924954633925
6.271894126969476
6.298887419967317
6.283173527473748
6.271894181494949
6.2690628336694605
6.335082706086213
6.369991412203293
6.365587191734109
6.363793573609006
6.35475316076614
6.355960467814388
6.356252995674891
6.347777210771131
6.358043134670266
6.37102579732162
6.373269805421403
6.372806979902096
6.343486454369449
6.369316207478808
6.37328287143128
6.37031185972867
6.340489463126517
6.27538085689738
6.274701534658361
6.255311680080752
6.294341458142902
6.280425072616747
6.280927045219332
6.310570105363496
6.376465476554392
6.427312352895838
6.429321405556752
6.413686303018823
6.411503750809424
6.41849827676212
6.415566818202263
6.3491218749050855
6.30691657278056
6.306337363881568
6.2921374246162145
6.29396149958093
6.3128945332984205
6.314225333616877
6.316967231426641
6.30788399692599
6.295794159025929
6.295826211878735
6.28522311998187
6.283583683810119
6.272042727855046
6.261373161573793
6.228843953474968
6.224933512591391
6.254423227451781
6.293723204578529
6.293878396842938
6.295974864949633
6.338930939073431
6.343051381149735
6.335297980364989
6.32240755950183
6.296451199601563
6.311020035118988
6.320946953940256
6.321757499686573
6.329217596146558
6.330412546224351
6.258212895360206
6.266970177204428
6.224044230919424
6.2411454846027405
6.2399478676748785
6.245474897538486
6.278001881632548
6.285284294746627
6.281582070454732
6.302551712070082
6.304653573347807
6.330483101056557
6.388523841107981
6.402194905795515
6.450549901408526
6.455174335257103
6.46371222217908
6.449676848212157
6.433108164461764
6.435895243513555
6.427192572428806
6.434757447338688
6.439829092533695
6.443763558989684
6.430085706480293
6.422163522196234
6.418706759231729
6.422619797764002
6.421497297646674
6.4085579683147795
6.410904877822201
6.404786642361687
6.408119973256577
6.413085104426178
6.410927331327768
6.4100676666995335
6.392933470672658
6.3640976053736535
6.361622106625889
6.359613316756699
6.365663537283844
6.376754218235051
6.351746637997168
6.272639986213184
6.221666609697641
6.131962127562849
6.12982317938782
6.276660574083328
6.3221153358540105
6.3734812696426495
6.441352300053895
6.450784577364374
6.441159061536634
6.419287511160636
6.416134493346739
6.416273571595567
6.388934511260421
6.401318359435985
6.396624335952767
6.397588902171407
6.398457843615257
6.399641036401281
6.328772712007345
6.306399474901978
6.283323147121021
6.287200588341863
6.288365373550784
6.316281961899541
6.32662688773127
6.328992476081913
6.325421576091491
6.310572127587909
6.300617481648324
6.317656357233902
6.363111276707776
6.382780719728812
6.414222792418315
6.411964783805444
6.3792238540763035
6.355134907076942
6.3169482399488
6.092913596218429
5.99839614403292
5.995893086795796
6.070190209175076
6.059449848790896
6.05737338947545
6.034299732087266
5.993357980426268
5.974926093153562
5.974715295677005
6.084286054047125
6.0826846280388445
6.042140724118994
6.047691019446383
6.047806847551202
6.042878800404752
6.051550252523011
6.01292020695659
6.015072243907301
6.015075273413522
6.17143738510498
6.186327807921364
6.191562033897452
6.161892245459239
6.102341179248467
6.060085642474286
6.042157432955404
6.031212126145464
6.21893799545364
6.27077242370806
6.300015091351309
6.335924884171655
6.346693688703141
6.3524521286383315
6.352356717793631
6.374286082963577
6.387092340695915
6.3944915059060445
6.424537272441976
6.435283163313402
6.442925986309261
6.407222880731386
6.411191170972488
6.411214681090749
6.398573823170434
6.391370033841261
6.37491047184416
6.365137572268649
6.370152541312786
6.36883459279946
6.370958430414229
6.319873367895494
6.306358689855753
6.294554341827318
6.293060119668742
6.27024404454975
6.267770736919633
6.280574830886808
6.2885275706982995
6.173589591133215
6.142897820171509
6.104276928106917
5.907117093707632
5.817543318906159
5.815422204753074
5.873147365787339
5.882056821723845
5.884416895380234
5.869325636118032
5.851023311315457
5.825833280361975
5.827926016074782
5.962033046578457
5.964427726643164
5.960456709576155
5.959955807920874
5.96046695775357
5.95112142808922
5.956696809235421
5.940372923721451
5.966775760893535
5.966572942230618
6.120510509373729
6.113290991878104
6.089656398037532
6.089974457686724
6.11624331813203
6.147882399713981
6.115725681900036
6.061021865303193
6.075718492225791
6.106006350137911
6.11712502525199
6.013986363717113
6.004931727239343
6.022362525776998
5.969064606455908
5.917969165467494
5.925867012380873
6.149621083808577
6.1490684227033094
6.142211657444767
6.141723221851922
6.1745254169324735
6.20990041264549
6.207071271300885
6.209984812346353
6.209517442231013
6.210066882340725
6.205758924010592
6.1942382318843965
6.182196788421441
6.201288483920658
6.183630478156678
6.255690256620582
6.2969090172050635
6.318468621637214
6.3048610277781005
6.290377881747567
6.271278995878954
6.286120084923906
6.210805307969796
6.213508141549605
6.230383562547846
6.272047607725643
6.278632044897698
6.289846379616188
6.278280553173833
6.282736187611835
6.305822899141501
6.293201995559551
6.288791581740884
6.297951193242394
6.29715346149354
6.28341513592687
6.320162052649378
6.315245992514096
6.313704985980561
6.283749042381288
6.281968902925776
6.300186155026832
6.314797972804149
6.329648053700579
6.299621324795009
6.2891962277106535
6.2610518179600705
6.234982842600579
6.2110149763772755
6.242960668259721
6.222913546202551
6.186928799169504
6.1237870352563935
6.082830942283028
6.067932760954793
6.042858066576661
5.922279536360724
5.913001986055023
5.941899880365603
5.892831664008895
5.854143284356182
5.853204737874817
6.067127003605542
6.119127539296235
6.151621482324199
6.152026140388184
6.1597148933809756
6.172387939173296
6.180931844674898
6.179852731391875
6.175322813696242
6.174528563780914
6.161054770680994
6.147048685056856
6.13362436014895
6.120072475725875
6.140919219735526
6.214094117247196
6.258124131473435
6.279616614178448
6.239776429029677
6.236740656293142
6.176110805814017
6.161488788327841
6.149430974044141
6.164270616766464
6.202044966935135
6.23796637593829
6.255096985652282
6.253980457132853
6.279985758064703
6.2842250911026944
6.231067941044639
6.216142823866152
6.169450846550804
6.077683512728666
6.095191969417414
6.095767776557528
6.090158772849129
6.04991967669857
6.185956173856046
6.2144552610377595
6.2684815505269755
6.300044982242147
6.31798880241154
6.325567540928835
6.333603571259344
6.326442974396927
6.304618904173011
6.276273685795011
6.2904393728950945
6.336893440683715
6.338466696323013
6.32285432257496
6.334916075683056
6.336791113810838
6.331799682075754
6.304765268921178
6.257965317030631
6.258153155489968
6.271178565274914
6.227845397684545
6.180959109895051
6.109793032741193
6.075142555651222
6.028578042457577
6.062222537314176
6.066116051224038
5.782971155043776
5.78228022400351
5.791563152436101
6.1260762938309234
6.216320712968745
6.2637011900289705
6.275174604709445
6.257995221334445
6.248342816229513
6.219468954188908
6.218587780602416
6.308708863547036
6.325110642536743
6.338921889091674
6.331072109396105
6.33214960491258
6.348764390859377
6.332275886039634
6.329767185827331
6.312549481275594
6.329234510735019
6.313875816123046
6.299048187328165
6.270572111039659
6.391563642762478
6.381916022909652
6.33549325757703
6.328143337276543
6.294831817781178
6.207653628010714
6.2314504301250935
6.229712413839338
6.231308008377818
6.1917966270936216
6.32571892656572
6.344797903126976
6.375801489038958
6.393233806751417
6.3866390595078
6.376821947848194
6.383225130244784
6.384942271566608
6.32122346050814
6.324370390786656
6.291723336792281
6.22159059245398
6.224366807254945
6.253707839578734
6.299475412550413
6.302231823301849
6.317697045180086
6.314210723173028
6.328682959774758
6.3293561637442295
6.340097255335634
6.296707926533857
6.303128771388913
6.29801095679949
6.331766121802229
6.346730778120188
6.352142495910526
6.360968234263977
6.357974804968546
6.378324081247612
6.375498449440979
6.4826292706319455
6.4928882829637695
6.5059017714500715
6.502372413214806
6.513178441935662
6.515914232831584
6.53580224921358
6.55587873683867
6.573146621847818
6.575178423542124
6.56154188511088
6.540562153176637
6.531329917947439
6.5147415374377875
6.526340167737361
6.5416449102709935
6.5320382840882605
6.553352648312151
6.540724304791745
6.524091001920623
6.500055531857313
6.618419055338796
6.621441816006907
6.627858170864577
6.622481452416185
6.6159747439337995
6.607221082115807
6.6018783890563775
6.595747508941311
6.585153164379864
6.583301715164995
6.512684160677525
6.499243931405082
6.465215020114135
6.443842991903013
6.437072231846999
6.452266129612178
6.444162385210154
6.421495581991152
6.391035761267974
6.378373898741758
6.37404280473237
6.409750086573251
6.407813692514213
6.404489563543935
6.344895173736609
6.288401153312838
6.235570948278001
6.190447954487411
6.162567388384971
6.187835540060423
6.196082346435308
6.092013243210874
6.0836607995629475
6.064305934092134
6.095801552652705
6.114835745666925
6.131785932786421
6.158932324142398
6.178021103971654
6.17515175910347
6.1822608211633225
6.261989944520485
6.263793953967522
6.268689061334882
6.282690629487568
6.281225478962336
6.239709831183225
6.22477886971376
6.244736437086862
6.215176194863228
6.223307589553635
6.232607651200035
6.13766153066831
6.141597803548207
6.1500222215664415
6.136692862115664
6.118209525103598
6.121710414083269
6.215486996915915
6.202501643942568
6.193835029284137
6.185998832525947
6.176902566196464
6.169093456994476
6.181008131701837
6.225109247840073
6.231899261597703
6.217336183597034
6.207442717472485
6.196693783645201
6.209993531501793
6.216685288550375
6.237233433426573
6.311754985173961
6.3468072757429
6.345310435787955
6.345685430120177
6.35896669486751
6.374930993498932
6.326960683519172
6.336654484894478
6.319363230962584
6.319838773230928
6.3559561309788
6.375688987109202
6.4112094257332135
6.399843229903594
6.398931907884625
6.414548413605981
6.463732900800792
6.4798992076148885
6.490599261748595
6.492259105261846
6.490425025644295
6.496713893242111
6.4857012623875665
6.473791769056599
6.466130285080948
6.470481138381811
6.4685743145665215
6.468198903987893
6.466308837428904
6.466441020808258
6.447386831939253
6.389206511843968
6.362634601255029
6.352629035833742
6.377007002490766
6.350808258321619
6.332304362614677
6.360444626460806
6.329595677965816
6.314864300721292
6.31656908657245
6.243659796626661
6.21456177170482
6.151903103598806
6.102347994366632
6.11094718660773
6.092512050042833
6.084989490740481
6.062071373089631
6.044317411630756
6.027368619655496
6.028977781485089
6.0132315129140625
6.021075993164647
6.055763573885118
6.055697037736239
6.055006512953414
6.055255426923076
6.055243067095173
6.068026281331974
6.06034276435104
6.1206793674860505
6.171965713894812
6.1925257351442795
6.186943363219361
6.103240112612388
6.0856738887286115
6.12245190197146
6.109809442154491
6.069872803520829
6.0738424167963325
6.101143852639527
6.226025930950466
6.302376473660649
6.308873200541206
6.306510200424908
6.293160816073735
6.272032345523602
6.252211372210849
6.232485017779156
6.14732556975718
6.263255061896672
6.262438232855231
6.259914368537428
6.219415898884233
6.304902312352654
6.322595231388412
6.359843061152349
6.379944448775243
6.429893535387317
6.428887079631661
6.473060677225562
6.474002006125756
6.46358378113619
6.476710677756097
6.498365869295803
6.52587724236645
6.5437716380817355
6.5112658058509885
6.516753274844136
6.51981024017514
6.521838113740916
6.533250314926268
6.521199569856458
6.466737305132513
6.39489580934505
6.3777625238550755
6.37666364289596
6.375158063831125
6.374300400869778
6.374253319504463
6.329980675263773
6.269442453808762
6.245530731926865
6.306571877347059
6.330140406716666
6.307985538313407
6.300945321865319
6.318841799062359
6.309917441541131
6.333019652064564
6.337423368646169
6.304127924940457
6.300314680998586
6.318977221351462
6.304243241259315
6.2903639354801335
6.217899752851445
6.223167698738023
6.230913778179323
6.248393416471298
6.215669162970257
6.216321280970573
6.269444800098562
6.400172723126219
6.430078892399523
6.398481259162853
6.425767655106712
6.427890280865969
6.445507713906181
6.457067642568296
6.476978331733317
6.462853936244119
6.565131299414104
6.587354201683841
6.575955741684474
6.568089549732684
6.5858952501500605
6.594206389616318
6.58262305146966
6.584938003394006
6.576688922336295
6.579666141792867
6.590116639060973
6.603732682449338
6.59167403848104
6.627192489723056
6.623045067756391
6.625057854892308
6.575612631223179
6.563298531041454
6.532860399029255
6.528002324513786
6.540745783206834
6.567816686268861
6.567835721947647
6.561987427762501
6.55880713068316
6.506775195638541
6.513614625106486
6.511486565209278
6.51448036082651
6.46799223772008
6.476296741862026
6.4469163285627875
6.425617019682508
6.465177844251569
6.4894740346505255
6.5089324114121005
6.51106360984632
6.533993457082291
6.536830760298734
6.532853855399162
6.53491094099466
6.529418281753547
6.48309504154861
6.505729753712826
6.469974638837271
6.445263816429474
6.441892205762194
6.438579486829493
6.452681202633521
6.466164211343338
6.463173641575831
6.51634794116155
6.522413551510031
6.586076994366154
6.590851711851303
6.608680996945874
6.587480248914737
6.6521585115515
6.641175963301391
6.6395413002917145
6.649140358339475
6.6447071715816755
6.6402085049756
6.637611235573457
6.641618153589633
6.63442181575893
6.6049982342590345
6.600491593649199
6.602422313763478
6.600375107661799
6.5923959651140045
6.595814570824146
6.593945788726144
6.579568930251822
6.566562520887883
6.529243596629907
6.536804809655837
6.546769852708251
6.538743722181583
6.5314344991647655
6.52090102473527
6.518505019517388
6.49603804254747
6.494577543785698
6.44057451806665
6.435542857962712
6.408483665250909
6.426234876110899
6.200010260061334
6.206143361480458
6.200068663454166
6.144465209363006
6.144823875754442
6.338185804605184
6.378040491542201
6.378701822191573
6.402056555075813
6.432887791332636
6.443096879275631
6.430282746409042
6.4289728283481695
6.414041923277267
6.4021885420612925
6.40662089400387
6.365307751612342
6.347491344300867
6.313717625904212
6.295461529912123
6.268907678920627
6.268997709633759
6.267163666382711
6.24478153734203
6.229439552434041
6.277764781573116
6.28024542145234
6.329594043844359
6.333613886419786
6.348560182733428
6.3117089760252
6.354973647572894
6.325654842919058
6.326020779669699
6.3417974318846735
6.366280847111894
6.330362483267813
6.304565926117597
6.284820487001103
6.25655815071441
6.281643394669917
6.312655303125087
6.342400624770451
6.356967209219121
6.335634372229315
6.336754233354439
6.356524278038401
6.334540153858036
6.333387444604147
6.332960550135681
6.314910918763706
6.316257721380248
6.336417048752583
6.360678733004454
6.367124906279869
6.36492469685
6.381762915248215
6.389055605402728
6.4119177755811325
6.415008977749215
6.389262401465422
6.402368343735563
6.179977597091268
6.177990733033236
6.169167270876834
6.150914205085491
6.115429507326169
6.306326102482675
6.343129826751785
6.328347713967595
6.371309636082742
6.404158591017381
6.3986598805397445
6.379510168782051
6.36909952940473
6.458608640266633
6.4883022964059265
6.510151008708803
6.515759214998051
6.530162455942932
6.545571975194615
6.547673476190571
6.546115181842703
6.538086976816372
6.509460054540535
6.485500726323172
6.492326085395174
6.484635479249137
6.472761103649373
6.441492564475368
6.418034941927502
6.401936850450478
6.4022446953281875
6.401001462437495
6.410694656166352
6.426924333608246
6.448313426648685
6.481358690305473
6.4669300260411795
6.454350770368279
6.468541040271784
6.439947882110827
6.419939370689253
6.419709290459711
6.415925498596341
6.414713436960481
6.335095777580996
6.311530739274934
6.220256391551612
6.243286590981424
6.222824849963567
6.217597027909046
6.234381543917967
6.2997317568160085
6.3114152799740975
6.288304946196359
6.284601698651331
6.364637530529886
6.375857072601524
6.3821616171068385
6.400808153253243
6.403419802869028
6.451293907133143
6.452928654356365
6.426969013025181
6.401971209041653
6.3700150540266405
6.350377072918144
6.30261457258147
6.294028762272065
6.287682157945362
6.273943403170451
6.30785227957589
6.317156492817036
6.298541232105137
6.308752662715696
6.289066905251282
6.239805504988622
6.269699363473979
6.1717657175719935
5.720766573792881
5.568462369801248
5.773810440788664
5.980498971425449
5.972357934425345
5.952387323701867
5.950115119583483
5.953649631034958
5.852700877814896
5.9077797117498445
5.909415534120751
5.902187488150128
5.9510443844414285
6.161804002059984
6.263015532385305
6.345997974127812
6.423145107236822
6.4664847970616295
6.484179891790802
6.494509346672601
6.496895015730493
6.521013214029009
6.517119744622686
6.49780366528539
6.491048378940874
6.515536626930457
6.509303278279976
6.514810183920707
6.54034544333064
6.52348808609441
6.5416933295192345
6.562732942740205
6.566667927070973
6.555307943334293
6.559418881552119
6.570405547829058
6.565148003967405
6.552797793879789
6.548470443127025
6.547538497555322
6.544663231252445
6.544567555418988
6.562634696512513
6.605355325571217
6.5902361854695
6.549949684255634
6.530548177583638
6.4964730501667285
6.432977154035498
6.42346913011869
6.40848524886759
6.427190714945802
6.418291429775035
6.414352343978937
6.413019744400518
6.434410971892642
6.417561172785448
6.419676808993705
6.412385707297743
6.338155317957061
6.341802392415926
6.217482250693978
5.7594393364456975
5.6143789919138705
5.8150956136789045
6.010608118880547
6.006469035914538
5.996127642354039
6.0154384874754045
6.016307892665418
6.016209694192593
6.123381071733977
6.126302707748013
6.096342977654615
6.129473025011036
6.350266340522312
6.3667517660543655
6.379311092513104
6.410598612752404
6.4427266540470445
6.432913291834435
6.424823763240477
6.412910260703931
6.393668311613688
6.393463634794285
6.393237133985739
6.34056682324909
6.336451167690398
6.3099105156210795
6.279152638702845
6.275863198127244
6.252986968666606
6.244585785431763
6.214304127675095
6.18282794459259
6.2034312284091815
6.220883785862979
6.228226849265568
6.265000423122259
6.190107581675736
6.180078234915993
6.260925441749647
6.245074883659723
6.239978020588764
6.250223555341972
6.299594797842109
6.303848804362618
6.298556469065286
6.176074525514265
6.177572694871834
6.156374604256923
6.236686336519275
6.255221963970788
6.261345169514851
6.262343043382563
6.269969931887426
6.283794342769067
6.304354331927719
6.302349404792404
6.309505839469631
6.318611946095123
6.3181603598062495
6.335747001013962
6.3353999211133605
6.3509693271619625
6.430824123577781
6.4465797180988815
6.448373304514108
6.445838784488837
6.426224068173316
6.416411860024397
6.429228663659487
6.283463059844481
6.285510849111725
6.267998120912534
6.277448375356232
6.267006802944384
6.342188753533234
6.38227707420444
6.319490959271878
6.324909063966022
6.353899209937597
6.371285684096835
6.362000279652509
6.38696355204833
6.396052524252452
6.386887573181581
6.417147203155553
6.427884255273047
6.427275652175808
6.416437766782673
6.398585310067169
6.3988595573271425
6.374092788351065
6.375931474778989
6.375930439414273
6.3667607209358295
6.364245695596013
6.363616922044158
6.322576863156971
6.358786018804778
6.345105240608712
6.334354846371022
6.387851893606039
6.394990376369955
6.400544447656726
6.411041184494902
6.413980971484673
6.407186444493062
6.393009978288445
6.433661190769093
6.423711940210046
6.415758592523079
6.401248102513257
6.415092725164158
6.392951747978819
6.384868510663671
6.385768965020356
6.334465089145452
6.241350040545867
6.250762248623445
6.254696432060731
6.256280365085825
6.330862871430256
6.350339178420199
6.342157779234084
6.388862670471108
6.388862670471108
6.389166353547511
6.391548080269128
6.3919793331715145
6.304080772026099
6.299536105480757
6.318083804931348
6.261259409560533
6.331298501011261
6.341008773345759
6.331873877047803
6.320929714983642
6.309053576170973
6.339000292093917
6.279281008055546
6.3052484442654375
6.313888128171109
6.310278266731917
6.342059016808744
6.3494974766472385
6.350311654774583
6.381712000247422
6.436540698286697
6.475910567919513
6.469485032523657
6.491962441789678
6.495350153405685
6.488755360616569
6.489120760678729
6.499128043335371
6.491245825676403
6.492822793506759
6.491542212319006
6.497040772422434


