Rainfall Prediction

2381.04582219111
2453.641394015057
2497.1120701057675
2562.380838891342
2668.9928403579534
2615.5047631435214
2604.637945912838
2520.717340688873
2408.445499958193
2304.601401468588
2274.076022763268
2221.7615323122436
2083.090561767507
1702.0161085724933
1583.2050389743752
1420.2222020532056
827.8284313578761
728.8895663953491
0.0
0.0
0.0
0.0
0.0
0.0
0.0
0.0
0.0
0.0
0.0
0.0
0.0
0.0
0.0
0.0
0.0
0.0
0.0
0.0
0.0
0.0
0.0
0.0
0.0
408.08822575516683
600.2566117919902
913.6366892808104
977.5827330717334
1048.7993135009194
1054.831740136786
1255.836374692181
1681.7241153054802
1767.86028859749
1862.6266399898827
1670.051496212018
1531.203121731405
1147.2022489517706
1458.3497522885243
1755.0598280400586
1865.2005254127503
1964.0356412244662
2114.2251535728165
2293.7990321734815
2283.2196565376707
2175.6667943414495
2147.4226412143466
2163.422288874736
2293.587146807376
2457.3451844487504
2440.8277284560663
2391.9716622999526
2351.0987633558534
2139.3828549373766
2047.2134720150705
1971.3122532972802
1892.9236645992885
1797.6618146915175
1444.6477079205158
1504.0139627011447
1515.1402575339355
1587.3225885118627
1627.475208336538
1569.3185467999785
1562.545163371423
1571.3883546366726
1529.997841724943
1523.5398625271841
1565.5999428408104
1131.957356745539
699.1365341681637
35.51092691259849
90.0
52.0
138.0
67.0
87.0
30.25019762423973
159.83359907331078
40.645478371881474
52.0
20.78629982276145
229.83137668072712
290.8576775875375
56.581168029846786
128.94137809034896
380.66076805898234
504.17222792947285
543.1092354184259
549.3047355495421
369.7277308061489
395.53274205396656
452.78080890498853
265.2422760159901
226.4968827687852
182.35762994081924
122.84950142348971
155.04304022363957
233.47376726304822
189.31455305918772
178.75961512601216
206.48486627353589
146.19165502859593
0.0
0.0
0.0
0.0
0.0
0.0
0.0
0.0
0.0
0.0
0.0
0.0
0.0
0.0
0.0
0.0
0.0
0.0
0.0
0.0
12.0
19.0
9.0
0.0
13.0
6.0
32.0
35.0
26.0
185.0
116.0
627.5482694977325
600.1999666777732
924.1043314815876
967.4203925362107
760.4918130214776
1007.8707528808907
1435.9048499740159
1028.496961590067
1227.8992310667008
1359.3631334259362
1312.416817974878
1306.3666106652583
1320.068375893553
1176.7220513310197
1259.6399195652477
1315.949946702449
1278.5218416488997
1300.1654336654144
1358.762962837963
1301.7303067231144
1195.6164706088337
1168.3569498069323
1387.2521221486566
1146.4203603515518
1143.5200316648961
1648.1483059452994
1554.3150981386327
1927.2141337731641
2140.8900222879092
2069.0661136059844
1868.6337331019322
1563.0199605413086
1299.5274153544947
1957.4451751605327
1798.529603790603
2061.137816122371
1837.7819509351093
1319.7561534180923
1246.7654653434972
1091.0036001301035
1326.8270888325833
1458.126804311896
1346.0807004001106
1321.435386496312
1330.5724789911112
1478.5724789911112
1462.4742230236593
1208.9848213257178
1580.6089223697943
1260.5366582130598
1330.0190631037756
1316.1923789366201
1320.5432760078418
1475.2479290652388
1414.608488568301
1451.1472110112177
1476.1497967482896
1564.8377227550761
1668.5732752885876
1439.215231103306
1168.89573920951
1221.2386384423169
1191.1334758123403
1185.1930500054802
1002.1665262543728
961.8543109405692
793.4073277891891
794.7874529841731
651.5314657632545
639.1078727895552
666.7579156106937
667.8003157088342
661.4114565647607
950.3268115881624
967.2326040368881
1235.3032392772634
1283.9706305384434
1312.1631766719818
1279.9193932581359
1306.2952946767966
1291.260777012049
1248.5965623045831
1274.6651180796027
1209.5443100580692
1049.3639649467145
1093.0739617930135
1076.105004132859
997.366862982871
847.9899906090915
795.7519458350246
1079.499618069301
1116.115116733407
1277.4732266935698
964.7279328080633
984.4666564901032
906.4565622495459
827.2646486610181
685.8442311206588
617.0234720044311
731.8674878535116
721.0237148592939
716.4442520858521
519.4997477295019
518.7726750741192
476.3492118461643
476.3492118461643
429.01231508416095
435.39473946930553
384.99472291840686
345.62117990655605
334.8148742215614
335.1999403341236
470.1010529662745
473.9574448819808
623.4831668467539
842.0733121699642
888.0393785497195
893.6944548143339
922.5787637239868
1084.6409039971904
1206.8474698207535
915.7876040913831
894.8742234234679
944.4929149507242
988.5526952246634
1030.9114214642782
1182.746198786404
950.3197564572224
941.0590531567631
819.456141910366
898.3458749154979
776.3181141733775
1056.9229355203502
1484.9946619048071
1020.8687255985741
744.4490712024533
806.6117915656258
956.8583975501424
974.2195048697281
837.9754290619105
1139.7147043380428
1048.8378274651704
988.3822051116887
206.59775053133524
14.561529072251677
132.0
814.0
741.0
1874.3337140680894
1992.6407894436575
1727.293226224113
1585.289602183908
1320.285345352999
2297.54809337901
1404.602590899929
1454.6059468947926
1426.3805872813011
1732.6058674543622
1398.3406531337591
1579.41868913174
1997.6312143764967
1949.6132491959474
1932.5659839197779
1850.3578077443422
1984.0538329585054
2254.519738300825
2455.549523175461
2468.8850471068736
2551.586918669879
2318.4755984120943
2545.6873817783257
2692.1250869504947
2679.214986876623
2652.210537808111
2715.5098144798835
2619.1468499119405
2776.3206645187875
2717.7559941608447
2622.930545895602
2199.2655310756218
1958.4477283392519
2088.191665735007
1914.2025198462923
1765.6756132240105
1757.1785609816434
1625.412845304111
1792.1346093767625
1760.8795815541687
1493.274622596388
1530.2693704883404
1479.5164410859416
1487.3904628796163
1446.032410396783
1194.7351035269633
1116.7452708652945
966.7533294486242
825.436248295409
672.7035008084914
706.8118561540971
730.3218468593145
630.3221398618329
554.8693539924511
71.63099887618489
211.7923511366735
138.9100428334827
325.52112066653984
444.05067278408666
701.024963892157
788.1180114678258
856.7333307395014
1131.557333942916
1251.8793871615587
1397.122041913304
1516.299442722314


