Rainfall Prediction

1662.5429519448178
1662.5429519448178
1662.5429519448178
1662.5429519448178
1662.5429519448178
1662.5429519448178
1662.5429519448178
1662.5429519448178
1662.5429519448178
1662.5429519448178
1461.0914096110364
1293.0
1150.0
993.0
863.0
786.0
639.0
612.0
594.0
307.0
297.0
174.0
264.0
419.0
647.0
657.0
670.0
715.0
715.0
715.0
715.0
715.0
800.0
855.0
855.0
855.0
855.0
858.0
858.0
858.0
971.0
1070.639867277255
1400.5429519448178
1447.5429519448178
1547.5429519448178
1752.5429519448178
1752.5429519448178
1759.5429519448178
1759.5429519448178
1759.5429519448178
1756.5429519448178
1756.5429519448178
1756.5429519448178
1551.5429519448178
1386.5429519448178
1166.5429519448178
1379.5429519448178
1653.5429519448178
1726.5429519448178
1751.5429519448178
1784.5429519448178
1784.5429519448178
1784.5429519448178
1699.5429519448178
1644.5429519448178
1644.5429519448178
1644.5429519448178
1644.5429519448178
1641.5429519448178
1641.5429519448178
1641.5429519448178
1538.5429519448178
1491.5429519448178
1408.5429519448178
1356.5429519448178
1248.5429519448178
1018.5429519448178
1018.5429519448178
1033.5429519448178
1033.5429519448178
1071.5429519448178
1071.5429519448178
1071.5429519448178
1071.5429519448178
1071.5429519448178
1071.5429519448178
1068.5429519448178
845.5429519448178
558.5429519448178
440.54295194481784
415.54295194481784
382.54295194481784
412.54295194481784
417.54295194481784
417.54295194481784
417.54295194481784
417.54295194481784
417.54295194481784
417.54295194481784
417.54295194481784
442.54295194481784
187.09140961103645
440.54295194481784
450.54295194481784
530.5429519448178
560.5429519448178
563.5429519448178
616.5429519448178
616.5429519448178
594.5429519448178
644.5429519448178
626.5429519448178
629.5429519448178
629.5429519448178
629.5429519448178
629.5429519448178
639.5429519448178
634.5429519448178
634.5429519448178
634.5429519448178
634.5429519448178
634.5429519448178
634.5429519448178
604.5429519448178
599.5429519448178
599.5429519448178
599.5429519448178
604.5429519448178
664.5429519448178
734.5429519448178
734.5429519448178
714.5429519448178
455.63986727725506
407.0
397.0
317.0
287.0
284.0
231.0
231.0
231.0
181.0
161.0
158.0
158.0
158.0
158.0
148.0
148.0
148.0
148.0
148.0
313.0
458.0
506.0
521.0
551.0
721.0
789.0
766.0
696.0
696.0
691.0
990.5429519448178
990.5429519448178
990.5429519448178
990.5429519448178
990.5429519448178
1020.5429519448178
1048.5429519448178
1063.5429519448178
1068.5429519448178
1098.5429519448178
1116.5429519448178
1116.5429519448178
1116.5429519448178
1116.5429519448178
1166.5429519448178
1166.5429519448178
1369.5429519448178
1607.5429519448178
1670.5429519448178
1670.5429519448178
1623.5429519448178
1478.5429519448178
1685.5429519448178
1685.5429519448178
1746.5429519448178
1576.5429519448178
1548.5429519448178
1516.5429519448178
1516.5429519448178
1516.5429519448178
1516.5429519448178
1516.5429519448178
1516.5429519448178
1277.0914096110364
1269.0914096110364
1355.0914096110364
1187.0
1159.0
1144.0
1430.5429519448178
1400.5429519448178
1382.5429519448178
1193.0914096110364
1161.0914096110364
1086.6090206016272
1033.0
1206.0
1003.0
765.0
702.0
702.0
584.0
584.0
329.0
363.1883249434737
223.0
223.0
178.0
173.0
173.0
246.18832494347367
176.0
472.09140961103645
338.8667322705342
586.8336979421294
573.0
623.0
709.0914096110364
781.0914096110364
753.0914096110364
673.0
673.0
673.0
710.7367826096922
741.639867277255
1003.5429519448178
1003.5429519448178
830.5429519448178
873.5429519448178
1515.5429519448178
1518.5429519448178
1518.5429519448178
1518.5429519448178
1523.5429519448178
1523.5429519448178
1528.5429519448178
1608.5429519448178
1628.5429519448178
1628.5429519448178
1638.5429519448178
1638.5429519448178
1638.5429519448178
1635.5429519448178
1475.5429519448178
1475.5429519448178
1263.5429519448178
1238.5429519448178
1188.5429519448178
1188.5429519448178
1160.5429519448178
1161.5429519448178
1544.5429519448178
1549.5429519448178
1599.5429519448178
1604.5429519448178
1604.5429519448178
1581.5429519448178
1581.5429519448178
1611.5429519448178
1616.5429519448178
994.5429519448178
991.5429519448178
1039.5429519448178
1084.5429519448178
780.0
780.0
778.0
698.0
678.0
678.0
668.0
668.0
668.0
668.0
668.0
698.0
718.0
718.0
718.0
718.0
718.0
695.0
312.09140961103645
439.09140961103645
291.09140961103645
604.5429519448178
545.0914096110364
1042.1883249434736
1237.382155608348
1185.0
1197.0
1212.0
1339.769816938097
1328.0914096110364
1549.5429519448178
1549.5429519448178
1549.5429519448178
1546.5429519448178
1546.5429519448178
1546.5429519448178
1559.5429519448178
1749.5429519448178
1749.5429519448178
1762.5429519448178
1878.5429519448178
1923.5429519448178
1900.5429519448178
1908.5429519448178
1993.5429519448178
2018.5429519448178
2275.542951944818
2275.542951944818
2275.542951944818
2275.542951944818
2335.542951944818
2325.542951944818
2307.542951944818
2197.542951944818
1637.5429519448178
1460.5429519448178
1445.5429519448178
1393.5429519448178
1366.5429519448178
1246.5429519448178
1246.5429519448178
1240.5429519448178
1240.5429519448178
1240.5429519448178
1240.5429519448178
1240.5429519448178
1423.5429519448178
1413.5429519448178
1276.5429519448178
1289.5429519448178
1276.5429519448178
1170.5429519448178
1125.5429519448178
1118.5429519448178
1090.5429519448178
756.0914096110364
694.0
485.0
513.0
513.0
513.0
513.0
673.0
741.0
751.0
1026.0
1091.0
1109.0
1184.0


