Rainfall Prediction

2310.734867972576
2240.2425037972953
2474.661142945618
2573.745332798001
2686.9314932197763
2612.434796297241
2604.2694643435448
2593.276558385416
2488.4423735604228
2192.513860348747
2367.7038018317626
2247.322462799001
2103.8716093575226
2052.2069582305417
1862.24617333291
1834.093300131773
2196.591583937735
1789.4549677377222
1923.2235642099422
1679.8936857758194
1529.012937516751
1490.7499847328136
1716.9022563721612
1882.0624575271156
2139.9991337167467
2040.6173558813075
1998.509314619108
2052.9131892680675
2139.636352280294
2039.6363522802937
2135.636352280294
2079.6236360660732
2195.2469014782505
2237.0593317046482
2118.2818202327903
2218.998855991861
2190.979756697119
2086.517460725736
2153.309719784965
2174.8814204036876
2168.978224128196
2176.1777841615826
2384.9177181772197
2206.770420658198
2242.5734422962764
2651.2476430023
2446.3833057405773
2338.4491581230554
2259.614614749625
2214.624944124087
2210.4885180514925
2110.520840817846
2258.321767083292
1818.2992359917826
1427.2762118618566
1360.0914191899474
1445.233437174256
1866.8752089753946
1777.8594821943498
1788.1111056751326
1837.5628222839596
1830.584858740094
2014.7360088783275
1892.8281606534433
1885.7490959030208
1629.330219656152
1940.2164026414378
1881.1834987672353
1827.3557674985004
1630.1712073887636
1777.3448667593423
1805.6036235500776
1754.1246185688995
1526.6594230301157
1714.0444959901815
1524.4902573843995
1045.3726710596227
1065.9403655460053
1124.1253078282853
1131.3847472220045
1234.4310440657707
1534.4299068842558
1874.1861669310508
1626.7819795483572
1612.6619171871998
1749.7634569392872
1911.2757316086231
1740.0402788891242
1486.9637872194953
1566.4184898561468
2122.7326048384057
1884.539128899405
1945.0604184259075
1883.2195316743519
1853.6306397267854
1824.6846270402257
1908.5354687005665
1904.7837308849719
1926.7377247292425
2004.5316526687584
2108.3577925635345
1928.9844537140211
1882.0933387761488
1941.3175329366366
2098.063863760993
2069.9382098567453
1996.8347096186192
2352.87790126665
2541.106811770531
2230.341202388609
2676.538112887156
2509.0139192329543
2440.65961829981
2164.4493308415085
2109.82009186314
2173.955164923288
2209.6432810712904
1953.8893645151418
2128.585777168023
1922.1205405488754
1573.594073758384
1654.2050990470452
1828.440905380982
1645.0861150591631
1584.9215504230078
1584.1218686222962
1809.0812280257508
1750.6763290331037
1846.4761688120605
1781.580449766052
1820.200795041256
1867.978184666961
2382.433234505553
1964.1181493259035
1904.536989026301
2003.1010096910607
1560.0135135387081
1696.369544436
1820.0347601539177
1399.9636582813619
1650.0753394556484
1331.5473464070699
1281.209427499098
1456.1788878321
1383.6975916316235
1041.0402481891376
1233.5913111040443
1052.5821440878287
1500.2957065817866
1109.5805710813938
1640.4662867158534
1457.2841688018275
1541.4931614539043
1443.8858951138377
1937.8764720222612
1644.903982221946
1849.8359647713412
2158.796012309684
2152.1081873589724
1985.2987038775107
1744.37922462817
1687.478462865992
1955.984064613739
1677.9790472067373
2056.115612971911
1774.160708104776
1813.5528210700174
1838.530135973843
1787.734582836849
1813.7118352215223
1777.7801016295161
2134.825651892507
1681.3104188284965
1945.849554634241
1610.8312308955892
2690.9772850963523
1695.6089626109165
1627.4960381588025
2475.8720962481666
2756.646575687711
2904.78214681331
2823.7187175860204
2648.0484204683867
2623.3135624956362
2223.147340068908
2239.0560559502746
2255.6257042695474
2530.814980961855
2214.310237752231
2192.7530084473046
1956.343783313339
1906.578046932529
2940.4041118955515
1728.9053641795156
2895.8907835789823
2920.6579140637127
2706.6215993388705
2973.6651793082688
2908.7306010577636
1650.9272408948134
1747.2855539776206
1673.0367293553556
1721.7695456626602
1911.04777470491
2301.096378461152
2441.4100380568684
2181.3721771293103
2133.081102765952
1949.2494802154329
2149.8344582577893
2298.275288092131
1958.3908143780245
2081.8938682011108
1552.2167013987607
1472.3478327319533
1680.5171934933128
1112.0471150180474
980.5101100652366
1011.1751835110804
1129.3110827328876
716.3102579653764
1118.2094558032563
1178.418127990852
1034.6405800281077
1132.1954609244174
1311.8668127182516
1280.1878844682392
1435.4426329374794
1128.9921157475812
1226.9842689334234
1846.871987538472
1595.239557393793
1607.8880819862036
1709.6397772073478
1513.8318611118782
2022.2570081739434
1863.3088456792407
1916.6565296501112
1890.8398548858158
1905.6703654247199
2513.460325780226
2157.563831281093
2661.7342155440983
2757.8924972649875
2386.7566964082
2637.0228165115846
2690.003313089315
2791.076856590427
2810.7882276234627
3071.8114359545675
3031.404084071346
2863.4105261541713
2925.803415648042
3179.933544203159
3541.540684946059
2856.8301669465254
3044.1086450507532
3145.402151578772
3353.7903868251046
3498.81201185728
3340.578353138154
3357.7010009704527
2776.253212068908
2757.240325323105
3055.984133000683
3340.0673578620062
2950.309205145807
3056.9646414583335
2949.6483400039365
2881.501646223859
2459.5635553072307
2375.8808069560746
2427.618629922432
2079.022248295626
2022.577846177377
1957.0058753288752
1839.029740208331
1829.5410343016367
1852.4051705545137
1872.7622489237997
1715.5250021400389
1885.4608493696073
1900.4689524906942
1832.7999848371524
1768.4329988555394
1461.8618383606872
1334.7366320891579
1333.128036959091
1255.3973286501464
1147.8668759165043
865.8600803611532
960.5868178645801
1311.556460591402
1619.4197653716312
1969.7043393537192
1767.5149976607186
1531.2329756520287
1786.6341974245884
1533.5395120557282
2010.616661827718
2858.355162002908
2927.5350561023533
2817.6726763314646
2839.4543496098972
3079.4249669114015
3110.434861182744
2960.68324043186
2974.465519585512
3589.0327617555545
3266.2523294874186
3227.713385942702
2949.013300409468
2892.903528001165
3503.02126232797
3495.6723899071308
3234.865520117361
3252.2083375870425
4161.089741525953
4037.9104289137217
4079.713533137316
4001.3590956529333
4081.363099206781
4260.660453718903
4253.837238090736
4338.837238090736
4093.022013312957
4062.5279632141555
3318.5948950710517
3294.885512692705
3298.829551298148
3233.210850246615
2721.7186313014104
2319.2296780193806
2472.1069333514015
2381.2010730163947
2991.8722365203407
2696.8303563949976
1856.1116011802574
1905.44464066688
1980.1633426638045
1899.317193035057
1824.872787856569
1829.0403228014666
2009.4740646785735
2117.276113789776
2155.600349810217
2077.6634414092946
2994.7586075435715
2910.2292525641383
1932.5407072946873
2083.630600050614
2754.393820592709
2829.7296030720818
2635.5895094377943
2071.9583928552115
1992.380508626717
1931.5619725907154
1862.5584348263235
1915.9788966431342
2215.480367021589
2309.154969326994
2352.567305331677
2767.8513846631768
2415.116125472402
2946.196924975531
3337.2111909324585


