Rainfall Prediction

532.2555934848591
533.873857058451
533.9557798507603
498.7774560257649
519.5535287841751
517.0045584255553
516.6446005230836
525.1227850392686
551.6784954007701
540.9958086179568
540.5786796681182
546.5060019603318
560.820507259863
578.2026571542028
593.9917719186374
591.8075182787113
530.9780469905293
438.2655845025196
322.3115495033067
283.97050907628153
235.7333956014491
200.0999355206088
192.92101775229406
195.55242357781276
187.4078612100986
184.3331016205393
193.82259665592514
189.4767794914596
183.33522310526806
177.36472536646585
177.74914743374399
177.73232262288022
159.247069914271
176.47486831435765
165.92768026644492
156.99749868152884
153.40352909524293
155.41430313649806
154.69607082854796
163.38925423390884
137.65301723051275
186.57758990991516
197.7198210906268
244.18253095420752
232.29610142259014
270.4676232116287
289.10453005793204
292.7047342978018
293.50016038009477
285.70642698324076
297.3476292676689
298.0818621434598
311.7410435839572
369.4959005399737
349.2008466330702
388.1870832162277
367.5030594858307
386.0528685882085
369.88993596941555
365.61291168965545
385.37800415566926
386.63555819731084
386.5819050389414
404.6831366188666
419.32829024701846
371.69889972211087
346.172279941264
346.16467052155883
366.5376480146783
373.3089541875254
438.7582712807407
498.38891956291485
410.2454360334794
515.7140084846777
440.3432931065779
458.574260254482
363.0865978938026
340.02603749418887
388.0912272249867
388.17361235245266
419.61495689845714
530.2101753427304
552.4559710703643
540.0452202725742
530.2251531591319
527.4752961601091
538.3176687793846
485.2533847887489
537.476897379006
556.7398850355671
562.993218993858
580.6123301558324
574.0756790807511
575.2068473905019
579.5850471427863
575.5235353320406
575.542665583959
575.5043734555425
577.6916081208008
564.1634153782886
557.9373139339315
472.4747886665662
386.9204757227858
391.88872500875004
382.64468943787944
379.2103562312542
403.07963803484347
416.92517084320644
433.3626740870726
438.7584624839389
453.35345746626246
381.7354016710531
356.24315880750214
322.69551439658665
331.2296112980255
310.42369159201746
325.9419449302233
340.876807166518
345.0371300853375
336.0371300853375
392.5299982271705
396.9606270844181
363.849393708349
367.2507701290257
369.7423078672075
359.2896628363378
359.2345289349727
358.4164479519337
368.32017100896513
361.2851676172347
510.22632085168124
511.1205899616274
511.70127549101244
501.44839879117677
493.55395790980754
419.41321241829985
423.3814268476614
400.7367554713836
388.23907144201956
371.10035860091915
370.6553539529007
365.37048224221894
370.40307898262097
334.45258592916116
348.9467877486516
459.55712173411825
450.79699170793714
436.5661921213544
477.4880095451424
464.4596240299475
477.92794343429557
438.2584117049824
420.29317291423547
441.7216276542041
463.1731515218591
522.1822012937861
536.0625234522747
583.7798791044165
587.6334453497205
596.799442336932
537.2892429256862
394.1499508631028
424.85444368674194
426.56056469640816
425.71971587357297
425.71971587357297
425.71971587357297
425.71971587357297
421.88127070489963
418.63201974497633
445.87747812227684
461.8031036492591
477.650959754645
579.1058778291878
859.5701785688836
919.2622054867178
794.1376922383546
787.8831500733891
787.715393135922
847.5018864830122
811.6944006063665
801.8532134546371
825.4012588504493
832.7720361548019
874.4428130184498
853.532480648173
817.8514909978248
842.5347120633139
915.1941870135549
910.074878836073
762.2309753212046
745.12824275867
814.4880479298045
788.5738856698778
790.7645589853704
790.7645589853704
794.8380943617716
803.0071851679664
830.8746592523336
864.1716535449045
881.2225533764465
880.2867306355138
870.3942257232661
861.1852702601026
784.7304542246122
633.3117515560873
547.5277715203304
562.478203906769
588.4295466164052
553.5211452558992
595.9157685825891
652.3246048754311
669.883599612148
669.6820738201329
674.2867290570384
625.2276956853219
564.8177086599328
504.0697506927219
518.8377405830632
513.8009615566037
522.9920857757314
472.66706697617843
625.4850418150186
564.4713997033475
607.351111524696
700.0369804411395
700.0369804411395
686.9335965457024
676.7016085519798
655.9725072140328
697.5384372714021
709.3391916777412
694.6012556578221
698.8128780104302
712.1404636831553
667.6926928226409
677.3762554658585
672.1977789406435
666.6700420889761
655.8276588418894
715.729918611326
712.9558319569759
861.7074480154618
771.1498884395339
905.1236367136256
917.1050066633628
958.9716528293246
970.3816558036552
971.8800434143402
962.0074457008587
957.0218871540773
959.5293130865447
903.0244130202408
702.8731776140885
688.023242967177
630.6855257572331
553.7113256022247
570.773060452874
585.4237381400392
588.361999953344
589.4750102507286
534.1929937157888
510.8547018098603
496.8924501423076
517.122032124366
506.7840699667449
507.3538998928716
491.67718180887664
490.30943153710473
490.16712419481684
496.5306408151634
433.38322269348504
425.08058740892983
318.31172802400044
302.38442969246466
159.5665852822968
153.58510189704012
119.59491864363304
171.14540116139125
182.24099808543605
190.73564823248384
193.26152319121417
189.52423659651765
213.49287664257935
199.74643832128967
216.54904655180326
228.57150522587796
252.5133344077767
231.58848786226292
228.26123881570263
228.40461155733882
227.6362402646663
270.22675571628866
313.14669531870754
325.519918028024
325.6296328707796
412.4688323551395
512.1030336121937
524.8127261199996
544.5258112432415
682.5202261697027
665.983754591766
679.5895514576066
688.1520485421433
684.6387868665026
736.909988563379
771.6269265868578
778.5419749011497
783.0309778959928
703.9034290723793
693.2094888793173
709.6765840750552
711.1288669100355
776.3298434759208
848.536824581504
867.1487488044304
866.1626579282183
842.0092524503261
865.9777416426858
929.8528965947506
946.3843529252334
965.3228489232986
978.5584450851425
923.1249934569623
897.0041766701994
924.7816576736247
875.4300783599676
846.8689914295937
835.0960898200352
840.586807697125
823.8976779428411
713.4839603112608
839.2428109938544
830.622751874522
838.5214230069032
930.4485409680582
953.6948223577119
1030.892902463459
1036.2603261881304
1040.6035777559018
1082.085131915937
1080.4624850349173
1068.1263160659878
1039.9853260169634
979.5424409695106
917.6446204093044
907.2590393694171
899.6495329318935
918.2768812305619
859.6481517213283
824.7790182971426
824.9918159421396
830.7052617613804
851.0601828618317
929.9507884728638
917.7206590287329
883.1264112726326
883.1264112726326
882.1561364247209
763.3054286518113
738.2377683373668
729.1421818970647
757.0466689026139
621.4847083259568
616.1761750177476
594.2803761921997


