Rainfall Prediction

6.4575818732339
6.447448937876665
6.402103937315223
6.3747927303309115
6.2562959860859
6.239113867319997
6.179242631283772
6.297407023967802
6.303169426595462
6.297880094855687
6.309281387932277
6.313705993379974
6.32607183152621
6.318602002520022
6.3341922478748
6.336358185366029
6.351972398746103
6.336563523219885
6.334213881571178
6.332661635298159
6.327815665770742
6.3411397823783
6.3812584593278014
6.387144008999022
6.4126997830816315
6.4790501298270975
6.492355027612476
6.448311983708538
6.442076149219645
6.4704171768866034
6.471769843338523
6.471769843338523
6.4751676237171445
6.470115372922258
6.504038820948237
6.509695520844892
6.507446186184612
6.501129352061145
6.459348660974061
6.434577651870823
6.442789619889862
6.427394665883532
6.459557130009465
6.4713535271256974
6.521364921112864
6.497978943701153
6.509218432079149
6.539415706035562
6.550495576079863
6.543550255155188
6.534208691591887
6.5370574168207
6.53923336466885
6.522724577577639
6.481755627328058
6.431320023511424
6.382675189849718
6.370968318232118
6.371493935893859
6.355667819839357
6.309130513368657
6.332948303639792
6.344121202175826
6.34106079003254
6.452187909547194
6.487843219721855
6.516587525049362
6.515444224856569
6.519792220404575
6.527083611649175
6.527451979752005
6.528694929565493
6.533265290125053
6.519573169770575
6.5031136445885185
6.4692248654241045
6.466342564791468
6.452606653690204
6.420816007124756
6.414799178370284
6.4132213431949925
6.422650490721351
6.448873258352511
6.507605359848003
6.50208742608748
6.502091485112402
6.508967171984881
6.507120959195634
6.4957617587872285
6.503368472396243
6.516002204940156
6.507988262981339
6.477749565332401
6.464025300331539
6.457351523530805
6.352112807737159
6.299488845575949
6.146722389216411
6.138720168200269
6.140308777065812
6.212123083117854
6.221199213110532
6.231711656791701
6.2939990810514015
6.386644621172934
6.428447637318644
6.432707072718411
6.4377749517666025
6.439266658345458
6.449824984197171
6.448008522528927
6.466185926143503
6.457783743304146
6.442780194160662
6.431605482655686
6.460217003352316
6.457622704408787
6.481415736757799
6.5230560851032795
6.544639608607113
6.540172596452949
6.537150160414644
6.559839025126653
6.5726526037044115
6.570512616440317
6.569448437307671
6.567951935973709
6.5733769645944475
6.579597400568652
6.581283211621943
6.578052604339067
6.576155043652674
6.573600135571398
6.575430347818942
6.548516669243177
6.474874354301211
6.392584361510485
6.351030028522615
6.342451221816898
6.340931834591409
6.33800815274456
6.349640598621001
6.295398553575365
6.306313263193401
6.328136505254374
6.354581657195105
6.330445625219606
6.332523158575718
6.274552490078342
6.256116056615342
6.2624625090789685
6.279158930000403
6.268563371506671
6.225215006605566
6.233094835045735
6.238388143082185
6.246425744570484
6.2710944937082544
6.276730821376955
6.283747910479439
6.284366689956311
6.274500006410338
6.258682596801027
6.261381033114681
6.254182521981123
6.252723835190429
6.246045628152192
6.2364770553864775
6.235014385246918
6.244315244752413
6.243828018168948
6.238222962288294
6.20859158649338
6.221243210191724
6.250882413896349
6.2414574679158825
6.187023206120237
6.167163613250453
6.168399612737296
6.1644738458402975
6.157698094626211
6.111938790107567
6.0518722606221065
6.037168562989399
6.102703456841629
6.054501992226877
6.058791124450874
6.154972559286918
6.156297712108321
6.128832310529476
6.074236974387587
6.076611489297754
6.111351965042711
6.106575399316588
6.1546649001725475
6.203624008997981
6.252102197523499
6.317480659541619
6.34343645591194
6.349903540270743
6.346197102889961
6.347196644347278
6.3432452009216505
6.343291551413969
6.389774251614834
6.3673224050599515
6.352868377174522
6.346315904746756
6.347655060108282
6.342791694176833
6.349935143871056
6.350728755465065
6.352054888953409
6.366697089021784
6.369238822343642
6.3514286021133195
6.351897034511492
6.339838225762016
6.279932132193197
6.244823424175973
6.305792297713847
6.319912056546144
6.3380152902475535
6.332985476594812
6.339722981171218
6.443095021530809
6.516673567127144
6.500731947788395
6.444328070567882
6.38509306105972
6.359001828040895
6.3731429806004165
6.373656792046724
6.386373137827207
6.410711905941048
6.3764886381793175
6.424050225449336
6.428732226524018
6.451515170754427
6.452351772265602
6.462475276739735
6.442285526101329
6.438522573713669
6.447847380411124
6.452666515666895
6.449277663407693
6.4442171758004
6.447552587670316
6.447552587670316
6.448192242612407
6.4462038538422615
6.4353263956066975
6.432414741504859
6.4245825132745615
6.422415771765951
6.441950371465611
6.399444612153895
6.316585446561229
6.32736491224343
6.341511433840825
6.353629122886239
6.354871744361313
6.3462468195828325
6.344955405028591
6.318359584978986
6.340481659384165
6.338296989903738
6.322427741666273
6.318408793435857
6.2791992124329425
6.244397081246074
6.228979447330648
6.201499448571023
6.200768501633437
6.16738423025526
6.134649610829305
6.112770820529933
6.098517220814106
6.071937208781579
6.097491973677686
6.14757429779567
6.173344292067938
6.17994004293193
6.17994004293193
6.21235487652551
6.180233542370366
6.167189508747764
6.171629278770536
6.279164314963501
6.251743035804267
6.188065710583291
6.026404445757128
6.119635781389847
6.310009636512269
6.343154724583548
6.389014956834907
6.358830908165466
6.366257398236682
6.36946201641025
6.380314901531421
6.386896234233056
6.429044787366326
6.455361981617578
6.455361981617578
6.493062544098441
6.505833898757748
6.515990463642111
6.518362773696707
6.507097387988682
6.507356841729782
6.50375822993486
6.476846232759813
6.4637737047496255
6.500162517715126
6.519262248822913
6.524372746584637
6.5243366592543826
6.5227980229835225
6.589142581923268
6.615659370001898
6.631011214579701
6.629362630259491
6.629689542004239
6.630182484135455
6.596722405951349
6.586795039675778
6.574590132192613
6.572346159280333
6.570072150803911
6.563071257866451
6.55667428394457
6.551954781610521
6.519712666489454
6.4800708522469
6.486257139879555
6.371892248845575
6.345654992365148
6.338260803147966
6.339730967193843
6.367031196341023
6.379809535566817
6.38485819468934
6.384582522622157
6.398886560655149
6.450680136165107
6.423971715683295
6.461578556713101
6.51390854542971
6.517926112872095
6.5571273987823755
6.509080474744097
6.550180417046407
6.573597148604858
6.578489198423334
6.575965112170465
6.558605254341323
6.55481743055177
6.536480354813916
6.585104552775243
6.6009427610834965
6.60795118949344
6.611905002248049
6.612129817504966
6.5998324588277235
6.585278884878399
6.574903907375274
6.593108116940102
6.580049968098656
6.574915807998551
6.56227453945664
6.53903337054945
6.571218793910893
6.575550197077997
6.576871836409222
6.578236194588493
6.5856388159759796
6.597539941542566
6.614108858758913
6.586980404782687
6.605733932788477
6.579537558593538
6.616367462521334
6.576678533915109
6.546280275648204
6.535970729807275
6.53415765050438
6.565396059973818
6.574656190870121
6.573843160940596
6.527841597672469
6.505390079088256
6.490807350401987
6.48775871863362
6.4904035673804055
6.504167064028631
6.520207573201285
6.508990872754206
6.427745856955987
6.388007528752013
6.389156971152335
6.385057407982552
6.287200395816344
6.196413371404459
6.195019735373442
6.209990614220178
6.20883678025192
6.2589482109357935
6.2785513358246945
6.283849492031546
6.25625420523078
6.23057929138022
6.198105690890928
6.216070967556317
6.230030895381448
6.222862169930217
6.224300019717612
6.226137629062913
6.211856261917163
6.165231826335974
6.16353479081395
6.145596038832514
6.14317891835877
6.14871390862961
6.169080865226885
6.165710883621329
6.144668379406559
6.116492053968724
6.117555816749224
6.061174920818733
6.053871038712229
6.057839985791296
6.09367979813223
6.105484234695989
6.100276202778668
6.13816964463404
6.1938353289193415
6.22550387877919
6.315429426702773
6.304474420200984
6.339591352143659
6.398080002397912
6.394597780026686
6.441489374786139
6.456629685883651
6.487924169787665
6.4938148367076085
6.533913200989298
6.595473357992907
6.599122495950757
6.61494058105052
6.625398351806341
6.655796478820507
6.67594486855139
6.679780413148829
6.662313119036867
6.663176231471905
6.673284332008129
6.674112505484127
6.686429998978614
6.7028540263937355
6.716958635525323
6.726685832829828
6.736429492474198
6.744891404621842
6.7851420624503636
6.787100888568495
6.791978096057773
6.800387241434798
6.785969829563992
6.78280353312633
6.775009702832433
6.762387128295229
6.765819353449466
6.7474335761155135
6.7322356233445175
6.708061134472586
6.705126255816663
6.683620756618559
6.629237325068436
6.612407058665925
6.592917011028016
6.588573206614864
6.554073762583675
6.529955209442241
6.525123251777718
6.530646059147953
6.53101360988654
6.518627148599574
6.526669128954871
6.519976461055906
6.5113036302342975
6.505899009740183
6.514969413414762
6.500729243061691
6.475051612503814
6.355282864190372
6.3367609710218655
6.370093216715139
6.370305254381486
6.364084218466983
6.368419683433816
6.357127527499415
6.332990518959147
6.29496526617053
6.270540475088555
6.2895704989450545
6.292580986600006
6.292580986600006
6.284380028802872
6.282296364954699
6.282296364954699
6.271225817767693
6.2756346948808
6.278932955242496
6.266184665270661
6.243949962420955
6.202288141088113
6.219403089162332
6.220848251739751
6.241495852135822
6.260133254859571
6.266273317244838
6.244417940771795
6.191904453326229
6.20352932690693
6.224451906017032
6.2143890347205515
6.240701923438242
6.264684595535936
6.288370829679133
6.340447121777334
6.3625485181054895
6.410732835194263
6.435796204698174
6.445075973001434
6.464192749767734
6.503709308018287
6.514739380996112
6.534304181760175
6.5649543834506625
6.60408325520015
6.617020586578594
6.630367447810824
6.624560837001811
6.618413989196647
6.620454924622404
6.619087903899735
6.615702856677892
6.62522144499864
6.647188677628245
6.642187232965105
6.633411243203704
6.651837495436379
6.6687919225917955
6.672935507619449
6.672994491975226
6.683214759889077
6.712552023751447
6.715576562800985
6.714746170578012
6.709191738619218
6.696686438930493
6.679831020447489
6.676492041894019
6.668352395139129
6.680778330132686
6.678598096849432
6.656079907837448
6.647081593368404
6.632171740282101
6.612143444046599
6.5799020879324015
6.582332155186843
6.565611569983009
6.566420572133881
6.564414653148521
6.580127912581991
6.585183510426729
6.59829985573537
6.585383890442921
6.549922125870286
6.531698205480586
6.534437443901654
6.510092184813491
6.511595903651588
6.5095454115913585
6.534535946087826
6.507672519969951
6.431391450843465
6.421790224243335
6.387141562988443
6.3845233210763155
6.4049168443306055
6.40293187688761
6.382746548356618
6.378936647581359
6.372995294856816
6.3622672440714005
6.396177144769225
6.4341494233416965
6.438564950657765
6.464910355017318
6.4642833829488815
6.451736812425127
6.448956028748086
6.4385643489268105
6.436913526298522
6.392612699295365
6.373667636813371
6.336547187472582
6.322484068650454
6.345102149567932
6.378080971281854
6.418467377182285
6.42003236056171
6.4153791560840405
6.397880466682537
6.359839519575449
6.383004594419844
6.388682132700222
6.390223337631052
6.398335597906905
6.40097348651539
6.4074499444919075
6.407573412949121
6.429296232046784
6.419172313508058
6.417336069330408
6.428239739975883
6.431291996774502
6.404845195414536
6.433568356006692
6.402769240237053
6.395624673954702
6.394060952646917
6.38602410663275
6.3824289726441386
6.377215947886091
6.379978293450958
6.381020901587991
6.378169636141479
6.384019413463029
6.3247433405993
6.297067687208793
6.0491865665809215
5.970173921064438
6.093822611722782
6.164977630664001
6.167064340197527
6.164323821514751
6.157316996707316
6.161238257668453
6.181030688839131
6.19170820111092
6.185935105914435
6.185829300588514
6.1784046946596884
6.177536087872456
6.1806409932071995
6.1761995256895545
6.161366649814685
6.160643540226278
6.142464444182963
6.240402365436701
6.237795439482991
6.244584783411044
6.238074674727274
6.252655345683845
6.256065108417165
6.303542262143532
6.376165589330368
6.420135528063808
6.406085119038403
6.38461716220143
6.353480828137542
6.355985831542181
6.338587905726731
6.358341761032316
6.34582911819297
6.36008255006688
6.399336883533289
6.373659040632694
6.369173922617014
6.311141119587219
6.294914134382093
6.323576938669387
6.325037778827411
6.329703008486247
6.336406034614293
6.397510426116004
6.401150485307979
6.435161106114581
6.454198590900444
6.457427934700457
6.472260574101332
6.479776137476795
6.469635471772058
6.473067366292386
6.470266903006596
6.4654095950931865
6.458662397906647
6.437050453260628
6.417435661559542
6.423606512425637
6.4453506796981035
6.449867472686879
6.473078406806113
6.504227335321828
6.497438255404409
6.531531784098107
6.530060010145187
6.542407643583072
6.5207585376082955
6.513106966236407
6.511909947308769
6.537271912851097
6.519247985759075
6.545976474785788
6.550256832798432
6.558832582428536
6.532506135107738
6.530568338793954
6.501378729636439
6.470563790153125
6.467688357889914
6.449278109002936
6.440662682286374
6.440525334352172
6.432099613126929
6.435700045410241
6.43812158373344
6.4435682644014225
6.474527381909268
6.480402917316763
6.494260333215715
6.455903583317047
6.447712043795654
6.316316456847462
6.2642292139446685
6.298903294565465
6.312190279074311
6.30866093084636
6.266128914658503
6.244019034482118
6.221669639593818
6.220567483481176
6.1731568162418835
6.169668073436342
6.1460614487742475
6.13685252035569
6.108796179170351
6.05188005873663
6.009813669330891
6.0789150077095995
6.1486694764487915
6.2029213141048025
6.211623677920356
6.219869049888452
6.258811385573575
6.266229327010379
6.301373849836662
6.341287004217626
6.39462829580837
6.433861986567226
6.46163384169575
6.455470551290221
6.452266635296473
6.446060085028001
6.4441409815746615
6.466203680142513
6.4854730133029115
6.491260966275932
6.511030711309296
6.538512443483764
6.549239643137415
6.558387576764613
6.5607807149146655
6.573460912277115
6.572179273855339
6.572752740245466
6.581843588430241
6.584890670478806
6.614866791673855
6.613101346139453
6.617093304044294
6.59714832005081
6.571729067729114
6.545441569254046
6.540552008729966
6.521134456863026
6.514582563334926
6.4974882816906945
6.462026355446301
6.42062052038783
6.395133017307531
6.377681891244739
6.395505377853384
6.396037593775016
6.4054086474992555
6.4145205205206555
6.400185866977765
6.401141952700566
6.4131694960444205
6.381129949977868
6.404780282676905
6.418037106644768
6.423876247263772
6.423497172015794
6.425482222090953
6.42622872364381
6.444745436147397
6.433703451073826
6.440626707388905
6.43006188065338
6.459366349154003
6.412792716191616
6.411842094491144
6.41177512603477
6.434335188552405
6.506372377116628
6.528903361014699
6.556255995019262
6.565371994333155
6.574069400019753
6.574484027484953
6.577515722713319
6.5699407303360235
6.556161758301512
6.548775699432844
6.54296951477359
6.53440000030913
6.5308677940639015
6.508632120491669
6.5081716852369365
6.507215757364824
6.4748967319715485
6.460806142393544
6.445646431318032
6.444642786992298
6.4089763977271765
6.4158543698118535
6.424332803591668
6.417240740999942
6.3946209126890015
6.355982138414305
6.3539615505708
6.4000527853564995
6.434553676225793
6.489151803074185
6.4566743269126
6.428760077315104
6.467631250182626
6.501946233976876
6.529808428246558
6.5596600111197265
6.567916142918744
6.572814589113465
6.572458967385558
6.577603110891605
6.594024906304355
6.606946307388936
6.615268136882515
6.618233137194519
6.615481805658767
6.619763134567153
6.633543481428678
6.636882618690477
6.647247276763799
6.650148086209462
6.676565441908309
6.695700784029271
6.6952765711396385
6.688894330934842
6.706744329780026
6.712716874339058
6.710165381690153
6.69462063979492
6.702383635913918
6.704312738834698
6.667311506199695
6.651830517661724
6.655680125991889
6.617916072301497
6.5824140247422305
6.582091830248927
6.568395309566348
6.55332282382468
6.553583470640264
6.5626297373427525
6.571107445936356
6.577188948936573
6.578082108215924
6.580322438369263
6.57300451889812
6.5823072261246525
6.567981154735129
6.544096503419184
6.544488068867659
6.544596532881588
6.571686286873569
6.548125862168435
6.541411014080994
6.528343716805263
6.528352835097628
6.497636770155816
6.481695691289632
6.476979241264171
6.457167240959687
6.409763837060066
6.389106789792432
6.390707371038321
6.398301244337355
6.436685801954376
6.455370254313092
6.459802377186518
6.4483286780362405
6.41377542310119
6.39350662438784
6.408341856278053
6.415512398890989
6.4067735170703095
6.395621395544233
6.3800442991700566
6.378116779544208
6.389361594342614
6.395752963216989
6.411658859796875
6.419504626680535
6.4326796177803995
6.4224255240609285
6.397332709875492
6.417848531300176
6.416316193252747
6.426423548263838
6.44447283322077
6.4731853450121255
6.475470116665156
6.481121182812423
6.5450736530521985
6.558809379995356
6.545383228277972
6.5661100498984375
6.5866515897284525
6.5793266386971645
6.572169697305267
6.577240470519608
6.575125376603026
6.5598705147689245
6.560295801927079
6.565654781130144
6.566561461948997
6.566958932082736
6.574182585050078
6.577364807892918
6.568903143153189
6.556967115385359
6.538502195431763
6.53025874444136
6.525674652318696
6.508519530520448
6.535905677208322
6.565760923535756
6.5337385426856525
6.509579130611671
6.495958086500236
6.479329048861967
6.484926463235983
6.49513753153869
6.509025284535021
6.46270223924917
6.447109979313718
6.458005395674581
6.448427247139514
6.427270843834702
6.428465214904046
6.411818016719178
6.438798825880603
6.460307048421434
6.485652789661953
6.490135494109795
6.49023732951253
6.5046975071159
6.504152452810256
6.508356261820548
6.506181745960813
6.510658928150974
6.511813161978878
6.531255540703281
6.528829090326068
6.538611046341057
6.525613925769537
6.506004745707759
6.497448978334209
6.486809501361292
6.492722885729398
6.49672047826731
6.503795959721488
6.4889264184235955
6.481452558817448
6.464693508514454
6.465842813986933
6.464328910046472
6.461121568198603
6.448701441145259
6.43959886885802
6.42732275441817
6.437841030977791
6.404205670696838
6.393385288268123
6.379612048970665
6.375338423248618
6.367064873765994
6.340277906184797
6.340004939723952
6.329974566523245
6.334061231397611
6.334807320458577
6.326377813227101
6.288123977683548
6.313553184079768
6.287359007892261
6.285039216921302
6.249144591887934
6.18087796873931
6.184479175518606
6.19639794721663
6.26733102629932
6.266293332934412
6.2569205788124584
6.255652825162611
6.323538585960978
6.36429894567417
6.367399229295533
6.364931547769148
6.363533841465245
6.367064269095708
6.37001000858966
6.341508228526718
6.327058925749229
6.3071106591113955
6.273633886814617
6.265953094158341
6.311361422910528
6.327379105592778
6.327788086381643
6.32550117221387
6.322682569875068
6.31624548429238
6.316637606214119
6.318799261135876
6.302743265353216
6.302831494944007
6.314334555935722
6.333554019321344
6.320696244443006
6.288384741222208
6.267482455974387
6.2558038719747024
6.286909025559217
6.308891097132701
6.308991055702162
6.28546033320892
6.251016985432055
6.260649785962814
6.3140835355156995
6.322443256106597
6.316747635749905
6.3182622266193
6.383717414084661
6.436361560592334
6.447105985777844
6.478402766224437
6.479273176552509
6.474849817217381
6.510589040699321
6.5076279172931395
6.518330894589508
6.527040744492349
6.528297064415296
6.538757280188259
6.540846621045313
6.541035313665156
6.560306298074312
6.551182521084684
6.53665537505846
6.511201438874938
6.510749856780684
6.504334760636786
6.495381870160019
6.478168087603459
6.480838238194016
6.492478073324276
6.488017609489919
6.509566622844897
6.502933393520477
6.477990699215794
6.468242562387923
6.470482503025966
6.4645615995405485
6.420413979706176
6.385183175563041
6.391025213342159
6.361151225042011
6.3578137996866415
6.329464175008625
6.281302655433831
6.281944659101772
6.267455535516824
6.260983568138984
6.262227448554334
6.244491434503141
6.228943648464916
6.2488547840162205
6.220103130968852
6.18772847461236
6.164699888939929
6.162632309502502
6.17471421809037
6.168389613885772
6.198226579557753
6.202301991530909
6.179359884997721
6.175647823798553
6.22202628870337
6.2125870735582716
6.2324431448549955
6.231890200342166
6.23197178059064
6.236966631997893
6.236582004009868
6.140784139142825
6.103596013132995
6.047662816977719
6.046155985497839
6.044303717141504
6.090794706907699
6.1074016727993765
6.107704380017176
6.0942418245395
6.1102802836829
6.112980673784261
6.131042473409048
6.196476639352648
6.19965421208086
6.244906297596881
6.243920635899459
6.252985566465287
6.2333114141993775
6.227232227213541
6.233194461675393
6.238574658019026
6.295220062271779
6.318052369100153
6.324094878742944
6.307977165013603
6.291506491895528
6.29434589633463
6.310538616892586
6.310134932827487
6.286311126855761
6.287566757778983
6.248607005475265
6.2842283532599446
6.284095419301629
6.305074953952751
6.304564045157788
6.288919326883143
6.309093883250914
6.307738562723239
6.3180293293064365
6.336790205055696
6.342346447932418
6.333134410645036
6.260643027635763
6.212126604379898
6.159599019533452
6.157439493393197
6.308755038038634
6.358538695317581
6.413099310187456
6.494015783436899
6.493606614544845
6.472950140404455
6.471535192956466
6.468543954751997
6.46182479171064
6.4751634421948525
6.473712101297727
6.467292943527738
6.469027002696139
6.475424477884777
6.4786732332448755
6.504539459974119
6.483452754434786
6.487909257368145
6.482643836241236
6.485575117391815
6.500007785048718
6.489427794994779
6.491692043337059
6.483089696055915
6.463873358781672
6.459404234590817
6.45501916563207
6.45674873250883
6.457916434632501
6.444597090895573
6.45628420015821
6.413209629697574
6.380039158616565
6.335310817693591
6.103890805865564
6.018868620576647
6.0177829953423405
6.072247812183118
6.072788582558034
6.07176526643284
6.046228383338969
6.033718327984458
6.016224706299257
6.015056700873497
6.144190182795576
6.141545413140047
6.089818214306023
6.090739824018859
6.07739415762111
6.068820260539913
6.0769431514531735
6.04863281895109
6.049590685315826
6.049784733666522
6.214870933535803
6.223192938584916
6.225280529033705
6.224595399239831
6.267807108419728
6.2881737950391
6.3496260151542305
6.331909376463938
6.377448398956753
6.382877387515396
6.370613062051087
6.333592146919134
6.333523029444268
6.335512891516015
6.3381158269534446
6.338773342997918
6.344732122984839
6.337067004874087
6.353624600621839
6.356677078522763
6.36451707604527
6.341606082696558
6.350230978895608
6.330050767704805
6.316350058603902
6.311448885873563
6.297020782360854
6.284362667112214
6.279668306364915
6.272354458734846
6.272180272730031
6.216871115224004
6.2110985084657955
6.20605247405359
6.198130492958926
6.1359207947106285
6.105030037791044
6.098724284513848
6.108327708057317
6.097027818376881
6.124601403572145
6.1575548929181885
6.246927601454535
6.253273642605671
6.254885269708705
6.240535799182394
6.252631572251268
6.249348097157611
6.2348833141841515
6.2360062468932975
6.235213047954641
6.240011176256821
6.231709543470153
6.237028755400786
6.232008579345074
6.231019919085286
6.229761382481586
6.229222993779167
6.232708627989267
6.239970525924513
6.248991741303888
6.246928193487312
6.247138502434917
6.242021782263837
6.230641058366363
6.230641058366363
6.230641058366363
6.2377587145132525
6.144476365922316
6.0790726115740785
6.03987807361537
6.03845241849683
6.014373690345346
5.791715247262687
5.751597777582832
5.771159940343065
5.745404697902815
5.698649130087821
5.7085134109912055
5.926658021727926
5.919462921451174
5.904780678569839
5.906126707776155
5.997877243841762
6.029468968454303
6.024386267512936
6.02785436375931
6.027576227060761
6.0235733242656835
6.022523862980011
6.002803848896848
6.00722556019259
6.032731725980655
6.148529623579549
6.232183810024254
6.2818723489465365
6.306885650171106
6.322498121785804
6.317524200670961
6.361344998425825
6.3736476462309835
6.407825590134884
6.41861323186005
6.440688812237763
6.459238884861457
6.4605781314595525
6.455369714382895
6.457669158217042
6.45343669432666
6.483577856986753
6.472014169616504
6.466650740040325
6.4699013314411875
6.4597504781830395
6.437829980493552
6.404041034077524
6.405356087435537
6.4004710711868436
6.399479473587723
6.396969544499597
6.408831572131292
6.415592626989472
6.42872461263884
6.39093912430805
6.347051186703922
6.3119425151518005
6.280607947599668
6.252955767635246
6.279788331921978
6.276031302047099
6.298754623509826
6.299963101985588
6.2337404908285485
6.212566352632198
6.178120935311287
6.153122749602906
6.153188392301602
6.161658313842925
6.160892697428678
6.178102290730978
6.141213304364875
6.130126160402598
6.161166109523451
6.204141151358137
6.222374087009074
6.229344309593856
6.225519312045158
6.232396293926891
6.234372200165408
6.233075177886816
6.232798947299093
6.229938974130324
6.231488243355852
6.216193160456667
6.210252022987415
6.2111046433572135
6.211055317080592
6.213238819653862
6.213238819653862
6.167993489448774
6.156605688793553
6.033312872070844
5.991941085213474
5.973064035925459
5.977937417406203
6.016534976393081
5.993960046350513
6.011771224781902
6.022075024882994
6.030212210334109
6.022898317030279
5.970722937353882
6.073322730435815
6.0477069623992
5.951175021004422
5.964377441607827
5.9675713195319995
5.983519985089571
5.943042589274526
6.08527310335549
6.114999143448799
6.177622080079011
6.2082591419145
6.20869373703841
6.211544759519364
6.214846534715933
6.225708003964183
6.276989982095504
6.3057207653231035
6.3654380207183205
6.379915769031882
6.380917390696813
6.3762179741941996
6.392622096431226
6.3909667979899485
6.412026771627229
6.438152363561041
6.449195836260348
6.4500836842670255
6.4560407777505855
6.414358223703346
6.353712940858866
6.354306710914023
6.305989518083257
6.225932655001323
6.2215482857836015
6.215350860734817
5.881494749878073
5.874523618825158
5.874523618825158
6.248253440500459
6.337639139947129
6.377856423745605
6.385050949913016
6.385252475472855
6.393388964354808
6.383977797987981
6.381834488556933
6.411342383720262
6.397367055784233
6.3802400323532416
6.411703080610012
6.4144483348687285
6.408311178590034
6.387908530289473
6.389032982222453
6.3602336035998
6.3604076834910686
6.318959432374319
6.299191197958573
6.277908625149709
6.4302932714238015
6.4378659740672
6.412478689077353
6.416680019397596
6.438018051708414
6.461885974979108
6.466983490608701
6.470920549855737
6.471825531129427
6.478477536205463
6.476403639926214
6.467469366328039
6.438309217353941
6.424876597344707
6.41731584363192
6.405456917980973
6.4114124903268035
6.409649838270724
6.353386361994572
6.363255333731711
6.300902732678189
6.261641277100491
6.281828429023813
6.330032072371386
6.345986280202908
6.346351877591198
6.353175659457279
6.322986489802869
6.336280120959348
6.3346874263060995
6.33365152442871
6.2349921127299375
6.235162056782967
6.205862809121987
6.238455954788238
6.236559888928318
6.2038226215293575
6.22728044764
6.231764790379657
6.245033581953719
6.230658108992844
6.3968517000500675
6.436142858333188
6.489096293269123
6.521846415898871
6.524458948350632
6.523722715909461
6.526349104513002
6.546920043258934
6.552964675699622
6.555501701137144
6.579772046304326
6.577866147601824
6.568798609223383
6.545110591538284
6.586618754464296
6.603349779998469
6.613032551867301
6.629024297333819
6.636006438422763
6.642799988290328
6.648359474873306
6.641253722303802
6.645802440453602
6.651819241599691
6.639415951110125
6.6281120234450555
6.617924892042832
6.6082867441272795
6.601340803451197
6.594612040319648
6.590558453793337
6.5109099047963435
6.488558016218173
6.46384921269242
6.431112212628614
6.430225815952703
6.44483808355481
6.43982084137164
6.414073825587444
6.409879576391146
6.378270316950006
6.371209048601532
6.396830406725715
6.394093070334337
6.390743914337221
6.31777468072479
6.2570116291774305
6.1922555359387434
6.1898895459886445
6.136385392783131
6.148956043481055
6.134532493484064
6.238078367346608
6.226365901129903
6.20585828218427
6.206281962767841
6.208633405108087
6.208633405108087
6.2263091364272825
6.23270024926329
6.226784588874087
6.23270024926329
6.268535027270788
6.253041664251908
6.240930320777517
6.254039380705898
6.253872770317752
6.217880433136587
6.235933125231566
6.259040538202239
6.225946242315404
6.239209905323001
6.24844228850206
6.1656313391257545
6.170480346643762
6.17306110041307
6.1624796150578
6.154617822258289
6.1595418933063115
6.1800199361137285
6.166722457371426
6.157378296466254
6.156042946018561
6.06600714556121
6.043454801014727
6.05145793113951
6.132934378720776
6.162496643860725
6.176215451336086
6.177756800370997
6.1802241305957395
6.194458668199728
6.2034744992908
6.297322054101663
6.378575738446162
6.418269178433449
6.4081929101004516
6.407180000787161
6.406969725676202
6.418892261817784
6.405051945183514
6.404998749936949
6.412533503406471
6.403738572273539
6.409270532957063
6.436780960879236
6.485891220518482
6.512783712011963
6.512783712011963
6.516374075759901
6.5722301187160115
6.600193194630919
6.6154367801485385
6.619255739379273
6.624111576512438
6.648236098069651
6.658170144161708
6.639422852552636
6.624304871920721
6.617122278784528
6.612831054018244
6.608836127470676
6.60645536962442
6.6060028064945815
6.554331081996182
6.5154955329326825
6.488185104243133
6.485905169796711
6.501726551377077
6.512007444323979
6.479329795580809
6.459227926808451
6.47021183196096
6.442732493268304
6.442435314276212
6.456854642763734
6.416517318993993
6.335766821986945
6.257609707255659
6.260496007353767
6.25286791182753
6.250584038006364
6.240759453215386
6.2111061284783
6.190278452036932
6.186023127667815
6.191218478466865
6.1790681040434965
6.1756499625006605
6.1756499625006605
6.1756499625006605
6.1756499625006605
6.1756499625006605
6.1756499625006605
6.158508260068588
6.157304440143225
6.141367645096734
6.139431363677078
6.131431875221332
6.058153952798209
6.0224004298541285
6.031492862782849
6.054204204378266
5.990865495337694
5.990160612885195
6.032506240169158
6.1224828961295845
6.17754297433706
6.143815266915269
6.129218479946143
6.121424263239365
6.112743319644908
6.0924412523539875
6.066776083752279
5.995646158245345
6.112972975504762
6.115441641655018
6.096244950594444
6.071406343896952
6.143398426885415
6.1572700131192715
6.173547356025029
6.184671135172013
6.243895718947945
6.252976265364252
6.307818924721712
6.364444708214698
6.412362405608421
6.461345735413281
6.4735707944741145
6.492845039368965
6.515889439522859
6.538696490839363
6.528172978313327
6.530414116397793
6.534264744834809
6.5296179215021075
6.51607986793811
6.509355119341738
6.549459346085985
6.6133280465886655
6.613501194293682
6.613501194293682
6.613595454290046
6.613882990869941
6.618663993835489
6.573931890718114
6.550552831081532
6.598593643722435
6.626978933048061
6.603844441103612
6.5958981755063535
6.619699319253805
6.6140292976243735
6.641628903365768
6.645924551355168
6.628152368430498
6.614654701497761
6.623320354972629
6.593281321885721
6.588966254482042
6.5876919290417675
6.607567627244011
6.595699237226586
6.6244775588316145
6.638457926934075
6.643527469040768
6.661237753575269
6.66563578512791
6.638636592107867
6.5758915932464195
6.50488508779376
6.503892716149135
6.515153123017257
6.525838357114543
6.544588708669369
6.516580518439524
6.504262165560627
6.493395836990263
6.489789864366858
6.47915650159219
6.47787468230147
6.47787468230147
6.4639974135755764
6.463636249751794
6.454442422739463
6.455233088882396
6.449099324539553
6.457149374324645
6.439546004636457
6.4471245885633675
6.444618108492158
6.402132536886114
6.310869050903584
6.300361994075055
6.264222664449285
6.2389038105314505
6.2562024888183165
6.325290716763673
6.39919859528634
6.4216989284720585
6.409554492061238
6.398743699984006
6.4066038573298485
6.404523493995318
6.394383408039452
6.331448965262182
6.332615877007874
6.402672000114551
6.422902270253701
6.422680502955123
6.423942167586862
6.456802971105054
6.465122519173511
6.469105348432798
6.477303754936223
6.439843584359611
6.438355735783658
6.441963765695355
6.38916007476427
6.3877104174770825
6.3827938341815456
6.356686492365402
6.366440842582809
6.381344392329952
6.384474073067128
6.370393674249183
6.3576096306453564
6.405798689908709
6.3977893767930745
6.451759303176832
6.451397202447003
6.468944636051827
6.442865555568845
6.514642518570048
6.49541891767921
6.4928529870713945
6.491199635247106
6.489587048035437
6.457168869650433
6.43793442038759
6.482885227509811
6.501842902256108
6.475088519485601
6.46968392264956
6.50198196772876
6.49879937902773
6.520230943134992
6.525930358252117
6.520797353026316
6.507808037785804
6.524807422619158
6.479758343094129
6.4853117529674655
6.486339388803382
6.480946883883298
6.489111610962059
6.526038601146844
6.541605291128841
6.533395273899805
6.557355785305263
6.517429992088303
6.511986533577862
6.485130720194845
6.498749194221805
6.262108280802005
6.268488736945143
6.2780576874227165
6.29193055242618
6.2936013888145315
6.497155299156621
6.546072938905373
6.544269454200869
6.5707602535081815
6.609944549994906
6.63098874420494
6.610337441439254
6.608856092904907
6.6260985534520715
6.61964612494501
6.621639061821635
6.634465751012033
6.615474012107239
6.617722777351619
6.621652379415908
6.608061817469327
6.6028119380796975
6.594698534709933
6.571345467488306
6.559393654465116
6.5499204372469135
6.521369753674609
6.498367789705287
6.497094338862286
6.490427777382648
6.4762797226991635
6.458641517952456
6.446011930880604
6.428909861020358
6.40657721545789
6.437104672582576
6.393850462998683
6.362398723779595
6.340483741913835
6.300605379177391
6.291757925161759
6.298078203804652
6.301634026580688
6.309805126714074
6.259581480508777
6.261009321392563
6.266447973221096
6.209651635244223
6.212380347514715
6.191641008592309
6.15638765038236
6.1568033472472266
6.161636338273985
6.1694360737482405
6.160893077289069
6.152622798187294
6.220148240311248
6.245460391660097
6.3695737246193325
6.380998750921915
6.397451833905878
6.399820456998645
6.4579938109891
6.443446404862973
6.435644606343415
6.412187172127965
6.368310265012353
6.36653210627234
6.362294393549565
6.336980662661467
6.355640569958112
6.360061553754399
6.338074766221964
6.347433608349322
6.341601665695059
6.417571467831321
6.449038262715116
6.487676802895791
6.496364045756076
6.508960990478052
6.5218031222653945
6.521360866427518
6.521260615702285
6.525587703858273
6.525379371245471
6.519697945894778
6.5204229453681775
6.502685137470706
6.493986345401744
6.430605299824958
6.41553052451711
6.396102406751935
6.40246403640856
6.274274715983668
6.286292723851944
6.299237756063065
6.301853575045886
6.304182165086001
6.421068520401594
6.4492872723957255
6.446418820873198
6.446290117166617
6.466281396484241
6.484639977183162
6.4764182431584665
6.4818895980427556
6.456247691956896
6.433236681144279
6.348530310979454
6.371168538238196
6.356111835843828
6.337321094185606
6.343675475551958
6.367289591111659
6.364314817328022
6.34349253047757
6.335797801842379
6.4168488086347
6.424213939245173
6.417946938498104
6.417946938498104
6.415609912988732
6.426569371360156
6.395693865109822
6.370946574611297
6.343381528794904
6.309642213152731
6.3170370968695995
6.330211435482343
6.307436843478346
6.296915895656994
6.3162590685279
6.3148108393181674
6.303057491957507
6.297099825343519
6.295204697268535
6.26962229942208
6.199689738048724
6.200334924387279
6.090080886884701
5.6935245570167625
5.579265714447077
5.726254330300745
5.896711541081524
5.893697142068112
5.872055241079186
5.860803392709767
5.860405084824196
5.7477304673709515
5.789309576585568
5.801985149513829
5.823087671977217
5.87339517640125
6.105165892184283
6.232467924607057
6.294858034845415
6.361766006545992
6.401972179968574
6.408371651355803
6.376689020735112
6.37745100095717
6.386248642816172
6.374648218896403
6.390489136643091
6.39394173616836
6.397969016510987
6.397199690277455
6.399524001432082
6.418201799617078
6.437519193393742
6.456225158717006
6.464492132170099
6.486626343988199
6.495650874516754
6.493197572134701
6.5018370753400445
6.509578174630349
6.520552064489892
6.525565222529276
6.52648991289286
6.519618398666231
6.518061121127911
6.521127677305847
6.5734779206797995
6.5578817101452325
6.54928119702665
6.564349882756724
6.560047303279052
6.539381028348586
6.53894900445936
6.546756578228815
6.566693298165752
6.565672173322614
6.55631540138044
6.543264815220558
6.560845445146157
6.55297975624159
6.561003107717568
6.573446119291452
6.556482746859604
6.554445301290649
6.542794476500668
6.547149655462192
6.5638248500386345
6.563350072030515
6.558449448566952
6.565242195807429
6.575831277108225
6.60292288970769
6.5971756335153575
6.596002007283698
6.599068340415499
6.600347446855758
6.585756412633254
6.550807031826206
6.5320700207074545
6.503804412657605
6.477714609423607
6.442463549701616
6.414269011632505
6.396293748823353
6.379413642145021
6.364770266249555
6.355247022827249
6.355247022827249
6.354553316507799
6.3152515489799
6.309297353478799
6.287365608732512
6.25043649379587
6.215746907527858
6.1866794941354275
6.11950873903458
5.9653671802563135
5.92001244167579
5.927558517161206
5.992908825602401
5.968811434691227
6.000700832677905
5.8776724393189195
5.874331777793772
5.934578617665457
5.969970152222215
5.967421578961428
5.969289367472182
6.000601311754575
6.155605426435053
6.1676610974145945
6.024743296659107
6.06949824929257
6.105007350659466
6.190659770015481
6.196759999350119
6.207364894592908
6.208602020841784
6.221725872742351
6.237562953507968
6.241323580718303
6.241381311249402
6.24160224035435
6.24160224035435
6.24160224035435
6.252560448544321
6.253161341866912
6.271321354619876
6.365579566978106
6.386167250068518
6.385154952399493
6.38299295159216
6.3424670178137506
6.338364710410018
6.353503956467483
6.267936841228941
6.263844028098882
6.2367625544675125
6.258716544425559
6.308109442501511
6.334070637510147
6.367113957982092
6.325619564113292
6.33371146151632
6.335184388270438
6.363158434917217
6.367765842380344
6.396829878939476
6.399603256972274
6.386536699121949
6.421337380305211
6.4743106401891595
6.473930475384677
6.480171917968242
6.488019558109356
6.488019558109356
6.494700925181183
6.499289971115381
6.498360954415995
6.486149611018546
6.476857303724968
6.474961117610718
6.477345952944049
6.4934161256906435
6.492824087785984
6.479201248340479
6.4957850908565575
6.514490294675429
6.526740368829701
6.5179645856976105
6.486146414044205
6.479689018804484
6.464647426804776
6.4527796026914706
6.43394259742489
6.429085159585452
6.40544343267627
6.409219566860873
6.372917157438129
6.3722300902789835
6.3610346932375785
6.299091379027326
6.180354800246421
6.188480106811776
6.180976506482945
6.166787300994663
6.245398502716438
6.249099553407429
6.238478528391538
6.289818266719594
6.289818266719594
6.295334296764174
6.298749228177538
6.278359832914893
6.2645636805894735
6.256774984258948
6.2599007597517335
6.2605366360656864
6.336116414758074
6.372988327700986
6.369377939520452
6.37680607903186
6.367981173731861
6.37864585913999
6.399172232775563
6.410626507770299
6.407318263092243
6.403040516701591
6.446958788317611
6.432747410180781
6.438454762256669
6.484074004225064
6.51808391258545
6.533595428137142
6.525644691843401
6.546433519495613
6.550784469551587
6.5423078848266005
6.539061435232141
6.541015065652193
6.528810667159728
6.530183210622269
6.530684454960916
6.5367949273931


