Rainfall Prediction

586.4972429028147
559.9183202727934
540.3204857377409
483.7052211498476
470.7084848549187
473.85369429377056
473.73247987119066
473.2557843663891
474.0887789774231
481.63163718717914
491.26573796507034
496.0876912579844
455.35933881199355
455.68051633293965
455.542859496725
455.1455387691283
406.936045864992
426.9428872324046
489.61986719207437
423.0952376777747
410.5910416154796
415.70406890466256
287.35725886941077
287.15876737101155
287.55388169945024
298.3726889709896
304.4625419503869
305.15445291061525
294.2798936404504
253.31228959094125
261.27528107365595
261.21694672732787
278.91018119681144
250.58987181768526
247.70534882337452
284.0557749363244
282.60817688234107
280.4541604903852
281.49130399326873
279.14105474297713
297.9975267418399
302.72693094897863
437.712695149065
595.9245724762773
673.0421311343276
673.8609662193569
689.9310302686541
695.6597041434354
853.7354638749505
775.8436652330911
789.0490008756551
793.5386717495793
756.1940972105556
757.088898701825
899.9728388828376
1178.9264715307618
1281.4298156411198
1281.411557669044
1292.932228439592
1297.1952972553772
1312.771264616239
1351.8843002214421
1380.9080321750573
1392.76283373927
1368.8784021732724
1381.6426611126076
1302.8046418511376
1302.356131381439
1312.5087542861813
1302.4326535792277
1301.4018729983827
1314.8759954161344
1285.3083445103596
1181.0938575085963
1013.818043143776
929.2478187172374
920.0771984194653
959.1433433301479
959.2346928532188
804.3798248321079
793.4889068434532
792.392815587933
793.0104220478356
790.8592672818096
783.9535072009675
643.4985448417613
387.7600311055481
280.54314666929116
272.9068359240812
272.85585242614206
273.4879826357675
273.4507089455577
233.0039275923072
218.78841242272983
229.5970884162612
239.85264230357126
238.912420596354
238.76609217314757
239.564292120519
239.47002207544344
244.0479160137548
248.36616930993233
248.31144371762196
234.98802225394476
232.71012007409274
231.56245103931283
230.94369626746294
235.61119505636358
206.95599948985225
191.59595575885413
174.6547826821372
162.01012342614442
146.53603358160882
148.06721611599286
163.4969108512157
240.00913707725528
272.2787418007127
261.3036345515766
259.04715313565345
256.05703295411354
257.02201673027935
275.6999342179027
278.54034666408893
275.19036899761534
464.07630891269395
554.9804558605214
557.8018244404019
560.6356518622621
629.3557700201108
663.6067279852779
680.5634838518829
688.4568845893366
690.8752592989783
691.2769892842862
714.6103081981216
762.3779199352481
772.9269396190045
906.5572400255892
922.3147656249851
1007.0563826865038
1101.4139694131966
1116.0919245240216
1116.8327123162992
1116.5716738499966
1114.7246146995778
1106.3887907892854
1016.5374043771969
976.5513673159959
965.9481158279331
957.6509194613852
953.161253881175
957.4782977858346
939.2002009052417
938.9885841651479
939.6569055396059
750.7957602613267
661.9632815104831
812.9246648558669
960.2228686135816
874.484045530324
860.5271274018485
981.0560050752356
938.987488510923
1160.54832347553
1198.9906374039786
1147.8531006607564
1169.703190293772
1388.7197991462172
1238.1918598016218
1216.7895050535747
1208.230001154283
1169.5341087258678
1224.7165984884966
1462.9364401079902
1588.073465890935
1639.404125939564
1805.734653876397
1887.4349408754808
1906.6316579737309
1911.7476721160162
1939.7060867219634
1954.081152839824
2027.4689894661337
2110.3090173722603
2333.985105328141
2340.6114458134525
2352.2651673285486
2353.6007429994784
2201.755108680307
2042.0306504751597
2053.204950374222
2056.4616739161934
1924.2040626216967
1898.221811037046
1831.7092795938195
1771.423715762151
1765.6236438133164
1852.014294441558
1675.0008163406446
1724.7195938532586
1738.4802932334744
1713.3246291873656
1612.7094546016258
1551.6866366632692
1339.7454354941722
1250.4607520039285
1145.1007415696972
1004.1543122754199
925.2401861803212
923.4677505684442
890.8424612023804
913.0310528283817
931.0933915115374
922.253237718547
845.4167144067034
603.0359390671282
587.7511128678889
579.8648143000471
561.0991781938023
561.0232025037951
558.0178466611972
582.418976687568
580.6497683540323
597.8401793039351
609.1449840632367
493.83944003611873
496.7332293677289
501.60222128602487
385.39949154972925
377.9201098627103
333.05858373937565
324.0213816353503
334.3610103935159
334.4599721130802
332.48040586262516
322.2525419117787
314.3014605771236
360.2957070022976
379.64999177361153
501.50460556915766
519.7332577710814
552.3330131962509
507.14701583748
733.938847016702
663.6282195810174
649.1574181534223
668.6261133080907
649.9167867414947
649.4910151525115
659.1129757428224
665.3843869862671
663.5812270603735
661.2111573609191
663.1849819734722
714.8239836214632
745.2325856300982
746.5283572199786
750.1571219037122
750.2646645616791
747.9547451830907
733.0731043211146
732.8717950487464
730.1041407419943
728.7970971933831
731.1933182502764
730.4991049672574
729.3338501788277
730.0332675513346
689.6854137314448
665.7146265357544
529.3172017124684
517.5457487460974
436.6963942407672
481.937819609807
352.50776741216237
351.8308779233362
355.0977499473086
373.3395341967565
374.32487521669054
439.4675671123881
507.65365520548244
517.5397563647537
567.446318242889
670.56316614593
765.2763619131756
697.9067035991895
712.1812485313303
779.3679428051826
772.9607999346845
785.4099593600445
795.5700939466216
795.8372250062519
797.7925952531236
793.5671623119492
791.2777984026035
786.2611592048688
785.6429373507858
781.4955899786067
780.6335457070298
781.8031111757439
773.4601914573329
777.7102488056513
776.8376395994453
777.778914308438
753.384732777498
753.6478369330372
753.5918586986613
789.6541195727257
878.4549063348423
1075.2877289270007
906.932217152337
855.3507979349166
975.3842243154171
896.85368846351
830.9730054985854
803.253454737391
792.6846876097712
768.8139901802267
687.5282527573528
696.282284370405
695.4569278220717
699.7981490218049
704.2804243013621
763.6381012301447
764.566898256036
766.3886019250091
765.1376711581387
764.990028472387
769.1677179088855
769.7269318462629
780.4884314721257
822.5506746941726
929.2839921795148
940.6305943890135
944.8064053112394
1039.4549478410704
1051.364775974679
1059.3145422778473
1023.609261497405
917.7923032830362
742.674309441711
744.7987372717394
734.1650137283615
676.4576854557797
775.355208524687
809.564629803043
726.0557102288412
741.7133864226064
727.8180721557962
722.6267243685413
844.6334199717933
889.8061402752994
909.7798073601904
992.157842950217
1071.9914962643268
1066.8696738767499
1076.0463699229606
1145.9179106799186
1233.3609867383507
1255.2989802053012
1276.7479615497778
1254.0277054452683
1241.286322130223
1139.0469828538994
1132.7863311132196
1120.1937692815557


