Rainfall Prediction

547.0
525.0
524.0
524.0
467.14885714533574
468.50307332180205
464.4469646023689
464.4469646023689
476.676852030805
477.17215724894436
477.17215724894436
478.31203633544544
469.08090196465116
469.08090196465116
469.08090196465116
469.08090196465116
478.81860221231454
471.22904711701784
522.3950648215314
384.2157266043266
333.42952529849873
275.0
78.0
52.0
52.0
73.0
73.0
73.0
73.0
68.0
63.0
63.0
123.0
124.0
124.0
124.0
123.0
117.0
122.0
113.0
121.0
124.0
297.0
304.0
308.0
308.0
353.0
378.0
534.0
569.0
709.5423738065457
723.0
692.058454544026
697.0459307151324
719.0
719.0
733.0
733.0
735.0
751.0
751.0
751.0
751.0
691.0
690.0
697.0
697.0
697.0
697.0
692.0
692.0
666.0
663.0
489.0
482.0
478.0
478.0
433.0
423.0
339.0
345.0
205.0
205.0
205.0
239.0
240.0
240.0
224.0
222.52435710605766
222.3297509215187
218.0
218.0
191.19658093516605
195.93078406088287
197.24402627162746
199.9445705361379
189.92367438833918
189.92367438833918
189.92367438833918
189.92367438833918
198.49407189654912
202.2558899496428
202.2558899496428
195.2237371607004
195.43511242899527
195.43511242899527
195.43511242899527
196.49706352257925
189.8288804628762
177.330422582831
130.30474164376034
100.9911826584167
87.64009688401545
93.74569060848216
98.227450186448
73.0
72.0
80.0
61.0
49.0
53.0
160.0
183.0
183.0
172.0
177.0
207.0
207.0
207.0
207.0
207.0
201.0
189.0
189.0
190.0
212.0
329.0
430.0
495.0
495.0
498.0
528.0
531.0
523.0
568.0
641.0
713.0
713.0
705.0
705.0
705.0
840.0
749.0
726.0
726.0
726.0
721.0
691.0
691.0
691.0
691.0
691.0
691.0
691.0
691.0
690.0
668.0
551.0
450.0
385.0
480.0
484.0
464.0
461.0
466.0
417.0
344.0
272.0
273.0
286.0
295.0
316.0
251.0
250.0
295.0
366.0
383.0
395.0
395.0
419.0
426.0
426.0
426.0
426.0
426.0
426.0
426.0
426.0
426.0
426.0
426.0
331.0
324.0
363.0
364.0
359.0
359.0
359.0
359.0
364.0
351.0
342.0
321.0
247.0
232.0
187.0
116.0
131.0
129.0
129.0
105.0
220.0
258.0
363.0
438.0
417.7666169460178
417.7666169460178
417.7666169460178
388.05153562287705
368.0891848741454
438.0
559.0
606.0
607.0
477.60034891812427
529.4058407684366
530.9038143065991
559.3068404151178
651.7625035035709
677.1138799821721
714.6413990863256
798.5748040186728
766.3634916217511
799.5250091515502
783.2018615585309
783.3544603397183
783.3544603397183
783.3544603397183
785.4598538630989
773.0936118307062
773.0936118307062
773.0936118307062
655.3773808305658
643.9021676568813
650.3333946908843
614.0
624.0
624.0
624.0
624.0
624.0
624.0
569.0
526.0
525.0
521.0
466.0
466.0
428.0
484.0
425.9417311642837
395.0
341.0
678.9366506053993
712.4101296090953
712.4101296090953
733.2017804561682
747.3871443016543
747.3871443016543
767.9044872093558
751.479070594558
749.0149267513837
795.5196026074868
770.4919360587888
798.7444519435663
702.0166020346608
691.817370624556
720.9212075470691
728.0458626610443
767.0933300420803
769.777857386138
790.5959767592642
843.852670428987
826.7803800229128
823.5928423570065
847.13664654969
819.6248566029669
822.6884789164191
830.1438786085761
848.1655764015273
697.0436373029988
747.0722514590589
747.0722514590589
747.9130762534686
398.0
402.0
403.0
502.0
569.0
637.0
671.0
706.0
706.0
713.0
873.9730339708876
969.2550207522773
985.4395239575149
988.9327909469207
992.1059355817185
971.5030201818935
927.5030201818935
1052.5030201818936
1050.2507475111918
1061.8669991869401
1037.572606962778
1037.572606962778
1047.572606962778
1055.572606962778
1158.572606962778
1158.572606962778
1147.7866406645428
1121.6879710942453
1146.4836899669915
1145.7846820680418
1132.03773321396
1128.8598162204742
1199.7791739091629
1210.1757199634349
1147.3142902841676
1045.9651048605429
974.0118428214221
940.1606951204013
905.6075992403679
916.1907914931875
930.8039171458904
726.9358328512011
667.9139446754801
668.0
668.0
668.0
723.0
729.0
613.0
657.0
549.0
561.0
665.0
655.0
647.0
544.0
542.0
542.0
548.0
517.0
512.0
509.0


