Rainfall Prediction

493.42036078733446
543.171365461511
574.0496904550675
608.6097913479655
638.1108331965308
644.4511946985417
650.1157261310386
652.4622818350977
663.8990840209509
675.0202153504945
623.7641731300671
587.1636463941776
584.1339305379295
579.9263920512672
604.9585215175415
630.4501819628019
583.3832862868512
556.2412535869139
508.83214232469714
440.99891178194196
350.11744540549745
316.150179470148
222.87574994095164
189.04262065807148
168.44752486207528
151.9985508792651
140.18777789122123
137.3670958799465
115.78252717330841
102.42352513173118
0.0
0.0
0.0
0.0
0.0
0.0
0.0
0.0
0.0
0.0
0.0
0.0
0.0
0.0
0.0
0.0
0.0
0.0
0.0
0.0
0.0
0.0
0.0
0.0
0.0
0.0
0.0
0.0
0.0
0.0
0.0
0.0
0.0
0.0
0.0
27.24921672746006
73.18530056163331
42.0497432589792
37.04006174318947
51.698509561497644
41.37737635373431
109.28968964061164
94.80501971795823
58.38497037581395
87.696824176716
103.25329556743858
98.25215985310102
33.9170168364399
129.19107226754082
106.73009538248361
0.0
0.0
0.0
0.0
0.0
0.0
0.0
0.0
0.0
0.0
0.0
0.0
0.0
0.0
0.0
0.0
0.0
0.0
0.0
0.0
0.0
0.0
0.0
0.0
0.0
0.0
0.0
0.0
0.0
0.0
0.0
0.0
0.0
0.0
0.0
0.0
0.0
0.0
0.0
0.0
0.0
0.0
0.0
0.0
0.0
232.8931921995731
245.11407047926355
206.73327323504475
220.29879220284653
209.13867657131476
174.46836792501804
167.9234917586511
126.26011802248874
104.82592544224559
0.0
0.0
0.0
0.0
0.0
0.0
0.0
0.0
0.0
0.0
0.0
0.0
0.0
0.0
0.0
0.0
0.0
0.0
0.0
0.0
0.0
0.0
0.0
0.0
0.0
0.0
0.0
0.0
0.0
0.0
0.0
292.1555082003273
303.32810512722807
267.89702388908756
238.5428656451586
223.47877465179937
197.6789738708419
221.63095549791288
187.16212016599616
311.6419977645622
234.72910955139437
262.96310347706833
338.319109339642
300.6176251553741
137.84120094764512
126.24160388616932
125.99691986950803
63.796166190961614
32.53212065406838
46.32294818338455
0.0
0.0
0.0
0.0
0.0
0.0
0.0
0.0
0.0
0.0
0.0
0.0
0.0
0.0
0.0
0.0
0.0
0.0
0.0
0.0
0.0
0.0
0.0
0.0
0.0
0.0
0.0
0.0
0.0
0.0
0.0
0.0
0.0
0.0
0.0
0.0
0.0
0.0
0.0
0.0
0.0
0.0
0.0
0.0
0.0
0.0
0.0
0.0
0.0
0.0
0.0
0.0
0.0
0.0
0.0
0.0
0.0
0.0
0.0
0.0
0.0
0.0
0.0
0.0
134.74517897613774
48.45989680014021
108.7525713386854
90.47070517152582
104.04633151025614
160.03930469857454
257.1446560844139
184.82982343006472
249.08354302620327
123.07633971232082
226.68540932775556
226.68540932775556
197.6649587270915
179.49688420451065
215.87023031103465
216.34140596310914
185.38575556655778
211.8783696051199
78.63606603669949
276.5215454370807
0.0
0.0
0.0
0.0
0.0
0.0
0.0
0.0
0.0
0.0
0.0
0.0
0.0
0.0
0.0
0.0
0.0
0.0
0.0
0.0
0.0
0.0
0.0
0.0
0.0
0.0
0.0
0.0
0.0
0.0
0.0
0.0
0.0
0.0
0.0
0.0
0.0
0.0
0.0
0.0
0.0
0.0
0.0
0.0
0.0
0.0
0.0
0.0
0.0
0.0
0.0
0.0
0.0
0.0
0.0
0.0
0.0
0.0
0.0
0.0
0.0
0.0
0.0
0.0
0.0
0.0
0.0
0.0
0.0
0.0
0.0
0.0
0.0
0.0
0.0
0.0
0.0
0.0
0.0
0.0
0.0
0.0
0.0
0.0
0.0
0.0
0.0
0.0
0.0
0.0
0.0
8.34095026347953
17.831580796825403
2.550484938801955
19.05572738427117
19.61150441755818
24.101432399137995
67.62986145036476


