Temperature Prediction

401.3128796691695
401.3128796691695
401.3128796691695
401.3128796691695
401.3128796691695
401.3128796691695
401.3128796691695
401.3128796691695
401.3128796691695
401.3128796691695
401.3128796691695
401.3128796691695
401.3128796691695
401.3128796691695
401.3128796691695
401.3128796691695
401.3128796691695
401.3128796691695
401.3128796691695
401.3128796691695
401.3128796691695
401.3128796691695
401.3128796691695
401.3128796691695
401.3128796691695
401.3128796691695
401.3128796691695
401.3128796691695
401.3128796691695
401.3128796691695
401.3128796691695


