Rainfall Prediction

864.0
990.0
1070.0
1086.0
1316.714285714286
1271.3787878787875
1236.0408163265308
1307.1409691629954
1297.8235294117644
1196.794520547945
1022.0
995.0
1030.0
952.0
968.0
1052.0
880.0
1012.0
1153.0
1043.0
966.0
1597.0
1726.0
1945.7796610169494
1969.0
2076.0
1946.0
2143.0
2216.0
2151.0
2087.0
2009.0
1915.0
1793.0
1541.0
1241.0
1269.0
1344.0
1335.0
1323.0
1429.0
1501.0
1635.0
1853.0
2056.0
2262.0
2247.0
2296.0
2274.0
2162.0
2185.0
2109.0
1478.0
1338.0
1431.0
1459.0
1438.0
1397.0
1186.0
997.0
1059.0
1176.0
1514.0
1590.0
1600.0
1806.0
2057.0
1984.0
1930.0
1887.0
1881.0
1860.0
1808.0
1508.0
1343.0
1417.0
1318.0
1411.0
1373.0
1214.0
1145.0
1131.0
1163.0
1253.0
1253.0
1200.0
993.0
976.0
1010.0
1026.0
976.0
944.0
1097.7466666666667
862.0
815.0
991.9130434782608
1031.73786407767
2051.0
995.4375000000001
1074.2275862068964
1030.4571428571428
1036.6140350877195
1027.1515151515152
854.0
1106.8229665071767
1072.9166666666665
969.9613259668508
1076.6726457399104
1035.5022026431718
1038.673469387755
806.0
774.0
683.0
624.0
652.0
940.0
1092.88
1073.7368421052631
1108.913043478261
1166.913043478261
1028.8611111111113
1104.4254143646408
1053.3750000000002
782.0
849.0
877.0
692.0
599.0
717.0
627.0
564.0
642.0
692.0
714.0
709.0
664.0
763.0
974.0
724.0
695.0
804.0
1005.0
1037.0
1089.0
947.0
843.0
603.0
658.0
715.0
531.0
654.0
650.0
598.0
655.0
719.0
622.0
556.0
938.0
1110.0
1056.0
1111.0
1304.0
1334.0
1576.0
1656.0
1764.0
1733.0
2386.1666666666665
1670.0
1818.625
1768.5384615384614
1795.2142857142858
1872.1612903225807
2097.8387096774195
2181.354838709677
2403.858620689655
2585.395209580838
2665.317220543807
2448.18487394958
2484.1696969696964
2681.8375350140054
2568.7035573122535
2647.9442231075695
2711.674242424242
2919.1265822784812
2873.2067510548527
2865.075949367089
2930.484641638225
2511.978494623656
2377.554347826087
2397.6410256410254
2275.0
2137.0
2217.1833333333334
2080.0350877192977
2063.210526315789
1767.0
1938.0
1637.0
1643.0
1665.0
1623.0
1593.0
1524.0
1311.0
1217.0
1203.0
1096.0
956.0
1017.0
1002.0
980.0
991.0
1006.0
924.0
682.0
661.0
499.0
519.0
670.0
671.0
616.0
725.0
662.0
286.0
63.0
0.0
224.0
0.0
4.0
0.0
0.0
0.0
0.0
16.0
146.0
134.0
108.0
144.0
315.0
302.0
359.0
304.0
517.0
582.0
748.0
725.0
826.0
917.0
803.0
927.0
951.0
1027.0
1063.0
1586.8695652173913
1928.0452127659576
2134.249575551783
2158.8686371100166
2212.671304347826
2250.752039151713
2256.66979655712
2324.5127478753543
2326.947813822285
2249.263074484945
2134.217970049917
2067.4172077922076
1997.2014925373137
1996.7742537313434
1960.3749999999998
2073.7574257425745
1991.0508982035926
1941.113432835821
1888.775510204082
1923.8390461997017
1735.12585499316
1808.6336805555557
1549.4813895781638
1542.416901408451
1546.2655889145497
1613.8068535825544
1705.3909774436092
1514.5597826086955
1600.7291666666665
1704.191176470588
1754.233990147783
1424.3181818181818
1195.0
1188.0
1097.0
1037.0
1074.0
1106.0
831.0
830.0
884.0
1106.0
1452.4723926380368
1525.7781155015198
1588.3435114503818
1525.3105590062112
1753.3442367601247
1823.3958333333333
1846.1064748201438
2038.289414414414
2090.2060409924484
1882.2583798882683
1657.9700149925038
1786.4384615384613
1918.317216981132
2011.7445652173913
1984.8199105145416
1974.8460721868366
2154.05
2077.820040899796
1944.2273212379932
1929.1471215351814
1910.704569606801
2002.747834456208
2002.4695817490497
2153.9545064377685
2193.2903501280957
2124.8749999999995
2153.1784121320247
2484.192280200143
2475.5238095238096
2419.9421487603304
2151.519285042333
1820.0738714090285
1654.3345132743361
1657.1660777385162
1734.744262295082
1363.2255319148935
1350.4575163398695
1357.6046511627903
1111.0
1144.0
1359.6666666666665
1317.8695652173913
1275.6818181818185
1185.220588235294
971.6818181818182
826.0
655.0
556.0
695.0
775.0
693.0
707.0
655.0
569.0
620.0
667.0
821.0
1010.0
1144.0
1239.0
1370.0
1508.0
1590.0
1684.0
1664.0
1611.0
1591.0
1400.0
1304.0
1320.0


