Rainfall Prediction

515.7321113311804
575.0
575.0
595.0
620.0
620.0
620.0
629.0
656.0
680.7545277060366
621.6225815949037
596.0791907701345
582.5289103315736
580.961112445136
581.5772766104607
562.517771716284
467.37769091195275
355.6142934227057
247.8052896379492
210.5724155718637
101.3517733534745
76.18420490808371
41.69067567147928
38.51733745749081
36.31335640720184
33.43102175400381
21.072605759908043
20.027711870722612
18.44846698225311
15.519963131304365
21.41594113982029
21.157953841149634
19.85305029211051
16.897476119477517
33.664437140872366
38.14796282594412
47.37188233738621
52.923607866973285
44.544451521030396
70.65555702241421
35.85910762298472
157.43790722297592
242.0
314.0
314.0
373.0
397.0
406.0
406.0
396.0
389.0
389.0
389.0
389.0
389.0
389.0
389.0
389.0
389.0
389.0
407.0
407.0
407.0
413.0
417.0
382.0
363.0
363.0
378.0
383.0
430.0
527.0
445.0
522.0
450.0
450.0
391.0
367.0
360.0
361.0
455.0
584.0
617.0
617.0
638.0
640.0
650.0
662.0
671.0
671.0
671.0
687.0
687.0
675.7740271092522
651.6589564879048
648.4088447909168
648.4000843023676
648.4176136320714
646.7151493272978
631.6359789627307
612.0897105498334
501.9820740456967
398.2249464033206
400.45595895005044
375.2793012532035
375.39691302783314
405.34218301348676
430.8122716762933
437.80891820525136
434.3010501309373
436.21405526059766
347.057913988465
233.51953553682893
199.57769152164494
211.46967318747602
210.88029614342295
239.3835757095516
248.25522451824997
252.34420077951663
240.22061516028145
295.4543198345466
303.60483587878326
270.13641707545577
268.81608611251175
296.0
296.0
296.0
296.0
315.0
317.0
561.0
561.0
511.03224520768475
500.62897840909915
492.7211145538595
426.30960895886113
426.30960895886113
410.4705089909912
384.94267413973256
367.97830311213625
404.0
404.0
404.0
386.0
404.0
520.0280419282134
496.7819153127525
464.8040922600771
516.6426805299706
497.72789883540304
514.0978181801527
463.4927645767491
453.0320098334432
468.6962704070881
496.89061276320626
561.5728079477674
561.6945833210589
587.048978752136
618.0929461731134
628.0944982894507
630.576710054161
400.1644773792477
479.0815597086978
521.0
521.0
521.0
521.0
521.0
521.0
521.0
556.0
580.0
580.0
832.0
1213.0
1290.0
1129.0
1129.0
1129.0
1052.0
1052.0
1048.0
1072.0
1070.0
1091.0
1182.0
1191.0
1184.0
1184.0
1171.0
1258.0
1268.0
1378.0
1337.0
1339.0
1339.0
1344.0
1348.0
1349.0
1349.0
1349.0
1344.0
1320.0
1320.0
1129.0
748.0
653.0
653.0
638.0746351636416
638.0746351636416
609.21801904601
613.7778941083048
754.6919433107576
727.1044403387148
720.2712856725831
657.9195543239892
535.9714489425428
441.55311330069446
437.81473620585723
438.39768671453714
436.27596443764025
373.49414274007097
573.8916083261381
481.6916369336351
546.9614896210384
702.0393146982145
695.410395053832
691.5654982986673
673.5921786395307
679.2430614136086
739.6024273697135
769.7051854044723
742.2310814645236
756.2310814645236
795.9209218384873
738.3931587787068
740.1145351816298
749.8261462048663
769.3755659569848
817.1465207612736
891.4213248326107
921.0
1049.0
952.0
1108.0
1121.0
1159.0
1159.0
1159.0
1161.0
1161.0
1159.0
1099.0
887.0
871.0
765.8123125856674
650.7184049706336
633.5759998749007
632.8806431279742
632.8108811903185
623.1894647831266
565.4938164612
534.4662852528427
529.8787414738393
506.50227942837876
458.66465987025623
442.34469803297856
437.1738549804013
431.56216934633085
428.84886025625474
422.2901657995641
350.75532041004135
337.23174377997975
209.0625406227921
119.41962270186488
0.0
0.0
0.0
0.0
17.0340435653319
27.586629851459804
38.05177480335061
46.50439490076198
75.29127278284565
72.38042774014448
70.30158432420609
78.1207577837389
114.11356936441929
121.86364054454437
122.45515868819308
123.2439373257111
125.26273674448255
161.93181033446268
217.2618384638614
214.4028642615288
262.89454831772485
417.4325378981806
545.3063205604856
574.4755433449208
608.5293155038537
719.211040465751
723.2800958717384
720.0177709444117
720.7057879532184
714.0592515172615
776.0592515172615
809.7477067166749
818.8217262834065
855.0
758.0
751.0
769.0
770.0
861.0
989.0
1016.0
1020.0
1020.0
1049.0
1116.0
1135.0
1166.0
1183.0
1158.0
1138.0
1174.0
1123.0
972.0
968.0
971.0
948.0
876.0
1000.0
1003.0
1016.0
1226.0
1238.0
1330.0
1330.0
1331.0
1381.0
1381.0
1363.0
1329.9914579828423
1284.9967281609102
1166.087987218268
1111.109049025067
1103.5761000263446
1107.380415812471
1020.9239789977582
960.2369838899987
947.1684087550942
921.9523632203939
893.6668942899676
929.0727727674989
920.6428363499963
889.1410879320058
888.5985971083126
894.8399691749639
785.357819824831
749.8546313672534
731.1360006690279
681.6860789048543
530.6958784132995
512.6396227885242
500.8130382423418


