Rainfall Prediction

911.3084943322551
1028.4151334733895
1038.66447469069
1088.7320547724225
1382.218209362507
1178.4672544487778
1253.3316495859633
1350.0433092234618
1244.896646313913
1126.090933162575
1013.1150801077714
1032.3342414431336
1145.7885374466953
1194.5826333548853
1214.3824188212454
1223.0474384431257
1183.8248066860463
1199.4035698427715
1115.556243542894
1108.3125780421146
1171.202050415109
1210.1610449148059
1307.0779255199823
1434.150292496661
1416.226249412089
1505.2785164455097
1573.83213562032
1629.952504843423
1593.9225904917862
1590.2708222737297
1435.3124100043028
1452.7111403659928
1359.7476419274683
1347.993740996018
1263.5862565095752
1248.5304773692599
1182.076759879538
1186.1110680681147
1143.2034924067448
1065.84850983047
1212.6993409001086
1226.5309244263863
1239.8079750372674
1127.9180609073758
1231.4816800959698
1221.1179685904171
1196.911091666384
1192.681258029418
1250.7337495200313
1239.8640996738673
1188.7927968179886
1195.2588650692
1134.2866977911744
1007.5622796871247
858.9369622855587
932.9620171884056
873.7983507376431
838.799985015147
818.2864016724503
830.3173823543474
819.8448352798603
816.6858438167079
891.13394148717
914.4725378211551
932.5992485158334
1098.1690791179103
1346.613865749501
1307.1504739692812
1208.9868862671333
1234.54452229188
1193.294479380884
1053.0460229633777
1020.393314924554
1026.0067111741246
983.2565398682971
860.0777991484492
842.899839584568
839.3846362471719
829.4928339508648
821.6373272976618
839.3058088256208
814.3028294311301
901.2741637368873
995.5337011781612
1102.2328855326575
1149.039768667937
1129.0201908829767
1148.0152639792059
1168.1769149025433
1177.600949168305
1142.374426278992
1142.3166016764744
1144.6074547474711
1021.1372585405712
984.6692367849422
1054.3050585170956
947.9564146951891
795.7864494770473
892.1441458464035
912.8546427747139
952.3392171771993
946.6856670337598
908.2725140412975
928.3115505609227
1098.268170142751
1117.030849713621
1096.4962888795033
1104.4273320747538
1105.0705314891754
1149.0044420595652
1101.3643544838812
1082.2951651869587
1101.5215128159991
1057.593923993426
928.5850226841477
892.640931862245
842.7939725845632
760.0563457049066
726.2337655784894
689.0454332341058
703.9755914085529
738.7621623122224
738.6961764610622
783.8999168290904
863.6364781887169
826.0583798976417
773.0492199621107
703.5959917417541
687.1328107535064
619.8939998365202
614.6702749468751
670.9221357821492
705.1161447056878
738.2017787134937
818.2362048679635
671.6945532778324
667.427307513185
750.5518328734727
783.7409238967754
789.8674375328717
899.9212647315419
1084.6931748592017
1150.426646096835
1167.542733476035
1240.303620005644
1284.07884030822
1220.5734134697925
1237.0542144189405
1406.7147403680133
1349.6065652495988
1349.6065652495988
1327.8495822037507
1305.5618718846495
1329.6109725300712
1282.4645041026083
1311.2510182306353
1322.5340118098457
1370.8364963534475
1374.254305681385
1344.6349432295103
1414.159084984376
1412.5436768038865
1338.1057137523435
1284.429500055216
1270.669517363883
1289.2000199464178
1298.3079608358044
1298.3798390676088
1247.9148814510015
1213.1852492482192
1218.1823223589317
1114.8784439660983
900.4759372819855
870.3193787189805
818.6062629633566
1024.64243131687
1046.7486105038765
1075.9531627618546
1089.6030257906623
1019.8026460356211
1177.3667320601905
1177.4111185944876
1171.0782627713863
1239.1136153699247
1221.2801590172326
1203.3663971338385
1107.2373570922034
1073.2008770703537
1008.3219803116983
967.6552667785043
959.6532424718157
898.8759049806306
847.538363698974
846.5367121567206
846.5367121567206
868.9834607082578
768.3278265767041
736.471689082875
729.5816752881476
765.0028828094142
739.9640463035123
729.7981015647672
727.7836568564977
724.8412220120888
724.8428129724747
724.834853845519
453.3859600143415
373.94836339271166
371.6665111938745
352.641154228467
298.51815464660115
115.10940560040177
115.06868109988822
145.01779180997738
56.87936199839264
71.57107811382829
61.07696428053211
77.10714990414027
70.58820403898083
178.3064897154641
183.34920741173093
201.44649446816908
313.10441008382776
319.6192228002856
334.41561379502747
311.6025332541719
343.66040780573434
646.6070667644037
649.9986252354505
711.4722162080511
682.8713324156938
694.0491026531263
694.143014285215
694.145001607736
700.2216144276821
700.3073326356254
700.3073326356254
700.5388734479924
710.779894703895
769.2260766954273
768.6889183600466
768.7806508833801
756.8164715111295
756.4516598499453
735.7020916193421
730.971061568533
710.6006120846363
739.1640323629166
880.481241850667
885.0453964421927
796.2513615202894
785.3340118584858
800.8709520441894
668.4552545774056
713.7847784448701
1021.0190403325323
1155.503540345217
1145.2802739143747
819.4711135279191
816.9324112805417
796.5563658862329
858.4955343939862
841.8954976172993
841.7917945670519
841.7893687885664
868.9706538724696
868.7226428960256
868.7226428960256
868.5490869809875
844.6953610256542
810.350440036799
810.1257608311274
818.4151615133086
823.7175085240779
823.7175085240779
806.8154640806811
848.8472784710692
884.8579784967216
895.8553402671336
803.4604069668045
969.6381063523958
982.9188559541136
963.9355319599575
954.1099574920372
941.7632328865342
900.4032422257907
640.0868734395256
510.2232038032786
485.4164000865579
539.9195706675166
500.48674129221934
487.5963325311574
406.27512917889214
408.6045464011805
422.03054519053586
422.03054519053586
405.9926221186928
405.9926221186928
405.9960770262778
395.04875293585366
394.62173039861847
385.30112585396154
382.1191804061909
424.0703581408389
432.2260093293714
417.14240882625114
441.15708531314027
479.75409381286306
514.6342929582989
502.4893007003974
619.5634612728636
500.66936684784815
495.20774222929987
541.3448735189863
539.4012616687689
538.882375183894
554.3526278298876
684.4195689605606
695.7840485181673
750.3284283070357
740.3073475781879
742.6437565743304
709.5654674427375
990.821285868185
989.8170430815709
999.8769726313107
978.2077777183315
983.535641375013
983.6593860279486
983.6593860279486
1075.6606859879241
1097.4208671280155
1097.4131401238621
1152.777253063178
1112.7280801716279
1157.2568513374154
1343.8874332891364
1380.0207229499695
1273.821037781759
1213.7927425641506
1216.8815043955437
1085.1880221957351
1055.731753062779
1025.535143568869
995.4250887307804
995.6782012412416
973.8857544335285
971.7883018101153
849.8880277613293
865.2329643983855
782.1657307654615
745.0907580538828
766.8030885328897
766.8755400330094
497.268136816616
505.7140726311256
499.8689599610278
542.1463374045696
574.5315999240519
598.4741005794205
564.1864125841051
479.918402262669
480.9415581464151
482.13493452116404
466.7255888988993
501.4683534212732


