Rainfall Prediction

938.9712132113076
954.0830763945453
1050.5816651868918
1120.7934633542695
1222.7557702627894
1238.9281390181561
1262.1959619706995
1211.4214534496455
1255.6808907305806
1197.1987962552348
1070.4402497622061
1019.1481847471491
1027.6605602342047
1027.0673011261272
1053.8541004097715
1094.8724359076173
1008.9627441348207
1045.3864389601188
1108.2902969889792
876.4388051008141
897.2107420494908
884.3441417921
803.9292493620383
696.8032628196137
601.8032628196137
579.8257816312141
564.1010659162695
559.121666911601
530.9409549419739
524.1178116303871
523.3991219609884
511.87935880759363
433.19430826057527
356.5569676620765
289.2267055147726
190.76552142085296
175.51452864805583
143.23171910118566
152.85595139172494
153.8195433946372
145.3304688761256
143.6513770921341
183.38616772426644
183.50456435993314
174.95721920971295
147.27345575095512
79.76199748821404
78.10080065097361
0.0
0.0
0.0
0.0
0.0
0.0
0.0
0.0
0.0
0.0
0.0
0.0
0.0
0.0
184.719529512731
224.51831630336085
266.14981657170233
390.7938367910605
510.551677758302
512.3698074040905
511.2712106023451
516.8241042917009
517.7860899956374
523.4604287274909
525.6842031853535
521.4855890833846
522.7798328804402
528.1659958187944
528.9435577201632
527.5261418255803
527.8900905869943
527.0195842801038
526.7772016375968
532.6158101124171
517.6093095687987
487.88218114348825
492.5340438307224
490.5544895303097
491.5872850892983
487.0611872114892
488.80074091927014
467.9892218650811
465.1844182384464
508.1844182384464
753.2521467845942
677.7875248773865
669.7787527780691
758.0781686155207
727.1910698693354
610.9295667527598
659.3657055773044
687.0770409067557
686.006341199763
689.5289837401044
689.7882240253921
691.7882240253921
790.3946773175284
791.201028150218
839.201028150218
906.201028150218
905.5555309258501
980.1614985133617
857.5895675303818
906.0785664774028
800.7268737512926
930.2661893639099
952.7485979792641
1072.4267257533309
1220.4402104152978
1268.5949565481699
1264.9180837691017
1259.2808013830459
1287.121319770141
1395.4452897498934
1355.334296817088
1086.6533865795523
962.9069085451042
937.6308351455585
812.3455273730004
720.6416284570744
721.6668438201873
673.1751243536779
641.2770810198608
628.9946692678279
597.6772538139624
82.59101038325167
620.5015309008545
519.9957976096114
528.3792794890526
481.94947970488573
416.42824729472346
416.60803392471365
333.87894079549574
318.84502490778726
317.59607341367604
314.9364114596728
332.5319528542284
340.69515879916446
259.60278541824493
350.1159315921674
315.3618606689559
316.5125093843868
438.5125093843868
416.6940427465283
402.35010381353544
400.95079309625885
402.1755379676504
400.47038182957647
399.03188384795124
503.9919631876381
504.06804677332894
513.9701364156002
511.4213362949567
527.0028765736569
561.5897184871459
567.6059335079535
620.442852950553
643.3789090117408
657.7803148216964
656.4092491180529
654.7011688093091
649.8711195066444
656.4091864219627
661.4668325124892
670.044069299078
671.3908879646152
674.030236244888
650.1352556137812
628.6324475491476
586.5114864938205
355.27250786651
352.73783952917046
381.84885835770103
280.22799617423834
271.9281564506921
210.77928725927904
218.23907879731564
226.74420058700514
233.11962150862763
291.73529759580623
186.0058025310793
202.3604457762467
228.15954941602064
249.22936271415728
256.039471896204
320.0879220545152
317.0879220545152
286.55497031309255
354.1092851943407
443.49688646082996
440.9813880439414
439.20618551096305
440.4174394687418
436.01583154051804
435.68400422966096
451.1372006446464
451.1909496173251
450.9199636445067
452.8185439975935
457.8353294929522
441.75760755214907
504.6248162977865
507.5750821209853
478.37565833239756
489.1116353545527
530.7843726872583
536.1607070126465
534.4541582787393
532.1476252811283
532.7882808299312
472.6805535334632
463.3622069520671
446.92749409846334
420.5571516729499
394.89469068265385
377.45568963741647
277.4360581729573
276.2446404444259
252.34254036449795
161.41684884622123
56.84346666714023
52.49873728916776
53.21546501301899
57.23696309092475
136.463470190524
166.488007557357
153.48356300364284
234.84893744284295
234.84893744284295
235.70757348169667
236.83431973562705
236.34314067800892
174.04441959219298
174.87289311854983
174.83554796210964
147.83554796210964
287.90214067793084
398.2351042570369
404.1341059206231
446.53477147823224
440.74351004202987
504.28812498102485
512.3911992256154
535.8685952632447
560.8033853625768
565.9883212812512
921.4195201729904
906.2435595024538
914.5502143929034
942.2929636555389
1065.811483334243
1066.5081475381241
1067.1945520962395
1063.6456521955317
1061.7981826671844
981.2580692348342
950.5998991723028
948.206553339643
861.6783515657714
861.6783515657714
877.1739363435288
938.3193239350594
1001.8015617146561
1001.4364019657598
1029.4585031076458
1045.565068091251
1105.9834086865853
945.1570736356945
821.518251079223
793.3492696270552
855.1252280052139
870.6377702246999
821.6605885657505
816.6260441389578
861.2704845219364
806.3669609557301
833.8354285671072
524.811094741041
559.6935142632126
482.15763811174594
471.6355782115642
473.35638168798476
505.9742399102816
509.0844470783989
514.5193821023478
515.3439374000986
571.9212509264861
794.8795294915682
1109.8172217643805
1275.9170610316437
1339.963819593852
1368.0429670785677
1686.8150630219611
1717.5485345516456
1775.5614527334335
1953.2023251821524
2044.448389988061
2002.5584631435213
2000.7895563279617
2003.381528136042
2003.0123217075466
1924.6797421193598
1920.7892863937836
1956.3655011637227
1986.3711304978433
1933.3464655735247
1890.5702067554616
1885.2733997914543
1886.614840281744
1856.5196001721467
1872.379214283119
1899.5837408563834
1868.456546329832
1853.8877954555267
1855.8959349532972
1847.6270686640512
1846.2617730379277
1790.1291656073654
1567.8651605937364
1252.5730175001606
1085.159382455536
1086.1890276749834
1020.294373041821
671.6527169667183
589.5900570304698
529.6940029434265
320.9622402116882
220.15900890006156
196.23095713171807
173.6049597453919
194.24503251531718
194.95859305321574
190.92213495822622
195.15171336734727
185.13908754268587
159.9791539209234
184.80247117743716
231.025085471509
242.93892266395835
253.58111911784198
214.37882315955363
198.2627496746735
172.70624124952155
199.20252274817943
287.1604613441998
290.2873266006729
299.1502424373176
299.89188148529905
301.83391791772283
304.8737662967961
307.0221008589173
393.82877767327017
427.78009416262296
422.3472264499416
421.8917473075368
403.8536167832397
419.4847090739289
410.9969424511918


