Rainfall Prediction

540.6456299592027
572.8019767750523
573.9843104858318
604.0189444105479
617.4743775294712
614.422952248007
613.2805651175875
620.3532512053978
636.8028438500043
652.6935477160702
647.2668520770557
648.3255980137783
646.9364674003298
643.5851082174729
643.1763092910509
645.4401308165704
638.1228777125237
636.5134871438248
664.6650854241485
538.8295129360521
443.41403840823835
356.0394484337213
168.09430908965078
144.08566720931032
140.1321108533815
155.46830839327254
154.0839625159139
154.17333765734054
146.29313795266935
138.57127977762102
134.60916840338228
135.4810716026115
181.99990634963595
120.13193636374295
154.18951124606042
156.37995933744472
158.61836798770346
151.094876915626
152.48150479552828
135.06411389241129
141.25111310894374
118.59282822853989
313.8655216822093
298.25060701409177
302.25060701409177
333.2256745977115
377.23056947858055
402.1499955651525
559.1557499462317
593.8272857105493
749.8824625719076
751.0389539509424
750.7974712314937
751.693578474733
731.0922670157812
734.528013181579
743.8767627418993
747.8657327868845
746.7823734507432
766.305365432372
744.9911868145574
744.9911868145574
744.9911868145574
709.8915649346422
704.0966426353272
713.5656298783371
716.0551864415604
720.5828248672209
716.2290710711077
712.2532770686876
685.9362147913124
659.7327994514586
672.6762777840547
482.7423324121174
475.89075241723566
471.89075241723566
490.53707029160176
444.29124439507797
433.485694039926
334.76311956852004
339.93161377667116
201.4658579405148
201.1730344685626
201.17386115101223
235.0251779533671
236.01210587179975
236.44541617240336
254.83966722671425
259.63193332794947
256.44587532877864
238.7607596107558
240.10613600785132
244.24699303213657
253.68239230290587
250.68222341352356
248.01582093337214
238.3056248347456
240.8281852737204
245.045415540827
247.21302168673338
252.13927801431424
262.7297847740465
235.23245102172143
235.2234087473975
235.25061918301606
235.21511249455915
268.9566582745837
269.5463315188335
265.4964343244298
249.8964452783732
171.74951618052452
105.99118681455741
100.30964054567593
104.42784596782224
104.3978811791203
67.47853908213776
66.40901301948914
74.35809292906188
55.35102576183879
62.868873224539676
64.89766269479964
175.7259002380868
201.33090059414357
198.06648191032235
185.8529783928369
191.5533334598588
221.60620012783912
221.14178103986993
222.99564419875406
201.24109822612272
200.6702790944773
210.71369479469416
199.491850907715
200.84192025692371
201.52570258441122
217.72135603134637
335.15200269568476
440.51754946209815
502.1623208703847
503.78013741942544
505.56063035603916
521.9985851220389
529.2007569419794
524.0375725219141
570.0349650120594
671.4324267466042
745.9891200736313
710.8367659107553
698.6198774631002
698.6438923393041
698.6181839825939
844.6922224717624
742.7047339985603
768.8209011813105
764.7434691339063
817.7542986196003
754.7634661731137
724.7645933337325
724.6766932907933
737.1892284391123
726.2103432208211
722.9528416302558
725.0088170668664
726.2658226874522
684.7442499582467
683.7442499582467
661.7442499582467
577.4175752365062
475.8587359263563
410.6370977065434
502.03760141588066
505.65061230226985
466.63406848115574
493.0312305183638
500.17642611567913
451.0711675042687
375.3248939309868
300.3588070084554
298.4362051185748
315.7646079128347
315.4211692377886
338.51124038758655
273.2989863950775
273.6262758842263
321.92310677024716
388.16940143839804
405.50758078049176
422.6462946917165
422.97481383821315
446.56472827907055
454.2473613263122
467.2483319152282
451.51099571601304
456.47003826155157
456.7901175269867
458.0522916075439
455.37125166491563
456.73806008695163
456.84647454897186
460.8064667601313
461.0519221022562
364.6540603926581
358.4697999862083
395.1429427713475
410.1391757025538
386.7506947201888
384.349538310348
384.8726272093409
385.7677237657243
392.0599817118502
384.26510596380507
369.5735317375767
346.2520932239087
274.67982910879675
265.13694885940646
217.77588384897518
144.1460227740354
160.84647844743205
155.55122627983673
159.06392380559998
100.09046082277511
215.2139745331405
280.7037278896576
389.76711828443894
463.6551646496656
431.32543860818555
431.32543860818555
448.7466757422268
448.59570997239604
431.32923367915413
463.9537265818841
586.2493844428823
633.3904637771165
635.2905061500984
597.216213383364
651.7627156211012
651.9592272235211
691.0361584240728
775.3124120819488
817.3595850310828
839.1799836353259
893.1745399637447
895.0444073916037
895.1414349652086
938.3197904744571
943.1006594000759
952.2909859113952
954.2812327842344
913.0284087294193
899.5782762967701
1018.529789357855
1026.611094939231
822.2715616548223
693.2121550176904
671.2303580231475
607.3079162574934
617.4560881544352
617.4389693341034
617.4389693341034
617.4389693341034
617.4474921129654
617.5369705430793
562.5849030408284
519.5849030408284
518.5947715419692
514.6631742688536
459.6702790944773
477.44114208501804
445.5806172094999
477.6702790944773
463.07683654553165
421.47748023780093
364.8911471338006
829.6099823610977
833.726515144218
840.0520917159243
863.9770774108995
876.1562288021662
834.2180792813317
837.8158075352702
883.850814189362
883.611821173226
882.241133096943
882.2228152477493
883.2518329546697
803.0611043056508
792.9562803997073
782.795111975303
807.8069077624714
851.5426867051318
855.445235229072
880.2368953620415
972.357119959836
929.0366794387345
925.6452366711851
919.4093312997483
958.5545945722374
961.0183107787834
963.3224927693506
967.5864608562964
819.9829962271389
886.260130367983
874.7461166477666
889.8406592462949
445.65917199794
446.7233116762558
448.399442889494
551.379197581045
613.0357022478843
680.0596903469932
715.6439348151694
756.4994934214078
756.9916565453676
759.4626153279995
962.5194352324673
1122.1741958924215
1180.808608186867
1182.4171547378126
1177.6565972517528
1153.4964811485302
1111.2957452653225
1233.8989626174707
1238.496024927809
1253.112007715476
1229.8409525381355
1230.4529841194671
1227.0366788663814
1236.793879466249
1338.5084032880588
1337.3275812022655
1329.2632064331888
1314.1856583200233
1307.1720480375877
1306.2957890224322
1293.478046721487
1284.1906967421576
1353.0809969119498
1401.7484978006767
1311.9818011210218
1248.5027320351112
1181.763070685004
1144.65260580565
1259.7358312666506
1268.4874300023419
1294.1653108984851
841.217568192728
767.5795420280247
715.7096329129447
704.6348794527662
726.6294930681753
755.5164022148515
761.8032038321991
644.210778653466
688.3199642157274
580.30746933324
592.3605937545215
697.6224592538347
687.374683213371
679.9246733108406
537.2223534063648
535.2524134731707
535.2677892935328
555.4461694040235
533.0998587103393
528.9879640246335
533.8403379095265


