Rainfall Prediction

1624.2977255866736
1623.842467524232
1656.1989665209906
1654.585298534768
1663.3723491709
1690.6258695189285
1676.1172488984903
1651.7644287573175
1625.0657225666066
1592.6842567093342
1355.9781075396309
1259.9146994089015
1093.8443214975891
993.0
863.0
786.0
639.0
612.0
594.0
307.0
297.0
44.82630665827253
128.90059800514433
272.9060478466557
473.82027922217014
468.7025354025627
480.51514439939405
531.9852387863444
526.3277574811445
521.0342628564119
503.14678597448415
523.5419580982146
617.4746574851324
659.940920419202
649.6375322066806
639.5436359597933
613.0013025136597
621.624939849357
617.4890266189414
630.7849409369542
978.9128627959911
1054.8047486292876
1186.5047567793963
1255.0939637175097
1348.6009778714983
1578.7053646206311
1585.8528713857122
1600.4321169490477
1605.6037812476393
1633.8399869916243
1632.008019525735
1625.0717602999844
1551.5294761461992
1352.7760424509202
1209.8058289406829
994.9206672990323
1198.8928396797069
1456.0153554180386
1505.1564233855966
1490.2125520111338
1536.7466271311366
1561.922153980441
1559.4354948692587
1463.5466976748346
1427.1411673227312
1433.84725065059
1441.5065397005135
1442.7516671453582
1428.9656985898414
1415.9204058009145
1408.0370828642442
1294.9052263339897
1220.3898248355467
1104.7430659315303
1032.2161913860552
949.5202106780366
705.3023203572791
720.554486034629
727.1870390507481
698.9736197888819
694.9430709126119
687.6351843356454
697.3882140126099
708.7606696556525
696.4787885609526
689.1291754375108
659.7990925593726
427.1015323640155
154.4202247620309
71.6492229704794
188.71765638206736
0.0
137.92810117093478
0.0
0.0
0.0
0.0
0.0
0.0
0.0
0.0
0.0
0.0
0.0
70.6403859682824
122.12882117722941
122.31469091464737
186.1177592447428
180.81217736936213
165.09409850012096
245.69020550862058
428.8186865688112
393.269306004284
385.4442583004429
375.1299631240828
370.44120115672536
359.9938110753859
384.520104468354
397.66060410158696
422.34963527376175
418.8207642052985
368.64446905919885
360.72520403932884
395.2826947126514
348.1112622268982
346.23857682357925
364.88616056551547
458.039788625749
418.7961278898256
446.85109864453676
428.49324758809087
230.91970715840534
407.0
407.0
397.0
317.0
287.0
284.0
231.0
231.0
231.0
181.0
161.0
158.0
158.0
158.0
158.0
148.0
148.0
148.0
148.0
148.0
313.0
458.0
506.0
521.0
551.0
721.0
789.0
766.0
696.0
696.0
691.0
592.4048142785142
603.38316571944
615.0223602947511
687.1393353431462
661.2365783103221
694.2406772368456
723.3080496827084
757.717253553871
737.1541943975683
769.0251104940787
787.8598907640176
787.8598907640176
780.574863455022
800.2527317480585
859.2602356872311
867.1670438515363
1065.155186362449
1304.6059210112394
1364.8649230244666
1366.471728899011
1035.7951275437779
881.4681911319149
1384.8524985260233
1383.2746839993054
1444.296264460337
1269.1326417846929
1241.0984575950174
1199.908850136807
1209.6436226578066
1202.0080903424891
1203.694037344416
1169.272746315114
1179.7946568041348
1177.6769099036449
1180.2409300662239
1175.8875282640213
1110.546052144189
1074.038735482242
1053.7029552162096
1074.3153088006868
1043.8209325497849
1025.5063414045133
1018.2621093216258
1028.6298425980544
1011.4020427605958
922.1694670893397
1111.3041074177236
1003.0
765.0
702.0
702.0
584.0
584.0
329.0
314.0
223.0
223.0
178.0
173.0
173.0
173.0
176.0
336.0
336.0
548.0
573.0
623.0
623.0
651.0
673.0
673.0
673.0
673.0
681.0
681.0
669.2622622792237
700.7328496558628
0.0
280.58864325606044
886.6259991711473
882.5767555804689
924.6124470052728
952.4155406870622
996.6856128830839
1015.678884609339
1004.0195897896824
1110.4122465753208
1153.4793587986524
1213.4323650295105
1227.227037651578
1197.9749942649037
1201.533537880768
1161.7054302756353
1029.2087676039191
1150.7735242634371
964.0
939.0
889.0
889.0
861.0
862.0
1155.8674898306865
1250.0
1300.0
1305.0
1305.0
1282.0
1282.0
1312.0
1317.0
695.0
692.0
740.0
785.0
780.0
780.0
778.0
698.0
678.0
678.0
668.0
668.0
668.0
668.0
668.0
698.0
718.0
718.0
718.0
718.0
718.0
695.0
312.0
307.0
275.0
305.0
415.0
852.6360923253379
1118.9737502552402
1103.1912325733408
1119.1951456091583
1147.731709141942
1270.5320639017523
1193.7707201975832
1160.9467137413872
1226.7243144842505
1231.8763621799442
1225.5516116058316
1227.4779147524655
1238.2301414473982
1250.0685607264854
1439.03581854932
1443.9030624208963
1032.5273675678163
1321.4537412579514
1405.1661284369252
1406.0020895155935
1465.8004275827946
1536.1949174273218
1546.2670607087637
1782.7725845231735
1773.5257371871946
1780.071447478334
1759.714122587772
1832.1630735841454
1818.2532547302371
1804.5923622255723
1709.9382401162552
1142.9524686220939
979.887210158105
935.223135872932
894.5281955588516
813.2108624243293
684.8941673475001
946.2374303768704
940.2364336132414
940.2364336132414
932.9561776315564
915.6906639902611
905.2634736165776
1056.828354032965
1038.9845817984394
882.0682497828625
849.8309198908402
811.3417914290718
871.0
826.0
819.0
791.0
706.0
694.0
485.0
513.0
513.0
513.0
513.0
673.0
741.0
751.0
1026.0
1091.0
1109.0
1184.0


