Rainfall Prediction

1598.455539686459
1619.434369073576
1543.5266888063882
1561.6704494334947
1655.8134179153215
1691.1843012861864
1694.9536721353102
1683.4023411418118
1641.6360887913604
1587.5886451030879
1388.9524761949708
1197.8946438813725
1087.0634006872733
1069.107891707103
1093.0641136827596
1166.7668394232055
978.9759048209096
981.8047157887894
1659.481051772781
1501.4786438491992
1381.4751165086811
1408.4757809407722
1304.4819456454563
1251.4984893401422
1156.599325977235
1114.7170762495623
0.0
1108.8009561997246
1073.8028097683741
1037.8058914349115
1022.8101898756717
1013.810802433118
872.8230947048554
0.0
0.0
0.0
617.8559877513014
589.8080770212302
589.8453922397257
0.0
0.0
0.0
0.0
0.0
0.0
0.0
0.0
0.0
0.0
767.9860858492887
384.742347633028
382.1632595296964
335.55514195730893
346.7402538241948
500.37055717254225
903.8721620957919
1132.1206648005352
1321.9566101712535
1342.7320729787875
1345.0557282029993
1183.5925994804713
1250.43584113531
1469.1992736466773
1510.7357518706544
1552.7357518706544
1727.9934313446788
1797.1061309802146
1800.5557088379462
1780.4024013451633
1754.3716730625092
1754.9243646818768
1687.5768832197068
1691.760625053339
1560.7775693055628
1389.7916442004152
1294.8880809612515
1245.8375729548047
1246.2115161373313
1247.5773679769538
1009.0307986341475
1002.4545289125908
1047.7696323042474
1050.34783405633
1419.9530275351315
1411.941730406586
1265.9960531145753
588.5858621768468
473.5858621768469
470.5858621768469
398.56352962560726
435.2996526431606
919.0914989194894
0.0
0.0
0.0
0.0
0.0
0.0
0.0
26.816678025310303
26.20592141428242
1030.1037112681113
1027.9611878738567
552.6721291685631
671.6000992438898
686.6924884195514
740.457262213701
850.7056923400526
853.8256205870618
917.7121898802001
995.2284353109518
1005.853675563569
966.2217424903536
920.811603456266
900.2669788693811
1130.281137263512
1332.8830237683835
1388.0787882515556
1325.510389253196
1289.7106985325552
1339.065727480052
1435.733881649701
1394.2689877009564
1192.9683761137608
1272.7398568315173
1320.823491656062
1181.7168901618058
1102.6164485509835
1180.730502281791
1147.226305820891
1136.9918227645494
1113.3037514410867
1113.085633627204
1440.882372984142
893.2630958350912
815.0844585379962
735.8817050118887
667.7466521344409
600.6930196803341
683.8235332983475
834.3800372058926
921.2581106531773
976.0378655592008
971.5694484806413
1037.7786120471849
1066.9063877228284
892.0998487822854
897.8899191235057
856.8899191235057
890.5374051493781
1062.8839367847427
1133.0843276773116
1087.2287538639785
757.857693740608
275.4614425170525
1209.6699119192056
1109.7379784021884
1391.72676690622
1526.7219982781912
1464.7219982781912
1434.752468089398
1569.761870390892
1586.801379170039
1433.5256060618137
1561.4866881851895
1588.5186226599483
1613.4348364627922
1869.571154734959
1727.8536755635691
1695.1618297650298
1660.7680065569896
1526.5642869264448
1606.9429261381222
1836.9429261381222
1989.3993464568673
2045.1546342057231
2104.150494609094
2120.2588677133854
1894.2583193303826
1887.172442057426
1831.2898507640298
1737.2898507640298
1805.2898507640298
1844.8924014008985
2157.9357788912666
2158.7075180719003
1910.351372205947
1984.3532946952357
1739.7917056395934
1639.1352872763941
1658.7372875355977
1668.7969204351018
1311.493503994419
1480.179890585659
1667.2342258187625
1590.7434272962462
1653.7434272962462
1853.2917172241673
1671.1915849782474
1735.752631201992
1800.1074487745864
1757.2487201818456
1766.3237945093576
1699.8962722842207
1483.0375393014106
1388.3944076485693
1285.249258410469
1201.3744920145493
1111.7339272935208
1181.6509914839678
1475.713878324927
1455.4426552211694
1466.6249767779634
1514.0138439946625
1446.0035921924273
1192.2183982445097
1189.1814973914825
552.0180311788471
394.49424681972357
335.4442196938069
0.0
0.0
0.0
0.0
0.0
0.0
0.0
0.0
0.0
0.0
0.0
0.0
0.0
0.0
0.0
0.0
0.0
0.0
0.0
0.0
0.0
0.0
0.0
0.0
0.0
81.06916060195331
241.43965847984708
325.9964321743774
333.79560925350637
533.758206140345
546.3373241145867
738.3854337007853
1281.2082582005369
1282.1949836693282
1707.1860350637523
1762.0553887508659
1858.0534609108456
1868.9558442669227
1883.9805881502932
1882.949225925345
1862.1360360690187
1862.316249622879
1862.438772711721
1173.3272800670698
1123.6210165360642
1194.6995378290378
1132.5846003878723
1149.6146551735567
785.624384368537
791.4990907820657
473.9749026674447
1566.8318629938133
1160.91092186558
1154.8920131486368
891.5698840428851
645.4541510167643
503.0175375984174
492.922840343432
536.922840343432
583.4835653123406
592.1377220054295
616.0731831618186
730.6080701488388
860.6567358186026
953.6567358186026
541.1704212618748
581.1704212618748
576.1704212618748
622.218097193229
510.7889882518397
555.1682194841868
629.203796758755
710.5523881194188
809.6040239358841
848.0966563639835
1084.0784162865534
1325.4806580136676
1484.4025736353851
1557.4586459300338
1676.2581200301076
2009.028609696352
1922.1955882358072
2016.5849813616892
2149.4068255304956
2245.1575792424687
2173.5588838503263
2252.2674699642043
2310.724514665192
2376.1354347995675
2499.32957757721
2429.533677594615
2302.0092697568
2368.373230164517
2189.1660636996744
2038.2525993276709
2017.2525993276709
2006.1754829291149
1955.0307960105995
1860.5550155717265
1889.181849774104
1966.7365733911736
1902.4209068751845
1907.2511312233912
1971.363615805514
1995.5526372913055
1980.3428663319912
1742.1664632784432
0.0
0.0
0.0
0.0
0.0
0.0
0.0
0.0
0.0
1319.6947809119367
1297.7364968739291
1287.7418019261588
0.0
180.66126933807544
83.89234350650028
0.0
37.443729593721955
0.0
460.53545757066155
239.54903435040666
196.17308273935245
146.46394617157802
139.70320552150747
216.2704102293069
183.6651277613543
180.27743414599377
256.00807690670007
325.01663131815855
258.9580593356539
144.34165980681578
65.7275702473793
0.0
0.0
0.0
0.0
0.0
0.0
0.0
0.0


