Rainfall Prediction

509.98214198870517
488.71564674724516
509.57970735341377
424.55597284814166
387.5961312964775
405.5340687940166
411.08026015606305
399.8608440761558
399.3063456344637
376.1730594527366
397.7501908782897
367.07276038555887
357.6774476275274
377.0608645065552
368.49667844726406
369.3036395333786
386.10862852485496
399.1385528887787
286.82857440414205
297.4044749007217
362.32740255385687
364.0726142206961
110.99999999999999
82.82639607824362
82.27808888404434
116.0
107.0
107.0
107.0
78.21112534283426
123.06376644322378
121.73890588456294
182.18937229737696
180.95467905217967
167.96537177965428
126.0
75.16174331947214
91.15088374549582
74.39258445394437
99.0876126814728
61.31776423873422
49.94761004390691
176.09922173969693
196.39372105511862
182.14272899428042
209.55840713553275
230.95198898096055
249.81162473863705
310.88238200418687
350.7803084830572
359.3994535456567
275.4399616775439
267.941445695227
293.98867415515707
314.41015448802347
438.2852977522053
497.3451795754379
517.1063466286712
536.5509373570566
629.1088712128065
76.73763400180414
144.1882673650028
144.32104467022793
191.58029300365837
197.52468794515835
191.9217391894186
350.2088468451833
339.68216973167563
351.55228487403224
332.1796955855489
347.53891055904234
369.8737458159247
371.8344815287161
120.27276306122869
349.3847541116093
371.32169410380794
351.8495910034065
420.64677456327564
426.77680377039275
197.43106163491814
194.06204897934643
203.09509926008195
200.2126204314598
239.44345478632036
44.486387789944175
282.9262790495884
141.40636409357444
146.05526947192305
64.25556238294155
59.96445589326976
148.24302967219472
118.39922120273563
99.8376241044338
72.54316770519904
210.648796657658
273.69276575636485
62.860132389365624
123.08400075657363
123.08400075657363
167.222202259901
194.1225333893595
219.96293634653466
134.88691040364228
200.2593538465635
127.9528944484808
134.74524481823028
156.8602311528799
156.1294488974017
151.1469192295957
249.7071133423166
79.1069386451104
58.58721675304753
147.9439239621021
45.60681675916808
83.43019491002346
48.08395225710223
97.53345933173397
61.120184407270976
54.86038982004692
71.0
74.9729185913075
143.2974655857893
66.94402898550624
247.82959368988244
114.3455636907725
114.11938698217891
52.739849933254916
55.264316125269275
178.6901209668609
240.77125430419207
101.60898762952971
166.25708476806403
122.99999999999999
147.38269590663037
65.91517483220574
182.5722660385405
373.9415873791372
136.92143221231012
519.9196974721451
466.9112737472293
457.7140482522519
328.84252965671226
127.18248900371351
132.03129994749108
100.50406084021091
583.3109157611241
421.61003926953447
404.279590594147
404.97512442987164
397.5781934446406
397.86648079596273
389.4631702314926
375.0581200384323
525.978119506149
523.4340178156837
569.6024825088145
625.3186046774952
685.8726005813667
705.3598466113424
612.3362012233619
588.8934273466264
469.0030393486544
428.43255465042176
420.56978630998736
408.98801818686286
425.7168864016041
413.61714812195237
422.99414169372153
419.68518102589513
408.25686083728783
429.0642584389699
431.8362118815983
341.0707646215114
394.9887589012418
401.0179187266827
444.5559764196425
171.2937292439743
121.78432657686754
147.1515958176595
127.31169885517801
124.55515147512854
100.55515147512854
97.17935662402834
84.0
241.7757573756427
52.13842290128616
351.44564135643634
266.9946789691428
418.9371618427263
384.0265547817597
353.86348113981995
296.2447246102535
317.730791835948
326.70839629071685
325.79647281475064
329.23600604527036
326.28594265395526
321.4268062030322
309.26362896706314
320.33563820381636
322.7921856987462
179.21591462453284
348.8515148489645
307.2915292981919
263.70874017646804
278.5528216561434
282.62157455067984
272.5357596016912
202.52252979069803
174.08370068619118
211.7248064979485
197.75569423215487
214.9356252225005
113.34280150224242
164.91856474405162
105.0
42.871219298127365
45.130998256514516
104.5798052656064
129.01848679565563
65.4093530655884
75.8488423587608
231.3672794693593
401.4447026837758
308.81378557347574
321.46162285273704
317.9281747679194
91.56875523677866
64.19030425500122
105.06207728641196
90.5826487935783
387.7373560309606
366.4998162172595
214.48850020247423
125.58688876853262
83.81973420065327
155.76257583611425
154.07492981902777
792.4097095715954
817.2111369698287
817.2111369698287
785.2612999802807
778.8223012459384
747.8800873659011
728.8831882415686
718.7692015509922
731.4112227883171
731.0371551521708
669.9089118699854
590.1084936591873
410.97602835189144
419.9426462610207
372.43810043075575
405.4324121767527
389.9606789334131
433.75073116065715
461.48368672643494
529.9549012699281
376.19215551293536
364.6122201312181
335.8872110427526
371.7022829803063
370.0968104352655
373.1709557098852
378.2563331846771
159.54833662386955
205.67742762311403
178.59787694041555
202.39401374163575
126.94127789076802
153.09194778117578
213.32490356955648
269.7811787256218
594.0488879912658
601.4100185435867
600.3238670494919
591.1230278346891
585.3166285814974
616.3791483393186
658.9742610790203
679.9667811784414
695.9667811784414
695.9667811784414
704.9667811784414
706.2543213987832
709.0871180012841
669.8708156477661
647.832897370782
533.8155498093021
558.6749645459922
525.8846937474731
527.5755954074667
541.1558704497804
543.7135969789657
543.7135969789657
548.9385977077861
231.61791165171
224.65447128938408
206.02280282610957
221.8057770686552
305.3125757141263
344.16009610387664
411.77635392067816
414.3566300559398
204.33989162225103
357.00729805372964
382.6037313269143
312.16774232366447
282.6737130352116
196.38219045390775
117.2325834426653
93.0
103.30723766984268
82.30723766984268
815.7703755832342
804.8131964419043
798.6831861880803
791.9679297073583
775.3881363740772
776.1162302148141
782.2836115409475
788.0275384902343
789.3713623603666
755.8012712095231
755.8012712095231
764.8012712095231
764.8012712095231
765.289128365053
765.289128365053
765.289128365053
769.7965505551887
697.6838566081625
598.2526808646579
555.8336925914818
548.2693868303318
379.92200442884337
188.8435559363013
169.19233629895191
126.74865574207607
94.40408205773458
88.40408205773458
91.38675227416385
51.484624516490555
51.82450611386555
53.58476977172883
128.53558718598052
292.68626468216877
451.0551115908604
587.2332893320513
686.142428306664
133.05892565390258
146.90147281284408
285.18186919081563
510.9242719639086
108.89831280262563
185.04412992771148
119.0185381448228
108.9814618551772
156.9814618551772
350.85316946127324
360.96913836304367
360.96913836304367
324.96913836304367
410.5132041362897
416.53404651972613
408.2852370229127


