Rainfall Prediction

6.457510183373503
6.471340232507851
6.433900868450641
6.434193832444455
6.3314785508759455
6.322979064904633
6.26268891944904
6.344574332913178
6.329494589244281
6.330975962866402
6.3377259851237095
6.3379560955284715
6.326263398316891
6.360321766798826
6.340082566188607
6.34660987216857
6.379603493282446
6.3585829432235785
6.312686126368944
6.283546384782221
6.274981865828384
6.270932556804762
6.289827303850545
6.275275130789778
6.297064634346991
6.344594930993109
6.361714276779407
6.353873252378148
6.3574944449655675
6.365994260519334
6.362401319121673
6.359682520304864
6.237887601954846
6.213742769715291
6.2174562182947355
6.246138981544078
6.136785693195038
6.17981564829484
6.180650611316684
6.176953891237559
6.195374431976421
6.270465563647356
6.357725937818469
6.397981191817499
6.404227606982376
6.428725886176524
6.444875579483692
6.441491736041947
6.4568480896278615
6.459422017804677
6.460576564806049
6.459884050485091
6.447304973976048
6.439380343982056
6.442538577585624
6.436063228080322
6.40976011755738
6.412391634388667
6.437657981091525
6.435318845674088
6.436211695692912
6.462391952561746
6.447386664039185
6.447697766886388
6.4334396685948105
6.408237553238875
6.310326728064382
6.292609244394841
6.239343208220084
6.349943363955367
6.355877650786414
6.3621408594588615
6.366732973279088
6.341010907495458
6.338112688104057
6.308130046258202
6.293069428714661
6.288037888152648
6.289337861971319
6.268591301119015
6.268190109695214
6.289708127183407
6.320951461239149
6.354596320790067
6.393726707750535
6.3925189804089415
6.420009855178194
6.48640133751237
6.500147408027506
6.489057238151228
6.494161067015779
6.499403104974909
6.473300522983476
6.469208579440031
6.466697939286191
6.403645210715745
6.384209368068226
6.3156461203940015
6.314335578044534
6.335074578868779
6.338374940014613
6.348953251402034
6.360878765287942
6.4013214563780805
6.484534567973118
6.527068209369058
6.537240296737227
6.542593569836159
6.539377785976998
6.542415863451532
6.553255696725677
6.559329933443845
6.542935131655671
6.508010398581562
6.48770051542541
6.483545484684576
6.485780191875624
6.486652864994353
6.454892345025011
6.458804535404432
6.456506820889447
6.471296617332893
6.467382107170756
6.492924242910841
6.5178186148622554
6.519084085376612
6.541879520998891
6.542851231022454
6.539718991239895
6.544768084345643
6.539897158916185
6.578587230464004
6.586642563453487
6.570937918393261
6.566594546324841
6.501072629806983
6.41111391902071
6.3746061087487345
6.36878786037255
6.363998402384658
6.349870204117927
6.35360551512617
6.324157715838304
6.3305446203394435
6.335835802938941
6.365965143115378
6.3697316570613935
6.372442919756901
6.3227370199216235
6.324801905915252
6.3102552418510545
6.329304410101031
6.310411230630932
6.273109219140601
6.256426697510284
6.257241429380852
6.265189096306787
6.226532358908189
6.205287717709974
6.146311072502772
6.149470361198399
6.1683246409271
6.14402212655605
6.152792866592322
6.183380760224579
6.225957966150402
6.301330166313869
6.329576743017375
6.339312078514181
6.350644526883146
6.354644904911675
6.35864440924777
6.339304455612513
6.357939502405682
6.4012079530286385
6.42190746353798
6.369889596792802
6.353004256441405
6.354317241081734
6.361308826441152
6.355462237164262
6.335920076391553
6.280307674383617
6.282629138135688
6.349118971819521
6.341460996832615
6.340657701738127
6.421827781835304
6.462083704526983
6.466388413525853
6.455334226506575
6.45973121224528
6.461304196917063
6.459282383160337
6.486539930200469
6.502514522157958
6.492628694237931
6.433811055357076
6.379309164763425
6.3453794420170295
6.343128579762796
6.3507090284900665
6.351014386295129
6.357501614294035
6.326079301570835
6.303501157783938
6.278303659354812
6.289046512348448
6.267962763664152
6.26387556242991
6.22290167134834
6.225520666972704
6.228624821533705
6.26571083919864
6.264658938658804
6.225214795387767
6.223161100644367
6.210347163328878
6.163182067434882
6.129414440066611
6.179060146474198
6.197575078627617
6.199714340579569
6.2176352542085365
6.209990242033611
6.294868795600844
6.3611220566916495
6.358696924519695
6.344844613033118
6.32149779471057
6.319805522713634
6.333660887751575
6.323541470634204
6.326051710852056
6.309290661205651
6.324066563741385
6.335830200817213
6.328088075358811
6.280332368872145
6.264313848319332
6.2760554772644825
6.278358531286477
6.264224520727728
6.259423687620155
6.193986786318783
6.18052414676138
6.241027963856226
6.258195964070105
6.263418234070273
6.349085011981047
6.407124915558387
6.415015506565974
6.397890357877836
6.394683656911414
6.3870144345832465
6.384451508818108
6.380845327392748
6.3416593689531044
6.348979302549933
6.355233015756151
6.358554134767187
6.347914323778806
6.330123985214726
6.327268872349376
6.306272883546925
6.335780523213338
6.344637386861741
6.338686921396125
6.333449323082401
6.3203908320853195
6.2986962550095145
6.281873284194296
6.25355353143831
6.2527760913218815
6.215592442733968
6.199203002829803
6.146950106757634
6.099110812209074
6.051772037026838
6.12564730465919
6.107415621822653
6.097291780602419
6.144935300710079
6.156480410793557
6.194245652474983
6.183704089932746
6.228805389782115
6.323034927815661
6.458335642215142
6.448601121315648
6.448121902707424
6.443646355373583
6.441549854517873
6.494467473512986
6.518676402262554
6.5352465710226895
6.519020753722472
6.538304388272998
6.548320777993781
6.560093036816748
6.568119891426505
6.6164286137682025
6.646179057052012
6.653708684478064
6.681130348476587
6.687161280783185
6.692109091841191
6.69469094551932
6.7012752712834605
6.702003801300449
6.684416970075891
6.6766387286359965
6.662086579451073
6.65941245040772
6.673649011101841
6.676220376359108
6.677154900247197
6.659678454030473
6.610621620524789
6.525025296142652
6.558094181174717
6.560655853160972
6.565891348436937
6.574289576125232
6.546987519396817
6.546115905784976
6.5323685351429335
6.55472146557726
6.544398894539818
6.54898551400702
6.542344039942596
6.5374806250258946
6.4880415826568205
6.446310357120594
6.428341675736342
6.3401196656944885
6.324392693903425
6.324820807593004
6.329875683640915
6.315586040430126
6.305076101327274
6.311284187386142
6.311284187386142
6.323687038950298
6.369394468452515
6.3452933595580285
6.396020190100597
6.3894565993273815
6.400797993810119
6.433088551771165
6.482979372291868
6.4850804919791685
6.5094412575832905
6.505129305444985
6.496745171105813
6.533028240297696
6.530442175124809
6.520866505766152
6.504949516153684
6.513554935494751
6.498963987297623
6.51134938845428
6.51409382733589
6.53284205758635
6.542185773616054
6.5402351861054475
6.572402882670112
6.576562373118684
6.566552381140231
6.542026849448705
6.546967387824881
6.594133170542006
6.604601862361942
6.6074167494902865
6.614530190381769
6.644049196873324
6.688929467052194
6.69652890459825
6.69280925443762
6.700115609993385
6.689162741776022
6.67313757229557
6.660768104187093
6.644476161357449
6.642928783612869
6.6455628413967505
6.631556245871013
6.637943848518467
6.63551493992092
6.6288340147005025
6.63057777050339
6.626855365759215
6.613710391194894
6.619837005648851
6.601647070900655
6.56873385701538
6.569264291838428
6.489494555666308
6.461570328824052
6.462915338168741
6.460710479247604
6.475118786246414
6.378064755677259
6.360924630200878
6.373457395072912
6.388348664883351
6.396101620110598
6.353720972650361
6.3550031991469735
6.354957599894514
6.3147896059936075
6.3275987142506755
6.350410946048893
6.380350018241292
6.367096630769846
6.370332201031948
6.373020865419055
6.378531888832995
6.333523708583005
6.33706568121355
6.3209063384794595
6.316024143778575
6.317491808759349
6.327793458308545
6.3127677879752015
6.288325272889279
6.278324776283337
6.277107966716533
6.26109992543167
6.261321115288312
6.262875934794813
6.2924421579046745
6.279653104768764
6.3034216989808
6.339496967612701
6.363227268191074
6.367362444558084
6.42179464901335
6.4084632594123185
6.430364982101865
6.466954604009969
6.481647899385972
6.474996580348876
6.475784679354083
6.4562361858499235
6.480072089966646
6.515083620908569
6.5578594962505035
6.542445319089947
6.572143937053814
6.577191784260961
6.568511863706645
6.560378435272089
6.5440821804750025
6.515854301971065
6.516554477811482
6.550792724791575
6.55425223113287
6.563299683705596
6.595394387704231
6.60920052838459
6.614613614565137
6.612250758331901
6.61413558169276
6.528006881672231
6.512129675426972
6.531318444244827
6.543471070546655
6.504000936465917
6.504178001932087
6.495780819781905
6.465922559885274
6.433328284560798
6.396111327440813
6.416387128229961
6.419224850437709
6.405604680014999
6.384542427653882
6.342712931240175
6.328357937932504
6.239241729750316
6.226715484084613
6.202161181351321
6.2041150349150085
6.201365381175355
6.195916087742381
6.204797354276272
6.215524131655914
6.223623640914558
6.2029825387802555
6.195116594055303
6.191393158350094
6.224140770179635
6.260913279292445
6.2696250799045705
6.250732239285292
6.288177358044539
6.380886196375709
6.42772118996367
6.470926653397916
6.479178473758539
6.483049352519983
6.501336174981463
6.4886905395934855
6.488014705113153
6.503484343184761
6.502175667886436
6.502951168856261
6.524046254137888
6.559546323625226
6.566065911872943
6.609202687192358
6.621452211230393
6.646117954840652
6.633418890760135
6.619920656854023
6.584931336713219
6.604063728422775
6.60944502689264
6.6286834322987644
6.656488546650737
6.6549371809233655
6.629204097071689
6.581634170128963
6.575656519312025
6.593708201028903
6.587341286343149
6.588024096517416
6.569589519831262
6.539772730620087
6.555606547035106
6.555170867761187
6.584374551618571
6.581493519864474
6.583990342546453
6.591754740000661
6.606581673280768
6.620807036648448
6.634503870746213
6.627158589036976
6.6016953114773065
6.598866946836903
6.5591213282248475
6.540725322045996
6.492758924953461
6.502471974791466
6.500652191578458
6.501261831259385
6.5002424072906635
6.495796677328219
6.48267097222236
6.472386649705419
6.487466789549788
6.497007644570006
6.498069681905111
6.495314332512392
6.492223754337527
6.475652655658662
6.479551662801699
6.490869541414679
6.5384156229790396
6.535145811145078
6.537439215992053
6.525096281388613
6.513646383665295
6.518827426860146
6.517097658244025
6.503305806216418
6.4863154203204045
6.479984623657657
6.4779141139562615
6.474726973516536
6.4846555671312665
6.497113748633689
6.498950967994851
6.504910862145295
6.502070235049198
6.482029827857934
6.435122756276437
6.428987070991008
6.400823097727954
6.4035493672015
6.4210401230421175
6.399465193746824
6.38209675205087
6.338114839510717
6.348203002206967
6.351160999575778
6.294870711092801
6.286685711900498
6.246351421569242
6.221780350662598
6.25046845399519
6.243082491811255
6.241080857727372
6.241731642229969
6.259419314028368
6.273857266777461
6.337394792588987
6.367286944401999
6.370553009406445
6.39973238351229
6.408934515751427
6.4012449198582715
6.401803340533798
6.377142272638861
6.372560094660282
6.320851990196899
6.30819909639724
6.310296801769114
6.317796064265969
6.413092835470129
6.418961121288191
6.433576555094584
6.449665671725987
6.4519108817172
6.471432256502172
6.451196739719313
6.471811519996172
6.513552149273354
6.521446098973263
6.5576931529440525
6.566803530436875
6.577497371642677
6.590747307608602
6.5859937659580154
6.58532741460671
6.575181497826758
6.569498210366602
6.541299946911882
6.52676840203384
6.529498312345575
6.491331087127844
6.486844190451283
6.4933867638736835
6.474531985503432
6.481048224933507
6.481905756485033
6.4806227310724
6.482911753015355
6.479182720265554
6.461657221943832
6.353749182199954
6.3509323935920445
6.155182951761611
6.050576118733139
6.173695046805212
6.245395150224226
6.262431667710333
6.2525360704660375
6.174631279885024
6.1589196450116015
6.12955693094045
6.124732306852599
6.12318141194227
6.109012256291579
6.106985417918419
6.107379113604031
6.143444706229248
6.146542661244361
6.170773597865716
6.189605018172533
6.175927619558328
6.287008270418779
6.283222734174477
6.273252278064673
6.27791372429311
6.280768113982735
6.278625157619809
6.320069688723826
6.377566333862506
6.41341018937848
6.410387849125742
6.428089069202841
6.365832179659834
6.340483328637457
6.3327100291325005
6.341261418433866
6.307608395418559
6.30068346485746
6.335459550983351
6.338231069098967
6.332934645824995
6.30951364702087
6.322786063015607
6.316681810185268
6.316681810185268
6.331309530428912
6.331746576751097
6.34170068751051
6.32375107215015
6.311610102504106
6.287386771842798
6.287819762602638
6.2505763386715625
6.2478018566601214
6.245807698900713
6.223871763720202
6.244436351653766
6.288354333423712
6.292106407754887
6.278863511951445
6.2653869039274666
6.340329890017266
6.289024913923888
6.270256946818267
6.062966632343014
6.006376336234122
6.126786807370453
6.241905691841419
6.250811887508212
6.266453935304553
6.230727360209947
6.222993434560615
6.220823677781972
6.244880680962875
6.249191736024829
6.250107721457402
6.265742291271862
6.292493430423985
6.276041666120964
6.286302988244925
6.2859006969788735
6.284003860762609
6.281778598941647
6.390712021621365
6.387748540795957
6.388063798728231
6.388764337033355
6.398470508865372
6.38998443882279
6.43213047615285
6.49639707448955
6.535781141020164
6.46456758094825
6.447112388918518
6.457138531257833
6.425894919294984
6.401696198275304
6.4106926489782365
6.389782551260717
6.382401887617178
6.379030916763772
6.386970761852593
6.383091484458319
6.380845404653556
6.33843664397374
6.333266202856541
6.332328971960854
6.290366353528557
6.2417803014771405
6.248196431366967
6.197098162773888
6.2461770529314915
6.289734410177891
6.328900670458487
6.2911002181637246
6.304870676822633
6.329967629442263
6.329539706953883
6.349401612100105
6.3709699596327845
6.382982277910046
6.377842158959348
6.367305422175523
6.360333469893911
6.330968624870051
6.293070381738868
6.293853586258594
6.322314711790671
6.3219339935597345
6.34459141229973
6.362740135768228
6.355247630478518
6.35931770318818
6.359879774859236
6.366903852628538
6.4174449056809895
6.417114624113499
6.44751288000896
6.45947132880794
6.471402045234265
6.437231489283157
6.4486466785388465
6.457969025551115
6.452019542630074
6.467251328526785
6.476477406998203
6.458080977281718
6.459227302813568
6.4702131647479275
6.488740456948454
6.475094449200154
6.456940578039908
6.440188094265864
6.419233756129428
6.433844622364564
6.464034672584898
6.4688873694890745
6.4721514206854085
6.457764982345415
6.461684279097745
6.447670922457976
6.4273285988591775
6.415322907877286
6.435965704269335
6.4219534641838365
6.426921700068517
6.3899608321635295
6.385179907671787
6.388387009676103
6.374439008271235
6.348669251307526
6.2962117165463125
6.260460421147948
6.2747726395403065
6.319523430220327
6.3429683556098935
6.305056437224361
6.360750531487127
6.402581167212683
6.436143833350882
6.464512177907089
6.49918112754498
6.522976546015165
6.535475789065338
6.536845895505235
6.523583399925142
6.505185606714108
6.509194736202846
6.508252174248731
6.529681660961373
6.537576540060166
6.562448619021543
6.582436815263515
6.576706704809418
6.558772082572091
6.5554977099855165
6.554085285884441
6.551741862767329
6.551762730115061
6.568679251186242
6.580146986908567
6.583033143479803
6.58523478463434
6.639873423607575
6.669294372432365
6.665098052015533
6.6760406342834315
6.670763822573083
6.661578346911897
6.656329427969134
6.644492421057597
6.61757727574103
6.596889601904308
6.571079604774672
6.571438889249508
6.572872943568621
6.598074893759617
6.6088375406861175
6.599040952235179
6.6051716275969286
6.58495628016256
6.5782812002468605
6.566703689373323
6.54942067896877
6.549362893915598
6.557423817333324
6.5645056724580195
6.574712244124265
6.577038100971751
6.595177268662919
6.581904263848455
6.5676449779732025
6.565798932362137
6.5562438080321375
6.519884563331858
6.444030446695173
6.441532735443388
6.420419446095739
6.415136955350261
6.4686137491408155
6.45948226657255
6.465923859677747
6.510523698880449
6.5298838900877145
6.5347995870075986
6.540629770173967
6.5478927472485635
6.5356813486600585
6.521039651361407
6.511275544764975
6.490294527701881
6.479684647729685
6.471152900479686
6.473375749205768
6.468711987696851
6.476693893617235
6.472146184720747
6.488811748643017
6.475881599745069
6.470152380890971
6.449528609797452
6.5222010800322465
6.497227361692447
6.487819656218012
6.489608671611477
6.551266974298506
6.555328755914762
6.561133949203194
6.5860029058384715
6.597668139209106
6.598859605473005
6.622531460667568
6.597557363846322
6.577538672032258
6.458367187828902
6.411861877094725
6.452071056830325
6.492942856721601
6.494084470945696
6.487904788590313
6.465378382040716
6.466798063834542
6.465654509495297
6.466216634505362
6.466308575483034
6.468505524186771
6.468030925226508
6.464656338267375
6.447710217984137
6.474515161928805
6.475931948067728
6.4967592891122
6.471219255252176
6.517014932888817
6.518680744755983
6.518662539262555
6.501777074114541
6.502583558711944
6.493121873524663
6.492917947309222
6.5204978242093095
6.537567990458996
6.501351603756578
6.476159986177095
6.46371637329657
6.4626993981929886
6.471887732049183
6.492275152072108
6.4898510848669675
6.483584748540244
6.509612649156869
6.518823463961416
6.519540295483013
6.51690801282045
6.515926484611615
6.510445924634167
6.5219183188870735
6.531686983752219
6.550574710204587
6.600179236384254
6.556546792490081
6.540770300342662
6.509904799194522
6.497422033056634
6.482895174451113
6.486037779514973
6.494573524551391
6.47879266856633
6.461537240763488
6.471508577608762
6.47053290061111
6.456685170080113
6.443257652343861
6.454043064268057
6.4598884267312355
6.460633987264779
6.467160584045506
6.4681955836304885
6.447098038940467
6.431220585837118
6.434113221179271
6.429258995797151
6.421533516490738
6.4281524934415355
6.44145900197652
6.464750879665555
6.482064835819624
6.445947049067719
6.433200480137379
6.417036963030012
6.380366210305454
6.397186086004742
6.3977836069920775
6.4113973752071
6.464980949666027
6.4740885787481
6.464555454126893
6.453060955149052
6.4563960540430925
6.456552149092251
6.441711419450622
6.427431974226467
6.422002934141258
6.417338905569755
6.412680465890982
6.40700430885324
6.395494386445001
6.378430240481732
6.371270771425228
6.366505101989903
6.337468232357773
6.334305525296378
6.314827186737969
6.318186417291441
6.300371185978977
6.289759878709135
6.2447781429803655
6.251093624055955
6.239175269074461
6.241912266536624
6.22460664948524
6.15059337997535
6.097350055235668
6.104298096633847
6.165931352897137
6.093098947321291
6.066349147749116
6.060528799297836
6.136564121947811
6.187813946987957
6.213999270610652
6.252251762387886
6.273458388325421
6.299692211593063
6.31973336746547
6.3111550621876455
6.3139214814193085
6.320878696050297
6.328761368771706
6.334986385897608
6.37888238654605
6.40964166754121
6.417088372527877
6.41677512628329
6.414745802644421
6.414560081332534
6.41652097649739
6.428760991264604
6.416175855995188
6.419423185165762
6.408450913747779
6.398312289592201
6.379792445079309
6.3733203589256915
6.3725484614657795
6.371993812407023
6.391302791612361
6.405860431587928
6.406149629246153
6.3690594617236
6.350481950428057
6.33132299752774
6.312850778892884
6.292013256495051
6.241573620911108
6.176223452580086
6.17639308742041
6.171618572461471
6.095686129963672
6.090820607161141
6.081381471558431
5.800813520242965
5.79999779604583
5.784666959908525
6.147427900630517
6.259122393689765
6.307584681391104
6.332974184807373
6.315683079906889
6.356309596802686
6.362590132839317
6.356953740361941
6.351243362707909
6.2967236806460525
6.304525965608544
6.290648848291859
6.326631466294638
6.314592936318179
6.317921975298547
6.3481108199387855
6.407892228260372
6.4578002648142085
6.463933511565939
6.462484831584402
6.461667914880678
6.4686672072434295
6.466002740186886
6.474351788585833
6.448197849579524
6.438995606495697
6.424372868622311
6.425740268417675
6.456853897420874
6.455908209873916
6.45858980139743
6.45161057085651
6.432202440072395
6.419163444735134
6.399112255868272
6.3889500178107435
6.36300554438905
6.348207965114824
6.34554386357833
6.291666403954868
6.2845467486912465
6.280638052273717
6.320280709128336
6.364615042658455
6.436279373518976
6.440576152502755
6.435523838704591
6.4324823903554025
6.4096577441088165
6.422811314579696
6.431883189265714
6.432132855983832
6.445062762757756
6.449369335748358
6.381420749875376
6.398676673320885
6.375654929880721
6.390791700993805
6.388524186272021
6.395327449749005
6.429481849398864
6.433962776931966
6.445727079891124
6.454722173855127
6.461238667242074
6.493462185614177
6.529994388346198
6.543834243464058
6.566440141272706
6.561331984701104
6.566934619039497
6.571214119854835
6.55358634298633
6.5407935347140125
6.520440687631829
6.4842729361601865
6.498001966922005
6.512793001100288
6.503774545533675
6.486675075875265
6.47438208164279
6.474100013369447
6.473010029983612
6.457017186160675
6.456559062133557
6.450177235991197
6.446124008114328
6.450037028836221
6.449760073940466
6.448640694421376
6.431601608575964
6.400420236626389
6.392927405467666
6.383211652840562
6.374272907825326
6.37760302719632
6.332986154965094
6.276599377462512
6.232972229625369
6.162935107959536
6.164405388401602
6.293611429151424
6.33283443142576
6.377571449400761
6.4390105399686455
6.447299966350728
6.444942599110257
6.402560124040268
6.343022066685341
6.29458307533289
6.253326795937779
6.2310748957818625
6.254102423290895
6.257892564866763
6.250574315961414
6.247243885942449
6.187501902761171
6.174638600358715
6.154622326314204
6.156156315690463
6.171713386281601
6.184548404486294
6.177961558071431
6.183817383533392
6.217994779476144
6.224166651232147
6.2133154411972695
6.245049942276115
6.279102219640225
6.291354096201556
6.312299476876892
6.301800766869421
6.273798911935349
6.252657160047232
6.2177277376971185
6.012729533892316
5.931251969182098
5.927278733406983
5.989784414329133
5.992396531792536
5.990414886957389
5.969458282857258
5.943008723947562
5.920892481772734
5.9195390431078305
6.021664373665927
6.023322739261467
5.979046063226557
5.991914657173234
6.0001836770613
5.991699013064197
5.994853698208467
5.974210235378474
5.985960615781323
5.988133156995251
6.112190099496589
6.119577137433455
6.125744011462911
6.0784751428462656
6.028027782397212
5.990377256126023
5.963199442301528
5.959665311610628
6.127144225676746
6.17628800239792
6.208170500665685
6.269931630660764
6.2745262056403
6.280870444588963
6.279004401608028
6.2788161214774
6.278832345683429
6.351124149863023
6.3872296417043355
6.4029766309831295
6.4067257939689455
6.391573306293853
6.416382167799449
6.419955354275995
6.417701372742045
6.41075103394802
6.410742559501149
6.41063794336264
6.415492156086083
6.414987880690026
6.416132698740698
6.3680584511417315
6.356948273384197
6.349169105677129
6.350353366029635
6.329053247266665
6.324464157973446
6.286117973964471
6.290500324589985
6.1951334443095565
6.171014483547614
6.140764097142016
5.975562063342285
5.899548580798104
5.910317410128035
5.974077978783617
5.98139314728807
5.980949245637534
5.965006893501137
5.9383044487307215
5.926129436755162
5.930398541358984
6.050269922293595
6.032226311497366
6.02589921329744
6.023855611162897
6.024326351584703
6.016095039671763
6.023477288170206
6.008634797971013
6.033256354661979
6.032472976744647
6.168030137794592
6.159497602313996
6.133587158944003
6.131619202168297
6.150033248800809
6.171749626695104
6.155052990104474
6.10924949046034
6.123511218800778
6.152228666548183
6.159101625393644
6.043601857401013
6.039476989406647
6.046372139489468
5.982768587981871
5.929177732697676
5.9384541593066045
6.132710544107307
6.149674748192273
6.09880533316601
6.084112284970918
6.090833867860548
6.129773712137963
6.1113281531891275
6.108798027805428
6.1071783017293475
6.105926802390649
6.10271503752199
6.146481183058068
6.135409414421195
6.176912471798892
6.17689155446623
6.249469604873169
6.287426790414505
6.310782002877872
6.302615973631016
6.30273373998304
6.301844090281827
6.317052562227721
6.24345184828764
6.241021307490326
6.256723581559954
6.2940438676447625
6.27814799819701
6.2829455225387285
6.331027012370945
6.339261926358787
6.360345464236065
6.3504959560573235
6.346842403032311
6.355812318741584
6.3637397446227695
6.361391451950763
6.369934889114783
6.36556272542469
6.369716018122993
6.372789872306631
6.373318015884208
6.380785205701076
6.379501408481474
6.37877011630674
6.3710839889165785
6.357937553657813
6.328276913930042
6.300648847620787
6.276647530156935
6.304751791981176
6.315442517193375
6.2352532005831796
6.185341565372036
6.162384395907957
6.153831190782546
6.133099055661735
6.029016733717548
6.025850296710046
6.052507560831765
5.960452551470311
5.927819330120051
5.932648701162212
6.12767732580952
6.17630635911016
6.202513724987582
6.200188257369703
6.196564834673068
6.203630261810828
6.21094771595725
6.208259261257107
6.204588876930369
6.203809126652525
6.194824745468667
6.186285267356936
6.189427168128914
6.181038283337931
6.200918757612233
6.26816411553708
6.307092952502251
6.326969886050468
6.287626605134433
6.219563753471507
6.234093950818324
6.206986467713741
6.210017126585632
6.249116184707318
6.318728740188714
6.347211029704451
6.348041200178393
6.3441794970112495
6.336778081640964
6.3287211450999195
6.274734419988294
6.269714197974362
6.222734749656707
6.140024520705358
6.159066545461386
6.160109156525043
6.1587728438686415
6.122909890772055
6.259914300805355
6.2850913161992255
6.337697135719173
6.374923314871567
6.393575625669732
6.399569996600721
6.406660232986316
6.404971851510131
6.392212138172549
6.3829694062566205
6.397673486200612
6.4396914191190655
6.441198474237762
6.429857864445924
6.440543984380081
6.441425139833588
6.433769969507617
6.393076559853608
6.347131313825398
6.353093645113565
6.363982747035717
6.356491500169011
6.357520384055816
6.309246423670018
6.3055450484300115
6.329881993477719
6.364601774565798
6.366601079756724
6.365377184387435
6.378813858739442
6.386506696815067
6.358675538988507
6.3528806994168
6.347640619288777
6.319826003525697
6.285458181190618
6.263302117394315
6.232945606041081
6.221968486683032
6.286239512385145
6.2738548801122755
6.286673893706006
6.283003716459883
6.284338086549055
6.298876956740453
6.305175287370145
6.310624775876552
6.2940789924291884
6.330545473178724
6.317928528505761
6.305645095265188
6.285123430761323
6.4106130079831
6.410120028482209
6.371098487066014
6.371344230383888
6.343418589159314
6.2690446416260714
6.293543039108287
6.295816660505311
6.297865477935989
6.266269615228724
6.389300278254404
6.413712969921218
6.451519455581544
6.476322180734233
6.47614635612702
6.479612953031551
6.486367904993491
6.487357369652845
6.473079159673408
6.4719063118964115
6.480678924780008
6.386152978583535
6.351548127052421
6.341296232177886
6.375357840906815
6.370973281695752
6.379708357640834
6.361728790839798
6.367652227922027
6.366703615058667
6.370744074896403
6.307238365425736
6.293444117523386
6.27148506545237
6.276974475490942
6.28993324699423
6.283239108467017
6.2812908162811185
6.262692753101888
6.213274799603932
6.177951367976729
6.298347085992877
6.309839211516885
6.324322409799016
6.328732153933834
6.342370710516061
6.346290012904218
6.37179247012419
6.383555731000632
6.40431501428257
6.398903836588816
6.37366985069141
6.364519274995244
6.3647262169392
6.363190065989287
6.3611759697781975
6.3611759697781975
6.37394345412679
6.394223946726106
6.428105105631933
6.413437138758255
6.392216531094887
6.502610572745185
6.508804185839284
6.513838506642771
6.506850253350391
6.496999197870602
6.492594551871053
6.485948744485509
6.477561309651063
6.469474906685107
6.455377009781531
6.390076874803464
6.378475231763867
6.35178790172422
6.336562152878141
6.4067802791463615
6.422157172082841
6.44635257193596
6.4287543360250865
6.399178292538137
6.38823442154914
6.38287726317035
6.416533045740876
6.414807985544037
6.412125608625838
6.380535682549304
6.3846495133065995
6.378814554080846
6.354591941747515
6.341074496610224
6.337339847999081
6.344882995310111
6.258836135631547
6.250867506097949
6.235320396954705
6.26376018168721
6.280991885555896
6.294580395219489
6.303628142664356
6.314543045985021
6.314543045985021
6.315819364581134
6.354457867480706
6.346966191993535
6.350730277714652
6.354064192435759
6.308820313261452
6.27184013176491
6.14043240214114
6.168000709222194
6.141629403823513
6.148523258593304
6.157050263854794
6.061662891256367
6.063707833348572
6.075586428488037
6.05759379993714
6.140827024626508
6.157639814729441
6.2520263876822835
6.2408496272302045
6.240928771466857
6.227966058430793
6.212269884607464
6.2064391558343495
6.213401414659073
6.243053879522633
6.237674918612028
6.232944100674066
6.227712287893224
6.219355767780718
6.233204199759459
6.246862510194581
6.285608007411291
6.364954487987508
6.3980844314904886
6.406432028866142
6.404590237674366
6.416480068386557
6.448347492106423
6.403604263966333
6.410780338847187
6.396440858666162
6.40165754849902
6.434850043989176
6.4569839930880955
6.490427456433804
6.480447270046634
6.368437292790062
6.332301114409218
6.32289766052393
6.311927129029996
6.306941914322458
6.3079582860625525
6.395477823590912
6.416190526031012
6.408762478645987
6.40533048229051
6.426175179574053
6.424981438671547
6.424356078514741
6.427393991564255
6.426874207512881
6.420476021634077
6.397802803275443
6.354480218983637
6.325803334001265
6.314431810680131
6.359615045478496
6.337040869539901
6.3256561536684695
6.351143736723032
6.33141796218421
6.315726779653708
6.317099008085015
6.253424988722735
6.227154195682843
6.156993240313999
6.097391933451374
6.102747920055035
6.083703622335723
6.0794438575998635
6.067811641768196
6.0448497393463665
6.030926743977156
6.016640861122195
5.998685268645192
6.001898834057602
6.031620129159526
6.016047827071806
6.016047827071806
6.037845513760989
6.038525464512835
6.047317556143176
6.039802884011378
6.093679058254669
6.130635919856408
6.149489357088414
6.143996969584465
6.03968591809204
6.020730143378135
6.042085634568393
6.0351498565702695
6.026100528707451
6.0441696210754134
6.066919838126307
6.16814763422796
6.22840725523428
6.284807664325952
6.301216742432114
6.296298898252855
6.274563795640262
6.268855568831546
6.246965936293177
6.208669396562272
6.317936236393294
6.34653411601153
6.357885788000205
6.340115753436995
6.420104146222338
6.440238377503249
6.472592332195529
6.477581829140924
6.47507787492855
6.4747570466227575
6.4811810512008075
6.482162553950216
6.467307796648116
6.481474012540928
6.500881482649639
6.524331889220877
6.543360013074939
6.515166158041351
6.519093437954533
6.49861827795554
6.485212112077067
6.494438698557344
6.48409266671902
6.4556712214105
6.309396989122584
6.250331824200359
6.250791285896257
6.250791285896257
6.250138829844344
6.250138829844344
6.211406102110841
6.157200196667887
6.127417515986793
6.007684430238197
6.02843810442894
6.00128122439577
6.071660917329582
6.086307448918106
6.0746177930770395
6.101873664836233
6.105762728371982
6.098195945956987
6.095028018577923
6.1129255439721915
6.097546498953728
6.083900906858494
6.01769258350671
6.010051955890792
6.012505487061293
6.040312915543406
6.102935534131722
6.1297907724280165
6.189275723903568
6.317842914664379
6.367147116777373
6.334674263724431
6.4053555458313145
6.405086671166451
6.409119378881995
6.415113384422616
6.443306449202771
6.447784525075417
6.544013732729581
6.572073442607058
6.563923554867437
6.556475774613655
6.5745534414653095
6.588204740902266
6.576761357270893
6.5788882081786655
6.57205454825059
6.571557668942196
6.587267121153737
6.606622564238771
6.595679790856532
6.631970708161478
6.629895827834235
6.632004380558756
6.639677167841918
6.632536801060866
6.61223530841117
6.588609070774967
6.5720101631265315
6.537944136220367
6.526011207479408
6.506873044094323
6.498437943330709
6.439609428285012
6.454861473706471
6.459571504184104
6.4718884619376045
6.419737898416931
6.413183163112384
6.404539799003196
6.396806319549463
6.433646474677079
6.456406805665252
6.480972121249627
6.475729500253553
6.513373518037787
6.518418998006528
6.516904459894534
6.519819301766434
6.506870879709166
6.462203906595686
6.490542042993694
6.452089636266358
6.429449410743131
6.42787050569708
6.42645860677474
6.436289663764573
6.44953603652574
6.447380567894026
6.498298724634551
6.5230241549573895
6.58953357455672
6.593101744665985
6.61218457767853
6.5956407130734975
6.654729278364181
6.642754579823341
6.636579044169272
6.642631927717575
6.6383495151109235
6.623406328552832
6.610626108591913
6.605008197637422
6.600013150477844
6.563529784343007
6.555559284964091
6.524704035961305
6.505467262905076
6.4931383882120235
6.528221137503363
6.554613009042794
6.559235006628328
6.539717982605726
6.54603873509367
6.553899253320295
6.5669263971427
6.559121070886974
6.5529645038771385
6.52441905393255
6.517538318055085
6.496747873178229
6.476088342676047
6.421720223379603
6.41604152057098
6.387811913322815
6.3870909718835644
6.1797374877417806
6.1752044141666484
6.168252392730165
6.1248178725249085
6.124169023570087
6.290498146546026
6.32760882918413
6.339651450871062
6.362252847468604
6.393180340964121
6.40104635460108
6.388931201366337
6.3880571065763
6.371687947132287
6.347215620204584
6.336173871672905
6.280108774700945
6.249966761667528
6.184804541751885
6.158175246410793
6.114413297520767
6.114761093565088
6.1142493701256795
6.097490547944736
6.0814109240911955
6.123341997390382
6.134295210425725
6.178423263936727
6.182692671259402
6.200233406014096
6.182767399598689
6.230529180723305
6.226829057151537
6.246945684488445
6.2566914895708585
6.285057450198475
6.255464689877563
6.257654070835796
6.253826267700467
6.296107255212322
6.322326257831978
6.37152274473693
6.394888093407382
6.411182857360794
6.394732825555406
6.3982949650928305
6.414667558533712
6.396389891837498
6.394616999664453
6.401035949399573
6.394136642631673
6.395397208408174
6.410172485469903
6.432433812737021
6.438079200362983
6.43671236244581
6.433698489169873
6.438532543095779
6.429011662468863
6.432418132065473
6.4098769857915645
6.422021154773005
6.225075393519539
6.21503489856525
6.203959539019593
6.1899595854295715
6.158956976713983
6.3328297920078445
6.378310592859258
6.383918532910904
6.4205452174327435
6.462199351491688
6.445153623773899
6.430683578053821
6.419348515009956
6.435192968973707
6.4563841970006255
6.449048385817533
6.471075576833984
6.503015038619498
6.515790701618793
6.51676049569828
6.5182516514083995
6.508891310529663
6.47810867138629
6.451080653196473
6.451945374481832
6.448334199074317
6.444947912301035
6.429898492165633
6.405776503484238
6.393440706075419
6.395935127523523
6.38897896852861
6.396617481524146
6.412046608875603
6.432504406673896
6.463275772505777
6.4566336210099715
6.4351940053296595
6.430931819711836
6.406190768887679
6.383948419173132
6.384684129295608
6.385701488829343
6.3859174198931346
6.351553820526237
6.332889356593715
6.336708291407957
6.324451435840972
6.267768393406365
6.251250426501027
6.271083124031423
6.328749391387868
6.347602275711944
6.330359655052973
6.327931476426255
6.323761360907783
6.3436474754593135
6.347931542003371
6.3552278101520905
6.356733534262777
6.410632639691701
6.413221093841319
6.394463220462518
6.374767341588741
6.353747033524965
6.338267400074897
6.344288883505797
6.341595448998481
6.338903178218056
6.3258582008426885
6.349752792798802
6.345030933397431
6.3275438353685365
6.334212219701015
6.315277305767884
6.269413854129914
6.2975263897430915
6.209472131230302
5.824712772202931
5.696472891555342
5.873865242969125
6.0770837887596265
6.069804636446099
6.049684867539108
6.054805794777356
6.056223610089407
6.058929436889162
6.142557140013107
6.14612433469493
6.144901053834993
6.199589523361104
6.399562759797882
6.414900072493089
6.462093944677556
6.527404929183008
6.562944591574909
6.561017399457582
6.537133747200825
6.543188650900345
6.55878912491241
6.55369720137912
6.542775135800341
6.538896815288323
6.551152300968989
6.542935381494276
6.546269111761122
6.556242102411956
6.547288861609701
6.558596278975035
6.6056211592932375
6.633896008241425
6.628254129429287
6.619771387180806
6.624322263197629
6.6187225832863295
6.603531981106607
6.599118510286977
6.59810330427411
6.597081819029247
6.5941305417366065
6.610630020668995
6.6550984529524015
6.6414828356113365
6.613855408534936
6.604215875987006
6.575440742996468
6.528326404209093
6.5297255105892456
6.523896652508669
6.521848355010574
6.518297435748988
6.515390062153742
6.513673372176371
6.532463555894315
6.521876873870243
6.527848599421869
6.523732934736258
6.477142920323788
6.475696176919853
6.377213199102605
5.972822934219337
5.7993894621083415
5.940173258638169
6.109953153672104
6.114355182709095
6.104240843070672
6.091717497265302
6.0928923793419685
6.107312935648973
6.198490821898637
6.199832327612323
6.1666226663296975
6.181406835052276
6.366133920169023
6.377641150492411
6.376288101849186
6.403999808772127
6.420784621510193
6.439891040746838
6.419062985991423
6.427761373584085
6.426866474144116
6.4273003567339355
6.426485380259789
6.375602522992835
6.374423362730583
6.353372077721186
6.325807477920868
6.31639645166855
6.294170032662532
6.283524583526245
6.228288544622004
6.215605542682955
6.257380577514367
6.281140833995493
6.284742195523678
6.325240097667639
6.324359146476239
6.324840115548079
6.388749964620033
6.389264890050583
6.386544316829897
6.398985047406697
6.448362607973495
6.46130195126749
6.463204777416966
6.506294573866585
6.507059562941204
6.488617193443175
6.481619076935837
6.496456125119621
6.50041060568608
6.490267180364712
6.501070117895385
6.505657663178574
6.52459980684892
6.522353932963378
6.52205592088516
6.526735422265365
6.526735422265365
6.5349199011560355
6.530014541976845
6.529460305346371
6.527802006775738
6.518470630548524
6.512379567953168
6.49919194626772
6.445380284490495
6.43032688338117
6.416225259855494
6.252245473651059
6.1877863720154656
6.16308361762506
6.129460146480553
6.178428223272728
6.26876433453027
6.308351017747509
6.253576610061238
6.260819482470671
6.289812384240257
6.296509437317772
6.287675248882401
6.309564883748088
6.326505028534247
6.311828328359352
6.332415552947447
6.338176732509634
6.3368304984816515
6.338582370207191
6.340389433829186
6.340673615684698
6.3310716289263365
6.3620190965393135
6.378676263019798
6.38119663878551
6.389293282208957
6.403217239984926
6.372919377287583
6.420407998542542
6.411721556062194
6.401829184926007
6.444171778402866
6.450618937012491
6.451545340918
6.461242579676475
6.464721739304837
6.447469615969119
6.4283429252503
6.46172054203142
6.459773143697252
6.454184477680696
6.448514651787806
6.443549701403863
6.414233721149317
6.407223375096865
6.412843682139597
6.374494384267922
6.291838362541168
6.294200039555904
6.295678495827366
6.291547827178396
6.361429680810095
6.373478068481895
6.355031095843653
6.397413141120267
6.397644183338248
6.396829358415694
6.393757635398695
6.402712572981324
6.32639631212815
6.323492574100674
6.35500992341993
6.314798645834494
6.387339956317801
6.399568618949171
6.3927676992438744
6.386977562457888
6.386819349035633
6.421829421604803
6.373889298124299
6.394602473483334
6.408645848689455
6.406944042160743
6.464931905136701
6.492767099674421
6.496673417482897
6.496173140980769
6.523315057592012
6.550670182033654
6.55680407801178
6.564890356207822
6.564673559980818
6.553764296393601
6.554620490003343
6.564121790164385
6.548427392470312
6.546739875988317
6.544265428050695
6.545794945902059


