Temperature Prediction

431.62569866560125
431.62569866560125
431.62569866560125
431.62569866560125
431.62569866560125
431.62569866560125
431.62569866560125
431.62569866560125
431.62569866560125
431.62569866560125
431.62569866560125
431.62569866560125
431.62569866560125
431.62569866560125
431.62569866560125
431.62569866560125
431.62569866560125
431.62569866560125
431.62569866560125
431.62569866560125
431.62569866560125
431.62569866560125
431.62569866560125
431.62569866560125
431.62569866560125
431.62569866560125
431.62569866560125
431.62569866560125
431.62569866560125
431.62569866560125
431.62569866560125


