Temperature Prediction

433.04018134325673
433.0661448813431
433.11049181923954
433.17718609211124
433.2713621191093
433.39980823892716
433.5717250404561
433.79997098215665
434.1032296004813
434.51006990983245
435.06734675157946
435.86020488003675
419.45704215014405
424.56068203893284
417.73795392362354
416.9106478306719
416.0398247949386
415.11973750925773
414.14334761220033
413.101894676944
411.9842649294584
410.77603468341454
409.4579605609209
408.00347463856883
406.3742602564929
404.5117777767506
402.31914879315275
399.61576441390935
395.9902930434217
389.9907498775178
300.25923586982793


