Rainfall Prediction

284.46386493661214
286.46386493661214
277.46386493661214
332.47212914168205
332.48200776214344
298.48200776214344
298.48200776214344
298.4854490829259
298.49543316910837
298.51727615334937
298.51727615334937
317.51727615334937
319.51727615334937
563.5172761533494
563.5172761533494
562.5103705428301
554.4785067427189
543.4300220530598
473.35793953030077
473.32896785825267
445.2124254388485
419.16941921074584
406.1322974322735
406.1322974322735
406.1322974322735
406.13047204969365
388.1134237537323
406.1134237537323
559.1134237537324
559.1134237537324
539.1134237537324
592.1134237537324
578.1134237537324
593.1153754117455
542.1429804588485
544.1322974322735
563.1322974322735
594.1322974322735
679.1153754117455
686.1581965545048
686.0591149114935
699.2111083445786
714.2349703759448
726.3081923821375
482.30819238213746
523.354431284532
523.3707793267708
523.3766063237127
523.3766063237127
523.3701221059748
523.3654650394003
523.3654650394003
523.3654650394003
558.3654650394003
582.3654650394003
582.3654650394003
834.3654650394003
1215.3654650394003
1292.3654650394003
1131.3654650394003
1131.3772441884257
1131.3772441884257
1054.3772441884257
1054.381032308049
1050.3835212456722
1074.3607061865412
1072.3472419322513
1093.3472419322513
1184.3579395303007
1193.3613924115282
1186.3914168445422
1186.4425539487802
1173.4001793746525
1260.4402019464985
1270.4030219627596
1380.4030219627596
1339.3668058380156
1341.350145947481
1341.345038517309
1346.3457754382925
1350.4058270285273
1351.4676253737127
1351.4808474839033
1351.4808474839033
1346.4888325784625
1322.4895767950786
1322.4932570355609
1131.4975858847947
750.500772066585
655.500772066585
655.500772066585
655.5063135558153
655.5063135558153
655.5063135558153
665.5042535430875
809.5025204138747
781.5025204138747
781.5025204138747
741.5025204138747
619.497228705121
525.4954331691083
525.4570039449712
525.4063836198205
527.4102393514013
466.39555081432417
669.3955508143242
575.41132820871
640.4249941139764
794.4315071429947
794.4305182580794
789.4300220530598
785.3772441884258
791.2919533522486
851.2588154483432
881.2672959310521
851.244341670713
865.2641518946849
905.2784719472592
848.2804470340145
848.2714227332236
848.321708436953
848.321708436953
848.2919533522486
918.2919533522486
923.2919533522486
1051.2919533522484
954.2919533522486
1110.2919533522484
1123.3090613207744
1161.3107892276212
1161.4578742439546
1161.4578742439546
1163.4574395560855
1163.4539285057274
1161.4490007859508
1101.414561508188
889.4145615081878
873.3990316225425
808.3835212456723
697.3753249207693
709.3753249207693
709.3753249207693
709.3753249207693
703.3634382347477
643.3753249207693
613.4561299383253
613.4561299383253
607.44717926776
567.4700943270421
563.4642862016398
563.4705029225795
563.4485469117125
563.4494536635017
570.4578742439546
500.4709106987588
495.5028682492169
371.50528621838953
313.50528621838953
163.50970011638
150.5146738213989
112.51856455624163
209.41932035006613
216.4397283273131
214.4397283273131
214.4397283273131
214.4397283273131
218.4397283273131
203.4397283273131
203.4397283273131
203.4397283273131
220.455691535399
208.46596262123748
208.46596262123748
208.55048580658328
207.63326880474625
237.64629173096873
290.61791546021556
291.61791546021556
334.61791546021556
485.60262207665795
600.6026220766579
623.6017921351612
659.6067171807811
770.6063117039475
776.6105256784665
776.6277512168137
776.6293703146833
762.628112255446
824.628112255446
857.6257526904694
857.6409924823216
857.6426651961011
760.660110493621
753.6538038790718
771.654116706456
772.654116706456
863.6548964042989
991.6555177387286
1018.6556727375095
1022.6556727375095
1022.6556727375095
1051.6548964042988
1118.6511226801451
1137.6511226801451
1168.6179154602157
1185.5261226640484
1160.4943480592626
1140.4943480592626
1176.4943480592626
1125.4943480592626
974.4943480592626
970.4979424269603
973.5435487839916
950.5354726818315
878.5354726818315
1002.5233223335576
1005.4808474839032
1018.4406744867034
1228.4406744867033
1240.4406744867033
1332.4416163484404
1332.41078448098
1333.4993622628454
1383.4630197910485
1383.4888325784625
1365.5392640819348
1364.5392640819348
1293.5378145813268
1189.5366471531117
1170.5383956789035
1166.5550644681473
1166.562887547222
1083.5550644681473
1016.5587549752688
997.5689236353571
992.554264340276
991.554264340276
1027.5542643402757
1026.5542643402757
991.554264340276
991.572115112819
991.5733284867393
880.6019999672656
854.580683002131
841.6138681924401
802.6163840856051
665.6235473604177
662.6235473604177
649.6235473604177
439.62391675966074
365.62391675966074
234.6235473604177
235.61210614615172
278.56492084835725
285.5608324040528
294.5432660628494
321.5090274141555
467.51302977591337
758.5130297759133
943.5130297759133
1003.5110387078556
1013.4899478717614
1013.4785067427189
1008.4785067427189
1012.4761385981577
1054.4596038355487
1040.4578742439546
1024.4578742439546
987.4578742439546
998.4578742439546
1002.4608915116588
1063.4285263249556
1070.4260094149695
1078.3515837036014
1087.305565338218
1098.1114570686261
1128.0844186280276
1127.9844118644228
1128.1889942545263
1128.1989186710575
1128.1961242774041
1128.1961242774041
1128.1961242774041
1127.2016811835344
1089.1801534360254
1033.1801534360254
1024.1801534360254
997.2044124804719
851.1875428352594
540.1875428352594
327.1875428352593
259.1860827261417
249.22645456106062
249.2843470107793
246.28531173787124
258.32334213811123
216.4208830096728
225.47334031960887
238.4823930441791
276.4957935685282
242.53220591273111
242.53399456653628
181.53399456653628
174.53399456653628
176.52979526676128
191.54774079712143
180.55665480399125
150.55665480399125
150.55665480399125
150.52918793152944
150.5270472917856
150.53250516243708
151.5328039541066
151.55823208270473
151.58910207907655
145.59501631889324
144.5958768485368
144.5958768485368
144.60199996726553
144.6154204845544
144.61905570437986
144.62483702025617
144.62793182507386
154.6233623818972
154.6196231919452
154.62629990703974
138.61676812231087
149.5852804840269
163.58436990421313
157.58505325104392
115.57974992509423
106.5621194516878
109.59153412724359
109.59219198250682
109.59501631889324
99.63553393336014
75.63760012687966
75.65270468346
106.65270468346
106.6528621226972
106.66056336934986
169.66056336934986
214.65782880077782
227.65767565149554
227.64645486031526
227.62865248251708
229.62520383677784
229.62446946928
285.62446946928003
352.6085309522647
357.59458456650856
368.5904325526046
368.58932447976474
368.5891020790766
358.5969469760725
360.59673343971053
360.5891020790766
360.5891020790766
349.5891020790766
319.56263185778397
312.5558612808437
312.55238433674356
312.54156102341364
303.4979424269603
303.4968708858064
303.49216003750337
303.39555081432417
317.34724193225134
321.22270942368993
290.22396435460973
290.2724430371025
290.2794616098623
227.2881817860718
199.31250399681846
278.4113282087099
300.5285787050334
325.57810588571607
323.5917536686623
337.59393506638816
603.5939350663881
912.5928475391846
923.5937180651035
919.6026220766579
919.5997009756446
919.5963056343184
959.5882098364888
957.5906533850974
1046.5915341272437
1048.604476034556
1048.6059053405809
1043.60752548931
1043.609331418987
1043.6115150499413
1132.6173426831517
1195.6173426831517
1258.6173426831517
1258.6173426831517
1296.6173426831517
1282.6173426831517
1278.6173426831517
1367.6171513615832
1393.6097303607644
1393.5982230983436
1393.5963056343182
1376.5904325526046
1283.5550644681473
1261.4476361567533
1236.3175713014816
1295.2522462121742
1284.2408709104436
988.2408709104435
622.2373483013699
640.2511331706276
648.1989186710575
664.2111083445786
671.2276899624834
631.270397908163
631.2325683178112
542.2325683178112
679.1447176193972
679.1322974322735
679.135909057257
679.1614552567323
679.1429804588485
590.0844186280277
534.0844186280277
471.08441862802766
471.08441862802766
433.08441862802766
433.08660193966364
433.08660193966364
344.08660193966364
318.0732188869479
322.070920176963
322.070920176963
322.070920176963
322.070920176963
322.070920176963
383.070920176963
324.070920176963
376.09304376505946
353.09304376505946
543.0930437650594
514.056689069653
512.082216830846
496.1114570686263
490.0993290598732
641.9938013533155
683.9646206411708
708.9746922613615
569.9746922613615
569.9746922613615
569.9396113742562
609.832357219105
627.832357219105
764.9646206411708
901.9646206411708
901.9646206411708
1114.1230359119286
1141.1961242774041
1141.2137353470084
1141.2137353470084
1141.2137353470084
1141.2163338925352
1137.2163338925352
1137.2794616098622
1137.337530883979
1137.3413165568322
1192.3494235283192
1142.3494235283192
1142.3494235283192
1088.342065981783
1085.3435572509195
957.3435572509194
1030.3435572509195
1017.3352280470026
1017.3107892276211
1016.3046828330072
864.3046828330072
822.3046828330072
797.2965818162845
797.2965818162845
798.2965818162845
798.2965818162845
758.3090613207744
740.3125039968185
603.2843470107794
459.2843470107793
459.2843470107793
247.21373534700854
220.1740770921899
220.2724430371025
220.29381603048796
244.3158948551484
244.3142058125213
247.3257705332987
247.47454431298806
271.5706487696341
378.5733284867393
332.57235840802184
420.57235840802184
537.5723584080218
548.5818429094713
789.5813798004541
803.6009584822788
998.6013757745873
1003.6013757745873
1003.6003307882364
1003.6003307882364
1003.6003307882364
1003.6181059913024
1042.629728177772
1206.640656082061
1290.640656082061
1380.6469433676457
1444.644652300127
1444.643992349708
1444.6581347079893
1444.6620647410869
1444.6620647410869
1459.6620647410869
1511.659504874232
1511.6448169127798
1514.6411604490545
1515.6369139970534
1935.6467806784058
1969.644981375963
1974.5884332942858
1960.4820077621434
1925.4888325784625
1919.4917930332624
1825.4975858847947
1743.5000684104457
1795.485449082926
1666.485449082926
1590.4485469117126
1317.5028682492168
1312.5028682492168
1312.5028682492168
1312.5028682492168
1312.5028682492168
1351.4692746655624
1312.444879539956
1155.4134892344298
1071.4134892344298
981.3920123259362
917.3920123259362
917.3920123259362
917.331336117099
917.3099269280622
917.3133565124941
902.3133565124941
850.3133565124941
850.3133565124941
847.3133565124941
822.3600177986866
402.3150519193363
366.3551374421087
386.3382932128572
385.4490007859508
313.4354164314847
321.43444596634043
330.42651522513603
296.42346187717686
233.4895767950785
188.5045983644846
221.51302977591337
221.4608915116588
221.4608915116588
221.4608915116588
221.47732613322904
221.48430849174787
183.53070274742376
185.56817948296637
178.56817948296637
177.6146459681321
177.61981196667165
177.61981196667165
178.61981196667165
178.61981196667165
178.61981196667165
178.61905570437986
193.61905570437986
199.61905570437986
203.61905570437986
245.62919112037443
245.62000054812137
245.62000054812137
301.6095309971457
408.6089316173151
458.58137980045404
651.5975861260797
691.5948005671108
752.5948005671108
888.5945845665085
918.5584937071073
889.5471870827582
928.5401286217623
991.5401286217623
997.5404159487633
1217.5404159487632
1648.5285787050334
1740.5230087052653
1847.4745443129882
1902.4069387539375
1977.4069387539375
1977.2385283537851
1990.204412480472
1995.204412480472
2011.204412480472
2082.2349703759446
2146.2349703759446
2324.238528353785
2309.238528353785
2339.2652046452235
2434.3565429678074
2433.321708436953
2562.3841390100993
2723.4462624458793
2687.451255287958
2555.537814581327
2496.5418462395633
2303.590653385097
2252.5917536686625
2232.5917536686625
2136.5917536686625
2160.5917536686625
2122.5917536686625
2040.6001210867619
1977.6316840060967
1971.6459650304278
1775.6601104936208
1350.6695315709005
1258.6695315709005
1154.6695315709005
1128.6695315709005
1059.6695315709005
1109.6716694953072
1155.678887919199
1255.678887919199
1255.679295533693
1187.6794311968347
1131.7287381157532
953.7321764430759
960.7326762938352
996.7312730078914
996.7277135482117
970.7270958523334
841.7171167279338
697.7079135052801
676.7138062182147
679.6988032771676
683.6893198670082
683.6503264433127
683.6495266776279
628.6495266776279
588.6495266776279
533.6495266776279
533.6556727375095
533.6495266776279
533.622434686201
533.6061086333082
509.5868634881281
503.5718715059181
503.5718715059181
530.5718715059182
515.5718715059182
534.5718715059182
484.56817948296634
425.55479812848347
322.55479812848347
353.55399688980856
352.5471870827582
392.3727391261496
443.34797153538125
436.36207648624753
364.36139241152824
268.30556533821806
255.31250399681846
285.32006273094805
268.29007534925205
268.22144785555435
265.156551025162
271.2057666256304
300.2057666256304
300.2057666256304
362.2057666256304
368.2057666256304
385.2057666256304
428.14815620003975
528.1515481199907
528.1394696279069
584.1376956410425
596.1376956410425
601.1376956410425
622.1394696279069
640.1394696279069
628.1394696279069
603.1394696279069
616.1646716772689
617.1740770921898
615.1801534360254
646.2361623271636
745.2361623271636
736.2361623271636
685.2947416949822
765.3766063237127
787.4063836198205
789.4928920363726
790.5069955073277
788.5267395670193
923.5646678653571
933.572115112819
998.5649208483572
994.5745341607226
985.5891020790766
985.5904325526046
923.6336191219461
916.696603179533
899.7075673517967
856.7195046906236
756.7253335260286
756.7329755032046
700.7329755032046
688.7342660476232
683.7347598218761
725.7363303526929
684.7431297438072
681.749033463226
695.7644419275587
682.7631967276984
681.7656779134386
681.7732998789063
602.7732214398392
501.78304534564444
462.7945379551644
525.7920371187955
455.7825269839236
484.7780920453799
479.7626960387191
536.7583786033978
508.7566546645839
373.74812448856153
363.7502978594839
299.74684365008534
299.73914052225086
331.7329755032045
331.73237655903796
331.7115634526618
331.6555177387287
364.64065608206084
371.6222485839592
466.61734268315166
579.6036543313834
585.6136732362359
700.622434686201
720.6401503106132
657.6401503106132
674.6282925082589
676.6179154602155
662.5804501641172
662.582074038979
662.5902114601874
662.5902114601874
662.5843699042131
796.5523843367436
827.5090274141555
928.5018229150845
940.5028682492168
900.5042535430875
902.5042535430875
842.5042535430875
842.4843084917478
861.4684516894879
866.4444165080774
865.4444165080774
859.4444165080774
807.4444165080774
807.4444165080774
807.4329817349258
807.4300220530598
774.4300220530598
767.4430211621344
672.4358999721135
559.444879539956
553.4203634131808
438.38720148523964
418.3133565124942
418.3382932128572
393.337530883979
390.36613647120544
390.39787765392435
390.3937888910551
390.34650990489155
390.2620319780516
390.2477619771099
256.27946160986227
225.26203197805157
61.26203197805157
39.258815448343256
67.2652046452236
98.29381603048797
99.29381603048797
99.34503851730902
80.34942352831915
75.36139241152823
75.38901822472315
77.44208567903628
77.44208567903628
77.46679569285173
77.47172380527343
77.4737424450831
79.48200776214345
79.48883257846252
79.48430849174787
79.47454431298804
79.4796805016598
134.4800702450939
134.4792900052688
134.49105700368176
134.52457186125892
144.52174916176457
144.5049425889424
187.53070274742376
278.53723174265843
354.5378145813268
354.5381053471431
354.53752338023884
354.5733284867393
354.5757322258149
354.5906533850975
408.5897684932816
397.5877621230515
396.5877621230515
510.5733284867393
571.57162758657
634.5674324145126
634.5563906602109
632.5279675762265
632.5279675762265
632.5100356131769
649.50597169992
649.5042535430875
854.5182432442749
855.5045983644847
855.5035621017162
855.5083524216736
866.5039081228138
811.5035621017162
832.5035621017162
834.4741437752324
835.4290260917736
831.4085954838654
831.4406744867034
788.4047094458064
697.4203634131808
621.417745990033
621.4458025045681
621.4324913621856
621.3530121118434
632.3457754382924
711.2928865924516
691.2928865924516
795.3208870947788
827.3208870947788
879.3208870947788
818.3208870947788
834.3465099048916
834.3515837036012
955.4107844809803
966.4647065992987
970.4672109555155
967.5100356131769
1017.5166287807393
902.4950721192239
952.5011229654805
953.5018229150845
953.4968708858065
942.4968708858065
1088.4968708858064
1069.4968708858064
1067.4968708858064
1066.539840869079
1060.5485684050352
1060.5745341607226
1060.5773969040852
1060.5676817626586
1060.5681794829663
1073.5526540350345
1080.5526540350345
1080.5577077615303
1069.5590158880966
990.5587549752688
917.5571820044198
791.5429829287142
759.5429829287142
593.5429829287142
593.5429829287142
514.5334001685706
514.5313054022137
393.50042054892083
382.45612993832526
378.4534853748959
364.39496511956963
314.3829017028403
222.38290170284031
171.36680583801567
241.36479153072352
335.36479153072355
418.36479153072355
312.36479153072355
322.36479153072355
379.36479153072355
389.2488911005482
454.2111083445787
581.7458815391533
638.533912626632
638.7859198014074
638.9358510161192
625.9396113742562
618.9396113742562
618.8581466053956
623.832357219105
682.832357219105
682.8429398935374
717.8429398935374
791.8429398935374
791.8429398935374
791.8429398935374
804.8531630255007
816.8531630255007
886.8531630255007
890.8531630255007
893.8531630255007
933.0467572902526
960.0467572902526
965.0467572902526
965.0467572902526
1004.070920176963
910.070920176963
827.1548945336785
787.2724430371026
790.3390529280616
733.3390529280616
723.3390529280616
658.3390529280616
530.3390529280616
473.3390529280616
473.37660632371274
494.36946288940754
555.368801665769
589.4334709565189
633.4613189430137
653.4865832497729
624.4865832497729
683.4858278490137
650.4858278490137
578.4858278490137
578.4921600375034
605.4921600375034
611.5558612808437
599.5561261528079
532.5561261528079
528.5561261528079
531.5590158880966
493.5441129917961
473.5499399185319
468.5504858065833
468.55075817242675
358.5496663942787
358.5496663942787
359.53752338023884
368.5090274141555
548.4816217431788
620.4816217431788
712.4816217431788
755.4816217431788
803.4858278490137
811.5136890361244
822.5069955073277
802.5395526895321
741.5485684050352
707.5623758262254
667.5460748739063
642.5504858065833
659.5504858065833
616.5809155537523
684.5834549067297
713.5843699042131
749.583684072454
722.5948005671108
713.5681794829663
714.5802170390496
711.5804501641172
711.5804501641172
810.5778698532181
809.6095309971457
825.60570182531
855.6052941253062
1389.6050899396544
1511.6038600974773
1527.6038600974773
1818.6038600974773
1923.6038600974773
1764.6038600974773
1932.6065145529542
2055.6079283281833
2026.6079283281833
1978.60570182531
1985.5888794149914
2025.5718715059181
2024.5383956789035
2037.5288835553777
2037.4705029225795
2038.4705029225795
2038.4354164314848
2010.4354164314848
1999.3668058380156
1969.3593272352578
1994.3565429678074
1993.3465099048915
2024.306444415102
2021.207113207492
2228.1267812658657
2273.2313580966384
2322.3241545374826
2223.38290170284
2300.304682833007
2327.313356512494
2314.3572423628075
1780.3641159331985
1717.4041484399468
1734.4659626212374
1466.4884594337589
1358.4884594337589
1322.4884594337589
1082.4835444948728
876.4808474839032
937.4808474839032
980.4827775919086
965.5042535430875
972.5042535430875
996.5159792766702
983.5386855778193
1005.5386855778193
1000.5386855778193
1000.5424154169377
981.545795819564
976.5644145469914
936.5654258115801
880.5661807618408
890.5757322258149
886.582074038979
1049.583225462382
954.5832254623822
1014.591972953563
971.5701574668146
969.5485684050352
892.5372317426585
842.5381053471431
825.5207991798644
856.5175990444372
808.4954331691083
836.4430211621344
836.4145615081878
861.4145615081878
861.425502379763
920.454370683387
912.4688635934122
837.4862059037991
794.4936213709393
794.4827775919086
736.5042535430875
713.4925263711116
713.4642862016398
691.4642862016398
691.4753430229665
733.4777204355048
733.4729373958622
733.4439524373884
733.4420856790364
733.4434873235344
726.4249941139764
702.4145615081878
611.4118705412898
685.4118705412898
681.3420659817831
721.3420659817831
718.3428128745292
718.3494235283192
718.4512552879578
718.4812349846488
747.51401784352
774.5276612949787
713.5418462395635
689.544112991796
710.5471870827582
728.5415610234137
669.5233223335576
668.5123683103739
668.4986536072489
668.4895767950785
668.4957935685283
668.4796805016598
667.5045983644847
667.5143461047136
667.525813482986
667.5172761533494
625.5143461047136
625.5146738213989
625.5136890361244
625.5136890361244
625.5438310932666
655.5435487839916
759.5480170605198
808.5561261528079
623.6614657016626
522.6788879191988
476.68105109071234
475.71634993380184
475.72750789697926
475.7103174328334
511.7284313888175
451.7405760314701
423.7377896839031
440.7330751231989
472.7337708392467
450.73769278357855
451.7375958280234
474.7388519591359
514.7388519591359
554.738948201289
601.738948201289
612.7362326176352
612.7351538139566
647.7321764430759
647.7346611813799
647.7345624837689
648.7375958280235
648.7373046293807
660.7563077421352
691.7601698689107
691.7642764360932
707.7558730790045
651.7624451309342
579.7646898577271
510.76361282608866
508.7121268751014
508.7048903406061
535.706872967652
535.6726584696768
535.6567540031092
535.651122680145
499.60833029487833
499.56160567022675
489.5766852596696
472.58663815755716
440.58322546238213
410.5848257438283
391.59021146018745
402.58731334185904
386.59219198250685
361.59109427259745
314.59109427259745
303.5868634881281
303.58573412976864
268.57644744989045
268.56263185778397
268.56517349682235
274.56416089242657
275.6015840710971
263.58068300213097
232.59415181668837
270.584597961759
254.58414157056544
254.56567779345517
219.55265403503466
160.5480170605198
160.55639066021092
160.54326606284943
211.55103015417234
211.55103015417234
211.55770776153045
211.55770776153045
295.5726013922728
352.5706487696341
360.55130175283284
360.5392640819349
360.5392640819349
360.52174916176455
360.51434610471347
326.51434610471347
302.5069955073276
287.5069955073276
287.52079917986447
287.52079917986447
384.52079917986447
445.52079917986447
445.52079917986447
445.5185645562416
438.51070490712925
438.4777204355048
438.50494258894236
438.5035621017163
400.5169527326589
400.5159792766701
388.5159792766701
388.5159792766701
388.5159792766701
388.52519365451604
388.5334001685705
393.51434610471347
474.5063135558152
541.5133596808254
541.5192056122593
457.4993622628454
442.4990082495864
441.4990082495864
476.4990082495864
476.4990082495864
476.4990082495864
476.49865360724885
477.49865360724885
583.4986536072489
583.4986536072489
658.4831614079413
658.4831614079413
622.4831614079413
742.4831614079413
744.4831614079413
782.4943480592626
816.5288835553777
822.5432660628495
865.4823930441792
865.4392536245444
867.4161597652954
955.4156283582353
957.4156283582353
958.4156283582353
958.4339590319921
958.4024564766862
958.3859817273383
875.3961349070289
794.4140260524803
803.4018894823735
804.4024564766862
805.4150956079789
894.4354164314848
887.4539285057275
852.4737424450831
852.4781139710751
904.4781139710751
905.4914253560913
1134.4914253560912
1044.4914253560912
1081.4917930332624
1008.4917930332623
1010.4961533196694
949.5069955073277
768.5069955073277
766.5123683103739
728.4928920363726
694.4647065992987
687.4334709565189
644.4324913621856
644.4324913621856
642.4453415373523
554.4453415373523
571.4453415373523
570.4453415373523
570.4280253602623
570.4280253602623
570.4229486329249
570.4140260524803
570.3961349070289
496.37788017577407
495.36546503940036
502.3727391261496
416.36207648624753
459.34429912665854
459.30644441510213
459.2965818162845
471.2965818162845
470.2620319780516
298.2620319780516
282.2620319780516
245.26833454501244
243.2693685246617
241.25664616768148
253.22017958499424
253.2641518946849
253.2466273971066
253.2466273971066
253.2030506931345
253.1054646837738
268.1054646837738
338.1054646837738
371.19187140215075
406.19187140215075
387.19187140215075
400.19187140215075
413.2891305276044
413.337530883979
413.34355725091945
413.34355725091945
413.34355725091945
411.34355725091945
413.34355725091945
427.31673464194233
382.2956636142465
339.2814282532357
339.2814282532357
339.2814282532357
297.360706186541
298.3990316225425
240.39903162254248
240.39903162254248
240.39496511956963
249.39496511956963
249.39496511956963
237.39496511956963
237.37143456300302
237.37143456300302
237.36343823474775
237.36343823474775
237.36343823474775
222.36343823474775
152.36343823474775
119.36680583801567
88.41509560797888
88.44809203668787
193.44809203668788
251.4058270285274
333.39729831878105
532.396717405822
563.4161597652954
563.4161597652954
563.4161597652954
561.4161597652954
539.4166898354541
539.4663795825041
544.4663795825041
549.4954331691083
549.4954331691083
527.4820077621434
526.5236354618174
526.5242602241889
526.5357669642872
527.5455163622034
524.5471870827582
524.5587549752688
533.5587549752688
551.5592764464947
551.5809155537523
552.5813798004541
552.5816114968466
552.5816114968466
552.5816114968466
552.5816114968466
552.5613482615709
548.5392640819349
548.5418462395635
430.5421310370218
359.54241541693773
277.5661807618409
80.56441454699147
54.55533043946077
54.55533043946077
75.56867590725079
75.5689236353571
75.6184864638663
75.60054025431772
70.60812942033162
65.59284753918462
65.59328330739707
125.57951593487202
126.53160603394309
126.5310043071531
126.51920561225924
125.5080140620232
119.50562925474529
124.4903182638545
115.4903182638545
123.4895767950785
126.45392850572743
299.4613189430137
306.4608915116588
310.4608915116588
310.4608915116588
355.4608915116588
380.4608915116588
536.4608915116588
571.426515225136
725.4260094149693
725.4295246660441
725.3816572436907
726.4069387539377
721.4069387539377
721.4069387539377
735.4134892344299
735.412951047566
737.2919533522486
753.2764797706625
753.2361623271636
753.2337723917404
753.2313580966387
693.2454873115261
692.2454873115261
699.2454873115261
699.2454873115261
699.2454873115261
699.2454873115261
694.2620319780516
694.326574168958
668.3515837036012
665.3753249207693
491.36275842319174
484.37143456300305
480.3797769757488
480.3797769757488
435.3797769757488
425.3797769757488
341.3797769757488
347.37851429601005
207.37977697574883
207.38841435250674
207.35932723525772
241.32737492227736
242.32737492227736
242.32737492227736
226.29101628093662
238.29195335224853
236.2301416699105
220.2301416699105
220.2301416699105
220.24087091044356
231.24087091044356
231.22645456106062
231.22645456106062
224.22645456106062
224.22645456106062
224.22645456106062
224.22645456106062
230.20711320749209
242.08876704924435
242.00584144939506
241.89525766335422
241.89525766335422
242.16467167726893
242.24319042435775
242.3225267779661
242.4439524373884
227.45787424395465
155.45787424395465
114.45787424395465
108.45700394497123
112.44717926776005
112.44717926776005
75.44945366350159
74.4517032427065
82.4517032427065
63.441616348440306
51.441145952502005
55.441145952502005
162.441145952502
185.4416163484403
185.44020194649855
174.44020194649855
179.44441650807738
209.45259623833357
209.45259623833357
209.45304128705217
209.45304128705217
209.45304128705217
203.45304128705217
191.45304128705217
191.45304128705217
192.4512552879578
214.4512552879578
331.39022089086194
432.3428128745292
497.27142273322363
496.85814660539563
499.69177870978217
529.6917787097822
532.832357219105
524.832357219105
569.832357219105
642.832357219105
714.8041660468565
714.7731320455158
706.7731320455158
707.0229596501023
707.0257103762734
842.0257103762734
751.0257103762734
728.0229596501023
728.005841449395
728.0201806173994
722.9938013533155
693.0173727390383
693.0257103762734
693.2928865924516
693.299314394547
693.3029074377947
693.3029074377947
693.3398100461886
693.3579395303007
692.4458025045681
670.4613189430137
553.5182432442749
452.5182432442749
387.5182432442749
482.5185645562416
486.5169527326589
466.5169527326589
463.521433010747
468.521433010747
419.5220648052067
346.52704729178566
274.52704729178566
275.52704729178566
288.52704729178566
297.50767512431594
318.5073356067032
253.50970011638
252.50970011638
297.50970011638003
368.50970011638003
385.5080140620232
397.5080140620232
397.4990082495864
421.4979424269603
428.4239738683163
428.42036341318067
428.4182720868299
428.4182720868299
428.3931983407131
428.38720148523964
428.32896785825267
428.333679442654
428.1860827261417
428.1860827261417
428.1860827261417
333.23135809663864
326.2325683178113
365.2325683178113
366.2124254388485
361.2276899624834
361.2252127126038
361.20441248047194
361.20441248047194
366.20441248047194
353.21890454586503
344.21890454586503
323.21890454586503
249.2097839909842
234.2097839909842
189.2097839909842
118.2097839909842
133.21762267106863
131.23256831781126
131.23256831781126
107.23256831781126
222.23256831781126
260.2325683178113
365.2325683178113
440.2325683178113
440.2325683178113
440.2137353470085
440.0951559076657
439.9907069325136
439.9713753091635
439.9844118644229
560.9844118644229
607.832357219105
608.8269237277136
569.867870450778
623.7598004681962
623.6655356079635
661.700081913585
765.1094751419774
806.1515481199907
848.1515481199907
902.1322974322735
904.1412311806032
904.1889942545265
904.1889942545265
904.1889942545265
904.1889942545265
904.1889942545265
872.1801534360254
862.1614552567323
862.1614552567323
862.1630686888178
740.196124277404
702.3208870947788
680.391416844542
616.4270198157675
626.4270198157675
626.4285263249554
626.4430211621344
626.4444165080774
626.4406744867034
626.4608915116588
571.4899478717614
528.5150009952625
527.5150009952625
523.5123683103739
468.512368310374
468.512368310374
430.55265403503466
486.5264313582489
445.51920561225927
397.51920561225927
343.51920561225927
803.5175990444372
803.5076751243159
803.5076751243159
825.5076751243159
840.5076751243159
840.5076751243159
840.5076751243159
840.5076751243159
840.5076751243159
840.5073356067031
840.4997156491079
840.4534853748959
757.4030219627596
746.3627584231916
745.4193203500662
765.4214013240307
809.4107844809803
812.4091448596619
836.4118705412898
928.3835212456723
886.3329010743959
882.2683345450124
882.2693685246618
876.2824053006614
876.2910162809366
878.3099269280622
886.2454873115261
746.244341670713
818.2910162809366
818.3494235283192
833.3613924115282
400.36946288940754
404.36946288940754
405.3847550055975
504.38901822472315
571.3890182247231
639.3890182247231
673.3890182247231
708.3890182247231
708.3890182247231
715.3890182247231
969.3890182247231
1075.3890182247233
1126.3890182247233
1126.3890182247233
1117.322526777966
1097.3167346419423
1053.3472419322513
1178.3479715353812
1178.3442991266586
1196.3442991266586
1172.3442991266586
1172.3442991266586
1182.3479715353812
1190.338293212857
1293.331336117099
1293.3142058125213
1285.2408709104436
1266.22270942369
1261.1581965545047
1268.002880710679
1256.044215244818
1248.0390572925228
1305.0390572925228
1350.9680183992223
1254.207113207492
1172.2533539869871
1104.3472419322513
1070.396134907029
1035.396134907029
1035.396134907029
1028.396134907029
774.3961349070289
721.3961349070289
670.3961349070289
670.4570039449712
670.4765352173716
725.4769310614541
731.4608915116588
615.4827775919086
659.4827775919086
551.4968708858065
563.5307027474237
667.5426993804552
657.554264340276
649.5681794829663
546.5686759072507
544.5686759072507
544.5686759072507
550.5686759072507
519.5686759072507
514.5686759072507
511.56057395343896
490.5579701011505
459.5579701011505
412.5579701011505
405.5230087052654
405.51070490712925
405.5032154778391
405.4796805016598
405.48354449487294
405.48354449487294
405.48354449487294
405.48354449487294
352.48354449487294
352.48354449487294
352.4613189430137
352.44208567903627
297.4416163484403
317.4397283273131
391.41187054128983
323.41187054128983
321.39022089086194
348.4214013240306
246.39903162254248
250.36946288940757
250.33054949210634
252.5418462395634
255.5418462395634
255.5418462395634
249.5480170605198
213.55211426037323
211.55211426037323
211.55211426037323
211.55211426037323
181.55211426037323
187.55211426037323
230.55211426037323
230.55211426037323
230.52827337911293
230.5248830042136
230.52457186125892
248.53070274742376
261.5435487839915
382.5443944806971
540.5510301541724
629.5745341607226
638.5641608924265
638.5631428953948
645.5631428953948
792.5616056702268
711.5616056702268
719.5621194516879
733.5641608924265
694.5248830042136
705.5460748739063
849.5460748739063
1131.5502130556251
1246.371434563003
1246.374035883262
1246.374681361619
1247.4305182580792
1247.4613189430138
1301.4884594337589
1323.5007720665851
1336.5126993196711
1336.5126993196711
1330.5150009952624
1270.5841415705656
1270.60691958788
1270.616959841432
1270.616959841432
1270.6152271596038
1252.6113175978824
1255.6024149375316
1135.6266638130926
977.6266638130925
888.6299068471939
884.6255699215948
927.6255699215948
928.627389465311
755.6288322046152
750.6464548603152
761.6464548603152
747.6451456899315
759.641997959522
746.6411604490545
598.6423318845473
349.6403190575995
234.63896467400627
231.64840102096764
231.65567273750938
230.63998140675892
230.6255699215949
179.61269536118698
160.60590534058088
157.5986465435183
176.5986465435183
176.5971602689081
176.53340016857052
176.51695273265892
176.4997156491079
176.4997156491079
176.4997156491079
176.5182432442749
161.5201633002497
160.4792900052688
160.49579356852823
160.45259623833357
155.45787424395465
112.49865360724887
104.49507211922383
104.49216003750337
104.4503564448147
85.44945366350159
85.44945366350159
100.45215022485452
197.4378229682794
244.43541643148473
222.43395903199206
231.4234618771769
231.4069387539376
231.3791465593048
231.37468136161903
231.37468136161903
229.37468136161903
429.374681361619
519.374681361619
518.374681361619
519.374681361619
589.374681361619
619.3375308839791
640.3375308839791
655.3375308839791
655.3375308839791
655.2910162809366
680.3090613207744
712.3654650394003
712.3142058125212
851.3125039968185
853.3344550943377
929.2373483013699
1056.2420335214854
1056.2420335214854
1056.2443416707129
1056.24776197711
1056.24776197711
1029.2408709104436
932.1947149114507
885.1918714021508
874.1918714021508
863.1918714021508
863.1447176193972
863.1548945336785
863.2176226710686
863.2176226710686
862.2176226710686
659.2176226710686
559.2176226710686
733.2397025388909
868.2544565410218
798.3593272352578
768.4476361567532
887.484689406816
872.4880855949237
1079.4880855949239
1118.4906879737134
1092.5386855778193
1094.5136890361246
1312.5163042959568
1173.5207991798643
1180.5080140620232
1146.5117046256742
1100.554531419513
1182.6179154602157
1412.638624495637
1518.638624495637
1608.638624495637
1749.6387946643617
1845.6387946643617
1845.6477546256676
1873.6512815066199
1913.6533336164762
1923.6533336164762
1991.6523893916649
2061.642665196101
2316.642665196101
2319.642665196101
2324.642665196101
2333.642665196101
2141.6396431273492
2005.6401503106133
2005.6186764061033
2005.5859605437593
1870.5646678653573
1870.5636525713492
1768.574293637528
1729.5745341607226
1729.5276612949785
1823.5261226640484
1630.5294918348666
1681.5251936545162
1703.5288835553777
1661.5248830042135
1580.4725336708798
1498.3352280470026
1285.22270942369
1191.2189045458651
1101.2189045458651
961.2176226710686
865.2176226710686
865.1412311806032
850.1054646837738
868.0993290598733
868.135909057257
872.135909057257
803.135909057257
548.135909057257
545.135909057257
540.135909057257
531.135909057257
531.135909057257
531.1074777548649
531.1054646837738
531.1054646837738
526.1054646837738
526.0951559076657
420.9844118644229
420.95769887294057
420.95769887294057
293.95769887294057
289.8818827655019
238.8818827655019
207.94332260285756
208.17098164413142
208.23497037594487
209.20711320749209
192.21890454586506
180.21890454586506
238.21890454586506
265.21890454586503
403.21890454586503
418.2163338925352
475.38962040122817
418.4378229682794
658.4373438845726
586.4378229682793
585.4688635934122
585.4808474839032
585.4888325784625
585.4943480592626
588.4943480592626
588.4943480592626
588.5032154778391
588.51401784352
588.51401784352
653.5550644681473
681.5555960433765
681.5747743795666
681.6030356652979
681.6030356652979
680.6030356652979
659.6030356652979
659.6030356652979
659.5973733187376
659.5754932171903
659.5639069008257
658.5610905064709
658.5582320827048
658.5582320827048
600.5582320827048
572.5582320827048
434.5582320827047
419.5579701011505
349.4957935685282
348.45612993832526
98.52079917986444
98.55953665136326
98.54041594876327
98.53160603394309
98.56441454699147
278.56057395343896
357.6077270179908
374.6154204845544
445.61032716869755
560.6107239758443
648.6495266776279
603.6257526904694
599.6270269982912
686.6207529485587
691.6119093236571
691.627389465311
691.6648831097851
691.6798375632891
691.6916127397036
691.7086037480229
691.7192889653682
691.7192889653682
691.7222847886032
691.7264759214789
691.7275078969793
691.734364916953
691.7411468543463
691.7637789758271
691.764027891099
691.7644419275587
691.7651846165293
691.7485795875557
691.7357430991698
720.7357430991698
824.7357430991698
1030.7219662916941
851.7219662916942
781.7107715686121
901.7062921861258
846.7062921861258
752.7168979914104
737.6943750556156
719.7006157569188
695.7032404459283
613.6981949120146
617.6880330024273
617.6771106658798
617.6451456899315
632.6290117504594
675.6121061461517
677.5823048860182
677.5587549752688
677.5587549752688
677.5547981284835
677.5595366513633
677.5595366513633
696.560573953439
745.5418462395635
849.4512552879578
879.4499055484395
880.4476361567532
979.4434873235344
984.4434873235344
984.4434873235344
955.4434873235344
851.4434873235344
647.441145952502
646.441145952502
643.3847550055975
573.3847550055975
688.3847550055975
716.2881817860717
644.2843470107794
646.2289189785064
646.1875428352594
641.1875428352594
755.1875428352594
808.1889942545265
835.1630686888178
917.1429804588485
992.2276899624834
990.2588154483432
992.3733884750254
1053.3829017028404
1150.4156283582352
1194.3829017028404
1202.4954331691083
1184.4676253737127
1164.4672109555154
1060.4672109555154
1043.4672109555154
1051.4672109555154
1093.468451689488
1170.468451689488
1242.468451689488
1341.468451689488
1362.468451689488
1393.4936213709393
1393.5035621017162
1384.5035621017162
1317.5035621017162
1186.5035621017162
1137.5032154778391
1143.4957935685281
1144.4957935685281
1171.4957935685281
1244.4957935685281
1125.4957935685281
1162.4954331691083
1231.4954331691083
1141.4954331691083
1023.4733403196088
1023.4617454831788
1021.3926061551562
964.3835212456723
869.3352280470026
825.3344550943377
816.9358510161192
815.9358510161192
786.9358510161192
786.9358510161192
773.9358510161192
765.2724430371026
624.3413165568321
542.3537228456886
470.3990316225425
371.45656740694665
350.4917930332623
322.4745443129881
322.4729373958622
322.50528621838953
322.5069955073276
322.5069955073276
322.5069955073276
315.5069955073276
310.5069955073276
283.5069955073276
210.50699550732762
206.50699550732762
116.50699550732762
20.506995507327613
13.506995507327613
22.506995507327613
46.50699550732761
46.50699550732761
42.50699550732761
40.50699550732761
40.50699550732761
40.50699550732761
61.50699550732761
62.51662878073934
63.54774079712144
82.59758612607972
283.5550644681473
324.53547268183155
366.5679307852114
498.5537290671437
627.5267395670193
627.5220648052067
622.5163042959568
627.5083524216736
628.4785067427189
630.4800702450939
631.4800702450939
633.4800702450939
633.4858278490137
633.5014732476394
633.5021719698285
633.5021719698285
634.5021719698285
637.5021719698285
637.5021719698285
657.5021719698285
648.5086902051072
624.524571861259
629.554531419513
631.5623758262254
631.562631857784
631.5864125570437
631.587537866223
610.587537866223
609.5809155537523
652.5550644681473
897.4914253560913
811.4910570036818
802.4899478717614
894.4621711356154
858.50597169992
731.5153276279827
784.4903182638545
815.4910570036818
815.4910570036818
817.4892050314387
815.5276612949787
817.5432660628495
928.5507581724268
929.5718715059182
977.5893244797647
1044.5888794149914
1044.5893244797646
1121.6024149375316
1125.6215022860654
1125.6295493337086
1105.630975214113
1107.627751216814
1116.6241011810844
1247.6038600974773


