Rainfall Prediction

498.34561637351334
499.6259743174179
473.3068579114426
437.7777744946725
386.38562136113893
410.95283923046236
407.5418077833184
410.2067066232249
385.15752027436895
398.48531851000246
402.1058819441789
361.9449898905888
358.7774563289082
391.56942570433637
389.0529939870424
387.47897583859015
386.5363787666753
392.23555779890876
302.5539272862923
292.56401476023296
141.95785938437479
195.6467011251018
198.5849107925843
189.8107504605368
202.86096135018772
207.99521113680981
191.873493572759
198.93502188892256
203.90745892943184
215.47705018963626
213.54101278577212
213.82483761660637
215.43695696305207
214.72053667193916
200.18130547310335
335.6770219107669
300.26060266800806
300.26060266800806
296.65247738434334
302.5013121892577
272.7935711658887
307.8622782127093
295.6617236436231
332.72519624139966
336.3859834361556
363.8377672115756
409.7466699748493
408.7540075077379
454.032164089408
487.9962373938223
497.94671561583993
445.70465900057275
417.84987683491715
411.5046164447397
421.9089986204092
191.53223236435178
230.21715227745358
258.9199253246332
261.5375346784548
304.3186781449772
469.5166968151912
176.4130488204878
175.32210377116002
165.36210074259742
522.8298449730773
229.46779624645524
371.6180242326653
371.2191634214492
344.82981863494507
334.5172881740735
274.7333754322325
566.0935100156923
248.28637618191902
167.1242496871575
470.82575723379705
488.9272776699879
238.48138620561372
268.02578951845635
264.49160429143666
226.03845585056752
366.8403464772721
647.372656301302
634.8942053390964
665.0457211121874
625.34967371001
619.4074529257477
489.3488896110234
439.5443179175773
402.4672347806254
390.5550203655034
403.2529882134352
382.76458685383716
356.7192643009153
376.30682865660236
477.8424947447254
534.0609529557146
525.6301381082203
391.8528350120899
391.8528350120899
438.51864833897935
475.6803777580444
361.58755553706123
274.5992113501312
305.8961061308329
319.2625696853721
467.88957023371324
436.8674747943448
402.832282638874
409.4189099137264
417.5272134014285
477.1592713010991
425.32618793175675
200.89162388899848
332.26921097954136
326.692850397867
130.93556742035105
259.4596119100478
182.15858186655666
173.07568478914814
206.47965300518877
206.04076896984077
132.74537695610005
359.70314808638085
325.61063676623553
305.7934134162136
198.6804550166458
156.31483176759244
156.31483176759244
194.1650810084499
246.3114150926128
429.5593580331621
444.0202391121437
170.93676408802486
518.6387388248935
482.05522688234396
150.7407786146531
159.942821560229
170.64219149653513
199.54131240595524
182.07519962592727
176.96820009675704
425.5320774451679
261.0836931133448
275.8330854089328
263.07168837647987
526.0
385.90531552742766
389.9197159303925
398.54114944416204
396.98979485566355
397.55158572428263
401.6796014290188
409.7905051476186
529.0106794525419
546.0609444825292
584.0631336095047
612.8706771483679
650.8577751712115
667.0
612.621262520931
589.6507505753614
498.7918810387144
455.37160637408306
482.484642868886
479.88810449557786
482.00837190619643
474.34047057346487
463.2301903829862
450.541290395268
450.13009757273755
451.79062449113206
458.35190886797466
293.67700828229783
812.0
812.0
812.0
817.0
892.0
892.0
937.0
945.0
1000.0
1028.0
1028.0
1058.0
1096.0
1050.0
1002.0
1138.0
1150.0
1135.0
1102.0
1102.0
1102.0
1102.0
1102.0
1102.0
1102.0
1102.0
1102.0
1102.0
1102.0
1245.0
967.0
912.0
226.43137153902674
314.02981078810103
329.08336103278305
272.1862665093377
272.1862665093377
259.9630242217196
241.49827898132054
822.4077454226835
796.9105714739057
796.9105714739057
623.1845544381364
577.8394846967484
196.13141593756214
265.00428846194626
252.14483486371253
218.52460308428016
288.77742696105037
691.82634314029
216.21877328929784
163.5230495189677
704.1424945589406
704.1424945589406
201.65306028105323
204.75698820757486
199.9512305292602
151.54698942662247
868.0
151.54698942662247
754.3768616431367
648.0499584026335
647.086079144498
717.086079144498
727.086079144498
716.0
716.0
716.0
686.0
686.0
649.0
646.0
646.0
646.0
664.4510403666293
621.3531210998879
566.1394778150072
491.67236336238705
457.84040274451496
473.1759340707252
430.7597975038142
422.1194350783235
464.50256108099745
513.0193430084498
569.0009668335499
419.17348669165085
417.5722105979151
417.38719535364066
430.67772722088773
429.1449679671013
429.1449679671013
420.510518379915
182.80488943116137
187.01512172605246
635.7091548800162
627.4106966565827
624.3404455440597
623.7221944416724
191.25955184353165
173.1906192152139
301.3551927581089
323.30993854181224
171.3458684179401
200.3470165843029
196.64310812974918
273.49316652689515
289.74424441495137
309.54634444449346
293.5395147729977
293.3785555083325
286.09076855798855
138.27534682707778
137.76295327709198
291.5171369094636
235.3704240026584
170.19763696093946
153.81151814747057
155.2438396172089
156.8538167804843
116.900265141613
270.98688740147276
287.16233529532434
252.80502710539034
281.97119116436477
280.0136534991108
268.2377792955147
271.21304485975827
332.34075587428714
355.77169063432143
396.2962559632432
411.2153601699322
537.0
687.0
710.0
747.0
792.0
756.0
726.0
737.0
724.0
724.0
721.0
721.0
721.0
706.0
706.0
706.0
706.0
706.0
706.0
676.0
676.0
679.0
679.0
679.0
679.0
679.0
679.0
596.0
543.0
491.0
471.0
301.3683072123367
251.5564671638673
222.06917631371198
194.65374182660491
159.90286179939852
161.71202891818584
161.71202891818584
132.46702561501857
132.4365001423052
130.23149238164038
73.0
242.87382476243653
386.0
541.0
618.0
773.0
800.0
818.0
198.032849661964
195.68695133735756
309.398675482166
467.700910025771
482.1350397786234
482.1350397786234
562.0858951272885
577.6199603986105
572.3704305552039
591.2842712474619
176.78008524697645
182.47971965569866
204.70178795279682


