Rainfall Prediction

626.2395707714421
692.3626217525033
724.5081089953376
750.946069967744
750.946069967744
777.3506287384091
794.4287255632188
794.4287255632188
810.5343916207381
811.0770616901948
790.470745821754
783.3766654681514
764.9627441908527
772.7431656119645
772.7431656119645
730.7626153546718
673.9970326344175
556.2778082936618
524.6141439191284
518.6598114371308
560.0446410778341
601.2254152977899
593.3666657303896
566.07066696659
636.7809670522511
629.9650783972077
620.5674822289676
622.589752565845
622.8964600958975
568.2261873585201
570.4208972329117
552.029890495071
456.08332572020214
401.00997493828004
320.5869616812262
321.63954980692284
341.27994374120493
344.35011253083684
407.6125611410914
458.15063025166734
552.725067280289
704.227236053818
765.6650703799933
799.7743431743731
795.5413251365387
795.5413251365387
791.667859648224
793.2401906106372
808.915323133392
795.0735815004797
781.1107475896104
744.6844969515614
716.8932974997047
716.2401831787993
737.7621567958064
669.7462205940396
617.1742055530189
619.74994957644
614.0228008795765
617.8300737257778
617.8300737257778
611.4180239410676
638.4449858836704
676.1331229868864
678.6265541518399
678.6265541518399
677.4953874381729
663.5020723403959
656.4739141809064
539.6943579471625
412.48636341096176
381.02362131500456
328.0243893371345
279.28480087537883
285.87759618410115
282.4553061990516
282.4553061990516
280.73475025368697
287.55521208978286
262.910631203837
269.6256664340396
297.0925781637771
332.7100840070827
327.90242451070714
370.1891408455953
341.1011580162108
335.13579337337274
337.07862584269566
352.9178374636227
351.4711936987155
320.0249990235138
319.3305497443049
317.7042650012744
309.44466387385
296.24989451474914
308.3212610249251
346.54581226729607
359.83468426487184
351.4996443810434
348.6430839698387
369.59978354972014
373.9919785236042
380.2052077497098
402.69591505253686
395.58058597459
378.3331864904267
390.4561435039792
390.4561435039792
390.4561435039792
369.33453670080735
383.98046825326935
401.24805295477756
384.135392797904
322.7785618655613
302.17875504409636
284.22702193844975
287.7811668612107
289.0795738200816
278.044960393099
244.36448187083164
242.56545508377732
288.0833212804934
288.0833212804934
288.62432329933665
365.74171214123226
412.0825160086266
411.6126820203673
407.49233121618374
400.53089768456067
402.30709663141664
400.89400095287033
407.92646396133705
475.131560728184
467.2526083394292
411.2079765763305
434.99655171047044
434.99655171047044
457.1345534960139
493.39639236621906
494.4835689888998
495.56836057198
503.98809509749333
483.3518387262016
477.98535542420126
477.98535542420126
477.98535542420126
478.91752943487046
452.0829569890907
459.67597283303814
454.40730627928946
455.6149690253822
450.4264645866182
425.2810835200644
425.2810835200644
441.88686334852724
399.9687487792015
434.652734950558
532.4021036772864
511.22010915064754
581.5333180480719
615.4510541058485
628.7288763847259
847.4638635363752
1007.2983669201494
1012.0039525614512
1009.8039413668378
984.5146012121912
984.5146012121912
973.3601594476733
1035.5988605632974
1088.5494935922757
1125.0155554480125
1127.3375714487654
1142.0915024637911
1304.22160693649
1312.179103628769
1437.6265161717072
1481.1910747773227
1513.5864692841305
1499.8319905909461
1522.351470587525
1514.0937883764004
1511.7261656794858
1563.5584415045062
1578.3792319971776
1554.849831977352
1540.0178570393266
1414.8915152759946
1333.907418076682
1320.9746401804994
1205.6749147261878
1162.4048348144463
1157.4497829279678
1006.2912103362526
801.0617953691213
812.6069160424369
817.6857587117437
827.7499622470544
838.1229026819396
816.5414870047939
725.5845918981466
666.2431988395829
709.709799847797
684.9532830784885
663.3626459185051
426.7469976461463
551.3374647164837
401.3875932312806
474.9399962100476
461.4390533970873
467.9989316227121
486.8778080791935
507.67903246047103
557.0637306448878
497.25848409051804
486.8264577855234
502.7922035990614
504.38080851673965
505.9644256269407
514.7426541486532
529.1502622129182
600.0374988281982
589.7117940146695
638.482576113084
637.5405869432941
819.0482281282342
796.7935742712789
806.3808033429367
794.2531082721679
863.2357731234266
985.3324312129384
1016.1436906264782
1034.6004059539123
927.3359693228771
927.3359693228771
941.0164716943057
992.7577750891705
943.1574629933223
1041.260294066762
1054.7037498748168
1041.8253212511204
1151.788174969686
1135.4946058876722
1111.1597544907752
1095.6760470138972
1235.8798485289742
1229.4116479031748
1233.2477447779906
1230.9447591179712
1228.637456697459
1215.6356362002555
1223.0412912081097
1163.262653058199
1095.1164321660049
1063.7725320762893
1033.3624727074232
925.0297292519847
1004.2250743732702
979.8928512852821
978.8564756898735
829.7626166561133
763.3557493069663
744.5266952903704
733.0893533533276
733.0893533533276
733.550270942626
708.7143289083409
655.8688893368857
649.719939666315
586.320731340791
511.2768330366632
511.2768330366632
374.3527747993863
348.7749991040069
354.0480193420096
324.49036965678965
225.9690244259155
253.23901753086943
229.51034835057
247.48737341529164
276.88445243458506
346.8717342188608
323.9444396806341
364.5874380721311
412.46818059093965
416.68693284047197
490.73618166994777
495.08181142110243
469.1652161019613
470.34136539326414
470.34136539326414
470.34136539326414
470.34136539326414
470.34136539326414
479.4163117792301
515.8333064081845
533.5241325376013
551.8496171965693
564.5192645074214
560.6745936815757
560.6745936815757
560.6745936815757
560.6745936815757
572.5600405197695
578.7901174000814
608.033716170411
608.6378233399564
664.6773653435176
914.8710291620343
919.6792919273544
967.8326301587481
1072.9883503561443
1123.159828341452
1142.5747240334
1130.4525642414192
1104.7357150015564
1156.5370724710904
1143.6363058245397
1117.2143930329576
1016.6562840999902
1014.7216367063432
1016.6562840999902
1019.872541055989
1019.872541055989
1038.1960315855576
1026.2748169959157
983.5481686221575
947.0432936249535
906.8406695776276
876.6983517721475
897.3293709669822
899.8749913182386
924.9459443664803
967.4941860290428
956.2426470305536
925.9200829445272
907.8854553301314
906.2781030125356
883.5383409903613
565.3317610041028
576.1666425609868
581.9690713431428
544.8164828637254
457.15642836998364
454.3049636532711
453.49310909869405
432.416465921454
373.21977439573055
323.6016069181363
352.69250062908907
356.7057610972943
371.14821837104375
373.2077169620157
374.0868883027043
374.0868883027043
338.7535977668724
340.0823429700519
342.1110930677344
359.86108430893165
387.2660584146253
390.6404996924922
387.23636192899033
388.37095668960626
376.87133082791
355.7302348690648
370.8368913686987
392.74801081609564
407.7094553723276
448.2867385948418
441.73408290508894
427.19199430700945
436.7630936789417
502.9294185072096
518.6906592565554
656.4571577795462
703.3505527118039
735.3570561298776
827.0380886029374
874.5627478917679
895.954797966951
922.9951245808398
947.1129816447454
970.70335324444
1125.1799856023035
1304.5934232549234
1355.3840784072977
1471.116922613563
1603.3402633252867
1659.8569215447458
1641.9119952055896
1576.3882770434448
1568.8706128932367
1570.6852007961365
1609.8695599333507
1634.4491426777402
1700.944443537178
1735.1181515965995
1703.6883517826845
1706.1957683689172
1705.8449519226535
1737.3082628019704
1788.8253128799358
1776.952447309719
1706.7433902025225
1680.982450830466
1562.485519932905
1505.240844516252
1496.3021085328992
1419.329419127216
1369.4166641311183
1301.4914521425026
1260.0007936505438
1240.372927792283
1166.438596755097
1019.3027028316956
888.7789376442266
840.9090319410299
717.5959866108506
545.21922196489
403.45755662770773
347.36580142552896
349.5969107414995
364.4420392874565
341.363442682429
277.53378172755833
270.8966592632696
248.62622548717582
241.73952924583932
346.8054209495578
455.7916190541463
449.7910626057392
415.73308744914686
378.378117760528
372.61776661882345
373.4461139173897
374.5477272658319
372.72509977193647
372.72509977193647
357.35696439274835
345.75135574571505
329.12611564565947
329.12611564565947
331.53732821508953
337.88311588476864
341.01173000352935
340.7389029741101
383.78900453243835
567.1349045862016
583.5751879578157
594.090902135355
637.1153741670342
629.8301358302888
626.5333191459174
591.4051065048391
686.0692384883613
685.6019253181835
723.7195589453141
780.397975394606
763.4539933748464
681.5027512783789
583.5066409219351
569.7359037308427
602.5686682860303
586.4622750015554
594.3467001675033
590.9856174222855
597.6888822790667
631.445959683012
660.9599080125813
744.8221264167707
757.7954869224282
783.3045384778516
826.1065306605439
929.9161252500141
951.4441654663715
1075.376213238883
1083.668768581987
1070.181293052724
984.7233113925962
1023.2096559356738
1005.7912308227786
962.3621979275786
953.5900586730128
927.5694044113357
869.7367417787982
796.8588331693387
855.0508756793364
942.0222927298483
895.4563082585325
939.5695823088357
957.1285180162589
934.2285587585085
945.2999523960635
944.0995710199217
1038.9475443928823
1081.7887963923456
1118.9155464108987
1145.1742225530577
1142.1212720197448
1086.998620054322
1018.8066548663686
1002.2404901020514
993.7791505158477
971.8662459412818
894.4238368916607
866.5933302305067
711.8623462439912
705.7166570231993
758.1319146428278
781.1606748934562
721.8365465948646
712.1888794414022
735.2142544864048
745.8149904634527
772.9941785033054
772.9941785033054
758.1556568409947
695.7226458869942
628.9674077406555
686.0757975617563
649.7661117663802
680.235253423402
692.0317911772551
721.9307446008931
702.7488882951008
590.8561584683704
556.8653338106081
505.6846843636853
486.2221714401761
506.90137107725405
505.9268721860898
507.54999753718846
509.16794871633465
522.097692007923
525.3684421432258
594.22554640473
653.878429067667
657.2693511795602
731.2099561685412
682.102631573871
651.4905985507389
659.890900073641
660.3620219243381
636.5846369494004
616.5711637759262
569.2626810181746
569.2626810181746
522.0919459252365
578.1643364995804
502.4440267333268
540.9399227270992
571.335278098596
576.4199857742617
525.6424640380569
507.81886534472113
507.81886534472113
551.4399332656278
522.5169853698538
536.8817374431728
535.012149394759
518.5267591937759
518.5267591937759
514.6309357199584
510.7053945279999
500.12798362019294
497.8554006938159
456.47562914135955
416.2054780994599
561.4018168834156
497.2041834095928
493.3153149862672
498.76647842452286
483.54730895745865
481.6886961513629
481.6886961513629
481.6886961513629
481.6886961513629
481.6886961513629
481.6886961513629
383.16054076587795
363.6468066682286
178.4936973677222
132.5707358356285
164.24067705656842
197.66638560969338
198.6932308862081
208.22824015968632
174.85994395515516
180.23595645708434
177.78920102188434
180.208212909401
181.86533479473212
181.86533479473212
183.50749303502567
185.13508581573618
198.5547783358537
198.5547783358537
198.5547783358537
220.94795767329464
202.58578429889891
347.154144437309
343.71499821800035
356.7183763138647
360.9487498246808
376.82887362833543
380.2052077497098
435.03448139199264
531.3642818255664
600.0799946673776
600.0799946673776
611.6992725187762
609.6818842642448
609.6818842642448
611.9869279649689
657.2548972811081
648.2900585386143
647.4689181729112
721.2433708534172
761.4532158970767
914.7502391363448
933.2180881230282
933.4291617471569
963.9761407835776
1036.412080207482
1102.0068057866067
1099.6558552565434
1243.19266407102
1243.9220232795944
1243.9220232795944
1201.3642245380875
1150.499022163861
956.9681290408788
969.3090322492616
934.6657156438338
924.9275647314226
916.8456794902837
908.6715578249382
882.5678444176402
829.9066212532588
783.2170835726197
783.2170835726197
767.2476783933595
764.0137433318854
770.7723399292427
814.1959223675834
802.6300517673133
861.0778129762722
878.2795682469222
905.5357530213813
873.4758153492288
692.866509509588
654.5838372584524
709.3546362715902
642.3332468431009
437.7944723269128
196.468827043885
323.33419243872123
676.1656601750786
761.2489737267302
975.1922887307918
999.2747369967881
993.4787365615833
1119.9687495640223
1113.4873147009803
1112.4432569798785
1140.2666354848764
1146.3140930826944
1146.3140930826944
1161.443067911639
1232.1647617100564
1257.660526533293
1265.3635841132777
1269.4920243940094
1271.6131487209466
1265.1086909827154
1218.5909896269543
1176.6031616479704
1092.5918725672454
1070.2060549258726
945.6124999173816
945.6124999173816
890.2673755675876
896.8567332634572
780.4985586149406
769.9350621968063
769.0565648897356
752.9223067488438
700.554066435989
546.1867812387993
476.0556690136144
498.79755412391506
583.0891870031547
656.4876236457166
542.392846560498
560.0
607.8322136905874
596.6908747416874
637.8087487640789
722.4956747275377
743.1547618094094
678.1695953078404
649.3797040253106
642.7192233005015
639.1040603845355
687.0262003737557
698.7631930775976
729.7547533247043
725.073789348367
743.4729315852729
780.9481416841966
780.9481416841966
801.9102194136199
817.3713966123356
866.8506215029207
936.0288457093617
953.6493066111882
1105.459180612292
1146.547862062461
1133.8588977469815
1054.1830960511556
1027.8185637552963
1005.9920476822866
943.7944691509905
928.0624978954812
897.4463772281885
882.3514039202295
853.2736958327029
877.9231173627904
847.1505179128441
781.5983623319588
826.4078896041591
832.0877357586759
850.4351827152966
902.5347638733923
944.5845647690841
950.5745630932904
961.4676281601996
939.8084911299749
983.3717506619763
959.2497068021444
904.3892967080051
904.3892967080051
911.5558128825684
898.2900422469348
850.6256520937985
776.962032534409
762.0393690617303
627.3563580613494
580.7899792523972
568.8382898504635
565.8109224820603
553.3190761215449
482.5183934317945
482.14935445357594
453.0728418256826
458.7482969995638
560.3124128555426
591.9510114865925
592.2330622314158
594.2701405926433
570.2683578807437
302.3524433504714
252.90314351545732
251.3961017995307
236.98945124203314
142.98601330200097
165.1211676315305
177.08754896942924
184.83506160899236
178.6840787535364
314.46780439339096
365.606345677971
426.0528136276065
418.28220139040104
490.94704398743454
519.4689596116403
528.5319290260524
539.8138568062143
578.3701237097227
578.0121105997694
583.7139710508907
596.4067404045666
760.5123273162638
793.2546879785835
797.4490579341103
870.2137668412284
924.5782822454787
1030.7696153845436
1083.2543560955571
1195.361033328425
1218.8584823514173
1212.4949484430854
1214.6406876109495
1226.8300615814726
1225.7022476931336
1229.636125038623
1229.636125038623
1203.1608371286027
1189.546131934361
1178.7858159988184
1175.5526359972148
1085.4644167359886
1052.4029646480478
1003.7160953177945
1011.4998764211491
926.3233776603072
1022.8489624573122
1070.9131617456198
1064.030074762927
1051.6929209612472
1091.0380378336954
1186.9919966031784
1226.8300615814726
1141.6102662467608
1121.2024794835231
1177.8505847517333
1178.0797935623884
1119.9553562530964
1011.4346246792227
911.9210492142398
772.0544022282368
775.9768037770201
789.2946217984764
785.060507222214
789.7531259830505
807.5047987473511
857.1866774513006
866.7450605570244
869.186976432574
881.7267150313639
913.2951330210842
958.3746657753428
940.973963508024
912.3288880661403
915.0868811211316
913.0235484367312
985.7058384731217
895.8437363737048
903.1456139515931
905.4137175899203
897.5026462356532
850.6291789022994
780.3845206050669
746.4388789445522
717.6085283774155
715.9720664942173
688.2673899001753
592.5487321731437
597.7825691670844
592.0067567181983
612.0
609.3274981485737
648.0779274130542
731.704858532455
730.0794477315466
701.2702759992042
683.4668975158928
633.2487662838357
623.3746866853032
618.9377997828215
624.783162385159
662.8204885185731
618.3146448209035
689.8412860941276
696.1702378010712
692.8289832274628
681.248853210044
657.5636851286725
696.3691549745723
687.9411312023726
720.4984385826245
718.9937412801311
718.9937412801311
718.9937412801311
718.9937412801311
729.3353138303396
772.999353169199
741.8315172598155
751.4745504672796
762.8735150731083
811.4690382263516
777.7975314951829
778.4985549119535
782.7643323504208
768.5974238832706
768.5974238832706
802.509813024115
814.2511897442951
815.4753215150046
820.7587952620429
820.7587952620429
811.1029527748003
801.4443212101512
907.870585491126
861.0284548143575
953.0655801150307
1000.5243625219728
1097.445670637048
1124.5505768972776
1014.39489352027
938.5520763388679
878.7183849220409
885.3027730669322
911.6254713422612
929.0990259385702
968.548914614022
946.4433422027967
894.8418854747468
912.7299710210025
933.4773698381766
911.3682022102812
891.2244386236275
913.7658343361279
950.8901093186321
957.5343335880965
953.5627928982967
962.2785459522622
1042.3099347123195
1064.2462121144713
1063.3367293571685
1059.3866149805744
1060.207526855002
1047.025310104775
1020.2725126161147
938.0047974290964
938.0047974290964
855.0350869993582
880.6560054868189
822.3405620544326
812.6499861564017
851.8239254681686
867.422619027196
893.5513415579431
885.1610023041006
854.5232588993701
849.8323364052465
818.2047421030998
807.812478239845
799.6442959216304
795.9648233433435
815.4041942496984
786.9841167393406
787.9365456684948
849.4704232638121
851.0135134062208
832.6037472891892
776.1906982179057
762.3850733061345
691.3667622904647
648.9052319098683
682.8601613800588
682.8601613800588
690.5186456570162
691.7868168735221
676.4118567854943
634.9724403468232
685.422497442271
657.0205476238929
610.7045111999747
581.451631694331
471.15814754708424
432.33551785621313
415.5646760734122
477.2944583797302
485.5429950066214
487.2617366467431
478.38791790763275
581.230591073801
603.3241251599343
610.1803012225157
601.3152251523322
548.3794306864545
548.3794306864545
531.8082361152373
434.24417094533345
387.2983346207417
410.0609710762535
424.74109761123896
428.08293588976426
565.7879461423688
637.7099654231538
575.6422500129746
588.2031961830877
590.9619277076993
590.9619277076993
590.9619277076993
593.90571642307
567.4345777268072
567.4345777268072
558.8148172695495
518.3203642536149
518.3203642536149
518.3203642536149
518.3203642536149
527.9990530294539
648.1357882419393
721.2038546763322
716.7056578540454
634.5667813555954
622.2539674441618
621.5464584405578
644.0108694734896
644.0108694734896
644.0108694734896
633.6229162522454
634.2909427068938
701.503385594111
663.1870022851775
784.0102040152284
806.6920106211539
809.5307282617504
850.2823060607577
851.4305608797466
866.2332249457994
1004.6690997537448
1120.8211275667495
1271.0373715984908
1337.2120250730623
1342.9538339049484
1409.6116486465341
1411.0900042165986
1411.8286014952382
1411.8286014952382
1415.210231732374
1416.2231462590914
1381.1245418136627
1249.0956728769818
1230.4023732096748
1232.146906825643
1232.9148389081868
1300.4737598275483
1305.5688415399627
1289.4184735763638
1290.40691256673
1334.371762291154
1335.1112313211959
1494.8471493768184
1434.1924557046032
1442.7026720707215
1310.0519073685591
1286.1290759484446
1143.5938964510085
1028.5164072585328
1034.5839743587758
1003.1131541356638
934.1370349151135
858.9208345359891
694.8265970729675
611.2642636372586
675.9881655768835
633.4855957320576
643.1663859375738
669.8656581733385
679.5469078731799
712.1966020699622
746.0831052905568
722.0969463998584
722.0969463998584
696.8514906348411
695.082728889159
700.0
637.9357334402894
659.9401488013895
649.4697837467113
648.4134483491224
651.4944358933543
650.7995082972943
517.5712511336
503.3885179461288
468.950956924069
467.0171303068015
465.0752627263678
476.60780522354014
476.60780522354014
471.3119985741929
470.5124865505697
421.8518697362855
388.3954170687394
399.16663187195394
454.9461506596138
435.08275074978553
539.3329213018616
526.4978632435274
511.3570181389906
511.6707926000858
475.44715794712664
434.81030346577575
410.4996954931879
411.4996962331807
376.72669138249285
377.6466602526759
384.0247387864485
359.972221150466
348.7936352630306
350.23991777066186
362.067673232505
407.89704583387214
421.42615011410953
406.7062822234247
428.08877583977835
441.7691704951807
468.8603203513814
468.8603203513814
459.8912915026767
466.2349193271564
473.9831220623789
473.9831220623789
474.4786612693979
496.9758545442625
479.01983257481106
391.72694571601784
350.33269901623515
267.0093631317074
267.0093631317074
409.2761903653815
482.76702455739456
585.5903004661194
763.1972222171671
835.3945175783715
900.3582620268445
945.6394661814829
946.3181283268328
982.8850390559417
1007.9702376558546
1022.7707465507605
1031.4625538525381
1098.739732602767
1051.249256836836
1060.6733710242754
1046.9995224449722
1063.879692446472
1055.7343415840937
1035.213021556433
1079.6416072012046
1115.407100569115
1135.3642587293295
1160.2361828524397
1176.1164908290334
1175.6487570698996
1153.6897329871667
1152.497288500064
1144.1153787970861
1127.652428720836
1123.5443916463648
1124.273098495201
985.0258879846763
887.2344673196595
760.2959949914243
399.2893687540403
316.30365157550744
299.1521352088265
338.43315440423385
337.5692521542802
315.897135156367
306.7523431043356
289.32334852202996
276.43986687885666
250.24388104407268
336.5754001706007
333.32266649599455
330.52080116083465
302.50950398293276
298.62183443278224
294.24479604574145
263.7043799408724
234.82759633399138
243.74371786776373
222.4320120845918
368.0108694046957
406.2905364391349
410.08291844455067
410.08291844455067
440.2238067165382
457.6155591760403
597.7005939431548
624.767156627171
743.217330260806
767.1518754457946
892.6062961911035
904.4998618020901
902.5668950277314
903.7610303614557
919.718435174592
941.3803694575323
941.4934944013155
949.7110086757971
949.7110086757971
949.7110086757971
922.4331954130879
884.8180603943389
863.2496741962896
857.5167636845358
857.5167636845358
858.7351163193456
852.62594377605
845.4797454699906
837.255038802395
816.0882305241266
796.5494334942433
639.7601112917247
604.4468545703584
619.1574920809729
619.1574920809729
588.1895952836976
620.0862843185616
518.8121047161486
516.7494557326597
377.7300623461151
363.90932936653326
270.9058877174876
278.7023501874356
266.98314553544384
265.63132345414385
248.64432428672086
230.94588110637523
238.94769302087852
267.80963388197966
290.08274681545606
290.08274681545606
297.3112846832424
297.3112846832424
297.3112846832424
299.4795485504812
337.7987566584578
386.81778656106286
407.7719951149171
413.245689632693
418.85558370397786
413.08594747340413
413.08594747340413
422.5636046798162
445.24150749902014
440.90815370097204
466.04720790924176
466.04720790924176
421.6040796766559
347.6636305396353
303.051150798013
294.8219801846531
300.33314835362415
360.27767069303644
312.5283987096213
338.4553146280909
360.99861495579177
321.74057872764513
304.88194436535593
326.87612332502965
556.273314118159
586.5492306703675
587.7958829389672
569.85612219226
578.5386763216441
625.6492627662883
622.6644361130641
604.1034679589251
575.4997827975263
569.7157185825225
565.8559887462534
548.7048386883425
548.7048386883425
550.1545237476467
575.0826027624206
695.4351155931083
786.6193488594087
815.6469824623886
815.6469824623886
818.114906354847
842.3965811896437
835.3047348123916
828.9885403309264
863.9166626475032
781.9936061119681
792.561038658853
671.8102410651388
673.2867145577729
671.7142249498667
635.0275584571114
660.9084656743322
631.2432177853477
622.6427547157358
692.7380457286866
692.7380457286866
695.0323733467384
680.418988565134
681.9406132501568
681.9406132501568
681.9406132501568
659.7954228395344
695.4854419756031
758.6850466432036
776.6871957229629
791.530163670343
827.8695549420814
751.8816396215564
679.4850991743675
628.4982100213174
701.7691928262454
704.6871646340666
706.5861589360494
745.6312761680534
749.6639247022629
716.4684221931906
651.5335754970729
559.0420377753359
558.8488167653217
559.8714138085637
551.4934269780556
535.9514903421764
466.49437295641627
458.8027898781785
496.90542359688527
506.88460225183405
518.5229020978726
522.0632145631408
529.5753015388841
544.2729094856734
548.8005102038445
548.8005102038445
548.8005102038445
510.59964747343884
451.7233666747825
432.4511533109838
414.8541912527822
349.0501396647765
349.0501396647765
378.3331864904267
380.01842060615957
344.71582499212303
341.0513157869355
334.91342164804325
342.35653929784957
359.0
362.97796076346015
383.1853337485661
384.1210746626641
393.78166539340043
386.685919060935
381.69621428565415
388.0064432454698
338.1730326327042
422.1089906647334
379.70646557571285
309.916117683479
329.34480411872295
326.8210519535117
322.8498102833576
291.2730677560148
421.6159389776435
456.57858031230506
556.4521542774365
612.3136451198847
649.793813451621
659.8272501193021
721.6522708340908
721.6522708340908
721.6522708340908
706.3157933955604
796.8839313224981
822.3721785177318
823.0504237287045
839.5760835088146
826.4115197648204
824.9048429970575
837.6037249200841
881.3251386406722
961.979209754556
980.3346367440049
1011.1379727811631
1012.2608359508927
986.0811325646587
969.0108358527267
814.7834068020777
879.724957017817
993.3720350402461
1004.1563623261071
1016.2972006258799
1040.1346066735787
1046.3173514761188
973.0642322066925
947.6813810558905
916.1681068450266
870.7984841511841
838.5988313848285
827.3620730973834
750.2319641284288
750.2319641284288
753.5515908018508
862.4430415975306
823.5581339529105
791.8282642088498
791.0752176626443
748.3815871599194
707.7782138495081
696.8299649125316
668.1347169545974
724.9993103444996
649.0708744043288
612.8988497297087
569.4655389046821
872.7834783037544
872.7834783037544
872.7834783037544
884.6880806250302
831.9783651033241
668.321778786237
626.2459580707887
597.4847278382938
556.0773327514798
548.4906562558746
540.7975591660894
540.7975591660894
516.981624431662
513.2017147282343
512.85670513312
519.7133825484966
534.4885405693933
569.9210471635523
579.7430465300986
536.6432707115594
524.3319559210559
523.1443395469362
523.1443395469362
523.0315478056749
523.0315478056749
523.6296401083499
523.488299773739
445.69945030255536
526.7257350842087
675.9881655768835
696.040947071363
481.69907618761323
484.11362302666095
694.2535559865718
808.147263807779
861.3802876778642
911.3989247305485
935.4057942946473
978.7961994204923
979.5172280261332
982.5487265270868
1161.0331605944768
1223.0134913401405
1249.494297706076
1250.8429157971837
1245.8250278429953
1234.6011501695598
1209.5420621044975
1297.7025853407245
1296.796051813854
1216.7826428742317
1204.4915939930838
1214.1663806908837
1224.1731903615598
1223.4704736935828
1275.4058177693876
1276.9232553289958
1272.9607220963262
1263.4999010684567
1224.0138888100903
1108.160638174809
1089.74217134146
1086.2605580614625
1110.828969733865
676.2477356708856
596.2952288925344
609.9672122335758
591.9763508789857
582.7726829562278
523.2064602047647
524.1927126544207
522.4136292249658
435.7889397403289
420.5639071532411
411.91261209144835
409.4728318215996
409.4728318215996
430.21854911196004
434.5238773646392
324.70910058081216
328.2499047981583
362.2305895420761
366.1679942321557
381.6215402725585
369.9932431815478
367.72680076382795
337.18837465132157
334.14368167002647
334.14368167002647
335.9880950271899
326.34644168429355
324.764530082951
323.8116736623311
317.0615082282931
306.8256834099779
287.0714196850672
258.64647687529015
228.0065788524533
228.0065788524533
228.0065788524533
228.0065788524533
225.33974349856706
225.33974349856706
209.58769047823395
214.94185260204677
218.1742422927143
224.4994432064365
255.14701644346147
231.0735813545114
283.41665441536776
334.71181634355247
309.2862751562054
266.71520391608726
277.77328885261807
242.49536078036627
249.4954909412192
311.39685290638374
331.2853754695489
345.5662020510687
352.81156443631494
377.51688703950714
402.8138527905911
416.74812537070875
416.74812537070875
416.74812537070875
385.67991910391186
394.44264475332784
472.211816878824
472.211816878824
472.211816878824
472.211816878824
472.9355135745253
493.2484161150444
506.1136236063993
630.4601494146954
825.2926753582634
891.9994394617073
895.5422938086174
880.502129469316
885.3344000997589
957.2878355019456
906.8847776867798
908.0473555933082
924.8080881999249
911.2628599915614
911.5623950119926
996.3352849317342
1079.410950472525
1106.388720116036
1087.67826125192
1076.1802822947463
1085.2511230125497
1085.824571466312
1094.9780819724201
1117.2936051011839
1190.8156868298302
1226.6833332201102
1218.484304371624
1106.746583459827
1106.746583459827
1125.4918924630244
1146.6978677925586
1306.9032098820478
1373.408169482037
1399.8899956782318
1305.3857667371742
1108.8169371000788
1060.3461698898147
1057.94990429604
1097.4288131810647
1098.0218577059384
1024.539896734139
1079.875918798081
1087.7872034547934
1071.8162155892212
1090.8730448590247
1142.6810578634793
1022.7316363543273
780.3749098990818
638.0909026149801
633.9518909191769
633.9518909191769
614.2800664192189
577.3525785860837
502.04382278840956
470.6548629303643
446.11657669268465
460.54967158820125
460.54967158820125
481.7841840492483
493.3822047865123
505.9189658433453
508.8339611307406
452.1614755814564
418.7982807987635
389.26469143758726
388.0386578680016
388.0386578680016
383.32753618804895
377.21346741599774
314.11781229341324
302.4797513884194
283.3266665882334
245.10813939973517
221.10404790505305
220.54024576026936
227.04184636317598
258.62134482675634
288.1076187815935
274.69983618488016
282.2977151873532
282.2977151873532
282.2977151873532
282.2977151873532
335.3192508640087
335.5473141004112
481.0758775910511
552.295210915322
575.5623337224214
587.2299379289173
576.9133383793445
574.5389455902881
523.7747607512222
494.8484616526558
494.8484616526558
492.8650931035794
502.21111098819785
513.9260647213761
513.9260647213761
561.9857649442733
562.6473140431757
587.2341951896194
626.1693061784488
893.2401692714004
925.120532687498
925.120532687498
925.120532687498
916.0016375531214
910.8018445304116
887.4885914759693
903.9159252939402
902.0227269864102
927.9008567729636
940.801785712591
940.801785712591
954.4307203773357
970.8552930277509
830.5720919944276
747.0702778186267
912.0734619535863
997.9478944313676
950.5051288656995
918.7665644765268
987.5575932572236
979.1526949357797
1089.4282904349418
1108.9779078052006
1095.9835765192834
1096.988605227967
1201.5073865773777
1135.9762321457258
1139.3664906429362
1122.8036337668311
1169.1920287104253
1068.204100347869
1133.9841268730352
1175.8367233591575
1210.2363405550175
1258.7807593064013
1238.2956028347996
1238.2956028347996
1236.368472584124
1239.5337833233914
1235.0198378973514
1236.7461340145762
1258.320706338412
1174.3696181356192
1131.9456700743194
1212.3638067840857
1273.7252450980156
1197.1340777039136
1126.0102130975545
1148.0304874000517
1154.9883116291696
1123.729504818664
1123.729504818664
1092.6188722514362
1080.4869272693677
1222.9399004039406
1257.2302891674221
1188.7405099516043
1207.2166334175486
1215.0999958851123
1200.0049999895834
1069.6027299890366
961.5237906573087
890.4459556873735
904.4512148258744
875.8435933430123
828.6398493917608
786.071243590554
786.071243590554
762.7109544250692
770.7632580760451
749.6892689641489
749.6799317041907
719.3371949232154
593.8989813091112
592.2651433268718
551.8224352090082
515.8362143161335
424.72226219024594
424.72226219024594
408.8569431965171
403.6483618200376
395.1607267935416
423.94811003234815
395.3315064600847
441.87554809018343
346.17047823290767
287.9722208825011
285.99300690751164
267.53317551286983
249.42333491475893
249.42333491475893
249.42333491475893
356.7982623276072
341.8332927027442
315.7213961707379
360.27767069303644
374.05347211327955
461.87877197377236
470.43809369565304
501.63333222584004
470.43809369565304
586.296853138408
553.1871292790532
552.7133072398384
552.7133072398384
572.4037036917214
587.482765704663
599.8366444291312
606.1534459194305
606.1534459194305
607.6018433151762
607.6018433151762
640.4139286430301
638.278935889318
622.1173522736688
569.1071955264667
563.1101135657217
562.6952994294514
553.9124479554508
560.983956989859
560.983956989859
560.983956989859
560.983956989859
329.99393933828543
329.99393933828543
314.73163171184433
300.4962562162797
365.2122670447968
352.113618026909
375.9827123685343
352.9490048151432
431.047561180898
256.81121470839236
261.07470195329154
267.79096325305676
275.7390070338254
269.3993318477238
447.6337788862677
511.50268816497925
518.968207118702
566.3320580719407
634.2854247103586
682.4705121834935
658.271220698581
649.2164508082031
694.9129441879752
697.4482059622779
697.4482059622779
697.4482059622779
697.4482059622779
682.4690469171477
682.4690469171477
683.981724902062
683.981724902062
683.981724902062
683.981724902062
683.981724902062
683.981724902062
640.815105939303
611.6592188465731
581.6347651232687
569.665691436653
449.3072445443096
313.89010815889054
287.5413013812103
244.1188235265769
176.737092880923
192.37463450257678
174.82562741200158
48.342527861087284
51.93264869039514
50.3189825016365
233.9871791359518
403.0322567735739
526.0817426978435
612.3013963727341
614.4900324659466
689.4889411730982
701.4271166700073
709.2742769902205
835.4878814201916
867.4180076525965
915.245868605808
955.6542261717885
959.17933672489
959.17933672489
959.17933672489
959.17933672489
972.5852147755486
1006.3344374510891
1074.4584682527286
1093.3210873297926
1093.9442398952517
1153.9718367447274
1156.9209134595155
1156.9209134595155
1139.7100508462668
1075.726266296403
937.6219920628995
936.8948713703155
934.7101154903588
882.1978236200767
966.9632878243103
960.8340127201992
859.2438536294571
799.6824369710766
745.5011737079963
708.6988076750235
693.6620214484861
702.3332542319208
703.4216374266575
530.0047169601418
542.2453319301145
414.62272007211567
511.233801699379
663.6030439954295
861.8329304453387
884.954236104896
896.6604708583958
919.3095235011981
911.498765769872
869.7528384546957
862.7369239808854
866.0456108081145
934.237657130133
999.3197686426503
1029.6601381038308
1069.9742987567506
1078.3320453366857
1092.4641870560333
1092.4641870560333
1088.9242397889764
1129.9845131682116
1097.8670229130666
1117.870743869791
1144.4946483055305
1193.8241076473535
1303.2869983238534
1343.363688656203
1280.4608545363658
1301.3838787997952
1339.5297682395865
1288.2247474722724
1219.670857239772
1219.670857239772
1129.5078574317224
1022.5918051695896
867.0
942.7831139769104
1050.480842281286
1077.7652805690116
1067.6235291524818
1079.6874547756865
1070.710044783367
1064.4505624969156
933.1666517830564
852.2323626805074
793.3851523692639
704.4891766379382
684.1491065549965
655.3167173207166
655.3167173207166
655.3167173207166
629.6665784365564
617.608290099801
595.7180541162069
575.1877954198959
540.6403610534455
449.4874859214659
386.7195366153616
386.9573619922484
289.2680417882349
117.881296226331
92.15204826806618
124.25779653607253
184.30409653613236
184.30409653613236
175.72706109191037
170.9444354168921
144.0416606402467
99.20685460188726
91.20855223058855
83.42661445845684
71.15476090888086
95.0789145920377
182.09338263649232
194.9256268426499
207.24864293886222
241.92560840059906
271.56951228000537
271.56951228000537
270.48105294086685
298.95651857753495
307.4508090735817
297.5701597942912
308.186631767181
381.78658960209697
405.82138928351225
408.1470323302621
447.24378139891445
447.24378139891445
431.7869845189871
468.0544840080052
455.6808093391689
464.9193478443331
461.7141973125799
453.0562878936788
454.87360881897735
462.4499972970051
459.0370355428851
459.0370355428851
459.0370355428851
451.3092066421867
450.93791146897377
466.6369038128039
522.4700948379725
492.64591747014407
489.89794855663564
517.3006862551025
510.95988100828424
515.8342757126557
583.2409450647306
594.6889943491472
580.8571252898599
575.9383647578967
575.231257843313
568.8189518642993
541.7951642456769
515.7993796041247
526.2128846769148
490.613901148347
490.613901148347
508.41813500307006
450.8469806930063
425.2093601980088
417.4613754588561
417.8396821748743
419.53784096312455
443.5200108225107
452.74717006293923
458.91611433899334
458.91611433899334
458.91611433899334
463.24939287601876
689.5266492311954
821.9184874426418
782.7937148444665
756.000661375372
767.4757325153676
821.9349122649554
814.5851705009121
801.6695079644728
739.6323410992788
724.8999931024969
719.8958257970385
718.4545914669903
718.4545914669903
717.0104601747453
660.3188623687802
659.7954228395344
647.7823708623137
621.075679768577
627.2638998061342
579.7007848882042
586.148445361753
592.7140963398796
592.7140963398796
604.9925619377482
609.0303769107088
565.6173618268803
631.5219711142281
678.3067152844648
750.8315390285627
870.7255595191863
849.2031559055819
824.1431914418756
777.7062427420781
843.2188328067632
842.3965811896437
860.734570004017
889.7977298240314
879.9886362902648
874.2288030029667
874.2288030029667
885.2954309155785
907.0237042106452
909.7032483178237
943.8453263114671
959.1934111533502
968.6624799175407
971.1719724127133
959.7457996782273
948.3585819720303
942.2016769248503
936.8329626993277
924.3246183024663
916.7376942179262
916.7376942179262
909.6218994725226
900.6480999813413
860.0162789156959
764.7940899353237
691.6870679722153
627.0645899745895
536.4885832895235
536.4885832895235
454.6823066713725
454.6823066713725
341.2711531905385
333.4006598673734
302.3739406761105
259.08106839365934
236.4148895480147
242.17142688599742
248.16929705344293
249.55961211702507
273.173937263422
376.10636793332816
362.4582734605461
498.7905371997348
557.7983506608817
580.0172411230549
579.4799392558814
592.3588439451208
602.2848163452238
602.2848163452238
609.5047169628796
609.5047169628796
613.1166283832139
608.6575391794634
618.8505473860389
608.5260881835717
558.2983073590676
580.463607817062
817.0581374663617
826.2203096027113
857.3546524047093
858.0652655829858
860.5347174867496
860.5347174867496
862.2905542797045
844.6330564215446
850.2799538975383
840.0589265045637
816.5916972392017
802.5328653706339
785.6710507585219
698.3122510739734
654.2660009506836
634.1860925627429
495.80237998621993
376.54880161806386
365.17119273020427
365.17119273020427
359.37445652132817
443.32380942151076
566.75391485194
554.5268253204708
650.9992319503917
652.2499520889212
652.2499520889212
646.4766043717282
646.4766043717282
587.4146746549663
588.5329217639401
427.53362440865396
404.1187944157015
527.4845969315123
617.6649577238456
618.8537791756628
645.3836068571931
644.5556609013686
646.0681078647978
639.4012824510129
651.481388836243
660.9629339077949
661.4680642328849
823.4196985741839
834.2997063405932
871.8853135590713
895.5456437278895
914.1947276155119
914.1947276155119
914.1947276155119
914.1947276155119
914.1947276155119
868.7749996402981
573.9965156688671
569.1089526619661
517.8078794301995
545.3210063806455
641.2994620300254
1009.393382185558
1152.5623627379127
1146.370359002709
1168.1523873193942
1175.4488504396948
1264.2784503423286
1156.1332103179113
1078.1929326423913
1074.7092630102338
1100.0
1098.679207048172
1069.9280349630997
1067.0103092285472
1098.6719255537569
1189.6217886370441
1192.665082913053
953.1647286802004
1024.71215470492
964.6512323114505
948.5578527427834
964.3661130504328
1003.1131541356638
1010.4880009183681
1083.3946649305599
1084.3062298077975
1134.1851700670397
1313.410826816956
1554.5841887784657
1655.650325400868
1686.8123784226864
1656.0827274022274
1536.7400560927667
1443.6048628347023
1457.2364255672446
1490.6086005387197
1507.5509941623866
1406.1777981464506
1405.5041800008992
1402.051710886585
1402.051710886585
1374.6010330274016
1374.6010330274016
1384.8313976798763
1524.9773768813752
1498.978985843364
1387.6840418481436
1394.7580435329994
1385.922797272633
1299.8999961535503
1271.0845762576148
1275.356420770288
1243.5453349194793
1170.0145298243094
1160.3275399644706
970.0
997.3499887201082
982.8423067817135
923.0888364615835
831.2707140276265
891.5228544462559
935.8749916521971
924.872423634741
885.9401785673793
863.2224510518711


