Rainfall Prediction

2363.9231440354442
2370.2955707637784
2434.3543689330772
2534.0517890180226
2432.3994960435393
2564.894444532318
2675.9371563436544
2656.405734881897
2462.0947164646773
2403.961350750953
2372.702202276177
2222.025488345274
1955.627121235032
1621.1061487735612
1363.279011643031
1208.0994252156738
911.2031955225154
855.4657190522216
818.5650672054403
244.94973760466846
224.02667493565554
0.0
158.07863841906163
468.4949611321207
925.1587369235774
1002.5623350366386
1027.573522509996
1094.9120178676262
1062.2448197918773
1065.5993676679398
1061.309962577578
1062.7155235425553
1229.84632323693
1340.2246169101663
1340.2997656030866
1348.6171699212607
1339.629679649789
1375.0829252398294
1347.588131633079
1349.6982653664159
1578.6455622348997
1866.6684108198076
1942.838562430496
2047.3046806649063
2305.695410410941
2621.065155823546
2610.955780480728
3159.446778850498
3276.4027104504457
2630.7894084929894
2622.7276705652093
2626.254601575201
4591.64329050791
2178.083513869291
1884.815461242827
1416.0744141105465
1848.9530131674944
2464.668530474493
2650.5334649960905
3025.051177620953
2712.9077996612587
2702.1535755067616
2678.7234142714233
2690.875134223351
2566.5653462192504
2566.5653462192504
2572.421091943436
2415.309202176537
2420.362932770877
2397.431049291067
2361.7993735766613
2150.2871997295633
2145.0164255897566
3506.605869095245
1794.1570860949457
2554.766103972139
1140.1979667380638
1110.9325924878435
1165.0414189819849
1147.9962432410953
1730.7360846217928
1288.224969533835
1606.806657724224
1514.8179246384595
50962.30806432983
2151.640338912313
4393.1047844083105
1527.422927514104
3249.3340173886363
1865.6484622769872
719.7949751157739
1760.7932994890264
3456.2354902617644
115.37109431320278
238.30560612845517
0.0
168.29019454066366
544.2501315245142
474.26398542906384
306.990355343502
376.69385821414033
160.61496369682672
1363.9812870786243
414.0901194314323
295.6829987231866
315.86353741972914
377.44970301577393
449.4231504718557
614.3276900743379
398.7131667736533
545.8996033898054
689.2361163620387
11686.610387478171
1146.3841486927718
428.2835193807854
387.71668453508335
536.9870799064298
393.2299559468025
3297.2979657493424
820.0280932826382
2318.6124927337396
402.05264669863504
407.9077363564503
379.6199562812934
468.5050023800769
553.6823915597472
996.5005515909716
324.9249815512572
451.0908105817182
604.3995140938989
672.2476315874404
473.97081997362795
453.77765368960314
452.37260633211014
458.3767609889068
268.2719105400397
208.27191054003964
201.90377240463988
98.36472337580452
97.9684557471862
142.2247008125666
2.5999243093729074
0.0
0.0
0.0
0.0
0.0
0.0
0.0
0.0
0.0
0.0
261.08430579388335
549.7755898429252
645.2897335467567
697.3301393659451
744.8620415282344
1089.0260459325186
1266.130166758874
1283.467776890042
1055.3321547774933
2044.1439678860352
1048.5890772534322
1456.2543521100224
1113.106692266569
1144.638663018051
1096.2860802014507
1169.3827923998126
1209.147484215899
1236.2665719795218
1500.2129977303882
1361.8694549595368
1342.6801050084512
1593.22738065287
2634.122026401459
1658.1879148874839
6311.6250399773035
3928.5979639081834
24682.263209055356
5432.239284695034
6582.8554435694705
5090.513010317896
5090.513010317896
7253.9915968732985
16414.44093240084
3455.9179781042403
3978.7176350452037
3442.0893460360167
2993.198410823688
3004.3057630286144
2927.6929201488197
2405.4730407522356
2566.8779585414004
11026.254367139838
2170.731305117288
2183.3870217356
2417.1484545936964
2172.0821708650255
2189.1083433033946
2199.665247772181
2038.9318999465481
1957.816854043108
2380.1247890758013
1976.869558836049
1834.7446894271748
1801.910386122256
1828.0380056920546
1840.0082043298235
1700.558783370734
2054.036386432297
1645.9279274997248
1182.35904822544
1043.6887694026232
1127.5417090735937
1218.1277528905887
811.8192306838062
347.7986175110842
306.8599764395251
93.73729634178922
89.5242247276247
50.31321172495465
0.0
37.22544957186019
31.064835799733224
112.07817969180556
657.1196099522449
608.226198481303
1240.3248307737958
850.1195897622584
1410.4174245437205
1123.8647894634673
1031.6136518379997
20205.00589046365
1078.2642117615974
1243.30322574914
1090.8215494484534
1751.2785662921108
1147.532673830276
1374.2485159535108
1433.7858282623472
895.9032134968002
1392.9734613788137
5166.007050912143
5861.324932257267
2781.0143568641975
2847.749813603616
3119.92641772589
5333.305245619595
4626.210113703861
4213.182227498879
2623.1462509134817
2866.3499476473903
3515.658070300072
2390.9950415874036
2396.3510179502377
2453.3808223294013
2052.7098366729815
2061.6792382050926
1575.9015169659729
1526.3038369097608
1415.0769047560675
1415.3620246956925
1359.3620246956925
1360.7063930923964
2123.4383037504267
2133.971026361637
2253.20687905806
2245.7051749449092
2242.2198209068874
2196.5462617174526
2196.5462617174526
2256.936949044961
2266.8500623239447
1023.8189837955849
1020.5176267171413
1113.6029253863067
1199.361909802676
1189.1685453799837
1189.2961610030902
1185.4619152613204
1025.4988118312715
985.1732326998778
985.1790904753037
965.2872736809054
965.3564128518308
965.2561036916544
966.4473131076533
966.1507355192521
1025.2853671680828
1065.2912160584924
1065.2912160584924
1065.2912160584924
1065.2912160584924
1065.1446051781472
1019.1543050338323
253.45765889742205
244.21029316511044
180.02793445045313
240.1735274899562
460.20790713537156
1580.1238739009996
2069.7052984887946
2002.0483530096612
2025.475083380114
2055.023633288758
2294.654047015363
2198.6702756218083
2137.2798749018384
2207.7599470323994
2161.9879232044386
2169.7134116242314
2450.7950855075214
2232.423072659565
2426.886610521654
2772.2950392924217
4094.923834990721
2904.152956184871
3351.452744950877
3148.0987467718087
4658.51803302735
3672.9396078377113
3756.6293090590625
17162.282291645854
4442.959505561816
5591.942174908582
5830.95357622806
4070.536215825941
4196.158615726335
4453.505128454403
4461.395850892461
3933.274066856643
9911.835357479862
3983.0496542078035
2700.677206223328
2554.1275470300416
2692.821462230153
4408.116143325451
3496.655807285154
1832.742829945423
2158.947011335985
1859.9777208378177
1970.9101360980274
2616.07668530935
1895.4425846971294
1887.8918941641912
1636.0819713417513
1624.8364333930688
1588.274055580007
1380.7015576032832
1286.9492261677315
1271.720615928879
1222.0619411973717
1047.399385819169
1018.8056870292828
601.1922588434022
656.7421178819108
656.4986783819202
657.1400058412878
659.3083752810993
977.1853615824996
1137.0131099092523
1133.2563691806795
1683.1651946759919
1813.9634566185507
1848.6412918733963
1998.1277712134324


