Rainfall Prediction

507.00194834942454
552.2842177672646
568.136675155777
622.6696074071754
646.8805019814837
631.4633648582518
628.4163181643761
636.2595763337943
655.4804668002164
692.4310338865001
634.3771326276471
604.0141033521761
593.1890297749085
591.2691337855774
591.140564057722
570.339865936655
479.2284299668546
361.8506548919386
237.30580795433258
200.23868618847027
88.71608274368238
72.37409709561732
52.5091542100503
41.45411825250107
47.9614243703013
48.292636868629174
31.61413310775403
35.395785336600156
32.16959180976483
30.3305464272906
27.651329749986555
25.811905638441218
27.09737515176935
27.91719343620742
44.56600855379685
38.53969580259816
47.902460941583286
61.68285487368144
52.51088793420354
84.18934455124887
66.76415922126672
241.3915817815602
320.58396454485523
428.952957873273
431.8165642057159
518.6276316324629
552.7045372607249
566.950778258444
575.0861024233851
551.2979037698944
538.6643010783566
519.6313055454395
494.7428639460892
489.9308784872488
522.347918661702
503.51119764732096
487.8182051307807
475.3300776931409
461.71962590898073
460.5186793013675
485.7423004263211
489.51768805448023
488.21183869538476
494.38979744685867
498.87176294367123
458.67137047875
440.3570386608112
443.58898504837117
460.173088228364
463.2027360648649
513.6213918068396
615.7967862645071
522.6759269400764
608.4398134659764
529.8543055451416
537.4390033634904
465.24529236295535
444.2217517489232
442.3770785326655
437.0211426913464
527.6442213596658
667.0550025032419
731.5332710441866
743.5166227503831
758.6634614798874
763.7847614961868
773.388329271612
800.5245544830855
849.1269566135461
855.2407614724027
807.4688435579526
817.3281744334704
812.8399206828107
766.4088346811712
735.7393485051375
725.2734173312217
726.0741662980683
723.257186476328
720.8157481412287
706.8482345364222
683.4393465172648
561.4192407926961
449.77513241434735
454.2433613755783
425.93257202334735
424.4945189659153
451.7378366103555
484.02588549638165
497.59238111850243
498.38389251348286
499.44722393508266
406.00029332035405
284.44093455658793
248.86887872490541
258.47078284987197
240.08754127071393
255.4494624362613
269.1606076501617
273.2810632976289
261.6153022899821
318.48822682078963
327.49457334496026
289.0144272866467
288.3235557485871
308.04676489209595
317.47036054236764
291.8294708238929
283.12389618543716
296.87909000211505
299.71454472291623
557.2972531758915
490.9373149010689
426.52294402097874
415.9599685307756
405.2407210431254
333.4555393165151
338.2310558108497
303.2014521334116
268.5428768677775
232.96696668604824
230.44925791517153
230.2945445588116
230.79136722822724
210.2531191010663
228.24142488711155
364.10784391499357
350.4853434502745
317.63867588127516
380.0142418214108
356.8341199686901
375.3296446328127
323.8937297151261
306.9212320878608
319.85970739856396
350.0067427339546
434.6610439230375
444.14760127319033
467.22864866320793
490.0793880366253
509.3600550207398
508.14272243930253
249.887255773893
361.2371721563963
447.47467121721996
443.70700299105323
443.92958128202855
438.1165368032862
433.35833171355915
438.23029465001184
437.974776382139
495.8144569663877
491.3683685113744
491.41076826233825
759.8567312872232
1159.5436816627398
1238.5266104675438
1089.1274685527503
1101.3820132727267
1115.4065287403707
1033.757384023719
1041.369410784178
1036.0761841944022
1061.128811220181
1081.0177236874756
1109.193325640282
1202.0227120551795
1210.8633877587522
1203.345618618124
1200.7999253564767
1188.2486057656454
1263.7063043014991
1289.9297354011367
1391.7783466456788
1354.1760745973443
1308.4318827038408
1318.0459694667015
1328.8264155840152
1337.9409730556167
1337.822945190867
1294.1170465103687
1283.8986304746234
1272.5631971354792
1284.9625250023084
1285.879578160027
1082.2346469025572
662.7115227733221
560.8491567881921
526.969652087
493.19503364546483
496.11989862457926
445.2022819168861
452.1473176056695
604.9756299293487
564.8431119059665
567.9797271798735
536.0204949654202
412.08416957458354
316.52228734863166
321.63652498085605
326.616861374657
318.70537039542154
265.06550275701943
474.8581013001322
387.17690585065225
456.52314747753707
654.1163871591278
638.4780204612227
635.7598428735816
631.0853160297099
637.3445124111216
728.6738793317455
772.3475112523894
746.0175826819686
761.4726123690114
807.0511447814653
749.7781029519757
758.3539871412212
758.375667154041
786.5959637932342
817.0789356419485
892.2904825402375
953.2662367233993
1098.7588810887435
995.5489294989641
1161.5926167945063
1173.0048691660886
1214.9753589835705
1219.3588524409429
1216.649208682516
1207.3615866266273
1182.256394742448
1193.6151653088968
1108.464936066455
860.3760721598878
840.3794689332661
723.9918950602621
601.5924938378918
575.866995061335
578.6023380623077
578.686558158268
572.4794030759617
509.98675624907617
478.7404328356335
471.21187346815054
429.20305054091034
368.1245201720435
347.19302896701004
335.07967400869046
335.120465938778
333.68141670166926
335.72333120161005
260.81340380598624
250.9103854513014
108.1445830709509
47.34649263818097
0.0
0.0
0.0
0.0
0.0
0.0
0.0
0.0
0.0
0.0
0.0
0.0
0.0
0.0
0.0
0.0
0.0
0.0
28.201724884582063
36.55127655040822
117.16477363326767
295.7152787855737
433.3933791851962
473.8932415882015
522.0995156862786
634.1504155221713
642.354298660243
642.354298660243
645.3308180499142
641.610563783682
706.3402321049932
735.8530067828917
741.0874423914934
830.7882137091098
736.9205999968409
724.5834404680188
744.6313026885323
763.880954857585
859.1316010306618
992.8853261954812
1031.2379334017005
1055.6012345912727
1074.2029963402706
1099.4042797171044
1171.3537525842005
1196.7664169454456
1226.792729057935
1248.1775142717024
1222.2422714499155
1216.153909559134
1252.384925177875
1199.746297924248
1036.8908023933323
1032.4043328265927
1036.1930906799253
1021.399657375809
938.6276821837511
1068.114541480255
1066.3189424921272
1070.469387220128
1289.7018589851746
1298.8083049544837
1375.9709439128223
1375.0686541325992
1376.1167733217376
1411.140265291101
1382.0163381710504
1350.1948945838265
1307.2537349398758
1224.9594373624288
1104.2207822724445
1057.7964294939334
1047.808001515867
1052.8090679254753
955.6522947861789
869.4902711608133
844.0492731604119
795.9196610287368
718.3386979897623
741.5327087398215
721.2731957115657
684.7414123896497
669.954773653121
677.8658153561635
560.9186737202056
532.1974520716976
511.39687689707245
457.0287581909812
301.0185824975104
258.3747138731667
233.63603630851924


