Rainfall Prediction

2349.2028709119877
2336.316304877999
2309.8440034886626
2522.12014434664
2664.260266718895
2568.1926646120446
2509.5119061119567
2608.896327810593
2520.4836473589603
2323.8116554121116
2419.282543918782
2261.3923082340953
2154.556334897483
2324.6153330583857
2114.371881863104
2400.8392021690033
1730.923778049033
2119.1640250363143
2161.1553805440817
1748.9035903055192
2051.210916541997
2099.272581585268
2218.877324992609
2836.2591998669923
2879.290212484969
3168.1878149504973
2939.0272794924613
2004.0727754205618
2893.0660789285357
2591.5404918055838
2477.198484870223
3110.4738160533243
2737.6948278575155
2382.9895844633684
2213.739865975119
3725.480341420896
2213.6396790551416
2419.77712418753
4160.187867648472
3788.904352642733
3732.612777128359
3340.0568549145605
3402.5258697614317
3171.7507396514447
3180.326331150245
3514.490507469723
3218.8247394091177
3355.1489484546237
3171.2440481010217
2925.448666235006
3015.448666235006
3125.271264655586
3079.407651072936
2200.942903714084
1746.0
1627.9559109389015
2308.6983483893064
1802.4023122159874
2591.843208337506
1595.6488719253648
2263.558265683423
2256.250874136561
2001.1718504654636
2276.4601679216594
2260.9848519615616
2328.0454858934318
2227.5962965079607
1704.0894285260943
2218.9814878277875
1679.3626300104902
1719.8339080528108
1761.1462791162467
1748.9782711335574
1482.9782711335574
1312.9782711335574
1453.087121525221
1033.639320225002
1090.16117818585
1109.8219943927893
1602.7664770774277
1033.2585889125103
1635.2585889125103
2151.411658526399
1929.8285841157094
2001.0758447336912
2441.82398501873
1813.0142886309277
2537.431227965113
1598.7283904807718
1888.5186619144333
1918.8147758284817
1435.350344565371
1569.2585889125103
1852.7133660458135
1834.0
2218.885900267841
1489.644660940672
1489.644660940672
1540.433161512443
1709.5740208321631
1981.39101237047
2283.3629406375894
2358.3629406375894
1892.3629406375894
2113.0973538579674
2024.0973538579674
2520.0695115535564
2511.6819604053308
2014.5500385208243
2305.844129618373
3115.9108561896237
2405.5570746933445
2671.381823957492
2197.662745369391
2032.0178628407339
2052.926027258638
2012.524521594286
2101.7100843970175
1814.2723789645906
1749.1382606206762
1405.3993007078498
1533.580310372754
1694.7236366060283
1514.8154455618637
1482.650411337645
1787.5424868893542
1560.3679887640474
1624.7017787186533
1782.7017787186533
2230.504902432036
2120.1671842700025
2198.3166718717475
2349.3594500778295
2212.5211940540325
2029.9833379603924
1500.167132219647
1739.9833379603929
1902.0667409058087
1493.7270084577763
1359.871235167453
2003.689011157193
1363.689011157193
1219.3350340578777
1618.0588745030454
1673.6488719253648
1024.5881375807485
1838.4331615124424
1125.4331615124424
1302.5994505535973
1353.703887602057
2379.8093580054424
2325.6052329561603
2962.786366276682
3119.0858194998077
1452.1810106228554
1589.8752162636229
2043.59679158147
2632.92113447068
2814.64638217847
3158.4253969560286
1938.7699095081343
1849.6724642065265
1683.7377470605825
2060.2508278236464
1585.4623481871095
2059.8475450349497
2335.9583574181197
2909.353035596383
1554.2576538582525
2052.644660940673
2411.054093596178
2112.013891569107
2375.0
2662.02778850279
2426.9857171999765
2447.10014326677
1577.9118789018812
2145.3878634002467
1539.33012835328
2179.191716991246
2387.1823218371565
1990.8488310914981
1917.4116585263992
2082.3140409644902
1733.340580566488
2203.4872908732523
2142.5746591928964
1897.2792215682257
1876.9800079936067
1746.4032522475027
1622.7512886940358
1819.7017787186533
2044.7017787186533
2140.595620787911
1618.8006622589173
2217.751033075492
2427.817223454427
2143.817223454427
2016.4196010845017
2198.5381602746875
2390.7083629682465
2212.741973659122
2198.833844585588
2208.23180254655
2520.212406083545
1897.0807503325195
1903.1095625617963
1820.1095625617963
2051.8551769952055
2484.9194594641594
2011.4746469967358
1937.3878634002467
1651.4142887525068
1492.429179336811
1842.5176100015797
1219.139157845918
1175.723285705566
1035.5857170879335
950.9459853727021
1005.2185611406694
1284.2056705174582
647.2056705174582
989.8920493694413
1095.8920493694413
1100.4191062506852
997.7283904807718
1059.0
1114.7735045483278
1172.7735045483278
1121.060661815999
1169.060661815999
1405.060661815999
1308.060661815999
1579.8036146546046
1276.8036146546046
1649.6634305732214
1671.470353879533
1712.27718676731
1730.5922545773165
1730.5922545773165
1591.5922545773165
1761.7925631261796
2607.9168108424155
2517.8339080528112
2587.2302713519903
2569.191347953315
2297.4235885451108
2815.9791757010717
2414.269150752276
3194.251050438713
2563.486845141233
2417.817223454427
2423.817223454427
2509.3568931079108
2810.3079814935545
2891.3079814935545
2932.2824969456924
2936.2824969456924
2981.361415960887
3364.6580767424075
3028.6117305185962
3176.5500385208243
3143.4884635859826
3247.473088065419
3948.3696565583996
3532.1574972196313
2577.3157096079503
2825.626933041054
2818.8920493694413
3042.516670372017
2311.894882233484
2859.073236140638
2978.346668800683
2352.7672684884055
2698.4368570004217
1991.3491511579468
2107.3738270925005
2297.9131255127886
2112.576377194482
2496.800442480042
2011.9432184561783
2624.5373723757984
2356.6679790229664
2256.6679790229664
1656.9186815429239
1788.9535134999387
2362.9535134999387
2148.9048696403015
1151.8811206226947
1556.8954758754953
1531.2339414288017
1005.4167412045917
1429.1491728995097
1649.1705221041284
2562.250654454747
1911.0958424017663
2281.7723026746953
1558.8232421182165
1679.1812003571213
1715.1306202352807
2518.4368570004226
3240.9444786957247
2855.3268234132956
2820.107279868693
3533.0
3063.205670517458
3060.6045687928163
2905.167024322105
2998.8247394091177
2858.574020832163
2985.503424818211
2827.4213176836565
2799.4486662350064
3081.4760352645008
3126.303846350058
3062.4076510729356
3341.3218407883724
3476.338935969896
3379.2201029917924
3253.183336736083
3524.125195925246
3653.6855118786643
3305.3436592324742
3388.8424319433216
3474.125195925246
3220.1864507427854
3025.5702802169544
3139.4578850973594
3254.059566048978
3270.083416169731
3128.083416169731
2484.0476460731934
2364.059566048978
2106.226802851589
2214.226802851589
1840.2268028515891
1874.3798079768203
2198.0625489045688
2870.642662691691
1716.9231526348403
1754.935950030751
2899.9342673786514
2534.8247394091177
2882.8920493694413
2842.8920493694413
2230.083430007864
2006.0
2899.236113967732
2701.3963192261976
2688.1252450989814
2790.1621513686227
2906.919007564522
2879.464302264005
2488.184659197622
2509.555234426518
2066.9594816450954
2279.3963192261976
1855.2754170085254
1969.6520181890128
2119.6849872175517
2188.5369075765443
2224.5369075765443
2902.586187348509
3343.569751890594
3217.4385864201276
3202.0


