Rainfall Prediction

818.5850052798311
785.6955338122822
827.181650187194
762.3720625312758
702.3388906249136
655.3317388919862
639.1168533124173
624.1538483884556
591.535343504559
664.8258428877624
718.5857652606092
722.134248198974
773.300670687232
835.7621915522642
733.3046271628114
751.5047619654681
723.0084554775744
803.953684761217
812.0608580936313
783.4857781950982
879.1985009386617
988.7766651313468
1122.3781800454935
1078.1116899307958
1365.1501837597948
1250.0153177083769
1235.2801941747573
1228.1631532702543
1246.0595910875581
1246.262431961461
1246.379075396507
1305.131473424008
1242.2402152729353
1197.279066388623
1197.3846745653177
1179.3124736709074
1176.040482342808
1176.0953004468988
1141.024518299046
1133.187799323718
1061.3995569447964
1007.2224608477393
1004.0045920049654
944.3691342453349
869.2965932192275
799.326381125396
779.0238187036799
779.0145301577644
691.3603944773175
586.3958862511398
586.2053450146686
563.273376009788
447.033055491153
264.4768586149047
154.83661385640994
109.36876807334905
106.31180854354734
106.29044205411934
93.25258684405026
65.15285049712669
65.11664878387283
0.0
8.274234223973323
80.87682316899628
172.6977438098856
176.05627321440693
206.47105409927497
206.47721753578733
206.4840655920944
206.42126789366054
206.32326506461894
204.31649393326592
204.41357444451785
204.41172721478648
204.38887835703002
204.39360111948605
204.39609819240906
207.41250626147936
215.4229923754124
219.36503637632052
229.37618295019158
294.5008160535117
643.0894058786741
645.9056957186544
689.1766237146948
764.5271429984666
794.8340436852678
897.0778003974197
1057.6717032001152
1310.5878666068797
1315.0742763552246
1316.2136288239187
1351.7543919747648
1317.2778714357632
1260.241390916378
1280.5238278617503
1283.9224985810865
1275.7491937610228
1285.3020067611226
1321.7783484839945
1332.8433455118368
1328.8825432177325
1338.0
1466.0
1541.0
1569.0
1602.0
1602.0
1644.0
1721.0
1987.0
1977.0
1912.0
1564.0
1641.0
1616.0
1541.0
1481.0
1399.0
1234.0
986.0
984.0
1209.0
1174.0
1157.0
1167.0
1109.0
1134.0
1134.0
1172.0
1272.6106348758933
1260.929961430575
1323.0634042553193
1329.135509672619
1202.665743772572
1127.6865220426107
1099.8172930313742
1102.5692174164617
1107.747861409797
1053.6203216038052
997.5210638024183
724.0795866882221
721.5376918511483
841.5343961341375
841.5539071786242
711.0297976465012
635.5509358761392
599.113941651702
632.5094105417041
679.1963145007086
627.8111935120819
674.6438361969697
683.7593169680399
661.3824927154243
900.0791788856305
932.4949226722514
960.4430057467084
1004.3440564785969
976.0810257521841
976.5233562905817
941.3671562082777
859.0447254854951
862.3631356783919
796.5573389121339
781.4770136141104
778.4503051438535
783.0368755210671
788.2079200187457
754.1020367842517
698.3670421006761
713.6291510467256
743.2922484352431
729.9000959149753
764.6872289105459
648.0
648.0
648.0
647.0
614.0
576.0
491.0
491.0
413.0
421.0
306.0
316.0
348.0
370.0
307.0
307.0
307.0
354.0
316.0
334.0
334.0
334.0
334.0
329.0
324.0
324.0
325.5960591133005
312.4193711967546
311.90884388618304
544.2269802660069
520.3023622584561
506.012064995302
531.8057132490136
516.2070805575299
531.3469558954666
533.5878053415349
539.0780399859449
554.6005284570338
572.0825891483182
586.7879428221032
570.0075064566815
583.4619397020198
540.0
475.0
415.0
407.0
407.0
447.0
392.0
445.0
433.0
433.0
441.0
441.0
449.0
457.0
512.0
512.0
512.0
634.0
533.0
913.0
895.0
964.0
987.0
1000.0
1018.0
1023.0
1023.0
1023.0
1023.0
1063.0
1056.0
1056.0
1064.0
1064.0
1064.0
1064.0
1024.0
1019.0
1324.0
1378.0
1384.2690427377386
1500.574686426623
1706.3262108262109
1877.5644294337453
1869.2054750069042
1814.6037646789582
1814.5685286495825
1814.32134256472
1692.8808097531607
1532.4591179221527
1073.257745789983
1132.105605442177
980.7665253609792
962.5018706109522
1014.756171516875
996.4092145256759
991.3902842211912
910.1683179093234
920.4307539833617
912.5376356481185
883.0155625843885
864.2778811901011
825.7334035833072
818.3376651278567
821.5546785946065
821.7471050309458
819.4522630885774
819.0000354339255
815.0254150505942
460.3627182201604
387.6013456077131
409.49881642043954
274.5306200075287
80.22653631676106
0.0
0.0
336.1616393629357
438.3249710862415
828.8154054168477
890.7686834828517
640.2692189018981
751.3450011289926
732.5257510648769
717.6792410403343
1222.367895545315
1242.7850987065708
1054.1753611086378
1100.687705147476
1321.6794512766821
1411.5962971978438
1416.1345780838083
1426.5395408458892
1468.826349163976
1500.5003852673756
1503.0
1513.0
1513.0
1513.0
1513.0
1513.0
1548.0
1571.0
1558.0
1560.0
1573.0
1566.0
1573.0
1356.0
1341.0
1041.0
1021.0
1036.0
949.0
980.0
980.0
920.0
900.0
900.0
867.0
722.0
662.0
662.3836309523809
662.0477094624918
765.0150078165711
785.6057256235828
782.2933122696156
772.1036655211913
772.1062590975255
772.058462989156
772.2399314175492
814.1510046681551
832.2963190022281
922.2947140286607
891.6992092318916
949.4361405243901
1300.3673946134982
1341.1653796682601
1293.7906406276543
1122.4124943435147
1097.4523366921703
1010.1888160775064
981.1521728321702
1044.2752045826514
1026.3237385055954
988.239163271931
996.1774352767707
1069.5679065665784
1094.734055004607
1157.5952068468605
1451.468928671853


