Rainfall Prediction

549.5761692470908
539.0960282078485
579.5364513255754
631.8079435843031
631.8079435843031
632.8079435843031
629.8079435843031
629.8079435843031
638.8079435843031
656.8079435843031
656.8079435843031
587.8079435843031
575.8079435843031
573.8079435843031
657.8079435843031
657.8079435843031
565.8079435843031
653.8079435843031
653.8079435843031
535.8079435843031
464.8079435843031
382.8079435843031
85.80794358430308
55.807943584303075
89.80794358430308
100.80794358430308
84.80794358430308
92.80794358430308
180.80794358430308
101.80794358430308
74.80794358430308
72.80794358430308
132.80794358430308
143.80794358430308
231.80794358430308
178.67219745493924
181.7682256627877
224.80794358430308
178.19205641569692
220.80794358430308
190.90397179215154
231.80794358430308
312.8079435843031
316.0
308.0
368.1920564156969
411.2880846235454
434.0
641.8079435843031
604.8079435843031
742.8079435843031
750.8079435843031
742.8079435843031
743.8079435843031
746.8079435843031
750.8079435843031
755.9039717921515
755.9039717921515
799.1920564156969
805.0
858.8079435843031
858.8079435843031
858.8079435843031
798.8079435843031
745.0
804.8079435843031
755.0
755.0
804.8079435843031
799.8079435843031
799.8079435843031
773.8079435843031
770.8079435843031
524.1920564156969
539.3841128313938
552.0
585.8079435843031
540.8079435843031
477.49673340406
414.90397179215154
408.0
232.80794358430308
250.80794358430308
214.80794358430308
346.8079435843031
347.8079435843031
347.8079435843031
331.8079435843031
343.8079435843031
341.8079435843031
325.8079435843031
325.8079435843031
233.80794358430308
336.8079435843031
336.8079435843031
336.8079435843031
329.8079435843031
329.8079435843031
329.8079435843031
329.8079435843031
335.8079435843031
347.8079435843031
347.8079435843031
347.8079435843031
347.8079435843031
347.8079435843031
257.8079435843031
347.8079435843031
347.8079435843031
332.8079435843031
156.80794358430308
117.80794358430308
120.19205641569692
117.80794358430308
122.0
76.80794358430308
77.80794358430308
187.80794358430308
88.80794358430308
52.807943584303075
84.80794358430308
267.8079435843031
194.38411283139385
290.8079435843031
236.57616924709077
186.80794358430308
314.8079435843031
210.80794358430308
226.80794358430308
314.8079435843031
314.8079435843031
308.8079435843031
296.8079435843031
244.0
248.19205641569692
319.8079435843031
436.8079435843031
467.09602820784846
522.8079435843031
522.8079435843031
605.8079435843031
635.8079435843031
606.0
584.0
675.8079435843031
748.8079435843031
820.8079435843031
820.8079435843031
771.0
771.0
780.0
896.0
819.0
786.0
804.0
804.0
828.8079435843031
765.0
750.9039717921515
726.2880846235454
757.0
798.8079435843031
798.8079435843031
798.8079435843031
716.8079435843031
797.8079435843031
775.8079435843031
658.8079435843031
557.8079435843031
396.8079435843031
587.8079435843031
591.8079435843031
571.8079435843031
568.8079435843031
573.8079435843031
524.8079435843031
451.8079435843031
326.38411283139385
341.1920564156969
348.0
402.8079435843031
423.8079435843031
358.8079435843031
357.8079435843031
402.8079435843031
473.8079435843031
490.8079435843031
412.8079435843031
502.8079435843031
479.1920564156969
533.8079435843031
533.8079435843031
533.8079435843031
481.3775796395139
533.8079435843031
486.1920564156969
477.8079435843031
502.0
533.8079435843031
533.8079435843031
533.8079435843031
438.8079435843031
431.8079435843031
470.8079435843031
471.8079435843031
466.8079435843031
466.8079435843031
466.8079435843031
466.8079435843031
471.8079435843031
458.8079435843031
449.8079435843031
428.8079435843031
354.8079435843031
339.8079435843031
206.80794358430308
123.80794358430308
238.80794358430308
178.80794358430308
180.80794358430308
116.80794358430308
327.8079435843031
365.8079435843031
470.8079435843031
545.8079435843031
545.8079435843031
545.8079435843031
545.8079435843031
545.8079435843031
545.8079435843031
545.8079435843031
666.8079435843031
713.8079435843031
714.8079435843031
624.0
729.8079435843031
688.3841128313938
767.8079435843031
870.8079435843031
864.1920564156969
953.8079435843031
974.9039717921515
1009.8079435843031
959.0563102863331
1009.8079435843031
1009.8079435843031
1009.8079435843031
1009.8079435843031
933.3841128313938
967.8079435843031
914.4836670203001
914.4836670203001
792.9602820784846
754.49673340406
738.1523384941815
682.1920564156969
692.0
692.0
678.49673340406
678.49673340406
678.49673340406
641.5927616119085
572.8079435843031
550.0
536.8079435843031
524.8079435843031
487.8079435843031
487.8079435843031
535.8079435843031
591.8079435843031
550.8079435843031
502.8079435843031
448.8079435843031
908.8079435843031
908.8079435843031
858.9039717921515
930.8079435843031
898.1920564156969
945.8079435843031
909.9039717921515
901.9039717921515
901.9039717921515
901.9039717921515
917.9039717921515
945.8079435843031
813.7682256627877
812.0
813.0
870.8079435843031
877.9039717921515
877.9039717921515
941.8079435843031
956.0960282078485
991.8079435843031
987.8079435843031
987.8079435843031
981.8079435843031
928.49673340406
983.8079435843031
991.8079435843031
821.9039717921515
923.8079435843031
923.8079435843031
938.8079435843031
505.8079435843031
509.8079435843031
510.8079435843031
609.8079435843031
676.8079435843031
744.8079435843031
778.8079435843031
813.8079435843031
813.8079435843031
820.8079435843031
1000.8079435843031
1180.8079435843028
1231.8079435843028
1231.8079435843028
1222.8079435843028
1169.9039717921514
1158.8079435843028
1242.0
1236.9039717921514
1301.8079435843028
1277.8079435843028
1227.9039717921514
1287.8079435843028
1295.8079435843028
1398.8079435843028
1398.8079435843028
1390.8079435843028
1371.8079435843028
1366.8079435843028
1373.8079435843028
1361.8079435843028
1353.8079435843028
1410.8079435843028
1456.8079435843028
1359.8079435843028
1277.8079435843028
1209.8079435843028
1175.8079435843028
1140.8079435843028
1140.8079435843028
1133.8079435843028
879.8079435843031
826.8079435843031
775.8079435843031
775.8079435843031
725.0
830.8079435843031
836.8079435843031
720.8079435843031
764.8079435843031
656.8079435843031
668.8079435843031
772.8079435843031
762.8079435843031
754.8079435843031
651.8079435843031
608.0
608.0
602.0
624.8079435843031
512.0
514.8079435843031


