Rainfall Prediction

1028.3909301326646
1078.732929503064
1140.0681418174465
1265.0818776922986
1321.5171935626145
1367.7427365945387
1467.6708630394558
1314.6652649926293
1248.3945514035274
1250.0873096155083
1254.0794135290287
1182.1438621324046
1115.7412208919077
1106.8217200282159
1079.4943906981907
1011.707103212496
1153.4321877908546
1316.652024839732
1530.3869235103018
1798.8177153014296
2169.6867429499644
2695.837712516451
2907.931249319084
3182.951628731932
3509.6449193135045
3440.246033268963
3087.7832952592007
3177.9886965279693
3059.1295160524023
2792.606971110192
2979.2867473514807
2896.7847757684385
2653.061528553806
2590.3523127925937
2529.5045909991236
2720.9355739102934
3270.0895871368803
3525.975792729202
3395.836761278093
3110.4036753973996
2881.514246154213
2198.0823275049443
2183.2941568280094
2108.461903262232
2260.709974380262
2441.6486475219117
2524.031205388356
2227.8091515260508
2030.7278041102109
2274.6065035235456
2117.353758527496
1935.9747034071547
1214.7894813973771
1121.7192083838895
1083.34093522306
978.2900675952271
1006.2130525362338
998.2867696046685
994.4930697428364
977.8278922671889
916.2975841786746
909.6003281205541
915.1914326068129
939.04927693829
989.3431413423514
1049.7787984056354
1136.1793609660233
1148.9676359887662
1175.4745297404452
1173.9361576639385
1162.2260993650596
1100.6899212914439
992.4173994312798
953.9765254199045
965.9517848668359
968.3776433989273
997.0848139728644
1119.3772340467608
1025.444600803299
1105.2636031554382
1159.2186992612103
1070.7270120932321
971.6605778779336
973.4803026437203
967.5557497792249
916.2631789788131
837.9879601311186
800.1131078940124
792.0336587017188
789.684196050464
780.5204444947292
758.7690061713693
740.3678795543183
750.3400557718826
639.5710016550004
573.4253749708232
517.5657313372532
438.6101234040503
445.2415033396312
426.15056800850994
438.1252071286759
451.38538026525646
465.2982272384398
464.22007776607677
457.4990924283739
451.05043287313885
440.3266684701797
413.15504294306885
296.9802140649053
291.3752009927862
182.2751541898308
208.75973616272285
268.3930248834711
238.37272715338858
195.52292304728195
198.11423167344637
200.37324135054254
195.57871358592595
194.98648839889125
244.48901264225114
219.58464649394043
195.13709940739068
192.20980538589126
216.15467188346415
336.4516541214713
372.4709699632465
404.48531142000274
516.1005414301824
612.6069279611249
591.3895872371261
555.3772151545729
549.5746120606
550.5286325922036
559.7293931068572
566.6906902056326
578.4609101349325
578.9483299834774
586.804445100699
586.5526947530676
601.4174412161602
619.7552751262413
623.1186597565052
632.1068515112704
651.8039989182728
632.6725138428375
597.3323295209696
601.7209059143365
603.6038842364728
597.1824566121727
598.8778859717941
554.7536757321324
536.3768536211836
556.2568712909135
593.8785638349195
805.2206325247911
727.8898467722746
727.7370903976342
813.8793895913295
776.981809826336
673.3370531726487
729.9712235366895
783.4159449310173
778.7897623617157
781.9251535621977
773.3310491534535
770.8107392264662
860.5230072133506
869.6567164845806
905.4355689846934
961.233176123669
961.2326123328535
1006.6067885292579
1017.2552544734094
973.2875089286642
914.8027213245654
908.4431597327132
933.1414921623013
1050.8849811499072
1170.1505389081503
1210.8257927898617
1210.8257927898617
1211.2554536837067
1231.66590205056
1272.3516071720933
1228.3166424069298
969.6841661900801
868.3300827982655
836.2597412341137
718.3146983886505
634.9362474645802
620.8642120173236
560.8036905385956
520.9231075347085
536.7176914608566
534.768268541355
532.6848421325938
528.9761167477529
431.50764101620484
425.53738559991797
383.6961866043314
324.8588987379727
310.3169090709077
246.18497701309533
232.95823979845142
264.822014661827
329.0521940206672
368.0876841970841
370.4900941671108
293.8333467231171
369.89584037588526
386.9059555240349
401.37432778921084
496.04046073372314
477.15629928214486
466.33790142895623
471.5711045233204
487.8122822437234
499.2133785123951
509.1475894775321
614.1079305650497
613.6741142429519
646.5170902711245
628.1351236994097
663.7008361294636
664.0576896697413
644.6726711348008
687.7917053153478
708.339926134434
723.8533270864972
723.5948499723204
747.9542093960233
744.4785027370212
748.1044914938514
748.9258712209671
745.7352144390585
744.0805269320601
725.2796859206983
703.6394943092826
691.2459791827637
663.4026045472392
466.09321427680516
418.7888404610219
419.4262142705547
333.98684772575507
315.6064851190348
268.6532291486316
264.16880018249844
266.04295992646803
279.50283445134016
319.9041897927765
234.94742057261126
250.87615128116002
286.33382130592577
317.83244108215604
325.58191156084183
383.8466762244189
414.43136607032125
391.41103389867226
442.2583157521589
512.6918800592591
518.9095861991225
506.5863917543646
517.901007352646
518.0599970539649
519.6682525733576
532.7714733173991
558.2354032618081
574.1841837660967
579.0574373567024
583.3222564850462
574.6756786895867
654.5195660553925
659.5202272699593
648.3192827612785
662.5423839908167
792.4972657263986
812.2550203584518
911.4745995232533
857.053936215942
838.1958296388398
802.1379223143265
706.9474544095792
702.654284897022
661.2973869881872
715.0063922232339
837.0572907135139
907.8585929365112
1096.1970092762494
1429.7994548510155
1651.7583647589186
2164.2621727692276
2472.1975365497415
3106.604990507033
3447.4583251328354
2126.828178778742
1327.072502329378
1194.6159661548304
780.2995775387169
580.829864845414
439.4288605372189
333.4532704816261
336.787022053119
290.0287060709567
296.1989524204602
296.1264834334629
281.29725279517896
388.9641388748015
483.9492334658713
476.6368005038529
510.53507362047776
531.6887390678686
591.8893885114848
602.0882787550986
620.9194546616144
640.6478923647463
626.2573210587893
950.5685447657279
986.0709583646828
1079.733424066163
1081.35159864122
1078.9538726253666
1079.0538427424422
1095.0520601041933
1098.4010374902307
1100.7430202142082
1036.5074772759351
1003.8997592183969
1009.2584740751506
936.9352090386874
937.0033848151427
944.9563963421313
997.5859346395099
1025.4216871963613
1006.4674516357443
1023.0462442789582
998.3744024459668
1037.679295561364
896.4903883399973
800.8299126353787
799.0148787064907
833.4005607077264
819.224790678315
778.2873345981417
768.6412471624656
804.3203667201865
819.1308422712794
828.0043537022716
504.4303449285784
528.4373889846272
447.25942321353784
457.93486589112536
489.8933007778264
507.57756349534304
495.867391556605
506.50117260414527
511.7872083740501
549.1397686123316
736.5268820872413
1002.812907906266
1157.0379734754433
1240.116869406839
1275.0033994528262
1561.154724634521
1604.5075930769344
1659.7821522463864
1811.1222324937416


