Rainfall Prediction

511.5971443216859
454.29521235639294
450.95746566703355
435.98388396020135
415.73148398517213
385.19395757316966
399.9748213951465
390.3007098034839
360.4410316550879
375.72517600651906
423.0889714252987
401.0574635788387
345.88504503843086
284.6939999911944
0.0
0.0
0.0
192.07827435803608
0.0
141.65331763873547
194.10699640002105
0.0
0.0
0.0
0.0
0.0
0.0
0.0
0.0
0.0
0.0
0.0
0.0
0.0
0.0
0.0
0.0
0.0
0.0
0.0
0.0
0.0
1433.2618456338369
1106.198660385342
0.0
859.2928113782395
204.6697722944607
0.0
1307.1573567397636
1357.3807267692077
1361.0654010956641
1341.228326520817
1045.2616288314778
999.3983120622619
1044.3619598213527
886.5156015819891
828.300609001252
800.0295032287634
659.7561224290039
546.6894827555001
587.3981284589888
614.5066495950092
605.4182962138871
567.7808815077691
622.1906587712867
626.3542982324703
624.9520636391964
476.34095597385436
651.0849177889983
645.885256684273
608.535465538782
583.5442759889347
548.5566106191485
554.8044080066103
552.3052890516256
648.6174470183535
589.7648610902315
626.9349153606244
608.7392699276377
601.5467539673177
547.4943090925875
519.1320435214336
529.8148676026184
556.1125967304373
522.7775900430903
540.9385981339173
540.9385981339173
564.9295710469427
589.8129931671889
630.3240136524789
592.5789965160398
543.7400682317508
515.7390826820917
485.06747677829236
437.34031038790545
3213.3859206911175
832.2831721793126
806.5303876674352
744.0896616879883
789.4478123278947
514.9851039208407
468.11938191152825
465.52385636121767
460.3264764128026
455.9184253390822
438.34926734323733
373.6595263337548
400.1260671091141
373.3793369758858
434.12884436515947
7.022105190057914
474.7207171523178
130.01389894589488
0.0
0.0
0.0
0.0
0.0
0.0
0.0
0.0
0.0
0.0
0.0
0.0
0.0
0.0
0.0
0.0
0.0
0.0
114.85261543388691
0.0
0.0
0.0
0.0
0.0
445.9678418229918
204.08494221855386
158.96136810540278
167.42483435867283
916.0300088772018
170.9350124175266
472.77476360666367
147.4135955594433
42.57173485176742
0.0
226.87068746171366
254.80535286855888
241.522653590688
242.5486136625157
261.14679407499887
275.00245083056853
294.63739097917625
319.7242702835626
325.59566756756794
326.07764798653864
347.6788065399554
348.7853974613326
350.11314639109634
347.63585599020513
348.16875521645926
377.6025183419603
370.2448039352139
369.36331220514415
377.5505403077741
0.0
366.28076366790754
307.1169567253573
295.95619500306935
351.90083149442654
319.5743207326478
316.2033807730239
315.73481444949635
316.5207648125076
288.8175033013889
290.69215200894365
5860.986826111257
281.3290062253873
264.15076503336377
254.57722623969832
247.72746939057959
241.67499717801925
251.62976582099347
297.0023404398248
178.04346838562935
171.7662948207514
171.7662948207514
151.79346984159426
151.79346984159426
149.2553813737439
155.12182033871218
153.45224764939968
147.60074460185766
146.47125439545837
177.1976021034104
167.14660445804645
172.11270209969342
150.1921796769254
93.68724183807758
91.96149708852546
112.09956772752828
122.24277619691996
124.4973278394196
124.56267431278032
83.80335253395425
99.0789048598702
168.77866562837596
174.33647754337295
193.932402045919
134.22303104727501
175.58056913812962
219.82364108164967
164.41213225751653
75.09322628104033
85.20607499001365
0.0
200.38344259765626
277.1910373854923
0.0
0.0
233.46117684211112
269.48541309843506
369.99451647592696
0.0
0.0
0.0
228.5535562482122
125.64132516561897
74.74941691990435
0.0
0.0
221.58445842715423
229.81474961706547
271.6340980060172
282.7671646542996
259.70606437091544
210.47426519019237
0.0
0.0
0.0
223.62361177865694
236.55526409627163
216.53424835339558
180.96818899586586
182.47351734290461
157.6409205071941
224.4368958546914
227.8568073509865
266.6982497053115
0.0
366.1723485131961
0.0
0.0
0.0
0.0
0.0
0.0
0.0
0.0
0.0
0.0
0.0
9957.92269580055
0.0
215.77236326296168
0.0
0.0
0.0
934.4191598898637
544.3487676728803
0.0
443.4621123284502
0.0
0.0
0.0
0.0
620.1039120636822
310.7007213423022
476.7502465075521
498.8876761385132
329.10427511492856
329.02266119616377
302.3929652201881
455.6077826922321
0.0
373.1517247213415
412.6206739444033
347.49087944715933
301.1678738278155
319.79676512253116
321.11964137169593
777.1557478890048
312.4738611370116
314.6509234988628
328.4632306742539
340.17790323487833
318.21681289734653
366.48015501471514
386.1658523927167
251.5690852301196
296.6134402265995
296.6134402265995
311.47847284886626
326.5847432852393
333.01436155897727
213.9701115060357
159.51493464064515
135.72872140308405
135.8152134655963
134.00622732454414
140.76916746843602
143.6400809007909
143.27806380228301
142.885391289243
144.45367455296355
148.15047464020986
160.86137597735396
199.48073866199857
219.07259692344485
239.8518405340697
228.57167971687338
236.28968448653401
244.00768925619468
249.3372919080908
249.01828271142412
250.15729169242672
250.32529132942088
249.10716339107822
250.32529132942088
258.6784646454534
231.2889801535819
205.1168060835713
205.1168060835713
203.1759332314933
177.2269198755176
177.42291130602382
139.7135264501261
139.7135264501261
139.7135264501261
141.90965650798117
137.77194998608613
129.69314403280234
125.80195843095049
125.18582996027001
124.3316230686238
143.1800853168376
137.22119791307944
130.13226865711542
87.23638174229535
67.8350891661674
49.8616894725675
268.6268649753665
108.1351216250384
160.21036620905127
200.3642425577473
286.2013839213725
449.9104528812263
402.2707782124879
314.98307593629465
313.0139000418266
299.56644993708284
296.21982248235315
371.4981869264813
330.9838575664136
325.7010699944102


