Temperature Prediction

440.461721299735
430.0028722847642
423.56429003041757
418.9000227608041
415.2516915842576
412.2620412854162
409.73134891293216
407.5348805175834
405.5883053132988
403.8309494891616
402.21680679862243
400.70930695739725
399.2780540617139
397.89665731366443
396.54118746845995
395.18899124633697
393.81769602226103
392.4042868983209
390.92415923151077
389.35005070026693
387.6507398119907
385.78935847604
383.7210940493781
381.38992883087303
378.72383827853224
375.62745438147914
371.9704111194361
367.56801330884156
362.147546816337
355.28608142636824
346.28761882882867


