Rainfall Prediction

526.1875111204398
530.3300406125751
549.5413482424219
637.8857518699765
661.8860781095286
668.904402106668
668.0812127626434
651.8116305014413
686.3588028750876
659.9969039639573
636.1354615427982
623.2871617381716
575.9601796366967
544.3410153667701
508.66862697866145
473.4253925532507
421.5626451298727
412.23793831668627
410.0206897734627
266.9102144834761
237.92937884937814
167.62399526109272
209.76154129291564
260.6821835286842
327.02999725574915
330.5118305568705
354.08230477858746
366.53466231762957
351.38178925427883
339.34949725189466
309.21065849313027
313.45572322243396
338.3252156776961
352.1965927338262
348.3655429183198
339.8215237647084
327.43872644665953
314.9615323358567
320.4311193517462
320.40238127021803
340.7643204293738
351.0577515620132
358.6121093918634
336.83256839726783
332.3074562281093
361.823938758898
338.00566148140246
343.8693325992037
323.3575733954281
302.576069088479
301.9090782556346
318.8589583283031
327.9456381501016
294.99497260346465
279.2560223277472
217.51426680866336
224.25729018517112
216.53486284376643
232.17927126712488
224.81893918222082
233.0682152394832
238.76446792365448
239.26037142195412
211.87501124539563
178.4806337464601
174.2110764555941
178.57865398394205
174.50904556896162
174.57738359093457
172.97619759597922
175.1976918302846
175.52695558697013
173.2925635715898
180.7607601313126
175.12057086484492
168.39549763114618
155.87765968335364
174.01699158063002
175.37654654208202
182.79219498091243
192.0907929840063
193.3505924369199
196.67602534916622
198.77844996975134
197.42725832039028
193.43083141070412
198.63610001952367
169.0429616210776
116.80133356783814
93.839559914349
84.94899622707749
73.11548171674674
82.07776812675058
88.20515726124503
83.82488278272487
87.26755512004296
87.62791304777609
88.71864847938727
96.71748226401766
96.6489107139856
108.70696982854459
107.45143920638493
102.63582475166427
105.13485417571947
126.33715473780526
134.38104417310763
135.83173859654693
146.62028516844373
136.21815105884946
131.43785328234867
136.37558826839089
127.1519726418993
127.17261667474793
133.61205014427333
129.84313302723976
126.1951056347122
130.3910333208765
128.79759118487854
126.71813778504648
126.7206654445602
120.81409797693553
110.27326840935491
109.24113043297123
116.94377602919813
112.03001140504223
117.6846534848511
104.2911569275235
114.09007269133672
126.24141573811723
121.95989417184006
121.95349385431555
107.42982169920809
98.94186479326679
105.33542964928971
106.07038256648873
94.99077506186761
88.45408942814447
94.84277353094743
85.03293821948888
94.86351977623168
107.76551076280006
97.72711422026993
105.98444282384183
104.73977679285086
97.35093057277595
104.03624896013557
111.00571003253704
110.85942803344177
107.48221242619422
106.61275618951794
106.67128438426145
106.68440779978951
171.22271563803858
196.36308741122934
226.33442487881157
232.08421665236406
229.0782346714218
250.96607572339485
257.6126710837518
259.11853963452666
252.77452281869688
259.6457739556735
265.0622728351781
269.4979696359771
262.5740087919973
269.6627371542226
270.0032095100563
269.7944081090557
270.7021777024736
273.549560197064
250.964862670634
239.20637738563678
220.96652708181986
182.97107662125123
194.72221301910363
193.14005125997832
183.8652155255515
186.76489784763788
179.63558069963514
194.97557321492764
211.69238064901657
212.03448875530427
212.17321149589267
170.1731341826196
153.0743915720794
88.17436874775987
65.62546238442299
89.65883016176397
100.63844611033365
99.66128527456239
97.93671897197649
88.91994995358127
85.4184506907757
85.5301608196161
86.55084365614604
86.50828833875462
86.38049611859398
86.46287282647688
86.45956034199254
90.96172120099065
84.94512134102216
85.0873805423713
83.95819246520126
84.55000802845373
111.24636314918446
111.1799802515408
111.21375897160321
110.88531808563576
114.6761516854001
124.0661188714984
129.63628802063326
138.39383178825756
149.4279757356754
150.64805807868208
137.14945456464508
140.80079568665835
105.66682037586166
103.7174295087252
92.67769143736338
91.85885844646123
82.71271761967768
90.76624789964345
96.39979939875037
101.20901241083733
101.70164515298643
141.57591859437576
141.5612392364927
173.88794251877883
180.15729375406846
188.3702532696766
215.9157554023495
220.7403924113869
224.40466781760654
230.65728934716716
235.081756600854
230.11562322858234
230.63990980074334
229.6314678803942
232.37850349006072
232.7153519496201
202.69097714911442
205.8289276730548
281.9375881088183
268.68944761403947
268.48869571919136
268.5255287878145
270.1109444213606
271.6561655276925
300.7899185447942
319.00751112897126
361.74913929320473
371.83437260058946
389.0418193134534
369.45238940382126
387.834058135483
378.80112456341914
363.18221682278795
369.13257577991857
363.74446166784094
360.1950289260974
357.47834927423287
332.447016295207
337.28149423930415
337.63834356454004
401.7185759932088
357.68446174236834
385.61976198947974
383.4482825098252
383.5238023588581
386.62448004682983
379.6680477399377
381.0030184471485
380.86434033315624
281.1082337645676
277.0901300605295
284.4064522370586
297.10351933224865
303.74098730989095
296.7438705113143
282.29540222811363
257.17952773341227
240.27970511681957
237.17550822025692
208.3467980197445
197.63145865847966
186.9381861675433
185.39299251132536
171.43346826094694
175.13945211265386
181.11994148209152
170.7504601627859
159.5528597912394
131.10113761332323
113.11248042826715
148.752073900039
117.82862896469257
152.160882906387
119.64246207898529
137.17511801736094
178.0833881792769
242.93189885395952
272.95427502117474
289.3777935248237
297.15638709316335
279.2692087348861
282.74639635886297
272.4407410606276
266.0478293675247
263.0947366435768
265.8567429010179
280.6222379352747
279.6833159105954
285.90779541478844
300.8746456186447
325.5888414516338
325.5850062494502
327.30422685882513
340.18340637293113
366.11506578534716
361.1359441172542
364.5879059075744
383.5019935971638
390.8448636463234
424.4366306550638
424.4388563235726
431.6885820889006
409.8270864573737
397.44110000260247
386.84241141449974
384.4861799886241
362.27777080634974
307.92086140186103
278.10024989681466
251.7498474062688
233.67674020238746
259.32407309807587
275.8603891238957
306.9989972138046
344.17592123952625
427.9144927731266
436.7253057663
426.16227721747504
1459.2507820699652
1550.868293579642
1456.7557852846924
348.5001778625752
285.8440504501166
259.62962618284087
230.09240092810987
206.03245217126977
198.13894424520097
194.36923849827605
176.11303797489003
162.6750344443542
136.36776141388648
137.77917484132644
117.22668335762948
121.3501432200287
132.50995126184856
143.82977931725014
189.19839689562977
187.51426487583592
237.69885707066038
251.24499495882188
272.3272667099745
271.36807419139984


