Rainfall Prediction

532.564704466474
522.4719527652743
522.415852347495
531.0578590509276
546.1996864109187
528.2426521183861
525.2014054268806
527.140502793834
533.5768674149265
546.4059574531436
546.4059574531436
546.1916060589579
536.6101449453
524.3637668867451
499.153219136714
482.89019385022203
460.561317189793
354.0372133551236
315.3976979069229
307.50358389632515
273.3344133395091
259.1849464196128
245.018441375502
247.3617224159145
234.14433297475748
233.9461583531368
231.03809033171098
230.72262500526534
213.788999828855
207.5447928891019
191.4315364901557
83.39718773388189
67.98084608798958
69.01947497116197
69.13567566686677
39.37462495381736
47.76077836639354
53.0274981303822
54.06449852492175
55.92811039684858
94.23553156062634
125.76942068691284
149.87840868319483
160.90490996667643
195.65561458645806
219.33181045389176
227.90347989258973
234.8569801664161
235.98221138433723
234.46286513020146
238.05548103142837
242.15371851636405
231.00206749700646
229.1280329817037
231.83804267022768
231.83804267022768
238.4423638284278
284.2211253589156
285.5758608653046
308.65338449977406
322.5152756747779
325.5676673903989
325.5676673903989
336.91559609325805
337.2449241344751
329.86799779450763
325.648767276392
317.84426380341205
317.5453492626277
317.42425948545315
327.56936509966437
317.2418983819682
291.23112680295776
276.6967450318156
279.7967280284323
253.0767642178058
256.4984672842324
260.5613047072992
253.3079398278067
262.85841706297686
283.8140059838653
324.07776269875103
342.14275885026484
365.69010002781795
368.785713658097
388.066940216266
428.0728858744643
420.3246845217731
385.6919106274065
387.27773526480433
359.35357565864683
354.41211516352996
347.67624507300354
349.0445570955106
351.22477478129656
354.53900228507536
381.4671181359755
381.4671181359755
383.731516918186
387.698707706699
409.0278762097762
416.242532518378
396.8272092171406
399.2355686215805
383.9371882379545
385.18436403454706
388.0896450988547
374.3442271624932
369.4534933528021
379.0302723559059
369.69505167599993
345.10548282163
305.6936908079883
285.63000434243173
269.84329255740624
270.3159983817487
258.3466371666503
221.15685982897818
220.98219672134243
216.130347535155
226.50162823464848
227.42085169823127
248.70664053525113
292.79588343915964
291.31720132391206
290.59002661616387
287.4218739338649
264.3803608192805
269.54955519166754
268.82409178895193
303.4508074830097
323.42013576921914
298.40151350725466
335.9265128086513
337.50041710107166
324.64566700794563
324.11762366803214
331.5315142910557
325.4167428679144
319.46612844029266
326.7470242519774
330.32791338229686
323.8562807645954
320.5625264271652
323.983254687804
349.56056874172685
369.29866546758547
365.84953133712
386.6599944323635
386.3342662305732
412.1835071974253
402.436816050941
395.6755347967637
401.1387392723867
398.71700376892466
413.5408958188081
435.11573024857887
441.5320105279975
444.7320235773418
450.3282909905099
451.93365518796077
416.3267101634339
419.84406502583147
483.95425690162
455.9970832879654
510.9884901339471
524.0626097539861
542.0951846039112
533.1686970082803
546.9958430876748
563.247209459503
556.9238960744814
561.2518908725127
636.1359576932723
715.767838016514
743.8331554063632
748.5240138998274
726.973617442549
726.973617442549
706.8194433905013
709.2430576668414
691.0901648187679
690.2111441917267
691.9972421498773
671.694919580798
654.0788602479469
655.3219500108602
715.2423818427781
709.2636255779731
706.3712144918168
715.9013778109221
717.3221521193954
722.4009777005674
689.7811620817813
613.213106606516
613.213106606516
547.2195787553089
593.0125183704098
575.6468601423147
614.2017382078925
651.5283571186532
659.5881418558652
659.0162015657318
652.8075926008356
603.3206914661507
539.926020211948
522.1329832196244
518.3539273882793
506.73492076948276
514.8549355375309
564.2230671529568
563.8675107588961
607.2645113528189
647.889319631763
662.7229630835488
659.8939179254166
634.8253121580905
607.8288368912702
542.3102267219272
541.3625635601161
570.5074336452619
552.3644789069504
605.6521842783447
582.7574627564647
598.9903595035819
637.9783491095936
637.9783491095936
620.2518426108375
571.0740321037213
589.435580996878
566.807598313135
519.617933659003
497.53383753251427
499.19713216003004
512.6589525740997
506.19550644767946
496.24823094376785
510.73683565517274
482.4091970265691
482.4091970265691
482.1630691278536
436.56776154597753
456.940932619465
432.1311359328696
368.10302255318675
339.5359416426218
378.95242679435233
399.4247669111776
401.73734325587435
466.18543326300437
490.46819759883306
439.51116257052036
435.8912273833153
416.3025465373595
424.488148046231
412.8111521483997
398.8309782931908
400.5691679759985
399.0998854387856
398.91107716703016
365.3870727788887
357.119788667308
347.56559564279576
359.64686525652746
352.3330169656624
394.1728301521253
410.0761801710298
407.20779998445005
389.05476369763056
399.6181736528276
399.49198952122794
384.1089652072799
381.4550785120479
360.6721257706622
339.3467477270927
275.10679730936863
269.70421669824054
233.822369912384
311.8225787574221
325.92498037042657
336.2751040883736
321.2452565393951
321.2452565393951
323.9117127262615
368.2441508824401
415.36196288840705
466.98459274746546
503.84309004817663
498.87617803342255
499.17831487101597
499.17831487101597
498.5657523161683
516.0443052559318
546.8880280870655
549.2785121777295
573.833623713711
595.7825963057782
616.1056740919336
623.440178777425
636.9026556276543
653.804732364644
664.3754779207054
672.3113713915377
675.7421227831793
672.3367450097696
686.9168272513831
693.2941008206069
692.1945597992101
682.9007632634322
618.8664771116945
604.2308471972428
552.3524516148342
552.5338710946367
573.0312790716883
591.6238768906023
565.2696742289721
521.3720243882142
412.5993179303874
359.2587598577981
425.72896876364587
430.41793979910636
433.8711673935577
455.3250566582114
459.01581859602965
482.73052161855577
512.297728387114
488.6549246793894
471.86486106829
489.45562280376294
488.82743816763724
484.90777769992167
476.4947749346776
480.1238625912362
471.85253935602555
471.5158182464282
491.47432029400704
491.6225872717559
500.5832643782873
496.1770344314935
493.55688337597275
510.10575095777216
508.856588427274
505.92630270075927
507.80216338878256
494.5093188840721
473.55109622640674
428.31286171738446
388.99060720715164
386.671214352412
384.99811649632807
342.4981810052007
412.46247532823975
406.940905568425
386.2179606444689
390.0192639636456
348.984308303065
312.43133925274213
292.3387904966343
292.94667060049954
258.1243928835117
257.3125217295002
256.6524932777196
255.5704937822412
252.5254209978286
253.46106341727344
262.9459328759641


