Rainfall Prediction

6.406988709517629
6.41048058946358
6.38074737893826
6.386336776180848
6.284967292084453
6.273429988324281
6.2096463166940215
6.273394217428415
6.256267919431043
6.253576557167918
6.274332379113437
6.282486396003565
6.269521816142024
6.311289902765337
6.298560431726623
6.317833351453968
6.354728039345773
6.330518053855311
6.304398930681525
6.28119375993521
6.268982588797382
6.25530998059335
6.282093956931554
6.276231935234009
6.301420306586413
6.356230079819619
6.369002923625381
6.3665625970367525
6.3733530433739425
6.392575107779171
6.392585268171022
6.400045990613496
6.379702659459825
6.382714442014734
6.378440908402217
6.413398475914506
6.39084842937551
6.401738045412015
6.388669662655108
6.379493805089072
6.398703883314493
6.375560745862782
6.44834287554802
6.4735284008968215
6.472634135019721
6.469439381381353
6.472037346180065
6.460837363771233
6.474071858855821
6.464924934970453
6.449770187563095
6.448573165520168
6.4300764980107905
6.398492143473026
6.347567382651109
6.280435207169077
6.211667279573952
6.208039201740027
6.214489577340457
6.1953535581254595
6.141603683811185
6.165254100929841
6.147842121685924
6.139483334627592
6.210353204795048
6.2507223479278915
6.147295580279863
6.126570279724254
6.074566649260496
6.188280006583861
6.194771981190241
6.203203740781921
6.218590975392231
6.194227499849945
6.200507998011812
6.172718044240855
6.168334974917814
6.156776670503488
6.15767286054718
6.142346749708938
6.142803335832879
6.1710230506873724
6.2252730231832
6.338384393911857
6.372353304795814
6.378219563366198
6.411011822733616
6.476657523346223
6.503578911162201
6.517976349662362
6.542173657989248
6.554337194904045
6.531939344183575
6.533650610716993
6.528562195280891
6.467514969901164
6.45056554991279
6.391810636576322
6.392474060200743
6.419199123917924
6.4085904793241015
6.413310958104693
6.415299921707982
6.448638931360273
6.537794810129407
6.58162358420989
6.594394699989369
6.604257241620193
6.608240001124448
6.615337016338367
6.628041298296557
6.647268948572693
6.625876304428079
6.585699990324759
6.546642286242633
6.551320551669761
6.546169634074716
6.549929692073112
6.529322962167047
6.525353352542909
6.511822996855979
6.509962038881618
6.502947680564456
6.5304558900130605
6.53357161093197
6.53382218896055
6.558009289786812
6.55431227161251
6.562459368225382
6.569194536111887
6.56835208673275
6.632220752455054
6.6331850415205
6.63009945850287
6.612324873002095
6.53403082965464
6.431613731128916
6.391991193182931
6.380732158610364
6.374778123805092
6.356419734138109
6.350980222964989
6.291366100604023
6.297194816939821
6.315274721053015
6.347272304699256
6.350260304878444
6.345650774091418
6.299921863140597
6.308901662441773
6.300789765753958
6.315229956261715
6.302631161717894
6.268416103669352
6.237478695850247
6.245700124828347
6.259876038782252
6.215059025848689
6.196229372261753
6.132656557050019
6.135757702655044
6.151637861500065
6.105272142259941
6.1175938918734545
6.129377560118636
6.17518265575293
6.241482526576104
6.269735941491856
6.278559083962296
6.286207126635802
6.286852744804017
6.295005356880331
6.277970456722484
6.2959759058005424
6.349130020798432
6.360890674456449
6.309960241791078
6.28676849696685
6.2907851823003815
6.29237805712686
6.27951339480332
6.246971330541495
6.195212151318309
6.180350465681231
6.24862938510952
6.214542419970202
6.223019618453517
6.313518168830168
6.360814300499926
6.349345501780039
6.348323522554079
6.354427495336019
6.367999932546654
6.356098106238563
6.390086790199439
6.41345612416124
6.39591254531928
6.337339011180397
6.2700421671275555
6.234057767934236
6.22698435749631
6.230211365741878
6.224484312559864
6.230114294247464
6.263580495413409
6.240247705997582
6.209664506199994
6.220288967084275
6.200337053888035
6.1961863813286815
6.152826699078458
6.1498930614157175
6.153157580422348
6.192414831351519
6.18488127870484
6.14007160116164
6.138218778901132
6.111306100639802
6.047419854552846
6.008782256373067
6.0559322940480795
6.069767259635432
6.078053794313787
6.092890044113359
6.095932953524601
6.179678473261509
6.251051119834338
6.2543814547862056
6.252709779874281
6.250568699717274
6.254353999992707
6.286711162924627
6.285638463706155
6.291120762864846
6.295920573805035
6.29648682730307
6.35783900953242
6.348870690516111
6.304058114108018
6.298843654846066
6.311364908822741
6.325935353733517
6.32237493171727
6.320747494461413
6.256221836474715
6.262136332079859
6.3363747894393745
6.345172749893527
6.346914302445111
6.429373144347586
6.472496412513539
6.475583685374926
6.468900480220155
6.4588228139765675
6.4453965571518745
6.4670162402544875
6.465160192671274
6.423354736149328
6.436672322473603
6.455634460420018
6.467314777922104
6.464129174174616
6.44036727042761
6.436266943651086
6.416039589701661
6.439263453900337
6.4238306912877565
6.384456225914037
6.380919629601692
6.372325700821169
6.351822524970654
6.334385671679916
6.302258757417658
6.300752471666106
6.2588592652779536
6.246189317124193
6.1727555100549
6.112034383799722
6.060504964201307
6.144015757083983
6.112188761880134
6.092681705702819
6.140874373905902
6.1519649020834235
6.18979629464501
6.163203788373691
6.1507424818895355
6.214340486377489
6.33984203468105
6.307294252072264
6.226504621105956
6.02380873342511
6.145285313159434
6.373078128879316
6.421091720720928
6.483126244097013
6.4749489820799635
6.512708722096901
6.541969643444062
6.555427815774159
6.564952710779899
6.620955144949362
6.651148875718222
6.65764131974461
6.686450701377225
6.702105636407012
6.7122628666278015
6.715756697645386
6.7238656806684975
6.726034106804297
6.711611281722917
6.7102061571647535
6.708736833597905
6.7003912522319276
6.715387314832242
6.720970063902754
6.727620152651354
6.720277427594613
6.682271644990561
6.602914005344541
6.626052505027312
6.628847001267204
6.634273075543265
6.638930447264554
6.595125394598254
6.587930313003778
6.544493301811224
6.5673785571142265
6.555240454500574
6.54785308833495
6.54451526322766
6.539108538324609
6.480006531046409
6.439512750931181
6.422034575789144
6.330221170864667
6.30036960321282
6.2925994829395435
6.299137548108643
6.283042046679478
6.286408692672797
6.295933452660678
6.29555498529553
6.306847641711301
6.35459339826804
6.330787383742246
6.380793024870716
6.388935368369399
6.411275958439384
6.459927456901357
6.523701316744695
6.537165094403209
6.569531428333157
6.567406115905065
6.559094547102982
6.584950489041772
6.585759485984986
6.5808091827192
6.564364557702832
6.578661410903396
6.570534535028232
6.578988714907524
6.582270569678698
6.610746898524146
6.617175315841145
6.6220482656379005
6.670257377767449
6.644540160130149
6.625687238867146
6.578554434636857
6.58358036758808
6.627782699548455
6.632806894486501
6.636602433389272
6.645769153579167
6.6847041733161365
6.740456370242828
6.750708771748619
6.748552713602385
6.744826378796217
6.727296948841614
6.6992523098477506
6.683821901997771
6.643475354313429
6.634339972391614
6.633753946082868
6.610737114676244
6.606259252975146
6.599688787554742
6.591798555295833
6.57322130310735
6.564846673463393
6.5506514111119225
6.549244086643233
6.511720902926266
6.469813334163332
6.454801876870459
6.218067108127906
6.143675703626252
6.1458389122809365
6.139591234039193
6.009133279044537
5.968661818628693
5.979175898059168
5.996417996420611
6.0085492767400135
6.1483910355175055
6.123548070512678
6.138980384422496
6.131547031318867
6.128693846218654
6.152711758322356
6.182116764236493
6.21715340308023
6.198810226800611
6.203402529542814
6.209174727662816
6.225482956609211
6.1805319366365605
6.18614009209972
6.162988082944724
6.162821417239636
6.176187616769271
6.219779779922098
6.211622976968295
6.201096611482511
6.204916957047434
6.205817830885824
6.215755616092409
6.223072222298651
6.226362313280694
6.255996939195239
6.2523271190471075
6.271145907542683
6.302452937287016
6.342546309527949
6.355511237871838
6.389524381332656
6.386616768130445
6.385645008997319
6.405267162875953
6.404479284572254
6.401149426506679
6.408093613114897
6.37740243258229
6.3922254404969
6.432184707511429
6.481224127857201
6.457006492632178
6.472851640033129
6.476693525703344
6.473337675073412
6.478667076433206
6.453852054931671
6.393460499317212
6.393775816705379
6.433106212793293
6.431399562642244
6.439469563824808
6.493578841763339
6.515249070555221
6.527531247666854
6.538979003985247
6.540860912911981
6.450960961850934
6.4381541424059945
6.473069919624279
6.502175749667781
6.46429588172577
6.468014960872647
6.468089905260234
6.444770350696835
6.40548861035238
6.360564641948969
6.378115369319247
6.381798416549307
6.373862314427225
6.349468925545232
6.30231548731559
6.285836084371693
6.220345961480371
6.219052083834972
6.191893305361905
6.166890107565756
6.169167048983508
6.177423905716575
6.18150017868401
6.170914820402373
6.189553841724158
6.196981290030579
6.183500554944087
6.177560858136851
6.216690061485225
6.238191646766348
6.234388325367668
6.2146709872754045
6.244889674885094
6.3609880457084405
6.403482958827867
6.474039562467157
6.483346889696474
6.484179554046243
6.498779082908124
6.500018756730583
6.497995029442378
6.509945026338466
6.519135272121392
6.5198894299661045
6.538371714563797
6.572904452902012
6.579249993760541
6.606710445092693
6.6213962808968
6.638696274795031
6.6314238273593435
6.617366801593977
6.588154620378219
6.6034047479111315
6.612595654073559
6.633802646923538
6.656592379157873
6.653623001279254
6.636421547263245
6.591620876613392
6.582447481557523
6.60324075593673
6.602911479112107
6.604271047463063
6.570426168039724
6.548829407030175
6.548671390135938
6.565916949885272
6.599332992107271
6.600098803054787
6.600007024802116
6.6168138642519185
6.6281018908776215
6.644246200318158
6.659250417284233
6.6547770549942715
6.627102895451358
6.624114378557516
6.603899907870824
6.582492070490508
6.549527521802332
6.556257872652392
6.552414242529199
6.555972867631919
6.560849014266336
6.54829810907168
6.526729455331742
6.493325247993074
6.508863694822619
6.53128855252568
6.530409419705666
6.527166020982552
6.527094025007705
6.504408825081734
6.51470292537678
6.512841759945179
6.543336265709634
6.537407781706909
6.518743928498937
6.511459594020815
6.498633238286409
6.520140403289137
6.529244156532448
6.52026651667312
6.498697307504871
6.488036774547624
6.475568467218213
6.478961591096568
6.489530423389516
6.50664954642855
6.516894357017184
6.526787091138138
6.541279933752665
6.524037242587482
6.486086604907996
6.493376764049927
6.471773696940831
6.47802965028871
6.508339705991378
6.486500786602443
6.451450086706039
6.405482458308441
6.426737261393262
6.432186570091775
6.380524995900664
6.37204639458651
6.338615091616636
6.3234044405559695
6.358267506140849
6.352854448127573
6.358469591120462
6.365436171119359
6.364625996970295
6.361989236224823
6.414806207936089
6.444632098308356
6.460011783780484
6.488600247702199
6.48726706316582
6.482584138538645
6.46203820827864
6.431890596704626
6.421636815490416
6.340258516636755
6.3272820712908615
6.3232298982441435
6.301064372103122
6.351416680366592
6.370770145905324
6.385447319343669
6.403096410150025
6.436311995198918
6.481192782077441
6.439513033876988
6.4682591597753785
6.519235675057029
6.5244278454409645
6.569035442795112
6.572510311499546
6.5847080164392064
6.588531622150362
6.580357879610136
6.564621605888023
6.55604433552001
6.548588917545292
6.518610402964622
6.510054686667009
6.528837487232474
6.506157261578009
6.501543906778574
6.501431681481995
6.4837290082767804
6.484728770442203
6.486514344778533
6.48501987500382
6.488014349914528
6.4836903423799495
6.467019188495145
6.3730658229047865
6.356925297928374
6.177006960385789
6.074281491467284
6.199190226758763
6.259872229187868
6.27606823481997
6.263478642570628
6.2055133409576975
6.211511105101232
6.197095465704289
6.203877905124523
6.199628603473917
6.193206185385398
6.193206185385398
6.193480440058991
6.21916225707826
6.224880156544968
6.251832202314141
6.270611758724156
6.252477713395564
6.356407151504979
6.352645977072076
6.341231140258662
6.345609233103488
6.356090424519165
6.354821443514973
6.396001272106711
6.452051164862463
6.4875412724683095
6.487189781291
6.507855803646532
6.433175598475413
6.4174812277182305
6.41875590482724
6.416560895597015
6.387113882788575
6.3813957368157315
6.419072924167307
6.417281338669435
6.391555580908015
6.334077717372603
6.327481974734335
6.3385382217463135
6.340211093854036
6.346327226754604
6.354088694980591
6.38255541900819
6.367998904235245
6.359854533595569
6.324206797417256
6.323826066089547
6.288424182719213
6.28473181207894
6.285509705827334
6.273727884493786
6.274467291675014
6.282348412659627
6.285691387580222
6.271900146377414
6.259018552793659
6.296481883287935
6.237086001311688
6.217549716618937
6.0169378975933245
5.970377955573053
6.092131948846893
6.215596332932812
6.225860584900634
6.241900369413283
6.18930213649345
6.166078409787703
6.162766862906409
6.190483649440791
6.17941958738078
6.214564081165018
6.233544906871041
6.257600193849979
6.246322532577515
6.24276349958709
6.227073790461012
6.218282221896777
6.217239550377368
6.310618442657178
6.308816874486464
6.309275467147911
6.3101787797087
6.329127238522127
6.331868979606016
6.381240033416612
6.484002551536055
6.529733890999736
6.524744549597579
6.5366322876054
6.550593298001167
6.5563750055706365
6.542404067305364
6.548791806587332
6.521455556066986
6.516962260421223
6.517590180902212
6.529674103380689
6.534874206792441
6.5323090866970315
6.48808714801785
6.4840316821377595
6.459385532946132
6.438778820874612
6.396148393433347
6.386523265990352
6.345302553576196
6.402912887342206
6.458589731041412
6.51140737609669
6.472016355915219
6.488169303607961
6.52348309045197
6.526716730639446
6.545789431534464
6.56504034128737
6.582777071414742
6.565798914721679
6.551817995853569
6.543607881931486
6.526666471282969
6.500812405299882
6.498319742060735
6.534662074449047
6.535512571562354
6.561035450809603
6.5833321550729575
6.582074011858593
6.569372106183412
6.56121423901778
6.564156329756941
6.596689272518773
6.595786400457278
6.603304444484419
6.606009749437781
6.613800513148338
6.591073513077323
6.599553706280469
6.600848202439092
6.587433497910944
6.561790964347583
6.5538513964546485
6.522732799989157
6.5118913177535465
6.507464945144083
6.507231511074316
6.491077689504686
6.455432881863601
6.429209606895576
6.399171327747216
6.409855407450994
6.417716909695228
6.41895356317079
6.423758687006281
6.382185610197222
6.372035930048356
6.358416237207544
6.316738989824135
6.318809770885031
6.347868228574337
6.335317292290333
6.343559891483139
6.311974998710905
6.307874958451865
6.334689620506023
6.323867292576622
6.3081540306115
6.265072022799986
6.256309558077811
6.272999370505648
6.316945545270528
6.347755354428207
6.310405379776086
6.372469945522109
6.416521871007987
6.452471289718311
6.480610191063238
6.5148935596067545
6.534754932589376
6.541601785380502
6.535405516090674
6.5202511208503875
6.509459861781037
6.517474258610363
6.513884470601033
6.535553494710506
6.529681585746852
6.550097088297765
6.564623164832249
6.551161262253093
6.532621125291292
6.536904583916947
6.534276395161806
6.532265031948102
6.545190226383358
6.54328671415308
6.54644260869347
6.541495206976817
6.545016435556173
6.539373331663559
6.545577045025381
6.526622382666388
6.531838414501732
6.524843034751111
6.493226414624138
6.490793737976409
6.509482306614722
6.501781590283336
6.48194504128289
6.451924683832324
6.4587764072978295
6.462818644116215
6.495600984305515
6.5244613327983245
6.529740540544512
6.541939244588415
6.513498742879374
6.518563840486785
6.515901551148608
6.500365386077615
6.504586991176872
6.522384066377903
6.531531310207205
6.552287699694
6.561570282791887
6.572294366704824
6.56684516604572
6.576416632714338
6.574608687143183
6.5633154246800025
6.567823932833331
6.527840677339479
6.542474852744105
6.525049121891447
6.523438795054517
6.587418234813329
6.584945433073373
6.591712133233263
6.616222548110574
6.642036125334087
6.644316596863424
6.644466975187381
6.646160241869088
6.6271810458720335
6.615264233493907
6.599236077656247
6.588566106429583
6.588300068122554
6.577775062204912
6.580300830545873
6.577917275649044
6.584068604767302
6.573224447522094
6.587098946804019
6.568074157540606
6.562070795557388
6.537773920159344
6.567217971358722
6.531423153924475
6.521580455440475
6.523551164194326
6.553285901058137
6.549269270666297
6.523659339735279
6.546617207749605
6.556684299360626
6.536702262057048
6.546975912603719
6.510062493668771
6.483753211377657
6.329111813812364
6.260895093938052
6.334791076305864
6.384276136434315
6.38691661509676
6.382509433204069
6.353705302977444
6.346887344016001
6.354615072884471
6.372761823805741
6.375060658035478
6.379878018278193
6.388921036573601
6.3862188006402025
6.370910740393933
6.397436791782569
6.398913446277367
6.411041501035822
6.405222535201896
6.4875204877253925
6.48884221958161
6.489960075593828
6.465161328692261
6.467001737224211
6.456892860150474
6.460154658630712
6.494981998296604
6.509890906135073
6.469070864212452
6.439553471315918
6.442593083219126
6.430289198822694
6.430961981083651
6.447081410722055
6.449080051488242
6.445654960662167
6.4753818784565835
6.486415415204858
6.488408227170311
6.471854803884804
6.446334717676182
6.4321276873585145
6.420585715106148
6.394176727037939
6.41303434800662
6.4857554863879106
6.4405795569538125
6.430282293329128
6.408451070791331
6.389682911072856
6.377596302347831
6.386519553249832
6.39693388046323
6.396291616000926
6.379934098173709
6.3936074265392255
6.397565877654226
6.382905987525172
6.380751868378916
6.394745176728455
6.455074439824321
6.454830554749729
6.46769788490304
6.479155114663269
6.464030960196074
6.470763597915042
6.474585551347795
6.474699715588587
6.4674488845145826
6.481753399550877
6.487452987108789
6.51973838302698
6.528249388199642
6.538698193213258
6.5258359888103055
6.51014606353977
6.459548042836017
6.479367250955832
6.47701989055272
6.4918712904516145
6.515010115261194
6.517346542793609
6.513379365844521
6.500473287611916
6.500758661940122
6.51362691369364
6.496730178840226
6.4823445177366885
6.476234038285339
6.467415374088839
6.458177268841686
6.419196651336737
6.424495293944091
6.427833732870996
6.421804974458085
6.418571927592714
6.3902165381779295
6.387219431392301
6.3631964537927015
6.3665546992957935
6.340644605679236
6.332514433811815
6.275384820994552
6.289032923850957
6.260105028276385
6.26222285498854
6.242889963973049
6.185342550927064
6.121168132809822
6.138369683978497
6.20764721082913
6.194669090225
6.163028491060847
6.161213337692246
6.242184334231562
6.268349903063406
6.271636526026281
6.3067569878509016
6.327357920700996
6.33020021571434
6.336279459288141
6.327474080888381
6.327305963716579
6.317806031282408
6.285417369723214
6.282490290667724
6.3157136614782585
6.333305415372306
6.339674893234486
6.336575185999267
6.334553881629333
6.337599485006573
6.340947324249569
6.354625585871574
6.342183226715422
6.345475065143685
6.347547140799876
6.335197863079925
6.289792333179916
6.289258171171385
6.2929712838538805
6.2928193044598935
6.310969069824428
6.3244795345184945
6.3248353208279156
6.284066863657886
6.258909864356484
6.270940097311585
6.30443206744437
6.286120126837219
6.265174808669423
6.245845082042359
6.326009350269304
6.353412234910058
6.332190882966343
6.329292664018362
6.3190219626989155
6.260791164306422
6.260972424370744
6.249060361383775
6.338288073196036
6.378089506438547
6.393059703262873
6.398489379081133
6.369825412096356
6.397794214403465
6.4018071812939485
6.39733936595658
6.3768010285181
6.312707295115754
6.315181965455542
6.289999212992808
6.324211003227252
6.311851031729155
6.315937146414444
6.358413996846668
6.422056309233033
6.474832006126915
6.477448531214841
6.459383364613814
6.458075114736135
6.4667500122056625
6.464487717078487
6.366628842917196
6.321829072859735
6.325167044117231
6.313062366318981
6.3158046670922925
6.324425347826686
6.329031892613392
6.332610759439979
6.32095250608986
6.306694444935051
6.304643696890793
6.292009875993184
6.289599692892464
6.274029707459457
6.266842675072988
6.21898295211876
6.199958684219182
6.24595001971623
6.276926944301104
6.283688317764721
6.291495668202431
6.342402428450628
6.346648164989546
6.337861912913164
6.325681451873386
6.30016641571608
6.312369855830922
6.3209513844824885
6.32124507086073
6.328973021038511
6.330118022154624
6.263236620947176
6.2587978415185255
6.206230086902929
6.220783201015535
6.218394724919705
6.2180873358762
6.239369295105116
6.241813560898169
6.231173001014662
6.263247078071412
6.269680523710579
6.303140324511009
6.370405142124487
6.382631460999098
6.444330679700066
6.454553984991105
6.464168049522861
6.434782525932478
6.412939551198486
6.415784429255965
6.407096924496049
6.4247402788985415
6.435674816123164
6.446477459367905
6.438505789386884
6.432833198546258
6.450077403051218
6.456895255792256
6.455430167300822
6.442835492405841
6.444917043144875
6.439472475286527
6.446187980039657
6.449892216222876
6.447071447190434
6.44548194222239
6.430166791353923
6.399025109427273
6.391871089592618
6.390200295195941
6.4003941824585135
6.4131135518755364
6.378413048025499
6.320090551700563
6.274386611922905
6.196800949342427
6.194076561729329
6.321535780291262
6.362006213622639
6.410046392125224
6.468921026938759
6.479146679999586
6.467166325277214
6.43918427739308
6.418799038906176
6.405992687256588
6.375051416944048
6.374812885935132
6.375621365484063
6.378849705509474
6.380434312527623
6.382232794159151
6.313404745455925
6.288056755614004
6.266119299628444
6.273017766409692
6.280063482793857
6.3156564557805925
6.328824965700019
6.333746571586305
6.340026892442617
6.323656411872339
6.310502002895298
6.335427572551259
6.37220856574039
6.3899794221906365
6.411446547755837
6.413388853336975
6.3846036502125845
6.362256318702556
6.329411589732853
6.132383236559481
6.046776693496998
6.042815776825681
6.111128916152583
6.114310307613765
6.110230289093259
6.089828150894581
6.048986552759445
6.028943034153741
6.026989195772476
6.121380577129475
6.118341554825399
6.086963490910809
6.100709996823216
6.1090313110284615
6.103985805512455
6.110615748560386
6.068370127168942
6.065712308525251
6.063795205783926
6.198734267903228
6.214075368267084
6.219508387884849
6.178000493322147
6.114622983041778
6.072435483163233
6.044156302420702
6.02111958087543
6.192521347116083
6.242155370619282
6.262687488125117
6.2814771752593135
6.291114742715319
6.298159244947764
6.297483485282564
6.297206469881122
6.296916621414908
6.323671113493305
6.375748978234794
6.38815282285491
6.399466176890641
6.392554358455776
6.411565246784628
6.4185114986069305
6.401840455435508
6.394436741674986
6.371407530022417
6.357839972162615
6.364579777776912
6.363242301662834
6.364834924189649
6.31623808402899
6.302883577143442
6.290165762718134
6.290605890890439
6.277361673070748
6.279373237001762
6.318833608731718
6.328556173412021
6.218450204446926
6.1864678331294485
6.150160635107374
5.979909962739044
5.902464327295188
5.907009605528881
5.959415942571262
5.968349948712085
5.972659984648746
5.957333535877552
5.936370464972832
5.9160202788928355
5.915014547785729
6.0260468621852805
6.021364501873213
6.017186605652827
6.015245069424459
6.013803202583571
6.006106476989597
6.011689156070142
5.9921851013851875
6.020637342010543
6.017691929828583
6.149835947732004
6.136092145930286
6.0999248431478
6.09931016199593
6.118049075972707
6.161291296973918
6.124254011400602
6.075022520025251
6.095404920909044
6.139740057670188
6.158523532256895
6.078678959705677
6.079645466759157
6.092140969207406
6.0343693425695
5.987289802995877
5.989696842173627
6.178507973331605
6.17063323589344
6.149402552436622
6.151063977557112
6.176778562063204
6.213855795620875
6.204129367110507
6.207175390063377
6.206701030519735
6.208136602078693
6.202840329802736
6.208890974156041
6.19445379488362
6.230209757357214
6.205511174915539
6.271518875320668
6.308463569879798
6.328893696343272
6.315950952488382
6.297935947323726
6.278467904271239
6.295169383706442
6.225937837577014
6.220968714988503
6.236469597062056
6.273635257074485
6.275571714297698
6.271831042232112
6.2787976389000555
6.281427549348139
6.301763685895709
6.296981179098706
6.293173092896579
6.305168485764613
6.299684196108101
6.282904256045894
6.254517546912515
6.250049375892006
6.246729883654627
6.2479254725309925
6.2450135214255
6.2689748504418095
6.2827412055404155
6.306272298873928
6.258333153616585
6.253003274982307
6.2268552929535845
6.206670305205986
6.184600162395164
6.214584342215945
6.206609991414298
6.206224870165608
6.156352469744428
6.1392791186182265
6.129405511764009
6.109949132657281
6.006859025475413
6.001832542677521
6.026846079107321
5.967084335814713
5.932666444699327
5.940028124929497
6.125119120823138
6.17290424978586
6.203766144871211
6.205642296125589
6.209344328935838
6.214938512053248
6.222768207929056
6.220192506890518
6.215533219076703
6.214542292782909
6.19881587519769
6.184108663798902
6.166993196540201
6.151896881797483
6.171881323376014
6.23710481690356
6.277519459794691
6.296856121160628
6.260286851934323
6.239121217168995
6.1483800830317605
6.133759346108943
6.120808745127533
6.140475024405483
6.207104952305648
6.257300799339415
6.276651888491893
6.276233974761849
6.316306098235616
6.333117756602091
6.270409595611909
6.244760571678051
6.197277309513025
6.1141149090377525
6.129795821797377
6.133246237915186
6.126342211100868
6.09173785091923
6.214631632942693
6.238620751657667
6.288362104548652
6.320662884443902
6.346592642846838
6.356239563695675
6.3656685897054714
6.357557013968773
6.336312582873829
6.311582730961511
6.322678630654636
6.363779758203044
6.365112687472434
6.351391314781696
6.361714915700338
6.363496342595841
6.358231633996958
6.3178956892096885
6.265361909720553
6.262063129271715
6.27149619635118
6.213387251435535
6.142155227854218
6.064935745569398
6.01931737670281
5.938878652177435
5.966010490717604
5.967994552009607
5.427969174968516
5.43169485678373
5.439815162012033
6.0550069289995445
6.178499415721546
6.232064092026203
6.242433240602121
6.211794275497001
6.201727581570815
6.1646753707187285
6.16414254115985
6.289191169041091
6.312668448788591
6.3424778128879975
6.353451535149956
6.356590671973656
6.372046567897243
6.3635177487531465
6.363412282580693
6.34791818878881
6.371915785329023
6.362297246234412
6.349831075013107
6.325769596301011
6.43542881123809
6.428328602766914
6.39174285863763
6.387732594340701
6.357158164438659
6.279698976437182
6.300704322166798
6.3009233136584335
6.304244526923538
6.270707543089648
6.384648702845048
6.397748962184506
6.4206102766043385
6.431597299650404
6.422549029461333
6.405885801544018
6.407947190145441
6.405617934668526
6.317342056169544
6.3080667915991935
6.250331781431333
6.160410193314044
6.150605700993754
6.179114432268564
6.2375679277093035
6.238577753387274
6.253108995620904
6.246671109419614
6.254084036476271
6.249865688189383
6.258818596018786
6.252705216516567
6.257488671158715
6.253838348219622
6.279012370003552
6.29539235825114
6.303015482657987
6.308274426165209
6.300483708379296
6.308350656091756
6.309883150729508
6.439191612287961
6.451754289924534
6.463266063872726
6.465986591006158
6.482193469517659
6.487737863096699
6.519037592469575
6.538102663395321
6.562188466502513
6.562444105201042
6.543569753333099
6.518738834240111
6.505794284590943
6.484236547991742
6.501203915944201
6.522037607791458
6.51958122333302
6.539303478199135
6.539171018007662
6.523178375843577
6.500223557054374
6.606174174819175
6.6081449410778035
6.613443782932636
6.607463264173136
6.600492350191146
6.59341598233354
6.588376453059931
6.5832059356665535
6.570955691952636
6.563158788586636
6.488283720734232
6.472852879809844
6.437775655220765
6.406943749233048
6.4154395003680555
6.429804272097027
6.42307496591785
6.408093996555358
6.363530493274576
6.352649676666163
6.349594406322279
6.389257242562184
6.387710865090227
6.384843238681318
6.3215130867075615
6.2520242742834515
6.184147916498797
6.133361020234112
6.0928032587911565
6.129046010007647
6.142012757330988
6.037499882864868
6.02980006131982
6.012334791686218
6.040242628144922
6.057130958589743
6.0717616993540755
6.103745568606554
6.121974728105946
6.114116037694528
6.1232561949262845
6.209087536001631
6.2145655491362355
6.221525952782143
6.241485673164368
6.229644784968944
6.186303485589234
6.140416776754547
6.147419816088469
6.1140336300614
6.119486557661901
6.129313050695789
6.023516291680154
6.028234585941593
6.04127977384343
6.017225626719597
6.010934317824926
6.023177177983049
6.156411498494181
6.14637094339413
6.13622748582781
6.124709366179801
6.126918665002824
6.1245589972167025
6.135093473346366
6.1780229135212075
6.187255507330967
6.17996717296526
6.168206717559528
6.155265216948174
6.16767847070356
6.1744408619459605
6.185657358717593
6.2619886728745495
6.298886983917545
6.290896462160665
6.290470697125272
6.30302244741403
6.309513427454817
6.256379710016843
6.26303328240026
6.248939823371668
6.255924924833774
6.290875837110045
6.305518942268339
6.339423826994482
6.327613000277796
6.301033244649329
6.305352886191747
6.381937439897989
6.410655646407357
6.422929037540531
6.427167032748928
6.447954438721297
6.468602132970094
6.462831620679937
6.453242953688822
6.449461440892403
6.449461440892403
6.448756798694102
6.449688444712711
6.448239790156221
6.446771491358872
6.430639017195345
6.3753574265768105
6.34716025775219
6.3345519661903475
6.370855497052283
6.347107823016495
6.3322101518001155
6.363538040356072
6.3396582688751675
6.324970601802651
6.31926883700204
6.246543915831145
6.220769253655828
6.171444663858992
6.135431994149854
6.146991532130213
6.121202038331269
6.113509922720256
6.09828686407497
6.096303944369779
6.083633918058078
6.083160589825603
6.062788905745319
6.070909101983927
6.1009836498339105
6.095522076214287
6.095522076214287
6.103182510902022
6.1034232120629826
6.113801395689032
6.106792065759743
6.1603003526565185
6.205194506001224
6.222576468271717
6.21632089423088
6.123284055201095
6.107767780750256
6.138634753567296
6.1239463364399365
6.097032602627539
6.104744917886858
6.127113906058371
6.238539951234793
6.311948291262869
6.322520057044299
6.312593258470987
6.297701109465885
6.269057835576849
6.244812340562927
6.220427111534194
6.112578832856304
6.218896194381006
6.210469745482886
6.213424457831987
6.165069963059978
6.2569930175843265
6.280525811580981
6.319801878269631
6.340265986046212
6.410476952479794
6.4087292516434164
6.463797208520173
6.461934269741208
6.450677081200445
6.4618836673447415
6.490618876034665
6.519006665059848
6.536134393991647
6.502656307409632
6.51074207998832
6.50838718510065
6.507941766071843
6.52411263643979
6.5141905727358385
6.454325560690883
6.368074221183926
6.376602259566349
6.375424002438809
6.375424002438809
6.374720183189895
6.375099830006048
6.333359980747298
6.275900343095069
6.253614764505302
6.2627246583280645
6.28581569149007
6.260008144938263
6.270650763671089
6.286629325619492
6.274165358571746
6.291917969463942
6.296468820088059
6.261777601614103
6.258432022302698
6.276195725208319
6.262128404608695
6.244907005976941
6.17310433748759
6.190408069836211
6.198992074035276
6.217798668087307
6.2135217589509715
6.21971480517251
6.274523692161487
6.394769959411077
6.426831968382423
6.399069659483661
6.436182695423071
6.436190348508859
6.446713262829903
6.458984464013222
6.476811384404226
6.478559766533136
6.573846201817494
6.590817705068849
6.577936775099568
6.570695025154973
6.586807338154873
6.595212578091068
6.581671203793661
6.583390902768231
6.576721880439196
6.581041630424764
6.596185787465244
6.610422604522432
6.600236215728243
6.637421225334419
6.634847538123212
6.639286536703958
6.566369467759789
6.557607242199957
6.526726960713489
6.526511037464514
6.54880878315658
6.596070310890647
6.597185891349641
6.585278592063045
6.583109813271099
6.509722466300498
6.522622221237146
6.521127707535015
6.532522138137185
6.4918585982940975
6.498716618203405
6.470229740772217
6.453347563500505
6.489556914729338
6.513316884647908
6.547928960372334
6.550484234278795
6.577411894737798
6.5840978060665964
6.5823564173925995
6.583628941761235
6.575088908344013
6.53779871918209
6.561352157432037
6.532273331365445
6.509178216142953
6.505692757436006
6.501602640301938
6.514267842838935
6.5290355666079645
6.526080913537992
6.571867066914564
6.564870927386208
6.619935763960335
6.624199385588595
6.638871854235681
6.620093455943068
6.674626750540967
6.665360347794254
6.660478525419705
6.666928450634673
6.661469397522423
6.656828202740681
6.6528137948957475
6.659712497102455
6.650659055714906
6.607736052159705
6.601602350106716
6.591739453661132
6.581258435004763
6.56741333218055
6.578424802471143
6.581805687946057
6.562628762352151
6.547741091704712
6.502496084938085
6.512867090271153
6.527306463273498
6.519890671816313
6.512113460461302
6.503307950121278
6.503203455399198
6.482234359520685
6.489183502322767
6.436987928179986
6.432472656856617
6.409125887899993
6.424046083696036
6.218664241392769
6.216248080748014
6.21341816939414
6.165849148400311
6.167138674476103
6.340297568939535
6.379301820001211
6.387704035196325
6.415888432559575
6.445345248830175
6.448904067591036
6.438038162464865
6.436746874161488
6.423078510683689
6.402033944614065
6.405106036234436
6.369918303500043
6.343606103798869
6.301631667961596
6.284792794021648
6.242312941698865
6.244193100983691
6.24251819172475
6.221981802470708
6.206813771570995
6.252144961311446
6.2516923502361
6.290344256781413
6.2934373192963164
6.306380156672338
6.267691786006915
6.298817956251641
6.271033050987588
6.2730857565988
6.291649862039728
6.31209123079425
6.274725603668662
6.249123760201449
6.208749276016179
6.1767689693304835
6.201428804755325
6.237527327586726
6.269338938693066
6.293441214937726
6.277813724789109
6.2801792604363005
6.299090874647334
6.277961009609715
6.277668134320653
6.2781875457182075
6.252950975400262
6.25437826557866
6.271050661589406
6.29589427608109
6.304174954192319
6.304174954192319
6.329741810434049
6.332282867099522
6.375093536273408
6.378238934079872
6.353154565506348
6.367391328509397
6.159622481943525
6.156907483381849
6.145890461205994
6.1264648081906
6.097235777226508
6.269854206600679
6.303831586778463
6.291838142290434
6.319920286449406
6.351768944073231
6.341049975140955
6.3203900295118345
6.301112694807612
6.423217383195221
6.450014131352909
6.48110817129005
6.493722797878229
6.512111710135846
6.5213501726136975
6.522000473966958
6.521217575315721
6.50693297043323
6.462431599156448
6.423339984897789
6.422950913824586
6.415992500772424
6.413398214651845
6.3847465092092905
6.353935567969705
6.347021360138006
6.350219288758194
6.37164015640556
6.38090076242324
6.395741108554613
6.415431586463905
6.44506756062216
6.42036210570696
6.405410615333892
6.414386257119853
6.382911801456151
6.360277662016894
6.358251101559535
6.356527457708486
6.356122820949541
6.258517343021811
6.2328106910679155
6.125654527197675
6.144897338196634
6.114786676204695
6.107648843941643
6.128796510561786
6.205046204649291
6.221961594278699
6.19949717990629
6.1970769082900174
6.300371929407623
6.31701023312519
6.321348490990091
6.336454844825267
6.338842089134546
6.396899649279426
6.401203802860353
6.382138833415633
6.359074802706602
6.334708663210161
6.316325868637259
6.284297502515147
6.286340003458438
6.285687022121686
6.27248195594178
6.306695664278137
6.314965947207033
6.29844740484703
6.310966518280194
6.289673953166403
6.247262817998459
6.277239500074522
6.188481167346548
5.785933663308002
5.653649610701894
5.829488871997398
6.020071601709583
6.011205811008868
5.991865539308551
5.992507145605517
5.994805745159321
5.84297441666952
5.85340907354268
5.854893567387871
5.848281274466032
5.8864203787466245
6.078135872704392
6.22208325827003
6.318175635230967
6.395847362375573
6.437660074686106
6.465949854004726
6.473279573140982
6.474338854683175
6.4982205803118065
6.497431017436213
6.474018067402226
6.466563059902723
6.500545503386112
6.4927170107035455
6.499042249635025
6.531953386260593
6.517024637695151
6.538747942540664
6.568791230696306
6.582287091338797
6.574036952903624
6.577090159904666
6.5905189643754145
6.58378768789186
6.57066772356605
6.565905579609646
6.565041117114562
6.5638532641972285
6.561970314677955
6.581503758614849
6.62230734106121
6.608928675520207
6.565007770481282
6.538929191216413
6.503831689218779
6.447770444794147
6.4281417984759806
6.41676012416053
6.444448398690802
6.440784931257813
6.435197996908231
6.434676750018696
6.455156616834971
6.433728628199097
6.438479125223143
6.431557562735501
6.349816049513183
6.350182222160806
6.229155872649109
5.828880845891597
5.713200994839049
5.883583585443284
6.048995190048101
6.039605592368016
6.031106531865916
6.068932457899571
6.071384303151282
6.07727453401575
6.169999336958552
6.170611596459084
6.131702144917391
6.156100996905966
6.350325196512314
6.367211375824567
6.3850929806727
6.415498257018278
6.444360771250507
6.443212831095774
6.432885071658257
6.41921520253382
6.397435945057207
6.397861015445356
6.397423197829662
6.337985727853731
6.33333704693637
6.302932415823331
6.271437581677215
6.270704693308189
6.251395914265441
6.251294562301754
6.239803211262632
6.208979332861348
6.224524464208557
6.232841445899475
6.248845094477268
6.2856389917881925
6.180595652679357
6.171401316970773
6.249742571484388
6.230967192079815
6.227456796175903
6.237128746355303
6.278006627385032
6.265009466228321
6.257078066642573
6.032585748712707
6.0273548198052405
6.007461923300263
6.139092576238664
6.156193536379129
6.16470593398585
6.1628782376176705
6.172605616130495
6.19169384972317
6.210480151899022
6.208406719614491
6.213269198657871
6.220734282540196
6.220734282540196
6.244845923069094
6.243877550270243
6.2695301622426935
6.391451007620055
6.417408206914841
6.422204388430682
6.418836298100469
6.4082443083346305
6.395340185202583
6.402439376510712
6.218395089100595
6.207380963397861
6.189339134474892
6.195652202161106
6.197777917300174
6.311135355387744
6.356550971484086
6.298577226218102
6.309353484892716
6.344487898692478
6.364825449803174
6.354020730002056
6.376458153716069
6.390158495562517
6.379115659497149
6.41046860207727
6.4218933792150334
6.421396318251919
6.414066807615329
6.4016523920779
6.401728923520398
6.379506382062249
6.388871004649303
6.392406874657176
6.380013447112857
6.375847859981757
6.377338922788816
6.337164243353076
6.361197756339223
6.3465385785927335
6.334871942274766
6.391209801698784
6.399967311828689
6.407934462318372
6.408835850016309
6.408694932160785
6.404467806370773
6.394153792764406
6.434088231183536
6.427173605893412
6.424477570637171
6.406407865600594
6.42312027994527
6.402255714917439
6.395506656886665
6.3978143277887725
6.3489190068067245
6.268494793495188
6.281925476439255
6.2879167450452575
6.2877831763358625
6.354647996356642
6.372354296342602
6.361894754183107
6.403620053506442
6.403687686965315
6.4039336867832395
6.406387535051999
6.416295935534438
6.3358692457925425
6.334064692282436
6.358669887852389
6.302173068611996
6.36733227936997
6.373011141365063
6.360362752529203
6.34567576099123
6.334852821654975
6.358303595588175
6.303222012687499
6.330967081049385
6.332302268680472
6.326665894320753
6.339231357579071
6.333006599560881
6.327612164369054
6.373245940947673
6.436697018426512
6.480679979567558
6.474240849851263
6.506824119195254
6.512429219668978
6.507502572860644
6.5096111297852985
6.520874647846434
6.512377808139815
6.514003906158917
6.512358664610591
6.516449557103042


