Rainfall Prediction

968.1327707821708
919.9522198055386
939.8334559714325
1147.567829476669
1249.5552641462712
1266.7237912620124
1287.971842769698
1257.4274309496361
1286.9709603339707
1113.4556252460554
1102.5568879917028
1053.4478301689294
1058.4716415029495
1059.2123684908868
1085.323580438722
1155.3640802790328
1037.1885394063627
1068.097891380944
1127.5019654215005
1039.4222779328263
921.8400016347935
920.8544896631577
917.887918641792
862.3513596820627
766.6264935966728
718.0585631883366
704.8408415880472
698.102604632345
678.345069609307
678.9176308512347
666.3027813447458
657.3842721211228
525.6193754211704
448.4733541843424
378.84794088262925
286.1351845066336
266.6264772393431
241.11181505581737
241.50040155852352
242.93419904837583
241.31569376967775
245.81817492687654
247.00501328495724
244.01660818006874
239.21274222402667
215.9895352432826
146.76531904081477
143.28316087034744
55.97295234584912
0.0
0.0
0.0
0.0
0.0
0.0
0.0
0.0
0.0
1.6593742877299675
2.8962958948220834
4.59402791825473
22.013731441016333
216.35820438065883
256.2469348468465
30.985634701686447
170.3140532099483
0.0
15.278992893977113
10.89641435072559
21.4500365551126
12.061218869374422
0.0
0.0
198.04888189079347
189.26095387604272
172.31632109384344
91.83918977146338
0.8991653933368866
0.0
0.0
0.0
0.0
0.0
552.9900513678474
0.0
0.0
0.0
0.0
0.0
541.5734101832819
540.6974225047694
582.5945770721985
133.71319692637744
0.0
0.0
26.629435225278336
0.0
657.9159564793879
708.4937785215002
737.39313279279
737.489324008206
735.5463994184723
0.0
732.4870862071001
0.0
0.0
0.0
90.04648188610015
176.14831633796956
267.70462326949666
325.909410132023
361.60357843846447
344.89925225087677
305.7832081979458
353.8412728484177
482.27442727886574
604.0962198863002
0.0
0.0
0.0
153.39479948286922
0.0
8.279535742252596
73.38953937782355
99.3651990301507
17.868566966811557
377.9452686553976
233.29695316872363
257.8568667576857
0.0
0.0
79.20796906928062
75.84647241059797
11.027123414836607
7.19244376996096
225.19567778871664
223.77548825204028
143.898509800496
72.2525228216043
0.0
366.2968400914243
359.485228097194
359.4729244559986
358.592454027385
376.62546654507105
388.68230064310177
307.16289935476317
393.5245803919989
366.7586045356442
366.6143764422827
484.7280343498729
456.8649116475417
444.3921620417474
445.05258346922767
446.11124156059935
447.552372995087
447.9305887253108
552.4278689370761
552.868442007367
561.1159180856529
561.4456196024187
568.9882934177188
601.1773018005956
605.2321259083963
655.4578920808658
678.620250988526
692.9754747810526
696.7180121118487
0.0
0.0
28.569541614833977
141.76773188931253
147.86210114533583
273.1329121527262
291.74704574257254
283.2021937723485
304.5270577222571
259.86614282340986
38.60833480500978
27.87562241052319
64.29066818939755
0.0
0.0
38.61112683593771
64.1416796209457
0.0
0.0
0.0
0.0
0.0
0.0
0.0
1.0889433442530922
0.0
0.0
0.0
0.0
0.0
0.0
0.0
0.0
0.0
0.0
0.0
0.0
0.0
0.0
0.0
34.04416512588453
0.0
0.0
206.64032394622234
144.6890601260314
186.33584543067184
187.3662370277862
187.6096123292008
184.42395087336837
181.93482916796978
69.47434519415911
79.43193982668178
67.79202912521497
427.89576127348295
418.1359100183559
395.7144894794642
305.73102010265063
310.73563736907164
289.93298845681073
206.00685949063777
105.79569433191887
103.25922031341035
103.34325538637994
102.64554212841617
177.43896710534233
206.96151467919475
197.96964359477934
273.8587061118964
274.0404438214865
275.10504975462413
275.7168054990272
276.04754529524706
220.3353733249537
220.72235328328927
197.97551251270238
171.0461271235125
311.3355924217536
417.876883772055
424.0693079149411
487.42585794158117
485.06535697480444
547.1105473505031
552.2067086456143
574.4472254124444
599.5061779930325
593.6190895995325
109.42526631804053
133.1246830102357
101.38491632957945
101.34011653756953
113.24096476127177
116.31833029853144
65.44392849899918
177.42371713477598
125.14161101166243
48.878945252827656
19.66593311694216
28.242210199943884
890.9129808903937
890.8853810358763
905.4850916656059
957.3612821741041
0.0
0.0
0.0
0.0
45.19429619373221
942.8748688348339
835.0250921485217
828.4484252699204
874.1126727505981
871.7172266509458
0.0
33.21798713272291
109.8672037065243
310.460012898517
314.91756662283467
27.255046778053767
70.15238270345336
102.56743850413149
102.69667418985128
121.36563335521173
161.94730424320514
210.4774826638694
80.65771230428433
14.595989884523775
100.06847694187353
131.68826314652742
277.37995074425606
39.996421559461346
63.422540287955826
244.0186422830064
141.4182501227187
366.21465033690725
28.96962890667203
30.934425901627183
147.13661257304534
88.85425711652795
126.98861537679751
169.03392460880613
169.36329517332572
73.27135228552248
561.857306400254
590.9417594896294
551.3771934628135
357.17676519027043
316.5163707336973
311.8726896695352
287.4954846034069
238.47526061748445
116.77733749729393
114.47188498894485
78.99727888369793
0.0
0.0
0.0
0.0
792.875654790827
670.1030122129896
443.3595610053396
321.74011121998086
319.9014954518313
334.3681148131354
0.0
0.0
36.88528883762767
349.39685656638886
258.6905691786766
239.10365094295184
218.75842357853998
236.3874403426323
235.55142182313352
234.32679524482703
235.63041710457304
223.928279599486
198.81486860328116
221.99049657469013
268.5766334238519
280.14306499374675
291.32319406658064
248.95411941038995
232.971160027052
202.0534526713995
225.69248897593894
315.9023173100465
318.23495698819505
319.5039911144451
320.5432053767565
0.0
0.0
0.0
47.364903324864706
457.6737404392178
464.2137255280428
462.76903569690546
448.4366305142003
447.3138019441341
446.68217082111795


