Rainfall Prediction

6.445998806658575
6.457362609968987
6.447736412661019
6.43461114919882
6.392913154736792
6.389001785211022
6.359288677788218
6.405071941089976
6.407300954632028
6.4044225295118355
6.415434759567445
6.419294898612961
6.425026883580241
6.41398762848704
6.4217072979265195
6.413808420325191
6.409226120401287
6.396651276081057
6.358228015322551
6.345609215860156
6.339591378964663
6.32915180202129
6.339610345887819
6.342347422314661
6.353853879636878
6.369608312684621
6.3688478221995215
6.338783629971723
6.332048131544772
6.335638219675372
6.3329472027642275
6.316546572037375
6.219105479205316
6.169854233453675
6.178650420091337
6.1481978886526285
6.052917352899007
6.065238391011107
6.095025314493255
6.086351634655665
6.094852543485695
6.158494022050998
6.210793942604821
6.239026756171581
6.269249322167639
6.278031903273926
6.295069498814281
6.320161315172818
6.326348087028211
6.318022556380169
6.305016656375363
6.305590479691801
6.3132310843143395
6.3049849865524354
6.259494029403476
6.215556921506975
6.194218447575133
6.200868197288301
6.230208778535678
6.219743372947706
6.200398760856058
6.215175756848277
6.223723632906121
6.218979159229235
6.3035812389170065
6.34728508817688
6.361485710860325
6.358924668399295
6.357906773846287
6.355423317512653
6.355274633638201
6.360532154785441
6.356143908426347
6.343490648830839
6.337817615565971
6.314994638853096
6.298562300243292
6.295136589967173
6.284061020188417
6.282984424419916
6.285767933721949
6.303608003378668
6.34813496916786
6.415199123957898
6.4200481653214165
6.425030481742718
6.437369557244715
6.445360409591947
6.443816246315432
6.441992152385666
6.454752482755983
6.4395429632984476
6.426980260307124
6.418283675370229
6.414610737064301
6.362329392537345
6.333437678173435
6.24664157902634
6.239365067916818
6.230217973100011
6.294029610076607
6.305841500750349
6.313386048734127
6.339982961759188
6.388176553854237
6.4063791630050515
6.4067684851389455
6.410776825428157
6.4071931994800035
6.410710431073
6.41075362400351
6.423831788443289
6.411848255314691
6.386366385674934
6.369130819643094
6.38297598790991
6.380695446917184
6.38790585777959
6.393659088403325
6.3992524999845575
6.388544754575915
6.383102666564484
6.393893541221275
6.413592197095671
6.432511001894319
6.430282084672872
6.412794191971947
6.404766989732798
6.376889734521964
6.379966276397115
6.387315897784235
6.403656495205627
6.412351965906763
6.409634147589053
6.429470389815931
6.414507979416229
6.382121307829836
6.365371234874212
6.365922006936721
6.363638586640327
6.359011753945568
6.366724465209101
6.334257455009734
6.339239509041038
6.352291903158128
6.36320918157253
6.3575310417227975
6.365536289392115
6.341790128747215
6.338844510626272
6.343425829177869
6.360159258122799
6.355296504889182
6.335298545976933
6.341358582194731
6.343469705774867
6.352028332968687
6.377223122129902
6.383871755923703
6.3890753430821485
6.390976350807217
6.384908952154126
6.367080681695108
6.368223011701083
6.382878357948543
6.3666554763912
6.360950974373928
6.336378934671829
6.327474664283412
6.326766278137539
6.330885399250395
6.329441669555689
6.314388843510111
6.311528243320733
6.34158335531065
6.348728553466178
6.337556766809436
6.326479144012984
6.321431013706247
6.304010801226796
6.293504483919037
6.26613749800377
6.240721175361299
6.227354823420278
6.241724696397388
6.1994667017622485
6.196194623959636
6.237022959623694
6.234494144817172
6.206852947693674
6.160725541906348
6.163277994080382
6.190087332040841
6.185013320299802
6.203068436457279
6.211815692910504
6.248052083602314
6.276900643124929
6.306474637874188
6.3090772841109
6.320214190992504
6.328687631362291
6.328243923301241
6.322611151376627
6.368019226722963
6.353098307101273
6.333328803840071
6.308285418142669
6.302373934217085
6.302175253727949
6.309217962741785
6.319267596110038
6.3147733198162435
6.3134035472394725
6.323357758478989
6.341161210630021
6.342499822954627
6.329046783350027
6.3225803212284495
6.300612801881688
6.326035257941811
6.339870681258392
6.346241831808909
6.3498832809658685
6.350477425189964
6.402839568363074
6.44644313621792
6.436392136283981
6.397787757129503
6.345599559348756
6.33017936059833
6.333983248722878
6.323893637480099
6.322976190703301
6.345589595249265
6.3183560353814805
6.360204013598683
6.359883812113679
6.381306184876894
6.372448945622397
6.376480633634722
6.3597418331770275
6.345905506797653
6.3542091910946885
6.354506147968858
6.336776324762584
6.318035396297663
6.330400814284081
6.334664494130931
6.324632265056158
6.333024909549013
6.349374362667341
6.339110486635063
6.338420786499938
6.331739961645175
6.354084223315733
6.356705862760659
6.3267567742185875
6.335665802889029
6.348229288471631
6.3580940894115
6.349274592035993
6.344747383850622
6.342756838051184
6.331878445414225
6.339429784128595
6.348618344398611
6.336539558177112
6.332517830028888
6.294400544961872
6.2750641037453505
6.2698316847374524
6.252787936262531
6.251952656781375
6.223717680320143
6.186962819063353
6.154979074863074
6.160788243922635
6.1295275595179195
6.178052095497845
6.227386818514986
6.252701180812068
6.249996160813388
6.249361359220881
6.263892963695181
6.265754317871606
6.256592392516534
6.268212928912791
6.315710343274279
6.295979889901168
6.239292918957347
6.101939944060935
6.184123820670612
6.3314408288769135
6.360423609026346
6.393586346219898
6.3985252749587875
6.405357073750826
6.410548185947387
6.416137736799658
6.420716502916835
6.440630841165521
6.44948968998492
6.4451943241899805
6.4635562990808175
6.4703948069808215
6.480130885209164
6.4826551904901795
6.464358069587664
6.459660582821042
6.447843818164331
6.425509707722919
6.406047670161053
6.432915366320744
6.447885290472869
6.463151203265598
6.4503536878101615
6.448405726260498
6.465692877041839
6.485346645562654
6.506688414580464
6.507753622786211
6.507096644234395
6.513256635263746
6.505517846296829
6.509445962079523
6.504976260895733
6.488605191700928
6.484399050068706
6.482716476549097
6.483849701893131
6.482342924703679
6.4738483819546575
6.4647886985014225
6.4662805115322195
6.42382441298585
6.411606018659571
6.405505292094326
6.4077801337470115
6.421284076842567
6.432127097777035
6.435898280854514
6.435653157214463
6.440613628336819
6.460636481987999
6.447372127890942
6.458951477680152
6.466554218491429
6.453800684132862
6.469906274818264
6.437871354980327
6.446578776091094
6.493302292808512
6.4971053910522265
6.487532123781991
6.464788254519307
6.448404606727064
6.418687288427955
6.435202109652319
6.445888856844421
6.43268732609801
6.4300184558379225
6.429162791783099
6.414429055931449
6.395039846517433
6.391619498185364
6.386615776147762
6.387458815079366
6.383224191927628
6.371803756029943
6.369896839601729
6.390864678556012
6.39926951668123
6.400956236937523
6.4097778115404385
6.442367722727712
6.458302887320669
6.485947731821378
6.480612360897738
6.4976692488557894
6.494252272434331
6.516929305245912
6.506462375013228
6.460562239412724
6.45123370429143
6.453666776516222
6.477411583298312
6.488380939852538
6.4944191042745105
6.484583845879312
6.482501139241406
6.4858456618748725
6.488878345320557
6.498758189706951
6.50927995193183
6.52033802186515
6.510320769043281
6.439989384131829
6.406612372535208
6.409311296503701
6.403864126631745
6.324014243430877
6.324981796133104
6.329388834289247
6.344094660545784
6.347094723705568
6.403649301958729
6.41305952579957
6.407086966805135
6.387793204840249
6.385141368239507
6.374205551080654
6.373144401143582
6.375641085431543
6.366236600790209
6.368341100208734
6.36928948983595
6.359852234647458
6.332506428269664
6.327110529584746
6.300188874069619
6.2858394663590484
6.279586527380608
6.295415935541232
6.2803880970566
6.256306752711173
6.231283677243966
6.2310230246385245
6.1640988467366995
6.147737976435448
6.1477843503746765
6.163750006927641
6.1589282652236115
6.12157160699294
6.136424748226229
6.146185370056917
6.15256296624457
6.1884376686746965
6.162193623728136
6.19118654729337
6.231554827210436
6.213336751323069
6.236032643388826
6.255245779815653
6.267909650349338
6.289613853548986
6.313687683673316
6.353239659756318
6.349401795241117
6.369424935476748
6.378192247822234
6.395929814445486
6.413076630938349
6.411478325872621
6.386829610439902
6.38700477158589
6.402237184994419
6.399848390112142
6.404100026877644
6.431941974126256
6.449674293872735
6.4543501806223045
6.472469322861935
6.475845114993446
6.497579048515237
6.509044313250452
6.536698354358988
6.555724755050253
6.5641731480670025
6.563107281537663
6.552514993079746
6.5458369632516415
6.551473488924197
6.537175579425288
6.529408555921712
6.5301345659093055
6.517574768173357
6.510064126495283
6.484278507662845
6.4702701382105445
6.411979607652667
6.404335101182601
6.375633337532083
6.347878892851112
6.338627475564528
6.32362125628613
6.330978863157892
6.34851234969109
6.376814785608328
6.390792539595068
6.378130059022902
6.370421791003123
6.386136773736883
6.3785330442795765
6.3901095482417505
6.341554501045284
6.337407307995926
6.37443376039057
6.376697358885234
6.373239192388642
6.37592077036018
6.374363356625057
6.36593375579984
6.343229047714641
6.331282574919392
6.346114915792675
6.3385515637786956
6.338450856288452
6.333437784215484
6.323010440464104
6.320517305100911
6.331873202458759
6.346331298854549
6.3566583527316185
6.355762770188063
6.349894190101414
6.343187582825319
6.355612743774701
6.353284996389588
6.3604790060998875
6.362212337944539
6.3687908344178545
6.363750518074842
6.33868133130595
6.350366286351423
6.350758912719976
6.333129047071618
6.352216417570158
6.368888547345087
6.379798597012474
6.4124825963574015
6.43096015720115
6.452363819041252
6.46269023645336
6.459924085190442
6.464367903743415
6.47935174608674
6.490925270131749
6.50025801671717
6.51678108267016
6.5411503718088895
6.548164818608135
6.532307771418132
6.518491049165385
6.4887902283920535
6.485835997694737
6.476783477675956
6.4522852397119195
6.4533214502172855
6.457876129085813
6.4562714693915035
6.472844876689235
6.479955688430572
6.48657257802711
6.4740455509175945
6.471925723442034
6.487932757573306
6.492841765479075
6.492852992179585
6.494516244892523
6.511625123282867
6.5117045703362
6.49884461262513
6.519923563314701
6.515302479850575
6.534966170657956
6.543985852410587
6.54509430282346
6.534602739223434
6.535322518495988
6.531522960397292
6.513778837893881
6.516731118848892
6.513562534074373
6.51193860174268
6.508670131133966
6.524264143461577
6.5235829215383525
6.523509313082655
6.5206378157697555
6.508501191351677
6.499134823280398
6.481260305662352
6.474236115475951
6.46855402264323
6.469763706074992
6.485408493467603
6.469085874780828
6.435089726394443
6.42906917962509
6.403767382788276
6.380324572424854
6.385062522993734
6.376418446764933
6.329568354839713
6.328284372836866
6.3284566042554395
6.3142718239962115
6.327201741134795
6.345899082081687
6.3349104835592795
6.350240317974669
6.35481357846321
6.3541549991977115
6.349729728122872
6.336721128073315
6.338838398088324
6.288049603998395
6.272518938581404
6.2532475784033394
6.229066715554021
6.265839581124949
6.288006199534513
6.323600742717243
6.318392709373663
6.32908997382036
6.325439198348606
6.2979285915310665
6.318850346305057
6.314797412869636
6.318558105925916
6.323735101251754
6.334488991139522
6.352988807725181
6.365236298669534
6.380833406956229
6.370493379093652
6.372312836018466
6.38101012550816
6.398123708713779
6.400177309158216
6.434267548164479
6.423919334044175
6.422403432379471
6.414284366844086
6.409036839492571
6.416252171401791
6.410697197221001
6.412820680088206
6.414176909335131
6.40769085718663
6.409154171261845
6.366268686081624
6.369180766513972
6.285090636019984
6.260476919147639
6.320655358929569
6.354687577050731
6.354030025590136
6.351881201992809
6.360509629398028
6.365076751187678
6.378885547235067
6.3768033097139085
6.365128522639857
6.348252428086018
6.342687533783588
6.342791870254488
6.364934940853194
6.361593815208391
6.3445501007849145
6.334792825812109
6.310534953931357
6.344274432083677
6.336711589724576
6.341835948701279
6.3375267453486215
6.333943090822762
6.3365741731171905
6.358533616901446
6.391965354028585
6.412871056752914
6.4031804643387575
6.368319214094957
6.313915964657775
6.201332473902509
6.1460165107443245
6.184602273306057
6.185213944337589
6.19409328164778
6.21126434474786
6.172639412803618
6.151877427747176
6.095926272286177
6.084182526799441
6.109619181247703
6.111140816924749
6.122812616162495
6.130109347681757
6.145538669824233
6.144832073287167
6.169483806762246
6.177217094723058
6.179175085604009
6.224569064339292
6.228362718052216
6.221824619764147
6.212243367898445
6.232551519543723
6.266493654541867
6.283763433681234
6.29456713224134
6.297838134798203
6.360659841760309
6.381296401009933
6.38445714256086
6.404637473997498
6.428145231816858
6.43703116594299
6.46099104544785
6.459006914282305
6.479424581280005
6.47142432628848
6.466459348673465
6.46506737810073
6.477489877190887
6.462187924447017
6.487892113008672
6.498057939592434
6.50540729887154
6.493543787349605
6.487652798127171
6.465635865935271
6.443399291328524
6.441978540527943
6.416253535075001
6.4122549822413815
6.41247951240701
6.406854972522923
6.40711969746038
6.39567601160076
6.397349516596873
6.423993520182375
6.425837120285291
6.365241578164341
6.332868981056497
6.338875094449631
6.242876860425025
6.199456787168417
6.227327354320386
6.249524656264996
6.250192080451214
6.22280456732717
6.201317901148829
6.193010376896432
6.190957140678909
6.166867553403361
6.166808620498456
6.144875656475227
6.10906850513718
6.087138287033347
6.076152373058597
6.053691344445162
6.091701182589231
6.1343531624085506
6.173413517713767
6.199408018770575
6.204546105157319
6.231772322333682
6.236771427218324
6.2582509096345476
6.2782693417791915
6.3171375947948825
6.341778197795087
6.359557640699482
6.353198334876835
6.335523688872572
6.308032672072316
6.304472408728605
6.317659561675301
6.3277221232154055
6.323687522421164
6.335013908539495
6.327915873455799
6.346387864494635
6.343362908333787
6.348959993080506
6.362893627463404
6.3577231556283955
6.382885845076716
6.393585190310869
6.389662305743942
6.36698482779577
6.352207297714527
6.375542392361142
6.382698124659723
6.406218280405513
6.380662611561263
6.376622254815709
6.375703841912644
6.383363328500321
6.405239982426412
6.408725307328354
6.38479613189776
6.361899286846821
6.3401630932278
6.345856033949972
6.353537383573915
6.354815409443855
6.360431233889578
6.3501145877556056
6.344002003227152
6.359587878406957
6.3426583411731015
6.3705610683575795
6.396281739274972
6.401772535214468
6.4050614980831355
6.417333107795189
6.418529576740841
6.432997183534239
6.4314957552606415
6.440607668179705
6.437582359323166
6.4654458021300485
6.4459459619976816
6.4401485069730215
6.427081805226288
6.435720326819794
6.465949144280807
6.472561954284298
6.488987767562732
6.488865397232717
6.479954055956052
6.477907119474123
6.4886154887179135
6.489703659394786
6.4874003664681315
6.475918098737347
6.480722170539361
6.480271246879208
6.479323233418121
6.489788541438747
6.491038601016348
6.4856118048520806
6.454872123256562
6.4339858419925955
6.425818142533706
6.42325642807843
6.392737060904794
6.399803522194256
6.400589576836732
6.39913642054161
6.377836781161001
6.345565389998585
6.3070271807600236
6.331130981567051
6.354262977991928
6.383495316885022
6.357319983067639
6.353777440822952
6.380973096460824
6.407224370762835
6.423242879970925
6.44764282811162
6.448566301243078
6.446816926049657
6.441720769740981
6.445943138198984
6.467050133652577
6.476383436967726
6.485871487014792
6.484680408491199
6.463774604011108
6.462660595139917
6.468401204033864
6.473926459467854
6.481776110427679
6.483384512259827
6.5008029072070075
6.515160860014683
6.515288723557784
6.508914947745723
6.503774177650234
6.5083589770287675
6.505699002956725
6.5268033637257075
6.508542887299019
6.516434361635744
6.505094340772873
6.501974314268272
6.505759522088976
6.492299509947495
6.479719789603394
6.502691325811718
6.496187915041153
6.493694904558798
6.4992180239533175
6.51004530182856
6.516674946041883
6.506962444533506
6.501018907110277
6.486264376911766
6.472475313201168
6.477634139748308
6.467423546881774
6.4547659908320885
6.454079995457741
6.452703372954777
6.4640857858650245
6.45241217915743
6.444942078732688
6.434233547462963
6.482732440362273
6.465306904556251
6.455999676493555
6.453375225318129
6.420902527049569
6.39364500599485
6.370351729494212
6.36944532814543
6.371250530736354
6.397710531019595
6.399657186451387
6.384522480097465
6.381822654793872
6.327539579976849
6.290912811856185
6.3242431750341055
6.354692258343386
6.349656835942066
6.343525122277896
6.3233270146967815
6.315547349786876
6.324748962444149
6.33381564877047
6.343787586834977
6.347396214112754
6.359713800578282
6.354174882839234
6.350931122358883
6.356056528078042
6.35769207292536
6.369034154183852
6.363783388574098
6.395799778586737
6.394962925720762
6.3982417407918195
6.43749318077206
6.436263566335889
6.432009742155143
6.451229721375712
6.4725275964158016
6.469700505077213
6.466758884856732
6.468651880320936
6.44315007800026
6.420698870490082
6.432209641466886
6.4435305208555445
6.4398039013636055
6.4351430875948505
6.447945717837245
6.453658287782034
6.4568178155828475
6.445666079868944
6.427629960761363
6.420208958187189
6.436218209639701
6.415085925947753
6.42438344306836
6.4454452505377375
6.4411726944890795
6.434895238420786
6.41677861242388
6.388586850636418
6.391634412769988
6.410930566760591
6.418408172184416
6.401456032163757
6.395701752869237
6.3985927724752605
6.383597381429595
6.370620657391296
6.367314774160015
6.350752924598012
6.377876778563174
6.38908270900632
6.404642653848029
6.399160850106028
6.389156559513165
6.367268129349961
6.367869708294741
6.365434790641931
6.36032873047329
6.359955916387811
6.372001543147357
6.396411884459079
6.413909375509676
6.386657159924644
6.381668507109386
6.379074460536259
6.379563051420293
6.364348001914829
6.360052004629098
6.357603307305884
6.421486088522396
6.412119909952284
6.3996935513636215
6.3920087503726375
6.383693421010227
6.383739699573676
6.384062190600009
6.381218868141046
6.375502207025603
6.366697151164066
6.374021677187082
6.348757301501112
6.350855365255513
6.360887667785155
6.363914918482696
6.360535999002453
6.34881277477903
6.3480131241646385
6.336620457530875
6.3386255147458055
6.335240215192185
6.3279985036453805
6.2968766160590715
6.292485317869194
6.272008434273793
6.266248233762357
6.239528168820026
6.197979347721488
6.193729687641389
6.2107339911044015
6.258730207463986
6.1674964696995
6.154336985464426
6.144600381248512
6.182047982228861
6.244345411238505
6.262231290857136
6.279204691197437
6.282230149088733
6.314341393891513
6.333850231054458
6.321875419057028
6.317104854745816
6.3047270278253995
6.263964087888243
6.253208102032857
6.270330304655352
6.265263984459375
6.2670455104177485
6.264510449525544
6.264368787483944
6.260797251625681
6.257529878875899
6.254697836812898
6.255261055685696
6.252486283543099
6.265336450421786
6.271921346316821
6.237933461125509
6.215849655835793
6.202430798979032
6.2057608324773295
6.216772860227699
6.224855271113946
6.225006581950815
6.2308963458906454
6.201922659127508
6.205745068259239
6.238870877635524
6.239603395368083
6.197311530914908
6.138257975664221
6.189282834874083
6.188949707892824
6.124856645404909
6.138042128631818
6.137119768331404
5.890854760119893
5.920190938137908
5.915306720574991
6.2425609740363175
6.337703682224742
6.380773849717132
6.410322738030247
6.418234422508448
6.430088249717125
6.441936145422318
6.4353069230827185
6.445664777253525
6.425797540857483
6.432493310511376
6.427571123019585
6.426290642055598
6.426610502461114
6.434211192899955
6.451644417089246
6.444257506414243
6.456470285076961
6.452168215220706
6.436896080204583
6.42986580566362
6.4292207007603634
6.424518781407123
6.358537284402544
6.34089326115545
6.344651541469874
6.330738599805679
6.328735012421635
6.303700307028423
6.288754398223082
6.290309808103911
6.279930433853593
6.270106593754569
6.261323661856562
6.2427232026495805
6.223797771816687
6.223496671286533
6.212780813972051
6.17536855300386
6.10264992536189
6.110379460535454
6.084535513373861
6.112719014883465
6.167782825243216
6.204567983127421
6.197136998976326
6.19434272084593
6.235687754186872
6.243974567681985
6.2527276748532605
6.25042985812231
6.2505472647733
6.264558270438826
6.2698357413694215
6.232299671358431
6.2016028573522854
6.165706170586615
6.162862047176811
6.161852459957695
6.193031020673506
6.208559023165893
6.213067562906602
6.206401285178757
6.222413848228958
6.2315601762051225
6.253718280195267
6.290514709820981
6.286973001865624
6.313119976614974
6.3184995889757385
6.323729326529872
6.303184775542698
6.2944258871604095
6.28743759706399
6.281035810797883
6.30920111034153
6.33808447661455
6.3602183296070045
6.348132858036376
6.333607333784327
6.352843588328214
6.366634716345228
6.366053717749491
6.352350444305008
6.35046806927526
6.312960439206828
6.338874950702953
6.332017691026956
6.344891494753654
6.343761367127023
6.3372086670688565
6.344987760270503
6.339809347018392
6.342365664897473
6.354162414220025
6.352899272728781
6.32784275058447
6.305229338673232
6.287426537503997
6.268492549429292
6.267933138191915
6.337213776868257
6.361301306935663
6.387914128787041
6.422369938274791
6.420850911367667
6.404239363849015
6.37625063210891
6.313666191591089
6.260559107171231
6.246067045213714
6.207282142482764
6.229590982810185
6.235453194950585
6.236146579628205
6.239798551906909
6.242783798163986
6.224464447466502
6.226818548262569
6.228842275914653
6.249261513360697
6.270034818845722
6.2629404227581125
6.271353861404974
6.299553117948708
6.291167173209337
6.286189465534084
6.297692643875616
6.279799803604897
6.26261752912149
6.2507386972895755
6.257289473141762
6.280391014293316
6.276092577785753
6.268023184936341
6.170295037833283
6.127581880716452
6.124809343775868
6.15161412644477
6.152283694942588
6.148479047612937
6.12843465365235
6.1216917581422425
6.1032025892972745
6.100654023215859
6.166986603904271
6.16390005785991
6.126887025590588
6.143640544947931
6.148100270822367
6.142694882959222
6.143459124028148
6.122071132608413
6.119663674706057
6.116062984256168
6.1873689992984815
6.187700524378498
6.188596934446164
6.166500711397116
6.18744645025361
6.1970880811256075
6.204343700361533
6.171478771642396
6.183304126763915
6.180205699734758
6.152935949775008
6.041268382047102
6.009569986949487
6.012799315304525
6.036222116240072
6.036678136482557
6.041596363694686
6.101896251361179
6.151489996881193
6.158400906907584
6.168930003091061
6.203585403404555
6.2330047239660695
6.225111845760249
6.209495537545907
6.197417430733756
6.179046465073335
6.169175122848469
6.162380383416652
6.162497511454753
6.164452578750339
6.1807912791521
6.175857712203714
6.1736417815050535
6.170314547463249
6.133794509416547
6.113320805667967
6.14218190775083
6.1539060041227405
6.19017485605223
6.21204719873459
6.238417464658222
6.302987320456841
6.3063891333507
6.323196962997527
6.331200515580571
6.340436026813162
6.339382674787005
6.329877391285788
6.320724386345439
6.329828963352577
6.329523471186472
6.322820263315756
6.315735943151382
6.312515140442844
6.30968901197547
6.308969597601858
6.3086475009510865
6.308504228760289
6.30824377865872
6.316868138067296
6.313762028512173
6.301195544391794
6.293266428105474
6.274698917525203
6.2728838411172845
6.26753249343693
6.282619823284211
6.220125713976149
6.188342647661312
6.135390078717743
6.138282937895385
6.12098745836073
5.942333674698382
5.902922267546165
5.9011676327165326
5.885302682449586
5.853673058330106
5.855963567758538
5.962353490813449
5.945275455047508
5.889674148681193
5.894076905634943
5.956877926049081
5.977814358772672
5.9531524019488105
5.9543175669554955
5.9539993734271235
5.9509975934485535
5.954110633072751
5.993958602466746
5.996350127111449
6.056307772102679
6.1492350197571195
6.197756783651753
6.222391778896942
6.237734576239408
6.251275635316514
6.2407715601728455
6.249586506137651
6.243556577570739
6.267098110037124
6.269310393779784
6.28162432935655
6.264671469878047
6.244994185939445
6.253570573787367
6.294137438531197
6.27496223184602
6.293136291644925
6.362634078818243
6.367681057151196
6.372723450335606
6.360078136091553
6.347904986242431
6.331638850656469
6.3325992688348025
6.329312698201579
6.329022278492201
6.326757652509185
6.337359596835236
6.3309106482230515
6.344850688504048
6.294932992418368
6.269563491966593
6.270803931969964
6.271844702959145
6.263502491498251
6.271375246704169
6.295501499837794
6.326450708371908
6.330975632321224
6.277108486292331
6.269954333406802
6.258928069674799
6.257785242644971
6.2586672104533285
6.262412988833385
6.213133257024638
6.2224456500451435
6.221637776054485
6.211753086150921
6.225945319806822
6.247745241549152
6.260177732222946
6.25523098792906
6.245049721381672
6.247346737061971
6.246105560422126
6.24422104016748
6.243819563828346
6.239597312464642
6.2399088097315465
6.228410301691284
6.222721462838236
6.222675627910644
6.214797223949736
6.208385462287084
6.201610103849029
6.187203129320289
6.116858277093385
5.990171683338147
5.944412282276556
5.936735142403823
5.961646966907555
6.052865484453115
6.034899288918697
6.04923383483025
6.065471147928847
6.0730048695506005
6.073597234925902
6.0249588334608735
6.133884511936882
6.132722362685414
6.093871518667264
6.097760913789108
6.104083373750319
6.1188981320821485
6.1027762746609096
6.181814830678107
6.195825718967103
6.225818456840401
6.245186504361689
6.252193617978959
6.255470682330738
6.260316384239491
6.271888572088565
6.314546881075781
6.346487265896393
6.377046468590448
6.372047160736946
6.371704725284392
6.37909407899363
6.385762978289898
6.383443228533941
6.392222715517961
6.373136776073492
6.36259028294092
6.3581922274128
6.353321430453121
6.306688566812246
6.234448416402334
6.2115111326361525
6.165104070276367
6.077929060954104
6.048198097488964
6.053309581282572
5.771069513439191
5.787527655090887
5.774440116496297
6.134365969337281
6.234864388788399
6.292057875474845
6.30700889715145
6.294386228345106
6.296685490064418
6.27819685844821
6.26877562820526
6.32033764965236
6.292707567665864
6.309011053674983
6.349108447092128
6.352526117332863
6.346008459788885
6.359473260185761
6.367146367012855
6.352845527440687
6.375583023748038
6.3551469714078355
6.34890856412812
6.346835255295816
6.432191481013312
6.444225372425547
6.430785650079517
6.438324357894
6.453922625821276
6.472801361868517
6.476962346501681
6.4822885088760405
6.483353440074765
6.490841807264388
6.481021663009018
6.470170087954335
6.450525679377231
6.4349918175780445
6.42873317045957
6.415400216373829
6.415920039423537
6.414428459906574
6.354832674243015
6.350070685712916
6.287502186864435
6.226381242296183
6.234755472408036
6.275812516823335
6.2892802796625205
6.2863130546789465
6.2877407177367015
6.268730307745299
6.261671212806064
6.251537636389809
6.238554250990001
6.248641267632661
6.237172849776733
6.2012161929748935
6.196515877729101
6.1905295684869115
6.15229388484564
6.161940416458368
6.149215160602284
6.125152615594546
6.093092875551351
6.225315665318162
6.250268258268627
6.284259794715683
6.320025416880199
6.325421466032452
6.328306621907123
6.341554893234532
6.347625709407015
6.358113696540872
6.357147842080001
6.355314293345557
6.346838463108332
6.3350475314895895
6.3111874762614235
6.344213476294675
6.364087919524946
6.393534263653176
6.396596339196064
6.446501162002667
6.450143786531759
6.453937793151521
6.415609443056365
6.417186555909563
6.420465094162735
6.422534064233117
6.418653186438503
6.420981270074682
6.416536390551803
6.411339239664569
6.398869844737984
6.383330004831532
6.343014913769119
6.332806656535478
6.314932089593495
6.2742253379470005
6.345974745819136
6.355432630786271
6.3765855090607975
6.375317056810525
6.356369042125306
6.342912845001338
6.3361148146302195
6.350800842368666
6.349975544355953
6.348360617662831
6.298957779310605
6.240956968141876
6.17583634820505
6.166651712618636
6.106919446316549
6.124285120124364
6.121006034460548
6.197274150500414
6.194144572247602
6.188634199331116
6.187203596509616
6.18632450613765
6.182617043144168
6.198619711844894
6.204284385113647
6.198673392989955
6.204027452491807
6.2271413413702765
6.223617302618147
6.212927710077658
6.229566036917898
6.183743475765473
6.162203258205027
6.062221943153599
6.06623544358996
6.058969485868439
6.060784891827028
6.0651803799173045
6.017044940754455
6.0194251043992155
6.023818599138817
5.999464247638702
6.082015713751034
6.097164298360183
6.148427397597671
6.148158092617929
6.141006856735429
6.130712223763416
6.064527346096636
6.057273281564729
6.054111627875455
6.104891625770068
6.129152914413913
6.138675722491879
6.138007107734477
6.1376613618872256
6.1460619681787065
6.15549719664605
6.200302731555664
6.241611977555293
6.2663746400189275
6.2510363246909915
6.248547837469773
6.240329796048211
6.236062088926195
6.225104352507667
6.21244171285635
6.2181081718997175
6.221457467271701
6.210610850487072
6.21874076624476
6.237649384763792
6.250635792968604
6.122345824701694
6.067494388243327
6.140632500282958
6.169681302930342
6.173742047562903
6.177544233857373
6.278006420261277
6.327317646557455
6.345970614179997
6.351645998380859
6.361419138477058
6.357463758689478
6.354795080270498
6.356227408104913
6.3600057885836305
6.35579440628761
6.343103196675193
6.345816587038282
6.335854667945368
6.334524269773948
6.368946218785371
6.376197867769479
6.377913805133206
6.3618130470350165
6.372712734718655
6.354389849678021
6.348958864669797
6.360523504197918
6.349449927419868
6.3325968398275085
6.302667433225069
6.307523366124276
6.296900090456005
6.294861441459193
6.2898589319694045
6.288048428239536
6.280018136354392
6.266681618983114
6.253327041062789
6.241677652256589
6.234392706621325
6.2188912370530005
6.2188912370530005
6.240590080099459
6.241266981914842
6.238180500998848
6.2288129481431085
6.224531681063098
6.200388451947998
6.193634075329828
6.186579265000168
6.116211836675395
6.091268662399193
6.075298904851878
6.09271135911642
6.089123886293136
6.104368880493
6.126427194829519
6.152136591004452
6.178483750285196
6.165739746016675
6.129623662346313
6.120566076065491
6.1080066741505945
6.088324181763602
6.062763693646163
5.975140835385464
6.025635107725356
6.009566681423168
6.01384666893638
5.984226479381629
6.052503818921924
6.06420365044457
6.082921188663592
6.081683972323743
6.138815673882437
6.145501957038231
6.190733515409896
6.229229753940902
6.260967083288281
6.286468512758699
6.300104631039313
6.294391758605274
6.302761416248429
6.315000777636438
6.310721418788863
6.278272546261745
6.266602796871699
6.279302848336658
6.312175764598868
6.310850753446845
6.249530177955691
6.319684406775112
6.322350244560111
6.322350244560111
6.322398015690785
6.322730060456596
6.3247245588812895
6.330278255386142
6.323740591756553
6.1735313975733765
6.190843350726607
6.180195948977538
6.255662415833471
6.2694506656110205
6.264602301110481
6.273687036872778
6.276239172018246
6.26695174780828
6.261283055378563
6.2647089032972145
6.256514588809261
6.250155365511079
6.250168079243996
6.294922580435608
6.29076116878978
6.321335527288831
6.4077706524254765
6.4320167511711
6.449850532445469
6.456302969633565
6.461498779562165
6.423200577869382
6.377013781958883
6.375552830462182
6.384351121888902
6.393103156689733
6.413434722015683
6.4034023757927585
6.38415101949972
6.366347181312373
6.376871254827836
6.378255834387219
6.373689963615728
6.377684207241387
6.373764267048287
6.372549108380407
6.376051082381743
6.380724957950118
6.383839269548115
6.3929711676848235
6.392193820413863
6.395051082902643
6.391914224049655
6.358155151216504
6.267998352633852
6.2645862460992126
6.24712562823427
6.225543067958439
6.246060137198808
6.322634441739797
6.388494384938055
6.390061222371132
6.379810227081809
6.35521173431187
6.375232274562312
6.3770849525634175
6.382870895483713
6.349854289416669
6.3406600896659056
6.4005025536754765
6.423988800611562
6.4216140643514965
6.420731431189814
6.461408732956504
6.459998468415889
6.477883397855259
6.491695933006555
6.476666337020309
6.474135177135034
6.467968324768293
6.448898521151851
6.453771355407667
6.461237260015185
6.448895380469592
6.454769696875196
6.463371938418362
6.464014936245251
6.453865714451647
6.444933487036162
6.46283917894233
6.442478203190012
6.45556404349003
6.452625048701879
6.457632183036813
6.445365712087758
6.465420862491893
6.455051549331673
6.443957418695007
6.424054462502035
6.421557536840982
6.391514670593393
6.368955118390671
6.4018055989021825
6.413212972284712
6.373275406016484
6.367002360535485
6.34783134572963
6.316568467857743
6.307264357514705
6.343334654774588
6.366277747145745
6.34723463674011
6.347159126058229
6.315029786722357
6.318521364203775
6.326695753719653
6.323015576902211
6.32800608309708
6.349907773849394
6.359909630938606
6.372265619979464
6.402262718849822
6.4057542625025645
6.405302615797882
6.401548439044179
6.40783622104811
6.321630596802908
6.3229850201963576
6.33369541814079
6.342928278958511
6.344287127118391
6.438003088077632
6.4648572588506585
6.469946112959435
6.4820271621902155
6.4985941212956035
6.50328354891552
6.497365072175137
6.498236062371088
6.502796062887256
6.48390350116288
6.471675970935901
6.4628390426298
6.436894419079482
6.403773569434711
6.3962924786025335
6.368507664743623
6.366358254244174
6.360961721019266
6.345146644160273
6.332679266370567
6.323699845607978
6.298751251219708
6.26615713602159
6.2630355237906405
6.248433259493374
6.231007755618671
6.141269866387569
6.134963793394745
6.117049790450189
6.102560220353064
6.112631152378751
6.1380363009361885
6.136979215425463
6.070045940388081
6.085950344729969
6.11234908090657
6.15573072788628
6.161717424992667
6.189428705188616
6.172069823429019
6.175233663397826
6.183316607328935
6.136650664955856
6.136170913091456
6.115967803995969
6.0837275759596245
6.084348983366672
6.091565566089756
6.102720956426907
6.098102156523681
6.091877040810763
6.14873236044324
6.163719580636593
6.265287815291451
6.272418181696665
6.28340132426789
6.282688014999046
6.320612200651526
6.304194937797593
6.295985620554205
6.288358796692739
6.2827107544319425
6.275052449434815
6.277539442048884
6.2861497431270426
6.269475121149035
6.277897076706034
6.251208773381863
6.253488267164834
6.231572907683166
6.301652741102612
6.316578953041486
6.348515470169502
6.372444350999853
6.397951054602717
6.409959286539186
6.410019346176971
6.41198169964691
6.4079073211196995
6.392512111809518
6.377870640250471
6.37871764103918
6.367523448739948
6.365224674402703
6.3288055824850495
6.313560715267483
6.298723866283487
6.3047405278790105
6.209961929623342
6.217006791585523
6.222380635275066
6.2191945380059455
6.207187971124769
6.292709952687589
6.300324939903933
6.280704155361351
6.289487208123701
6.3001252520821565
6.306737660598138
6.306705980185879
6.313987369657728
6.268306788620681
6.259455371258904
6.1683429735434885
6.1690694061345095
6.1333834131529095
6.118112893918742
6.130725015079268
6.160526745676108
6.175633184200242
6.171628394992083
6.1718999525954885
6.258826489664257
6.281604979054774
6.278147838134585
6.265598690132087
6.264147282049052
6.285694150950266
6.278040352293449
6.26912822043529
6.257276312592693
6.254449306701117
6.263307687165707
6.32747347562677
6.312899013734395
6.305469913387303
6.31588820804793
6.311708214087257
6.291705401307542
6.288954697104751
6.28637944295393
6.266996373144182
6.232208654942363
6.232209153444142
6.182219957305494
5.99541019650591
5.93471358860487
6.008029790342391
6.119717609190792
6.115980496658975
6.099220636599313
6.099780736084476
6.094839532380112
6.018218512499529
6.00583127045036
6.0134550355379215
6.032609220657005
6.053081976805535
6.134589272569167
6.223074437834115
6.266791352552504
6.297693678978772
6.305134862903402
6.3145205731937315
6.259423982900843
6.266096082474289
6.277713459316021
6.271176223574423
6.278626760789463
6.28001155090416
6.290080357315892
6.287098628961913
6.285329672018815
6.295160445148604
6.309142882715269
6.294698365535762
6.196286714005234
6.187219821199364
6.264434817401498
6.321900830732938
6.330106856415587
6.3280069998663855
6.326069127842331
6.329723762132698
6.330128428181516
6.360653251029685
6.36141200265382
6.365732366750606
6.410190270892039
6.470815001413858
6.467688612286295
6.473433630746684
6.4821573372780605
6.489551048799108
6.48237549082461
6.490581491475075
6.507599535124052
6.506137016579385
6.499232498780394
6.490955630927488
6.49829693300632
6.48904325941705
6.492256111901047
6.497056134887753
6.477354075400335
6.470534535968357
6.45688198273382
6.444280221547601
6.434011007466455
6.426784090009335
6.417712988406145
6.412233575833895
6.415348664083004
6.446728394672932
6.444920910932495
6.458727870918608
6.456183331794325
6.453572943505247
6.4351204146087815
6.418610136507461
6.393151107808922
6.376237863406143
6.373471220268408
6.352964330068833
6.319410783660618
6.338556986596529
6.3188823249163155
6.312396731730192
6.315697971029385
6.315602681317328
6.314927160543064
6.290269991739649
6.28562742043546
6.275962335327689
6.256371952481928
6.22741605596656
6.217971640039884
6.165890489468459
5.963278679283045
5.868422076685845
5.9383289663336285
6.035109858373524
6.038083752985329
6.0591089795998005
5.950623801306797
5.954042363685765
5.99163150729695
6.046221929039175
6.048477940031054
6.051687714556891
6.0761286313655765
6.20643032378047
6.2142348732199295
6.057027326589918
6.087819315513546
6.108467096052321
6.163187199316749
6.164758170044476
6.162389138906172
6.148634837873944
6.154785065912748
6.166450810023076
6.161316066926797
6.1594975955518825
6.147915150896414
6.138323130400419
6.138323130400419
6.141284464693594
6.1344943703816845
6.152088603743259
6.246460199009351
6.270315446585153
6.2730071885252165
6.263125203528105
6.259461180073174
6.250548066812684
6.234523683895665
6.1450524205235215
6.081841781326098
6.059640656764816
6.0516045116444515
6.144867742138561
6.196555359172718
6.219373690810168
6.210005491525968
6.218385428034964
6.2254148380188745
6.24134043158543
6.243205300732312
6.259342368870232
6.271726087562634
6.263454438543922
6.286499872836954
6.318415452952656
6.3182924208680245
6.333920741184157
6.355670919567883
6.355962726021287
6.370693608878696
6.403756097181477
6.42000385269079
6.411714245124534
6.4077930957036875
6.417340435750762
6.417184342488234
6.40184342035522
6.399401786635653
6.394378650604243
6.405353976538079
6.418670777831635
6.422541252396696
6.417010501135593
6.387608402636361
6.3822240212132675
6.385868376305386
6.368087118518974
6.366160170802284
6.380086388433422
6.367059434537431
6.376157292328056
6.369713695287074
6.369411406805914
6.366129512433073
6.342999956895744
6.294222630221599
6.302820523867176
6.296472704121091
6.284219305699926
6.322487055582414
6.315191645254274
6.299725025561418
6.3233308880360095
6.323562253357034
6.325736740214421
6.323586550383027
6.319553302263889
6.32526666755332
6.32046142566338
6.336146953497234
6.343076270964109
6.382026060906931
6.39439472264632
6.3886825326241965
6.38701712952366
6.378830744140824
6.373481764582755
6.384633852192401
6.389799234653539
6.37384461713207
6.365392968360057
6.362833584675728
6.334091343861905
6.324451045467092
6.36060329409718
6.378119203886039
6.366696670729316
6.3593447454193175
6.384066672106963
6.388356142802027
6.405312977818635
6.411506119349594
6.412484003820002
6.412540842177603
6.411754523055075
6.410029008531474
6.408143129230032


