Rainfall Prediction

583.8760732819283
594.8891766213673
583.877741254283
616.7846720036313
618.8215803094203
618.8215803094203
629.6090097958004
634.1622881495871
647.6300758892648
657.3217017933399
657.1386362120418
622.4318702104131
551.2842277518057
473.32817351289236
418.44205956291825
364.1177167582648
283.221545131546
234.27609766595114
195.39060674715682
97.29619250348664
66.27019550025787
31.9225592447056
48.7235132507836
84.24684255406108
137.02702899990442
140.98718811324503
137.68469963665888
148.21875729940422
148.21875729940422
149.11992727425945
148.539945550629
148.539945550629
169.81555047217543
180.89583952147757
191.33409902723005
188.04857003019072
188.04857003019072
189.69444921819897
182.77262027390339
197.72186944277684
210.84278644868888
260.34151274688935
296.3015857338773
356.68420987747476
389.07896666032485
498.75722766448786
515.0866991427084
523.732669345317
523.5328176731126
517.1541434656689
522.2312552948757
522.2312552948757
522.2312552948757
458.09796567879295
376.6567005444775
296.16389423911545
374.6470757705287
484.25214247940687
500.01167403554433
520.3912740546202
544.7279711324577
544.7279711324577
544.7279711324577
505.7840915141995
499.0196651433643
466.05507392504086
453.36599395877334
454.176850831408
462.5774080430687
465.2106833259928
505.31965762687094
516.358274147217
445.6919294077181
470.0521368055927
394.6497006989163
363.1483876888348
245.16075611695084
236.66750245406786
248.87642030803346
249.38278855472146
285.6474321837284
326.289826141679
335.66906853199157
335.3426668058413
341.40819680225724
351.4257411405709
341.8640803225722
243.07578614737125
108.95029690685243
52.69940991113347
42.927029380574695
24.824058709053112
41.9662361032446
44.112801962260896
44.14656042855256
43.943829170909474
43.91499665097478
43.66773761631559
43.673821226871986
41.93616647920517
54.30172403762466
52.44622700973336
42.15384944271784
46.935237586061064
75.07353019784915
86.35894134733529
89.64508864457301
113.8651028562833
115.55278823296837
106.9092494459068
125.82753625995994
106.88482317722155
85.03340379581795
82.53807678425099
81.015810373871
80.15729457973578
86.58206025317432
86.87265505127144
87.19655104247994
85.71841263141974
104.71847527016459
104.38128651876518
88.84727026288384
77.84913664781863
87.70005180292877
88.24708723451276
87.16637945932489
76.57332905670307
102.68575576897736
125.13003470594137
174.10266836688442
163.02975060932948
161.04876198765893
160.35197060512658
154.2795228677011
110.61975705500339
98.83427334824233
94.93558007821842
73.01974581057928
71.03391645932035
71.49673157341145
52.736953214372946
46.52800144055696
44.15710061143891
45.43894345068099
55.504150157642286
55.22914169584875
50.19826692287797
52.6789235803768
51.90693942692069
52.73372393280661
50.20863491909581
119.00066797831573
184.1365817856282
211.1445857959926
232.03508122558253
248.31885642435537
339.4952690064225
365.5352476228035
369.5930294406532
328.480315434707
263.848372682495
271.91380927463126
272.28156115241717
272.16357171667227
273.23987210629673
272.06698771281134
273.1326256935267
284.5495470334455
296.5771855636264
314.16226259020146
322.5580670192762
337.07639481064336
418.0712341433441
508.29194381603855
524.7271327778744
489.7581800122441
520.8604937500806
520.6693905157484
643.8295136748818
776.5179672152153
823.3743426800432
821.6538982967609
803.4504671026484
711.3785212242867
872.9877304262511
876.8079538559621
912.9984814499338
804.7126906281178
792.9031068102149
779.9140328229263
782.5470961388496
817.4638891624137
804.9740721986335
804.8092215844702
804.8092215844702
806.346537102064
807.5743367363319
808.4993498819288
788.274326398398
769.2329275916401
757.2728678997566
752.0760225389309
720.5575898451048
665.0497240012967
538.6973012754231
503.00438145297767
492.9045739760267
468.9286584186694
550.8749757310434
455.0623621079855
354.2599581233643
350.6272935369403
344.1878307311423
282.23316417421995
276.108712941307
135.48939682102565
116.5675385316762
79.3680343668734
79.18002296048817
59.74978133038978
54.00590602416472
67.39752161830788
61.37466198476612
68.45776629997285
158.97534076490288
157.86239832354394
267.5562115342598
277.6835902311418
305.853321624846
317.897708230825
339.0736258250305
345.19065255037754
347.07120981578373
355.42962628174206
343.46063757543726
348.8928851172019
348.8928851172019
360.9519294704553
361.3862015863907
280.02902111255486
304.06790720749075
720.3805477756711
675.2533248749056
741.750052028961
745.6854946137527
762.566571627682
762.3822119879247
776.1985632046117
816.7245690738196
828.8726887040101
828.660414806185
823.4906203135613
728.7261090352687
711.2920411812416
692.8174894787668
553.5379169310899
558.4836888459229
464.7499866336838
442.53411206971845
425.7475183716506
407.00887166547426
374.3167686950076
375.09708473583225
568.1019400562678
540.4859599673082
548.8992764258797
561.9368603876028
561.9368603876028
552.0649830952751
555.5685096775878
532.3336808353646
531.7085068352378
238.4476580674346
205.57263611984087
153.8470482521988
156.58976741787762
151.76449422449238
187.64033195038795
191.84391596008618
178.2009163933135
163.39706898316592
162.2309245369951
161.00540584561162
155.8182828637684
155.8182828637684
155.8182828637684
182.9717083235777
175.7973561015561
171.18627949921674
171.78224137548355
169.8082829953331
194.27453424804492
205.5439964489264
198.5657550547412
89.46720215937235
109.63922540323709
109.35766694893769
124.98709651385579
179.0597281586372
479.2984860437999
597.8555226043037
590.5043476354468
596.6341351523967
598.2576796604544
686.8651004471657
685.4920222907983
667.0197149867643
667.0197149867643
627.7387300692873
623.2809279662229
620.2432982078886
620.242843984481
663.6336678596537
823.3571479849683
834.7394703905288
855.3861937130404
913.1995593560492
952.9366320607571
981.3793696957379
994.1586556689984
1073.1042498792608
1085.453788481523
1247.44226252323
1225.126492782874
1256.030606715934
1216.9804926181541
1177.5792373990967
1169.3818619738786
1160.7870571766673
1072.7036272362675
713.1155522976401
681.100898763465
662.5181142724647
636.2600187564306
682.9918973525755
608.1564773226203
620.2719104904381
616.423997168582
617.0907454092132
628.7108838570774
628.7108838570774
624.2492731874105
748.8657710116629
732.3614707909734
603.3209700820584
607.7910944935427
597.2610696879797
531.595304143044
483.1295767159803
463.0991935769721
443.90043823421985
391.6362626198584
385.97863378294437
269.15219040827736
286.6140174250534
280.7103641593464
280.7103641593464
281.60181156174855
350.9987783766298
380.9795693613465
383.9630716632756
516.0651762437182
499.4799576606269
507.9919491486408
537.4305978873324


