Rainfall Prediction

525.7861485907107
556.1384124472313
564.7254980499025
613.6150347166908
637.2739068295051
627.1138892521676
627.0523181243916
635.0677859634185
662.8058970403126
681.8783734200341
634.1784623688774
608.0837021565877
580.6068798658031
578.6292274782396
579.6198877566751
560.8954265440182
444.3932313472995
339.45284776259115
256.1046872242455
200.47247355131722
92.48653590620359
75.33830241885802
0.0
0.0
0.0
0.0
0.0
0.0
0.0
0.0
0.0
0.0
0.0
0.0
0.0
24.03193908444223
35.86282278903455
44.25154868408289
36.28713191517518
64.35521566204677
43.249608383931005
169.75837430959467
233.49083372364495
333.3396994380195
342.21195543660576
398.31820392258317
418.5547083218921
425.6484098692074
435.23113697560353
407.2277623925399
397.12835830241175
395.4239584799902
401.5261651195565
402.10741627414
422.38746691843306
437.7176869385138
444.6514503413675
446.82909494938616
453.06430809697423
463.9472293616915
481.40859962187693
491.22274272156596
537.8077702449584
552.1122382445989
562.4074308864718
551.1516046071266
544.6544951024742
549.151025726118
561.2621249928228
566.4374449478269
1085.0631537934005
707.7785050585283
678.5758368714553
685.1136757205799
620.3877026544785
561.9840299175621
508.153496305991
494.77374574390205
499.4387425398261
466.18738691717357
541.419983931852
678.0848460551779
761.1319193261272
763.6353461671113
777.1716382267853
749.4804559056251
759.2456389139638
700.1036884643006
753.6320797635633
752.4024046956788
705.3129849239273
720.8496405495044
711.2784482332141
680.081651704356
654.0272405917896
638.775205735942
639.0332591892422
638.6573601973199
646.9350625843167
631.7933960506226
612.8998200538532
499.9647055122412
396.65858501037053
393.4382615872969
369.19499345333975
369.50930087365043
400.524986359821
424.3713612699882
407.49858814695375
397.59186253786186
401.06212094953736
316.14451311775326
180.78255827034735
144.16695558806634
172.14131205356023
214.2213772802117
246.72811415752153
255.37165481990695
260.7217625490851
249.3568250941624
319.71131930411775
318.7481013633845
301.37408421527005
294.9348249056031
331.2099550097774
351.9966102783404
337.62569772672225
314.28481649854683
335.8073155866462
341.1391303840315
585.0118558695323
556.5827747257061
535.5777860679729
525.9745789668939
517.1566395324367
448.70171939460505
448.69323533304333
426.0542291753346
399.34184986731987
384.245997955046
387.5966129513441
387.4354947592141
386.2739085045147
368.34005268218266
387.66814725058975
535.5449188464878
526.695442804089
502.2039676027206
553.1487076737216
536.6842888018309
553.3158118282818
502.34144081333574
498.3365985610645
516.3103640511416
546.6005567381
613.5990948585865
609.3684953942616
635.8084707324718
660.365463435517
672.0172981054144
678.590756793024
445.01554940209746
499.6041906612354
532.7567511131341
534.220311959725
532.3171919978945
531.3114827514162
540.7279749433707
538.2021730957617
538.5928744757408
602.8536178485516
591.2113156239733
594.9711520839686
861.1651177587942
1242.785593384881
1322.4849441092106
1175.7334608885178
1197.623381326733
1189.454950323498
1115.5111280149079
1123.4598389442579
1113.4917422374144
1140.0555045392907
1172.1884366425804
1203.5621540326838
1290.5629251355958
1299.8263261298234
1299.389015873235
1277.93948819026
1259.6252378932013
1336.3973599649464
1358.8506070053215
1450.283802201708
1419.1136611584789
1384.7248434498283
1384.4290854662795
1391.0981104190569
1403.8526866730067
1398.477694186138
1391.5149323470168
1381.324861652186
1373.5906815587134
1361.3471627770807
1358.802992383222
1156.4061024211965
772.2478799890503
679.4055327760343
657.3685958091587
647.4804708001797
647.8295536294236
637.5939454312162
643.8921129458855
785.9354820364985
759.6531408354394
755.3084531512695
692.7331288365676
569.7268035450578
474.3950508946924
470.87432140938523
470.7539637679097
469.0541619537752
406.9274527575428
608.8003284951859
515.9765408510857
580.3818121698255
721.5676873509913
715.1268777648163
710.6971844914273
668.369311685299
672.9780768944472
721.2120698225822
739.0199728846777
713.7960520631332
727.0151554272483
766.9085089547755
700.2339055496819
696.9377965476558
738.3916714044982
768.5631285030587
816.5088275147148
881.6139593183652
930.1484553964412
1058.3803538563852
985.6788384433155
1153.9334746168793
1150.920483606174
1188.3038222906137
1189.0641353291467
1188.7117449667307
1190.177530672809
1173.8375200161165
1173.4137539059827
1099.4400951689556
874.0893789872658
866.2359945705033
790.109989953963
669.8523670580124
667.1712556251438
666.8411834359476
666.7804732364758
657.8313875524085
599.6162503911546
568.8947706253562
565.6878608721759
548.7392292302064
503.3442663037256
490.37102316137475
486.5549889162153
477.6905281738521
475.2356144643466
453.2885466532767
378.7964631465597
346.9240962887904
219.7924055214477
0.0
0.0
0.0
0.0
0.0
0.0
40.427988564055255
56.89265701275356
81.30976982790166
125.96688828178843
129.3124856866588
132.131116114313
137.6215690485287
167.4780448381544
167.9519064079374
166.4472345966135
167.00857057662486
166.54896038556944
200.43689031584205
254.61912459436098
253.94601126042934
301.4555402233906
455.6775897407092
578.8775954574973
604.9826194890597
636.7049393834874
748.8674574230738
753.4623533460523
751.134966814782
751.9951833272072
742.3163954472335
804.0117722833913
859.8626906872269
851.5644442358956
914.1498711192189
858.9563844318329
801.0629518558715
1653.9716494813433
851.8693321140354
929.3451551244016
1183.1552756979145
1082.1197587373335
1112.1013896842076
1135.270098514284
1123.364763334326
1224.948692065974
1227.8054210490834
1249.7166361523434
1266.517942463081
1253.3179558353938
1262.4213315715594
1288.5069658378823
1238.4563170992885
1072.7077897137237
1063.3803033356644
1065.9631956832122
1046.643634800579
956.3165604304143
1092.5749038273875
1097.07354080764
1094.681786784065
1305.9290728251635
1318.5351566533282
1382.7767702430986
1382.2402391661067
1375.3548659495693
1397.0751432817005
1383.0116118414185
1357.5175012393058
1335.7822377543425
1270.5843579673992
1165.3403920366586
1131.7859097816824
1126.1040713718353
1127.6548832483998
1043.2773639243069
983.9170194165717
960.3929571028725
953.6120428029036
940.541216855573
978.0988582773257
973.5459338623671
940.2502316526204
941.906256662649
946.076394473673
837.2395909488845
806.622538994335
790.9498163762802
746.4412799828966
599.5038215460754
588.4603108482606
578.6229813175132


