Rainfall Prediction

1088.5711969547608
1183.5610258781226
1206.601897316935
1252.9712080885831
1287.279400604903
1333.7929521741055
1438.6414687905065
1360.1990466283532
1326.318997209815
1346.0160526451755
1257.771112339664
1164.6830929856715
1123.5712596353999
1130.6264629963853
1116.0264903194623
1069.3928417063646
1055.290609104658
1005.9923501404016
1038.8686425269539
1034.417376692995
1076.8360613016932
1105.624505307221
1080.9559553511513
1097.3111709663594
1132.3742700324037
1150.0847844769096
1144.6186004009999
1188.9987742604549
1204.3648297372795
1245.139488898088
1260.715029767447
1302.3600129622785
1313.01045186033
1304.0459717376787
1285.192747740843
1281.7917368714154
1234.0757033306868
1125.8538769098063
1156.2766702823858
1175.5310605171114
1167.4125139211715
1323.5777242606468
1446.8610707309638
1490.6198526289122
1510.9245675567881
1515.288047703492
1508.284505469776
1543.0213449751732
1626.6976559265665
1606.8794540466347
1629.6390357322964
1640.5287359451713
1619.7792359005743
1615.0396630997986
1684.8448774638266
1778.2406696517114
1804.730184372851
1801.1364571186946
1773.9565303293991
1766.953356201288
1731.0482172040088
1739.1615895772427
1717.083222752011
1725.0125390825679
1747.4423602315394
1767.6826871796288
1762.3672997070514
1768.8745045593375
1782.2048757862965
1757.9603312361132
1742.6087332249317
1714.2354744861386
1654.791950262523
1607.6991077453326
1571.412786260812
1538.9679522630352
1546.2133122139617
1604.48998689264
1568.184295420896
1552.409135750708
1576.814220006722
1560.624935576998
1532.8679667979227
1586.112407269849
1584.239143722174
1510.7577982332245
1378.7891301293935
1320.327533180905
1333.6245289337173
1329.788908271054
1303.788291962373
1295.0937835226484
1268.261666958403
1226.6687858742475
1137.3918201156732
1084.62774782518
1037.956772691329
975.8428447042768
962.0907721311596
939.314225395735
918.9970326984438
893.6478786680572
889.277832770068
868.5723287828143
841.5922260407898
818.8980000605702
828.251177791176
806.8676723396962
696.332814731082
712.3274275943373
573.0691361263606
467.33076590987866
416.47040065972453
414.01692250185755
380.02999722017574
477.6552479609379
510.1658419312817
486.87344797082807
490.8045042583213
496.83806195961733
525.9885535200686
561.0510174957635
576.857821731866
594.334002811951
900.9398521836439
983.6153869504585
980.9077377684644
1051.3136404049635
1161.0962816286808
1201.8824267580108
1216.6630859558966
1150.0611845642918
1067.5390896878241
1063.0564109515374
1076.3854498233668
1095.9682250753108
1110.0312053657758
1149.6209331768189
1164.6023711289047
1169.8622569086708
1197.0560839515572
1198.388687984354
1200.9312575338695
1209.1175037072337
1205.1437754338547
1220.155901337941
1198.1796274299174
1208.1072984135037
1210.3836732680145
1208.4804027003458
1223.4141622913496
1230.5500347860566
1195.7089752164952
1200.6760215714294
1308.926137811421
1205.3777888944232
1179.481347169488
1304.2763810818392
1335.4795887241075
1247.055437781863
1226.579915481113
1277.1975288844922
1346.0062978264716
1506.7424726884278
1513.988593716341
1502.5939948674159
1536.159486527424
1591.2998905813156
1573.1987440043326
1586.5613664304065
1606.577805695446
1585.7131221060422
1614.4893339326916
1676.2712646044229
1700.9384309621043
1726.9046387632313
1742.5457481490425
1817.7903295989508
1843.9719302716958
1864.3526204246284
1884.9085749694618
1878.077051789932
1896.5947657418565
1962.2709969445982
2022.0550540506451
1963.0117160161442
1930.9653876531895
1921.8015141327273
1826.282215717892
1756.6208249078197
1736.0681686895555
1732.832285625897
1660.2376419890409
1681.8872253487361
1613.9049781642698
1615.2207425623853
1619.5542154010323
1629.9553619891044
1569.647537156142
1525.0387218102571
1495.0459583544757
1467.902516706735
1449.7425317608133
1423.3690048518727
1369.5721513717301
1333.25320232496
1312.7095122847652
1225.5013061388938
1092.92228830379
1137.2042018902987
1070.2363227633718
1060.0163853748986
1099.6100483743971
1080.9411566316364
1043.339465001732
938.1516954215164
913.3152339650899
910.3331658843075
904.778257780539
975.6302792144534
961.7848150462373
978.1921010532856
978.1921010532856
997.8672670984201
991.7161242926978
957.4349959894186
960.851586091741
970.4664004356304
906.1896646393362
906.1288503564749
932.6585729956842
931.2901621311314
941.204101695442
942.1830587763695
932.4219211416722
928.3622667307319
931.8070989054845
948.2093292887212
992.3474512683674
1069.6283779050839
950.7273934449158
1020.3767864348218
1022.6939622647742
1086.9039633851746
1052.1319371437507
1067.64074344439
1068.1840277848614
1077.4911982686574
1077.4911982686574
1100.5493492791534
992.3355179936816
1014.3892117826603
1001.1691101638053
978.5092689671691
1015.7760027421621
997.0552191103882
1010.4423446059084
947.9776488096085
1015.35711419011
1061.519268116196
1051.5843075267383
1042.5636250413402
1042.0534719832385
1028.8838183294913
988.8799996534817
996.1805059806568
951.297531412187
945.1313565021208
917.739471530034
900.6227432211354
859.8243911841992
897.9218275682658
868.1354778143381
833.2128758848455
731.2776235233633
753.4387347046951
693.2673019144443
629.7246570200921
676.6241050309372
751.1469749240139
755.5025431481614
780.6043783973379
805.9127692495649
857.4112807018117
907.5468131794563
857.413746596591
829.3236269111284
865.7795826508539
917.5799570665137
837.3780871998576
777.5059947772223
778.829708919587
834.2949572602923
824.0061091752905
882.2036236220213
939.1559962355961
932.305987005271
1000.7822665469878
1003.6548315213341
998.8525055751456
1004.7483059961813
976.8643045934122
931.795931846252
933.8689681005699
947.0789885096633
938.3724864877173
1020.0267082483327
1099.5610902704668
1233.489457547598
1288.8153344613334
1206.0776430792275
1204.842463479076
1266.288534960721
1251.0235871922985
1226.7372289689438
1227.5288374461416
1406.2290426843813
1426.4272436830072
1428.785932156615
1434.56776982393
1436.6221317676818
1444.3141740683498
1454.3122871216303
1452.268900846283
1464.7308139130607
1432.6431811833818
1422.6193978913009
1422.9060416589791
1389.655056544227
1389.655056544227
1402.3325055941798
1433.836959693343
1507.6510806645706
1555.3418286759368
1566.24003620996
1596.3290943931036
1614.0003924616938
1635.762799914646
1598.4959996371244
1561.1180572164535
1493.500992736098
1458.4488819221526
1427.1829813621973
1351.4511216465917
1397.9800308366732
1399.9376841683406
1345.3632707744566
1162.3458359342203
1185.428276747064
1126.757937160462
1155.9035004621228
1190.0312810089004
1164.9330901417595
1088.435200768167
1071.1978598952076
1048.6970883595818
1068.0716916783626
1172.653379668857
1327.7576612560058
1399.8840114328762
1425.3709607261687
1427.5480373607372
1521.0715228669944
1483.6463280613318
1434.9805630973976
1497.8922550388863


