Rainfall Prediction

1077.5507771165053
1137.2788130134095
1203.7323138254285
1207.725487445369
1316.0339598493242
1452.9886695316422
1433.5659286288749
1337.2126953831132
1290.824950996201
1147.9112738318613
1114.9532362340078
1157.4258325451692
1178.2233643394698
1340.8103659243754
1412.1750928793524
1403.6200066965773
1457.1675871587174
1452.15430569114
1324.7123824602502
1209.4865228061333
1157.3569225135845
1249.8913481335294
1157.7412055827172
996.7972700583224
907.0945088447875
970.6678730137291
1030.9389086652511
1038.417965382227
1004.6689886917964
952.9723290856073
798.1180796433362
842.6756143043048
789.9337716952458
743.3805381648709
715.5144455763707
622.8293339059475
494.2638223801955
463.6767507220844
489.62068797096936
507.8731481073318
413.01367690067826
392.326134902215
307.5577275190262
268.46947399297176
142.15883933995144
0.0
0.0
0.0
0.0
0.0
0.0
0.0
0.0
70.85798536341451
247.26070101690112
479.6940595677661
424.58591083686497
219.1567458673926
0.0
0.0
0.0
0.0
0.0
0.0
0.0
0.0
0.0
0.0
0.0
0.0
0.0
0.0
0.0
0.0
0.0
77.77312900521224
377.551518276023
447.5859031267312
539.4501542001631
360.92131769674893
366.82601436891713
445.16926796557004
470.8949083796333
532.851778283892
583.6007073304081
371.89048889691435
284.3047423304199
441.9806867778349
685.9320668830242
811.722747139993
911.8145805391562
923.2752325404837
842.1410870173427
887.9185850410174
900.0197843114279
894.8084349918324
891.1286656998202
887.5078653347382
998.395012324439
1007.895155779309
1039.527343813314
1026.254585296648
1024.3984732196243
1004.9284160526576
867.3528711866456
820.1127368092968
802.5295166685133
731.2906734297135
638.3653014595246
678.2281992379338
570.6287241790628
571.9161846531808
547.1213852444844
572.501001485538
491.41088404124406
508.64897246522503
511.0981345880133
495.8760879894185
496.0627055815759
487.8652895568689
421.9767133330445
356.8889765233604
335.96513407856736
410.81279611355785
420.0208550164628
485.5360081090728
481.2099157973019
526.3720491679499
544.7581424666344
494.5018687618299
0.0
0.0
0.0
0.0
0.0
50.1534858176471
665.1414433037565
117.91319915484631
179.22004171790852
274.7494028081692
387.21482747154977
443.18361984347627
577.1737062497383
599.9263531106571
537.5573177191666
558.8043090709833
561.0784180602545
559.3012259374569
559.3144224581717
560.0232720521351
562.1757662280748
563.2596440415297
530.2190698576637
416.3983833494023
468.7651626039391
463.2204615111208
1075.5618065635897
228.54599220450254
103.12602698143272
124.04690225979488
210.1085406039088
216.14506441546618
220.1711935117109
216.60148907791023
165.559087515036
165.2424671210111
165.0196667265222
166.69410404982392
102.50611565175032
66.95716030481755
0.0
0.0
0.0
0.0
0.0
0.0
0.0
0.0
0.0
0.0
0.0
0.0
0.0
0.0
0.0
0.0
0.0
0.0
0.0
0.0
0.0
0.0
0.0
0.0
0.0
0.0
0.0
0.0
0.0
0.0
0.0
0.0
0.0
0.0
0.0
0.0
0.0
0.0
0.0
0.0
0.0
0.0
0.0
0.0
0.0
0.0
58.741311114772444
73.47560413079586
215.84614670397428
205.05061616633742
248.42058491275836
365.51377186619686
425.52032574671415
487.2935584991308
482.5768096208106
685.6001850361454
317.81118417407583
109.25963634551562
292.17897363986555
251.44017108365523
393.1929304048565
360.6262104278161
347.8242843954438
347.9953993851825
351.47245430188957
311.14691280830476
325.58299933696037
340.2422736600281
341.9604384652581
460.7026401094828
571.9261393465968
238.20894268388355
0.0
0.0
0.0
0.0
0.0
70.9308838479435
126.84947511089416
177.69123301338345
37.89830372804158
62.23584400787752
81.32955802478267
23.62049279484927
89.58070871051126
97.49613440397741
343.3453843494729
357.4990109840943
548.7490373150682
565.7653834955379
636.5737024097629
533.7527014728124
596.5626178079726
592.8115559515666
298.2391917309958
347.3341318790079
386.6396256057232
366.3106353136874
311.42663768895636
291.46831776240884
258.3201974784407
225.85212262473084
199.03606634630307
715.3910690595474
648.8870149982756
637.1152764965027
545.7386616275882
574.1442040289007
596.064626172448
582.6088996069326
610.8545934667786
531.733563133673
535.0003520589732
482.5502298497638
672.4081432879453
493.39429184789435
579.4135563162147
0.0
0.0
0.0
0.0
0.0
0.0
0.0
0.0
64.51553781851617
150.07582802143358
77.29033668167449
57.06725330523563
4.526789622672247
0.0
0.0
0.0
0.0
0.0
0.0
0.0
0.0
0.0
0.0
0.0
0.0
0.0
0.0
0.0
0.0
0.0
0.0
0.0
0.0
0.0
0.0
0.0
0.0
0.0
0.0
0.0
0.0
0.0
0.0
0.0
0.0
0.0
0.0
0.0
0.0
0.0
0.0
0.0
0.0
0.0
0.0
0.0
0.0
0.0
0.0
0.0
0.0
0.0
0.0
0.0
0.0
0.0
0.0
29.951457857063893
1.9776618252332483
0.0
0.0
0.0
0.0
0.0
0.0
0.0
0.0
0.0
0.0


