Rainfall Prediction

589.5743779323604
575.9719217509589
562.4597862741947
491.1020768671402
476.4156428499235
479.5148608443476
466.2262059173565
469.9632727093993
492.95037667827916
472.1908215676294
472.1783827266479
478.31944844424567
451.6868068871562
456.8644830140968
442.27004231295916
432.47298565670656
382.05520057271326
419.3616343283514
458.2539658226183
396.1537288333757
396.54844630528555
422.2233853763176
350.1825597888973
317.44726811939955
360.1300626955906
353.79403398357033
328.91767617224707
322.7979607166243
335.0689883135508
277.2152926119523
284.2403777409523
279.641209134716
284.19633795708035
279.8999519560914
258.70985807038636
292.4830752581172
315.47705213836485
310.1286642526959
302.43390560752306
300.8459221350334
315.3646634417632
329.1275178859602
454.276071512084
610.3669138712938
699.2588313342036
752.8176447141955
737.6689349110802
715.0845743925687
904.2437736504706
791.964256625008
787.245916600266
801.5437198510475
757.3559070524115
769.8235720307574
933.8692218706119
1206.6782232169412
1338.3486753711718
1332.517014579498
1330.2948484123306
1321.2664022907954
1316.174845911296
1399.4516012777244
1421.3368701605896
1397.0287716753085
1407.7789264175979
1421.372983286792
1347.7386833071628
1338.0238650555402
1339.2916850494396
1330.9307272161682
1332.2448780150212
1353.260381252881
1326.7252500697255
1199.831176331322
1065.1214617655412
968.1393228433494
984.0530160537146
996.3011233184797
997.64876056029
823.3580810076644
819.845789446457
847.332582684793
815.0542254281744
881.3656989055962
824.7695165389873
674.2939278135907
433.9028132220104
304.14501399762446
305.7600477526021
306.1238730238229
305.53051072233916
304.51053569781783
253.24704729663628
253.21076316305536
233.93592944602221
235.64703550120683
249.42033450976353
266.0431730537314
257.4450407880266
281.7969685510359
254.45328886062734
250.26010211832224
242.05717384523587
224.16422047502655
228.14515461481733
230.44682457827335
223.5346532654594
230.7462228842702
211.2145902108654
179.49059993690724
181.1659761814902
169.488028269592
183.61789010870692
164.26589872946465
162.9816932878465
309.8235883368944
362.70439479861733
291.24176902125873
334.7285410110672
315.55710668258916
322.81169160367665
301.589951545856
335.94930146180855
330.09609847166416
519.4887101981907
581.3431552717468
587.0940536979945
595.9536277600562
658.5173443290668
683.6632397868873
741.2872481810217
727.5817401577804
745.2624032062527
732.2359073728669
778.6318199095223
788.4451049794814
821.5795711275402
924.0388827787865
936.3105197616451
1005.9917516650103
1128.3424363313015
1129.0713822580162
1120.4181657205759
1131.3472094479728
1140.1509869472332
1099.1642089366856
995.2430283472575
956.8050741401415
953.0574813487781
928.2518571740035
932.045488209486
937.9168439272876
930.288374133803
931.0938740172443
930.3297833988202
730.0857305158207
626.9904013518527
804.3425509486372
939.8874701806025
872.6268448480615
842.687640404765
961.1486565029846
949.4136932746109
1146.9000853099024
1206.5452990069132
1192.3335199257383
1185.72210191572
1408.7984530915846
1241.005319534401
1283.8441307284447
1217.9938866488226
1167.109885479097
1246.2208439424119
1504.4047065700856
1605.2582301891482
1691.163565879537
1850.6634995491115
1921.0123836165017
1937.1219617960219
1954.9769683832208
1996.3133786157682
2005.6064120370827
2084.295068874999
2149.1942458220574
2382.749883450693
2401.712871808348
2421.15074142034
2443.7797226537
2217.8739098417204
2094.6758829166993
2087.889042419294
2090.9204534639666
1983.1895194779443
1968.629848891627
1834.3032013626598
1808.9619208660656
1843.1578235359268
1896.9743034139428
1697.2164484495077
1765.5125246692755
1783.5833731073217
1735.0489338095485
1648.781839887031
1566.2102673885379
1377.9857465998602
1287.8932481993866
1176.9129974684977
1074.5609681098977
931.8299178274278
935.0183170479371
921.4588486859798
967.107862268142
938.4644021407825
945.2918868978946
872.0563235380951
625.5299774730737
613.0704654656745
611.3201887163139
615.3191023593545
626.3787828626076
613.8313417217374
626.2117047806014
594.5799289977608
630.5327720695677
594.6639051156661
499.84001057156104
491.04976259073214
518.9951554612732
373.30008342531096
378.282811187546
300.00572464674826
282.65757454704175
282.65757454704175
282.65757454704175
284.12096845755264
256.93283893555656
270.2037749888394
317.624952923003
353.5463838168211
493.521069166234
516.7163786061058
556.6650317843697
485.6233039507378
735.7582026257327
667.6044028311308
659.7079639411297
683.1907400239743
648.1307405973968
682.9536476038988
687.1475040046546
663.5214814022927
663.7639970783043
663.7106988942693
681.9540017559157
717.9227865578113
780.0102000356227
749.2419826850684
756.1068089126048
751.6816896706912
741.5071085365411
728.3480597493107
726.2701734301388
759.2560319503202
724.2096304390144
724.2096304390144
737.4701026904436
764.4977811125555
725.5254595346671
665.4700839830502
645.9580115656503
496.3400624306632
486.8874275451191
431.49312771420443
417.6535326700515
184.4162163768033
170.81308550088644
163.73747429509825
175.37725326757433
168.46612227301324
361.66544200983867
419.71332347825216
450.931856257618
505.4105530345428
642.1382979357602
715.4446909021128
707.1019597357191
666.1299091263926
797.6925881951653
762.8886859984294
788.3327816014213
766.7420691256337
766.7420691256337
777.817323478906
771.7630360831826
763.704695471678
773.7379334030292
794.1141262238684
765.0865132686879
792.7782719369646
790.0201021261374
776.8262175022595
762.8901090019153
762.2755335335041
757.0013113761554
771.7150227589174
772.1043377004034
760.7232213781289
785.3378134713257
894.6758155275232
1095.724933774483
927.8867628411973
881.7636824798393
965.3731840810442
915.9897921109699
815.6114732472206
808.8206207085261
799.2260099784065
769.1351735438793
694.1007505996402
708.6666624216654
708.6666624216654
697.4915256444186
704.1296752464843
763.9051905414188
746.8689715058226
762.3442053257247
749.8684192722961
748.1372335395922
763.4949768251956
769.9974069499817
792.7483145260317
830.3606674998905
929.7466280878205
965.6269157645872
955.4410287652997
1050.8643758016617
1063.6266289907312
1091.7176505284995
1032.8257884989916
928.7471790026638
730.100621479952
714.6036644496567
711.1473425101748
665.0410018189297
769.7118224222326
791.8826623994146
709.1695327823852
725.6148264924394
712.910032126298
706.0665602267835
832.0811061938597
889.2864247395437
900.3547185144154
979.9373042933825
1057.7429111729234
1068.3317980760803
1077.0747676133803
1118.1950229136053
1237.9006815771506
1273.901973608915
1304.2043265256068
1283.4753868419527
1240.1010254218038
1131.1643051344995
1142.1976588610949
1133.433129606565


