Rainfall Prediction

2240.658376273
2407.597329108271
2443.011752084511
2503.1915043471136
2617.0794112913136
2492.653785896175
2567.758660608328
2516.0701748046868
2495.7832196772433
2328.39091483183
2338.0251401061623
2341.0251401061623
2278.692974655718
1296.3895605183507
1179.53798294989
1103.0185187725517
1387.5641091598648
710.0909151507072
856.2046607659945
982.7832910776699
998.1360674697869
1140.6406014894642
1050.9076997359732
1403.0233270594028
1009.5534390769368
1123.5357229120941
1127.1143649073756
1213.0709874936597
1154.7934262441545
1152.6879014332064
1030.3416759634947
0.0
335.0110221049532
267.96319734723204
179.63122185645847
166.37363085847937
153.1751037091326
90.0
289.4565913377146
353.14541174513846
414.75562285420096
347.6603239390104
324.215469483246
82.86541396880463
1226.5652426201646
972.5206431766546
937.6594170026437
870.1727277741845
891.601765542479
911.4674779567512
874.1204880073753
818.2258981585336
722.4349313419751
870.2201320519345
907.3230213352451
920.1641770485694
602.8667039644588
661.5542435750913
1823.0442755413333
1935.4469371058874
1891.2132034355964
1903.4476105895271
1680.4476105895271
1616.1712471955557
1578.3220511405507
1621.5479721179165
1555.7878317930554
1446.3717132780012
1407.5818147897305
1208.9155839206019
1044.4546466160948
647.5330592384643
651.0520890916258
422.0977766549734
662.1311141045496
528.4160423801849
721.397416943394
832.4722050542442
818.6962733098385
960.3159136044214
808.3172934743745
810.7877397520057
92.45589506696156
570.6301362931912
557.6301362931912
691.2606759275824
986.2980060735115
613.2693196203013
383.25853795385456
275.90554004536176
67.00662742556901
0.0
0.0
0.0
5.0092006895448975
4.092831468739352
290.7069089494603
290.7069089494603
297.0678875047555
350.79220445808414
431.2954583875104
878.8326468577081
1040.145763806021
1084.4673536558005
1195.2229998026717
1284.5146947371036
969.1818704819391
867.843894131022
811.8400332915369
726.100289368041
794.2622551973152
966.3799086615663
954.9075217188132
1202.8202391637342
753.0933073236558
1142.4113255160141
946.7765235651209
572.0104958471361
558.9016170875697
493.2534666568956
406.83564443793045
489.83564443793045
469.2737796492022
874.3072870136426
882.9460997308802
860.6796252748069
851.4878208777504
660.4348700795496
658.1835542536254
737.868559319924
269.39089327195484
427.8826237362506
276.05500918618515
497.7502655081183
582.6785442487069
506.14645594802465
645.7865629515086
783.920293083064
810.5056874757639
813.8515482601256
746.447425072907
714.1480019237952
664.6388747353208
708.6865636753917
690.4266790455694
396.4832775761598
545.6326349866786
584.3492130407301
487.55511867518635
587.5434915541977
784.0965269520799
857.1444462800986
802.7357094264937
786.1008378368617
966.4802148925138
762.3929410108681
831.9835882359065
1104.5830076564985
941.5749091485914
852.8149162588784
809.0633180650664
1410.016541075357
1272.8069185728277
1921.7337359085504
1622.3973374749257
2187.691375540918
2319.412941678166
2347.1356833658238
2884.101422456892
2947.2835130264784
2940.8319533206295
2767.999398741049
2771.557007954106
2412.226154655798
1760.7764599720101
1635.5534883298124
1889.5345202642961
1624.9374377812514
2210.937437781251
2263.46369612737
2261.579896693814
2043.4518342973413
1943.6302793662198
1920.5976021247186
1694.8236794410725
1339.2318907028691
1374.1260666341711
1893.1378146005925
1838.0397178993119
1884.0263013276392
1662.8463795215125
1670.886897876417
1302.9593295327718
1220.9243522621823
742.2321087195489
782.497028418994
321.23927783175026
750.3752608553567
695.4833571976299
965.3133167999439
1234.6891826215133
1343.3415252504237
1398.3817919592848
1426.3920748250982
613.5595457405034
1370.6289351498388
1587.4442960458891
1528.5619256465861
1494.3433739107304
2587.355950473456
1898.4296641140195
2069.6873702735656
1837.0692123304473
2302.212838044001
2563.2418768470857
2729.90949928335
2785.253879852687
2997.827663957043
2245.914301112007
2242.3141953393624
2750.808697581374
2711.541992323272
2254.9770968902067
2478.8007632346744
2400.2992293112975
2127.8214913030997
2095.8214913030997
2343.132187585733
1726.461571699751
1858.102379862532
1470.840237958504
977.3659455425684
875.8532196264084
833.2261107708929
804.9936814268082
911.5303034338858
882.6584204657767
992.6452396901457
835.509690068058
818.2606590748638
612.9530499052878
282.5313936747468
31.376175106156722
163.79629434104518
0.0
0.0
0.0
0.0
0.0
222.7752808786073
345.2336212296924
26.605122110164643
197.81737865367978
652.8551736431524
755.5337962852844
874.4201925120958
1225.2024388973225
1242.316588284011
475.6824713314754
502.0249194915407
317.5774307528821
399.81380691979047
465.6683711701529
444.6683711701529
1351.0002747304575
1929.0310956485505
1947.918627448741
1911.6308141270122
1715.9693401106429
1693.9846795410742
1784.9962507956966
1927.0430383649073
1911.7713586283085
1517.0713837187075
1513.95956410853
1716.7365339444937
2222.5035735017464
1428.86708756738
1839.1777739407457
2027.6644358865842
2276.691455412992
2199.9728086846335
2214.9728086846335
2153.075249755827
2790.974362469882
3356.162126637838
4061.6851763974573
4313.535279809172
4280.246096179255
4062.31584066452
4085.8117700756547
4069.423562903591
4270.27036136642
4184.175448613147
4234.294390010073
4083.1377743816465
3248.5000239384344
2957.952889355858
2802.139591263448
2787.2850179739316
2434.9335777049237
3350.1474151853517
3386.5739403790194
3427.7888007409174
3461.7817654332416
3358.246401109908
3312.796902882691
3312.167862974303
3075.511985786808
2515.5624329001657
2314.3284634240326
1695.6703534932676
1634.579278535622
1461.0089813322038
1159.139510863441
860.298194014676
479.1637360849444
0.0
0.0
0.0
0.0
0.0
0.0
0.0
0.0
0.0
0.0
188.44314257168773
347.8881944173156
326.41284620208427
384.10789451708723
484.12404035140673
229.48279232346505
405.03005301809776
394.1292397847013
0.0
0.0
0.0
0.0
0.0
0.0
0.0
0.0
0.0
0.0
0.0
0.0
0.0
0.0
0.0
0.0
61.640937835621514
0.0
0.0
0.0
0.0
0.0
0.0
0.0
0.0
0.0
0.0
0.0
0.0
388.2121597166109
423.75367814715145


