Temperature Prediction

436.0274554961215
398.88875649286774
453.0136473072284
458.25189598293775
450.50206661192584
459.8911067799487
469.6900043425545
472.5736470372748
480.96911624467066
506.4295432798005
538.8076313111856
528.9366809419816
494.4948788051877
492.3572943269298
487.84568106095566
511.8319837367003
510.17327096360776
485.1093606351666
480.12278185763137
506.42032655364545
485.6212839177449
485.7393982379689
485.7393982379689
493.8523906364926
495.4147010799559
495.4147010799559
495.269461909372
495.0039788404229
500.1173749579613
500.2350681932647
494.93887260461406


