Rainfall Prediction

508.6952692906568
486.93767561350444
490.7356054990173
450.426355288482
426.92354478705164
397.8545766548247
385.67641633155563
375.40569843386334
368.97739991383514
382.8074382506058
367.79200259362227
374.6127650403377
364.076205212349
349.12061395085743
325.24156850745317
304.6787907723773
298.57090993904467
199.01256744132166
184.54281976163404
148.78021903691788
129.91984517296825
95.9412076937553
55.20142785922735
60.72543641266885
58.93934894631728
53.82218246463103
49.482080104852955
53.73773808766772
46.80413554864337
43.876235421330165
40.85301347687668
26.32978643469133
21.451017281409122
23.951601295565638
23.005256354736666
16.0926556236735
18.860193435897695
17.022356495453955
22.312779734928277
23.553186677153143
89.97523675200334
86.73486528973714
0.0
0.0
0.0
0.0
0.0
0.0
0.0
0.0
0.0
0.0
0.0
0.0
0.0
0.0
0.0
0.0
0.0
0.0
0.0
0.0
0.0
0.0
0.0
0.0
0.0
0.0
0.0
0.0
0.0
0.0
0.0
0.0
0.0
0.0
0.0
393.73558125796177
385.3171900571478
240.86845584119072
245.5325549169829
169.7462730778172
185.65172737344022
168.34605399284763
203.79575597589775
205.92442971936975
205.68521748376486
189.24931274440297
200.7273512948226
193.58350079503987
218.1874298591175
179.4499495844346
182.83994329499916
188.14879510701505
190.26968034845206
188.86470545881969
181.94448266558305
186.89143453477823
187.74623839978113
181.1204088147473
188.59400460085908
205.7139316826475
205.49887168226167
205.17525986129914
199.7006900114315
199.6289678325698
201.09809455015608
201.956822659406
198.78183819993166
189.52117131796098
0.0
392.61393100741304
265.99591052023567
278.35779937535244
282.2004016654077
166.90178614910332
103.84585018003395
194.09002584650509
140.16769091670818
24.107970858754342
59.91851636457221
142.3740703591531
150.40451567890614
0.0
0.0
0.0
0.0
95.30253228767907
95.30253228767907
97.62064288610816
0.0
0.0
0.0
0.0
0.0
0.0
0.0
3.0167739213192135
0.0
0.0
0.0
0.0
0.0
0.0
0.0
0.0
0.0
0.0
0.0
0.0
0.0
0.0
0.0
0.0
0.0
0.0
0.0
0.0
0.0
0.0
0.0
0.0
0.0
0.0
0.0
0.0
0.0
0.0
0.0
251.9750665391266
0.0
0.0
0.0
0.0
0.0
0.0
0.0
497.5325835970698
499.07608661345114
805.5837524202965
0.0
0.0
705.7404039712393
699.7505075568967
256.9732646122193
0.0
0.0
0.0
15.239422556599948
0.0
0.0
0.0
0.0
0.0
0.0
0.0
385.5588697248346
0.0
385.04636085287984
0.0
0.0
121.18248052780405
135.4040852609039
570.7958207982188
0.0
667.3857817925282
670.8448911061844
673.4045892099898
671.217278038702
678.6067971597167
311.3145582892772
305.60048610903675
278.4914403292054
447.5429456953167
415.0675756761094
325.90284871666256
185.57819249317595
214.39817542841496
336.73173934557803
92.56537276009209
71.12736922879944
182.50312680455693
220.0157413218227
325.39250633210986
399.79567248932335
1259.0419448110813
1259.285715284081
1261.6498316229317
395.490627963733
399.7175574960115
396.09236275493333
515.4759273127852
565.4134491215896
563.584486482285
526.8464679903452
584.2385563253138
0.0
176.08286191019238
0.0
0.0
0.0
0.0
0.0
0.0
0.0
0.0
0.0
0.0
0.0
0.0
0.0
0.0
0.0
0.0
0.0
0.0
0.0
0.0
0.0
0.0
0.0
0.0
0.0
0.0
0.0
0.0
0.0
0.0
0.0
0.0
0.0
0.0
0.0
0.0
0.0
0.0
0.0
0.0
0.0
0.0
0.0
515.270803839984
515.270803839984
519.390763208715
0.0
0.0
0.0
0.0
0.0
0.0
0.0
0.0
0.0
0.0
0.0
0.0
0.0
0.0
0.0
0.0
0.0
0.0
0.0
0.0
0.0
0.0
0.0
0.0
0.0
0.0
0.0
0.0
0.0
0.0
0.0
0.0
0.0
334.96108248981363
0.0
0.0
0.0
33.8865085451248
31.619129848593957
89.00011680026046
12.057510921759103
14.09937439858163
40.909997959970724
64.90483902599772
0.0
0.0
0.0
0.0
280.1857200926713
303.84689784483385
264.85362513267887
238.92866452136832
0.0
0.0
0.0
0.0
0.0
0.0
0.0
0.0
0.0
0.0
0.0
0.0
0.0
0.0
0.0
0.0
0.0
0.0
0.0
522.7414574381942
546.235664902613
482.2601430990248
474.2410519460815
336.2730360513926
329.86633038391636
328.3950890932998
329.8915978793436
329.38813582661663
330.08643714883954
348.1533753919775


