Rainfall Prediction

584.2304033650693
554.3182424747342
528.8460384700054
501.70097918771387
471.4616735749414
471.0104249222662
490.4141169872995
475.7485357753557
466.49793839551427
466.1595019060079
466.1595019060079
466.8363748850207
473.514009201315
473.514009201315
473.40119703814617
473.40119703814617
418.40119703814617
437.949948385471
512.1755727118086
372.08860044694643
367.7195450204017
378.70021785043235
255.37871901152945
256.6712270954783
256.33279060597187
254.83561354773914
268.1015203960998
263.02497305350386
259.0555919905422
219.78403925864708
218.57372440082867
217.78403925864708
225.79370284363176
200.98306234939648
201.79370284363176
249.3061893703837
252.57774210227885
242.65027174342458
243.89120553828138
243.552769048775
264.8243217806701
280.3061893703837
426.4633017570257
580.5148760461178
667.2586327827419
692.0523356263736
689.6832801998288
695.442346404972
909.5655834904071
773.5132478640335
865.671121587957
878.2045634667627
839.0917513035938
859.003912193929
1008.1932716996937
1284.439851378085
1331.0756804977932
1331.0756804977932
1400.3423486834354
1385.6614580029723
1385.6614580029723
1439.9998944924787
1462.1127066556476
1468.3439768655196
1468.2311647023507
1463.4720984972075
1408.6614580029723
1409.2255188188165
1414.414878324581
1415.542999956269
1351.5785034395603
1351.1772008938929
1358.0128144416321
1190.970142400243
1036.6929437848135
959.8766574070437
949.6719884327598
985.903258642632
1003.8250831179516
803.5245396311025
798.0732909784273
797.1152016825347
779.2795881347955
802.1095557990002
772.0749191605116
626.7824110765628
377.3311624238876
270.1152016825347
260.91053270825074
257.3005434868492
258.55678675022517
258.55678675022517
216.58175980372903
190.70021785043235
187.70021785043235
201.6236705078364
214.59706927224823
207.15146650310754
202.7517921395244
204.10553809754998
199.48023940762926
214.48425710907944
208.8436489506395
192.15146650310754
192.8436489506395
196.11520168253463
191.1514665031075
182.7671016080436
142.36178136092593
127.14180291812285
136.5052124611331
118.79370284363178
101.59869745433255
98.66558121194379
121.56243263375967
207.16840415371104
253.82996766420464
236.00401770145018
239.25059737984145
235.9790446479463
236.20466897428392
253.12649344960366
256.7364826710052
254.7364826710052
447.85494071770853
546.0902286290308
543.3980461814988
542.7058637339668
612.7058637339668
642.7058637339668
663.7058637339668
678.7058637339668
683.2183502607188
683.2183502607188
702.1264934496037
735.8186758971357
751.273942251261
926.9378952811205
910.6623248477752
1032.6896874206448
1148.408471103765
1145.1369183718698
1145.0241062087011
1144.1216089033508
1149.1981562459466
1130.433444157269
1044.7146604741488
1001.4374618587191
996.8677551593406
987.2215011173662
990.0418051965861
1009.2198729352818
999.06677825009
1000.0820877186092
944.2553764185732
744.6397413136372
640.804127765898
811.6453871971717
946.6453871971717
876.6453871971717
846.6453871971717
968.1272547868851
953.1272547868851
1160.240066950054
1199.6913156027292
1183.5059737984147
1169.2610223021077
1382.2972871226805
1248.8250831179516
1222.5454949831562
1221.1482101389388
1172.4407182228877
1247.3335519432535
1484.4407182228877
1590.327906059719
1674.687297901279
1791.9967436358313
1883.9355057617547
1881.9048868247162
1908.7767651930283
1946.1820854401458
1985.5132478640335
2018.7671016080435
2090.684908381913
2371.0676450948927
2359.7405003724552
2403.8863209920282
2376.786428778013
2184.786428778013
2055.3295342418032
2053.862976120609
2052.734854488921
1923.6010869736983
1919.4270369364529
1823.1804572580616
1777.4117274679336
1781.4729653420104
1875.4729653420104
1682.4729653420104
1769.460045392857
1791.460045392857
1699.8226935985858
1620.0636273934426
1577.547884502522
1363.3069507076652
1268.0660169128084
1176.8250831179516
1035.5841493230948
939.5841493230948
942.2916412391461
925.8250831179516
942.8097736494325
903.6639530298595
915.7864287780129
830.8799137712124
573.9621069973427
561.7115096175013
554.5680785172942
545.9065150068005
545.9065150068005
545.0040177014502
557.0749191605116
565.5358313981715
566.4020638829489
582.3085788897496
472.11921938398484
475.1651477895424
473.134528852504
354.5954410901639
350.5954410901639
299.5954410901639
270.2876235376959
338.6517944179877
338.7646065811565
271.62606002720224
325.3592863340388
313.5849106603764
375.87177286079077
414.491425667177
557.1167243570977
574.1473432941361
638.3673217369392
586.2182447531975
827.0079298953791
754.443869079535
748.3673217369392
752.6541839373535
750.8491893266528
749.1570068791208
751.0288852474328
751.2545095737704
754.1876258161592
722.8258444552332
718.8774187443253
781.1699268282741
791.345605047604
790.8943563949288
790.5559199054223
790.5559199054223
787.0740523157087
766.0740523157087
769.345605047604
764.0434333786704
765.1715550103584
765.397179336696
768.1199807212663
715.8879491741127
710.0217166893352
656.7598275424248
676.1409360733201
484.10390991546564
462.89924094118174
389.8533125356242
456.3149861105656
196.72595224121773
192.100653551297
213.5349645533687
210.60184831097993
210.60184831097993
392.2940307585119
471.2940307585119
486.03778749513594
553.8790469264096
659.4028252202305
745.3722062831921
724.4011970381462
685.0909899663123
772.6550507821563
806.9862132060439
812.8524456908214
810.4833902642766
791.5309468519185
812.9652578539902
795.3665603996576
797.8484279893712
799.2021739473968
806.1965280638623
801.2327928844352
798.7509252947216
797.0587428471896
773.7066250712484
864.520416422131
837.5583094247883
839.2504918723203
740.5398490996216
736.0273625728697
735.914550409701
829.1046712527472
943.8218267537831
1158.9596119704556
983.7952255181948
917.7436512291027
1037.7436512291029
983.4205242081156
896.0764418350747
895.0651500680057
883.1570068791208
859.1570068791208
779.5260623056655
795.4841516015581
796.6122732332461
814.2109706875787
829.2109706875787
875.933772072149
887.2971816151593
915.1617859178525
907.3777466592054
912.115857512295
963.4453917540982
825.4761161986578
846.055486483021
899.9064094992793
999.3939229725274
1033.6807851729418
1029.9426743198521
1133.9064094992793
1150.0748136529903
1149.3979406739775
1129.5357258906502
997.7839337511258
798.7476689305529
827.3044556807781
804.3367027999009
744.1513609955863
804.0990253692127
822.6228036630337
757.2787212899927
726.9016304605476
721.7122709547829
720.0966358498468
893.4358336766347
911.1256266048009
914.6606966656908
994.1788290759772
1074.2553764185732
1080.0394156772202
1091.2900130570617
1162.7815442317599
1248.2747035885425
1260.0104249222663
1277.4866466284452
1245.9491870481895
1225.2723140691767
1125.4463641064222
1112.39478981733
1114.7541816588903


