Rainfall Prediction

645.8611056798666
445.54412535656826
439.28224403287436
283.028940777864
247.16142127305042
214.70069547679364
302.27563928965867
266.04841752577687
108.0
470.1411595587597
766.165819194436
801.6877597028594
1052.8565829389117
876.4992831648375
630.3302887818502
525.7083322465778
392.10035066148237
353.5499136647403
524.2958293239461
315.68005997708605
87.66788390726306
247.9924939431972
220.24172086491157
211.69312082552548
189.55031686007737
205.6081509190804
109.06907936662748
147.3093846946336
74.76872594434616
191.97117779389006
124.36261049196708
174.88107667487307
103.69554428259545
201.67376616148806
221.64144999218223
183.85740868515265
61.453397376757074
33.34575128982729
162.1213154624516
83.92523781664123
44.06922202129717
225.72761103143918
159.66558282880476
355.2310043495967
261.04015523017625
74.44466813518471
442.0865521401513
48.45363627274764
9.397543392621456
43.419442578177055
70.43911780514283
110.48782728241375
99.48282412975634
279.12379563714217
46.086926279986756
116.79486219508648
6.924126894372251
480.5181068468644
548.5363542899572
631.8828645312096
670.4807827184397
695.1653524114224
690.9144568763293
598.3868149744706
540.8356085908613
575.9831202400323
235.99791515942078
598.6723491827033
609.2818656447448
627.8505715074244
604.5045285837016
412.7982354697511
225.0068902793468
630.6312406257117
0.0
629.7747887267406
300.97869573990556
367.0192227463989
0.0
222.15181588684686
162.77642430403955
76.76362928848785
255.1110398775461
141.02208613900615
121.24435508464124
204.86896670763807
374.147558099071
272.45550566418206
164.8487102446079
239.1104880612994
126.39281468721684
724.7939869771574
747.8675845844423
708.9402368635874
759.3832736851434
743.1029242772621
188.68043956877523
188.6735113810226
197.63038513833067
235.37840312785372
113.11927465442221
378.4282035715037
175.72426209054956
21.387160045051868
156.5937066583041
186.64363835755017
492.89712176620617
354.2944936075875
304.2757593729428
353.3100324844689
374.79702737711233
385.08158894763955
142.15793568002817
251.1769524836307
69.13223494284684
129.08950535570762
37.09634003195471
142.52706806357398
170.99545798659295
171.3981966681052
103.60648243437645
67.31805941402395
221.76261410528988
178.8284602614712
211.65702876365268
164.53221006663216
137.9079325533554
322.1808069768112
386.09349292848424
442.1364418991226
738.4965017604219
170.55289052662243
574.1253236077197
145.22008879507365
108.86378361470429
507.3512838346393
477.56305163313647
548.7821017622236
521.9715858544205
521.9712962200445
532.6400285662218
484.4085266551832
411.9840479646925
376.156533490868
437.5563428899192
313.9450903544372
346.63789825277365
383.7592714731466
378.5976379192322
385.8242575624073
462.5698099078088
513.9355825522589
386.5577166041996
526.9680962718146
510.2781230069556
277.0415802187797
433.68066514187313
469.5283554562687
492.11646069908363
417.7433358257502
334.00980438112003
112.48671571005582
571.415153649062
450.18780989047696
317.5072058490798
582.5140543551754
659.8349535554802
197.73510776901418
205.74311604404465
320.8538359659565
233.7455047765069
656.6473451224401
713.2491003820467
909.4631835531147
1428.1681567134524
1369.004853982163
1670.8160972685973
1638.8366722345609
1639.2858711931685
819.0055569107061
775.7327529237423
803.7789998367035
785.7286770886852
936.950380932954
657.6288987464677
539.5968156316928
517.4147965682212
595.1944491543616
663.8089280120223
659.7953046758839
1698.7972920590541
1685.3074427397742
1533.2635894023044
468.2395681767516
1863.379632067246
1851.4141034954455
808.2830631667497
1741.0154591374885
1714.8970242399982
1738.9706520254313
607.8456882863295
198.6210758235324
630.2546361389668
568.6766170351109
615.8317048557074
937.6885516160943
446.05504310566454
501.6268237609627
507.61189550260593
308.873239313704
272.3076371851552
524.4651986747587
1054.6284749639753
516.2149257200721
566.7386751351762
718.0187392133137
0.0
673.0499402762291
241.55236528971153
236.55006159978763
355.4922504528822
532.6798478671714
589.987033507914
206.44119323782377
651.6372916039684
501.47844764864124
500.6770807207786
160.05321427851624
771.3983529635975
892.3690237485373
1178.3470193106596
954.1731913766473
916.25265551638
300.98101237537855
0.0
383.4090784086446
236.60443963144036
352.0230537443938
895.4037406299689
895.4089974987321
624.2286876232291
1411.3336611624593
911.7357415525323
856.0182582334371
651.7790907725558
557.9676268081089
660.74755741774
689.151534428551
732.1155583947926
1007.1045541354845
1107.3713008048649
841.791732479189
914.0582384918719
996.6669199105323
1050.229246359206
1050.2414536137994
331.99546378961315
242.89534289569053
358.5393873116974
333.6537021604362
850.8197184756815
71.20195660099498
119.8846376796551
147.69862182346483
556.0346269990232
773.4696000332464
817.225566694291
925.6739885828256
328.68833362471514
382.52196686173085
678.8445670070314
772.896449855072
459.9369651924513
172.4811931454451
253.2032834616076
125.50245712584199
157.5579949113021
87.20041720470121
149.04565316793824
166.81777485000384
364.13097734768417
218.3489980854541
135.12701935536765
126.67371042839954
126.86333719363722
244.37817875971768
127.20743513020533
123.62995545450939
104.79567652846494
124.79854235723761
124.79854235723761
129.96567471404387
217.66530441480072
220.7681578302114
191.35376778029985
503.8997723109418
344.50004126717556
370.210941014976
334.69090210287555
992.1349262464322
566.1560237020733
803.5191004483761
817.9718492059619
833.2716389099385
894.1361032742916
839.8156477614239
692.4762335352805
655.1861456391518
613.2560486690277
678.9497210210255
625.6600909359589
1089.7907138938651
1087.559278594074
938.1505766423253
857.3396351893955
676.9109853317216
499.3106852131061
1310.5891262301714
0.0
0.0
1012.894652686669
1098.2884421697754
1189.3542921332405
1469.0769035269716
1455.1437867807495
1625.7863419575247
1718.5786270738117
1884.6042207079004
78.5429721841905
185.30489584426286
93.63487889530401
528.6011913509291
1166.3309237237236
1150.3505335711284
1110.1251365614412
1120.8964051024582
999.9099372598355
1001.7013954704385
1021.0483492000274
1041.3331006703852
1113.856560024294
1074.1653386782234
1076.2017526673976
1091.9806189211297
1036.4596167031582
1197.3404498305567
806.7689370133095
640.8715328121609
722.945976968145
766.5085255293966
655.6033194422447
739.1773670774631
759.7925270824265
676.1478196853541
678.4001374233158
689.7397244982016
603.3426524633057
513.853421629866
562.2074128627737
486.1467825446904
375.45706251520244
381.9639750767417
451.1937059872198
380.26470099345545
404.27293717151696
418.1698505902177


