Rainfall Prediction

917.4172030379727
947.0512256602779
1015.7084753267171
1081.5623764723982
1293.0725182382917
1367.530375571235
1327.8894832605088
1263.9181386356559
1231.871408249161
1165.6768513621942
1022.678472852367
975.8542895633211
982.2817944815104
984.213246633756
1013.485341243488
1090.6419311153697
968.3746081513622
1006.947458531715
1081.541952129854
998.8074892882497
884.8646302459797
889.4995498198572
877.3081861553677
816.332506372905
723.4765764231523
682.2036835383219
673.8347804459498
672.4265538238127
657.0621609255882
664.0955944105409
658.8926547557649
659.8309383786551
529.4167171736348
458.50323655197445
409.4318213505625
361.3535288897923
311.9244468697202
291.754206520165
257.86305446837605
263.1581140355107
76.46765936372654
0.2508741365610483
0.2508741365610483
0.0
0.0
66.31373033403116
0.0
0.0
74.31373033403116
0.0
0.0
0.0
10.593413823019867
10.593413823019867
6.593413823019867
4.593413823019869
4.593413823019869
4.593413823019869
20.58125457540291
21.58125457540291
10.443101360941846
29.443101360941846
230.44310136094185
0.0
26.176776961707752
158.17677696170773
10.62143312876001
37.79634159942981
11.890120734529795
27.341163928259455
55.533516735789455
88.94683857592565
163.42248286099817
165.42248286099817
165.42248286099817
0.0
47.63912785877888
110.93753048781215
91.61651584688988
554.5015528100075
552.6774635959266
572.6774635959266
563.6774635959266
539.951234012936
544.951234012936
546.951234012936
546.951234012936
546.951234012936
546.951234012936
528.1751918260995
527.1751918260995
0.0
259.38487041099967
118.29227554454538
103.24370791623458
204.09814697433222
143.58428779143685
11.322602200030268
57.03717851347377
99.58084368964876
99.15739667763742
103.51615125060195
102.56197951573442
107.66011087232016
225.61904045632588
227.34075268797767
296.51562243658
352.7799099985109
198.60303038033004
0.0
65.0588745030457
50.50342481821069
117.29058473007038
119.29058473007038
0.0
101.29058473007038
83.29058473007038
0.0
0.0
82.55841041816963
0.0
47.93853115781379
3.1143299838398324
243.64901066282044
181.71049824917415
160.07830096709438
11.15756676484397
356.29910859639057
354.29910859639057
301.29910859639057
270.29910859639057
265.29910859639057
262.29910859639057
251.57404385994556
216.44769562594996
110.87450691142455
90.68537682876828
48.03077651687687
11.0
20.646170927520416
0.0
367.6461709275204
0.0
3.371881863104363
21.371881863104363
27.371881863104363
0.0
33.37188186310436
3.371881863104363
4.371881863104363
28.150376886801396
0.0
0.0
0.0
0.0
0.0
50.25087413656105
160.73338469443215
118.70099338837548
91.0425724725044
253.25058139849324
0.0
0.0
0.0
0.0
68.51264126498418
99.33673408260151
0.0
0.0
0.0
224.93185336336433
223.86377694485424
168.4155189715408
168.4155189715408
139.69081405597174
123.43883734874065
103.1714748583278
8.125320969665363
404.7715143680915
392.7441322408336
423.26324597434433
319.26324597434433
319.3291841774934
300.60298463216367
268.166299986928
278.46193012791497
278.2240143581094
339.83590661884097
235.2048634016161
249.5872683392483
275.78607748288357
298.45002172024743
302.45002172024743
358.34179411528214
355.06821707249225
326.10007704164826
389.378022314386
14.378022314385948
49.93551740326839
56.44514641395041
67.18059520186013
184.86555840905174
185.95194528130762
6.660798485821502
2.471061446735426
122.13809543404227
31.431139698748733
49.646170927520416
82.13574938895425
143.13574938895425
512.7840987388822
474.7840987388821
485.7840987388821
528.7840987388822
529.7840987388822
530.7840987388822
530.7840987388822
531.0270319643722
470.5419581240549
498.9308350795818
471.00320455028015
614.7911872397506
400.05557462060773
380.05557462060773
290.48154590975463
290.63788443617506
268.63788443617506
181.63788443617506
247.54549882756697
77.8127435069042
77.8127435069042
77.8127435069042
155.81274350690424
184.76066630559777
172.76066630559777
252.88365435827637
262.6438637541714
268.6850804763716
268.7636479149832
268.7636479149832
205.7636479149833
90.88590026784112
90.88590026784112
59.37697373888625
58.37697373888625
27.37697373888625
32.37697373888625
75.37697373888625
75.37697373888625
31.402312215987617
1.2522729151324814
3.2522729151324814
0.0
23.433036198796863
7.4330361987968665
0.0
0.0
0.0
0.0
0.0
0.0
0.0
0.0
2.095634895895981
0.0
0.0
14.464004520023922
0.0
128.32818377292583
95.82383367230406
12.965960458199831
58.3935824901306
60.44148489293694
7.320152295028528
75.58377765137352
0.0
322.3797106617858
212.0413910488196
152.8848904259004
157.4838303026226
106.05026687310959
105.32951626342867
152.42226635677332
179.15418409192927
115.32204591411191
537.3220459141118
581.3220459141118
489.3220459141118
478.21455973738637
489.6144808240627
501.67990467942525
501.38790575740114
501.0
502.0
558.0
781.1196430133186
157.11964301331864
335.70925567178244
525.8295826005295
630.7780817759146
275.3444917158895
402.0454679697161
193.93481340067194
0.0
103.59216913646404
260.439680265313
169.66292983981677
70.66766449454076
267.5638211941021
0.0
263.1339291338937
88.0
103.7005976119332
51.700597611933205
456.6694329660247
0.0
297.5725163231782
113.56358216209797
37.30270125301416
63.155775525515665
220.75316702706164
231.24657735627136
25.910672217693953
21.257583145588402
20.55176499844595
0.0
649.1934048681037
338.3433894349616
173.80022172976254
174.68534468115854
130.58755132621064
660.9799467686775
581.5752495694409
528.7568340124043
325.50139665894216
221.30524423623558
196.68184705811368
172.94212860409175
193.52788684899724
193.59148943865267
191.64117987602077
199.63051755051907
196.69136933451898
172.43012548125972
199.96223645118476
256.6841702708385
270.1495271336228
0.0
34.42548204340365
49.806808714794926
210.86015217135233
226.48376607771218
314.0613975240306
323.70074627327466
316.0514900825633
314.0929188136138
313.69081405597166
318.69081405597166
321.69081405597166
410.62773647977804
444.06252715030917
451.06252715030917
442.17433273299355
434.7379718299724
437.8264591728094
435.47995145535333


