Rainfall Prediction

2261.0
2338.5
2394.0
2373.0
2495.0
2686.0
2666.0
2675.0
2677.0
2357.0
2356.0
2323.0
2255.0
2368.0
2097.0
2003.0
1979.0
1177.0
1096.0
1102.0
1100.109489051095
1153.3636363636365
1137.1754385964912
1168.0416666666667
955.651376146789
950.1076923076923
965.2127659574468
981.578947368421
1074.0666666666666
797.7714285714286
666.9704142011834
45.386363636363626
0.0
0.0
0.0
0.0
0.0
0.0
0.0
0.0
0.0
15.0
247.0
443.3461538461538
191.0
359.0
368.0
2468.0
473.0
515.0
792.7727272727273
566.0
767.4736842105264
578.0104166666666
704.0
865.2884615384615
462.0
749.0
821.0
1045.0
1057.0
1054.0
1039.0
965.0
1029.0
1702.85
1414.0
1376.0
1283.9213483146068
960.0
1133.0
998.0
792.0
672.0
690.0
497.0
473.0
625.0
582.0
615.0
708.0
730.0
885.0
1010.0
839.0
1560.5833333333333
2016.6764705882354
1111.0
879.0
1505.0
1575.5
1258.7931034482758
577.0
510.0
547.0
580.0
1300.0
1141.0
1312.0
1326.28
1287.0
1129.0
1485.040909090909
1410.4545454545455
1525.5
1576.2209302325582
1645.8921568627452
1516.8684210526317
940.0
1018.0
1501.4699453551912
2160.5
1221.0944881889764
1083.7241379310344
937.4117647058823
1065.2608695652175
667.0
444.0
481.0
543.0
638.0
616.0
698.0
990.0
928.0
966.0
906.8190476190476
747.9626168224299
773.945
782.2085561497327
680.6050420168067
925.1822033898305
708.2228260869565
954.1148936170213
864.0
930.3662420382166
924.959375
907.7405857740586
754.6257668711656
604.9433198380567
650.827868852459
548.4645669291339
531.4674329501916
509.2459677419355
504.2473867595819
620.6812227074236
729.8598574821852
818.3943355119826
930.5956175298804
931.9267326732673
1146.2311926605505
1087.8667883211679
1002.3470319634703
1049.9355322338831
1017.1172529313233
987.0329218106996
888.5588235294117
880.7950450450451
1044.1825657894738
920.7161862527716
663.4817204301075
970.4106891701829
1899.0
2224.725752508361
1990.28
2536.0411985018727
2821.2377049180327
2952.0652173913045
2401.0
3053.4375
3184.9267015706805
3368.5925925925926
3238.0
3084.0
3225.0
3276.0
3878.0
3626.0
3578.0
3438.0
3400.0
3226.0
3250.0
3153.0
2938.0
2800.0
2842.0
3127.0
3150.0
3077.0
3189.0
3128.0
2710.0
2731.0
2113.0
2177.0
1697.0
2013.0
1952.0
1902.0
2400.0
2152.0
2820.0
2815.0
1960.0
2331.0
2216.0
1694.288944723618
1549.736
1608.4077669902913
1937.321243523316
1873.918181818182
2014.3709677419356
2888.0
2328.323943661972
3032.470515970516
2769.590969455511
2659.46996996997
2008.3365539452495
1968.7529411764706
2325.6204081632654
2654.7278250303766
2244.6121076233185
2138.6541786743514
2135.9795918367345
2210.8948655256722
2263.8543417366946
2144.7665615141955
1671.1061093247588
1621.0746268656717
1400.625
988.8076923076923
1419.0
1529.0
1645.0
1559.0
1415.0
1731.0
1505.0
1690.0
1369.3061224489795
1265.0
1455.8045977011495
1346.0263157894738
716.0
768.0
845.8363636363637
1203.0
1221.0
1572.0
1695.0
1398.0
1743.888888888889
1515.0
1504.0
1495.0
1492.0
1494.0
1529.0
1531.0
1313.0
1379.7619047619048
1598.4166666666667
1593.4166666666667
1967.6666666666665
1669.0
1798.8225806451612
1801.217741935484
1661.7603305785124
1650.603305785124
1646.427536231884
1599.0735294117646
1528.1509433962265
1337.4022988505747
1128.375
1354.278409090909
1290.7889273356402
1128.9967426710098
1527.2877906976744
1611.256329113924
1650.2132132132133
1468.9303135888501
1472.0208333333333
1327.1009852216748
1806.5176991150443
2326.4135922330097
3018.7817836812146
3437.223247232472
3534.765853658537
3533.8146341463416
3516.6044303797466
3515.6561014263075
3107.321711568938
3126.3227848101264
3132.3275316455697
3306.465189873418
2864.4230171073095
2760.074829931973
2744.6042692939245
2745.5342019543973
2750.7349593495933
2814.178396072013
2874.227495908347
2916.9786096256685
3042.6744186046512
3098.561497326203
3098.561497326203
3053.6544342507646
3206.0
2716.0
2482.0
1868.0
1935.0
1934.0
1850.0
1593.0
1269.0
630.0
301.0
554.0
576.0
576.0
647.0
808.0
942.0
1120.0
926.0
932.0
1090.0
1103.0
1071.0
1949.0
969.0
1824.0
1773.1844660194174
726.0
785.0
739.0
752.0
905.0
728.0
752.0
1032.0
998.0
1055.0
1137.0
782.0
599.0
635.0
664.0
445.0
811.0
804.0
987.0
855.0
804.0
527.0
155.0
84.0
147.0
368.85333333333335
316.39835164835165
251.6878787878788
140.2305194805195
96.39731285988483
74.8563829787234


