Rainfall Prediction

1068.9438984009132
1128.1606259156756
1160.3657225431477
1337.7625648858102
1363.9771395236678
1338.9488073003574
1374.3856645681717
1374.4644328762847
1360.5986091766144
1331.508982343198
1280.807995284596
1176.5072366357829
1129.9675816195077
1001.1431126727477
832.0366245021365
778.3707822579374
649.7658438031972
624.1742261333554
566.5565128082344
272.0726666975546
317.3435903062623
144.48061568615566
256.08210889342513
429.45605511600576
652.0893244326936
623.2589016308359
663.4802637999696
727.4802637999696
742.3795282097287
715.3673410389131
729.1127585961433
729.4257017355233
810.9316695481301
901.4594350889989
1058.5612760516829
812.5093122820895
787.5532669310101
781.794690117133
785.3285394269647
772.7086240826522
935.6126473812525
1033.6126473812526
1116.2807615393895
1167.2705058601944
1209.5958696450066
1452.5524324014007
1396.5524324014007
1381.5524324014007
1455.24837169616
1337.7550135461513
1370.909486045334
1418.5264567597346
1467.3616367178824
1155.2746249804618
1017.3788496943611
523.1426374808417
959.9347997487657
1274.9221554243222
1349.6296100936515
1365.395129210116
818.6319584567235
690.9109551245531
645.4689561379209
529.2938220477836
542.3464828369112
628.2707917025625
845.6592650078026
872.5845085581116
900.5845085581116
902.6976909703542
895.9126091392868
721.3901983959857
801.3901983959857
996.6676042689435
939.541043181149
808.9549902164587
664.0753281506182
545.3471034928853
621.3471034928853
756.8932446433795
860.449664263401
790.3704433706596
781.4761038386143
676.04046717838
686.9808814434853
571.2341728031641
638.4527010443923
467.3856359147231
155.51094061382463
48.51506062670333
0.0
0.0
98.66789299596546
44.25046879938421
412.2450590209986
110.06417036052724
142.97381343396012
130.15458551880891
217.43463090880954
110.60227769879936
79.29891436182041
116.62011941247891
175.345236813944
294.6980676271258
326.7826127197966
254.0200048502361
240.45115281922185
288.1336768441869
321.99742632551613
268.99742632551613
332.1927120155002
339.89431725002134
350.28448429105094
351.63927213884625
325.12958119895296
336.07597978130593
310.85982470339917
334.86343023534505
344.0183513397152
344.0183513397152
318.1489934942978
329.7426227710504
290.3926676152447
283.9176792674082
161.4919714524545
0.0
256.5049011487559
241.3339237962207
300.41236937061285
363.9816291253876
256.11112204166716
219.65981409547612
298.6598140954761
127.36144209663775
340.08472780220364
235.9463706549866
164.94637065498657
0.0
0.0
110.15242784917712
0.0
0.0
0.0
0.0
0.0
0.0
0.0
70.03194481575078
98.72240997308103
114.72240997308103
114.72240997308103
63.722409973081035
303.9827483224306
133.32303286565116
408.12217870198924
518.9937511442245
968.8001636359166
668.1976052366757
622.7667468291752
600.732253813933
663.5266865903736
710.81599674265
601.3105976579504
434.3623179634821
693.780802911915
393.1533248301372
480.1533248301372
513.5456714025817
683.1706083150913
635.6975225472696
766.4653192107635
554.0384524091255
26.018805760296743
183.92128556263705
58.65953871627461
0.0
615.9439383109179
775.1514435263015
798.1514435263015
0.0
1297.0582967155249
193.36058111193267
68.26743430115607
1333.4783520678002
971.8824116760559
1175.8975924476433
1048.8565580437341
890.8953812201221
984.278555072734
1095.9560130586835
781.9560130586837
1102.6653353832169
1024.1167240796299
1052.1167240796299
724.6509422040532
881.9522123932751
872.9522123932751
685.6894179769869
1009.2150068095633
1069.412960973643
1095.0880678114668
1138.9628897484274
975.9375692349565
950.6872131088777
1049.8242905459713
1035.7372928905797
1069.6502952351882
1017.5197987521008
1010.0651522198639
1084.0651522198639
926.0899431420596
629.1039651166393
508.8615320561845
504.0998690168908
533.1465211740657
537.8098037241778
300.80980372417775
258.80980372417775
75.2576048501511
200.28133446195227
175.93838481744268
155.37584575152795
150.72798100705808
174.7589070067918
190.7589070067918
626.9574674442581
678.9574674442581
378.95746744425816
578.7295121820073
672.7295121820073
600.9291402026007
692.0142580543856
687.0142580543856
1256.0142580543854
1212.8751657508071
1133.6466492430068
1394.22997139033
1188.3652961331954
1189.3810513232443
723.9790985737775
389.1867384760016
549.7619786035327
1176.013298360513
1043.6994188868296
1194.3385507145779
959.3385507145779
964.3385507145779
984.3586626681247
1094.2680123343052
1297.990949799092
1323.1190631652162
1315.8283519598624
1260.5539629991156
1230.9813113616078
1327.6991430775167
1024.8547328738048
886.8557253981543
1188.1135714624684
881.7581020963536
942.7744400842803
857.8960632255645
901.1976052366757
853.8800677036629
811.538440242865
1246.5384402428651
1195.3063120209886
1289.8739754747112
1333.3930408483775
1304.6111905269504
1216.5069906998954
1285.1860092380264
1479.7129211726076
1565.7667450417698
1020.7667450417699
1212.9820405184194
1207.571379241738
1275.351316611003
1286.351316611003
1286.697461864454
1134.6445789742247
709.4424397651327
713.1703641442625
645.6661419806344
682.7873696122923
636.5454033631465
565.4488334277529
455.4488334277529
574.7248147083183
623.7842246106521
665.395230818324
729.1879401227586
721.0431709712741
696.3161116408467
702.8701012850769
676.3000437634951
264.0052166469172
306.8987389454912
284.2043869594785
245.46701384427007
363.49068044938605
915.1828458281661
1138.5569858051501
1193.3076754840909
1185.0940392817338
1199.0940392817338
1289.0940392817338
964.1040658046036
1057.069559467138
1036.7116206801443
1120.9699468400668
1172.4051832490577
1176.6931133532569
1160.4065012559022
1213.2267463463374
1454.5475622816687
1472.654500926779
2169.8802795208157
1667.1398955529896
2053.2354211292513
2011.887842129463
1989.879152944697
2217.4301812318135
2173.103650600343
2329.45287932252
2301.45287932252
2210.34819148189
2192.261911995347
2261.6599122617918
2290.9237328806103
2271.689734919705
1895.4802948104614
1290.4303954294473
941.9139368196513
1015.5356320286655
921.7437653375554
1022.9336276807126
859.0153817322978
948.5306086614803
928.7297428924859
952.6021527901478
911.6539492491378
935.0688642402645
948.1729968602558
1127.497538603902
1120.643892339304
980.6438923393041
848.6966249128391
740.6400477696368
815.3349132973353
812.1404435995016
661.8246225517606
663.7290115681417
542.9383230442729
182.04123092334464
0.0
503.4393228443438
457.99103153526124
275.38714474292175
300.4556465567493
689.0986520143501
301.9985935783668
381.17203944487335
1024.6642519051811
1295.6238069872695
1407.4441767908186
1644.3588900433333


