Rainfall Prediction

917.1607917176012
991.0206199550306
941.4588959361992
1158.7143244725137
1265.5043337526656
1265.8489996871156
1308.9916089472022
1216.6899766525355
1287.5725504279972
1200.7224961362087
1045.268371249785
983.3615522464967
986.2923150517144
987.013043521606
1012.5135092957969
1085.2010660791211
975.1007003220847
996.0770325343765
1052.0704187447925
987.3200350720533
859.7634659908365
865.2268360667731
864.211727014172
802.026820134185
706.4077791952702
670.9031612572769
662.4610657265448
588.1444616030832
632.3790291687649
623.9182178594882
609.5382040134865
608.2145386942682
469.43593812913167
378.3826057908599
309.12359326000694
212.75676705968473
195.10807452851054
173.74695638081405
170.88097548992508
172.20312841141606
167.52500713060732
211.10572134982567
162.58193133067948
215.25241600531265
231.82623780566055
204.11722139273002
133.9377544275336
129.27301999908715
42.37655186436773
0.0
0.0
0.0
0.0
0.0
0.0
0.0
0.0
0.0
0.0
0.0
0.0
7.443200152301152
216.57207210293353
257.2341415703605
285.8077049694325
416.92271108563693
558.2535517527629
564.6685307516823
558.1225600350135
562.1266038933088
563.3445768282875
568.162236312889
567.6155746778487
569.6155746778487
569.6155746778487
568.9972444642938
562.5035754720022
565.952134864181
569.687634716126
561.2471950506563
570.3004113905963
585.2092971318207
587.9189253284973
564.7350287179357
562.5045961355415
561.874970840427
571.6108310321896
576.2304328761916
580.1918852948704
552.2065735008673
526.8011849537858
571.9287159379245
830.4627766917653
744.2161818470332
723.667071529002
821.287557814989
783.6706099388977
657.7099312404027
661.5297401988496
725.5038590879859
729.7355289649214
724.9529499292196
724.2344409098828
686.9966318834514
818.4242824663104
819.4242824663104
883.4981402089197
947.0789268598346
950.3695491049934
1026.802998798657
1031.8387045444354
1036.5694705193034
1016.9339524210179
1018.9339524210179
1029.2894514807406
1161.3243907617143
1297.5225732031543
1339.2867378289156
1339.2867378289156
1333.8670044940852
1362.5006196687568
1435.6437796545329
1393.2947990569646
1129.11198002813
1022.2277752226555
871.5283904801803
856.4819668885024
751.9433994237717
752.4778515576472
697.3877027742382
667.1168740098195
630.5408023696602
583.8089948663059
602.423779468267
599.5989856748187
481.96257721146037
492.58155694561754
436.74425538350533
372.0452669496175
358.96393525775864
283.89024471270375
270.7617326898469
272.9080734774541
275.66916323020337
293.66916323020337
298.58277731840553
209.3535760887741
297.59949765588533
267.59949765588533
266.63308527726497
389.3236439359241
364.0034172139159
346.2230128824755
339.31025401735826
344.16635548339525
342.1692581847226
306.76208697670563
454.3609770321274
453.7850563496427
455.1009921895675
463.45298770671724
481.49262284682044
528.7724079719602
560.8100065189126
606.9056313836571
635.4086218850787
647.1397189366864
650.7828694845127
638.428702738258
621.6784905546759
660.3557610498907
431.2739761030819
653.7115475814883
653.7115475814883
611.4122735077432
632.5233479787652
627.6224728795345
550.0676271995319
379.7765227909412
371.71514824151814
409.2833968246553
305.2833968246553
305.2833968246553
260.1783341751809
268.5555375715897
268.04983262017845
264.6495598288441
320.9498755487553
210.65257526381947
224.35406096113962
241.36516539599518
269.19657796325623
266.1807352363596
328.0125576291573
297.5008325099122
284.785293178898
346.57854046464223
433.82612854211436
394.62337851647396
419.4569295337131
393.03184935981034
412.7807575096415
425.3879787829409
440.60124526985817
437.2071463505296
437.4101645127283
339.2331330132455
414.17335792840623
386.79831795736925
448.02486478075946
429.2597579186572
388.8098429249476
399.8098429249476
442.8098429249476
446.3578069160941
450.8082469385781
446.57254230626285
449.82178751490153
392.6522424770885
389.07777950009796
368.5464568585119
338.6870212331836
321.6870212331836
312.22223828410245
212.73630294252683
219.3281736384139
163.4811437228018
108.80511020397648
4.805110203976483
0.0
2.5172350947960638
11.928280804943313
86.27221681421057
122.26201091976108
110.82673086619414
190.18467184759794
198.84789743914087
195.75582635407403
210.11362062754247
222.77611858830744
159.77611858830744
185.90400230983875
189.8709116241082
162.47538107731145
302.47538107731145
410.2089285185518
415.7468812618054
455.43624052799197
456.8293999431207
514.1757344755272
510.92474364751575
538.1001024251009
557.5424434799205
540.2240457890252
904.5371437465056
893.7486688196482
1005.2110307693761
1003.4797926850949
1018.6852217806188
1018.3255734343106
1018.6358982721861
1018.2833793216191
1018.2268704664045
937.4236870216059
897.014202572387
890.151260021902
799.5840032565859
800.5520693922624
816.9695813104315
872.42496682598
933.9159869455239
935.5577176529323
950.4070253266894
958.1831469058905
1018.6523837102397
859.04157298815
749.9119571464615
723.0274485393392
755.0365079477424
756.4080021818473
694.0850071186387
710.6904239156527
755.1437236981634
776.1693950461163
790.1343504860938
426.151535746171
478.3581748589355
390.5953876297658
390.506711448338
391.5429260813453
403.9205063935782
406.82917884221604
396.86424255748955
422.9191242720393
459.6263083302728
710.9716914550861
1031.62133177425
1208.7641910025618
1259.516403062198
1305.5399587654342
1622.2669407625822
1654.3391217691267
1704.4161192949769
1891.329885213229
1968.632923537184
1920.208512229155
1945.8388497581866
1951.2366073950943
1993.1460609120193
1902.6070140046197
1914.2451025565554
1942.313634523781
1984.2467411127193
1926.3907099313276
1842.1409174003832
1867.4977268451175
1875.3956767248642
1868.1043194462832
1876.7469590250093
1913.541552775742
1879.8076520399788
1862.2803652805005
1864.9003653794505
1867.2616869895103
1870.879424120325
1812.04204705895
1585.8798915726384
1265.2458310372451
1100.228095052679
1101.228095052679
1050.4221804835806
676.4221804835804
594.4221804835804
539.99843082843
342.29891489724736
86.22160950081714
200.94624974295547
200.68122726286754
217.12453309089557
215.89578539089166
205.52518730405376
186.0177889244958
180.62792905749802
135.40112477347148
141.64034008862745
202.30566298162796
205.3491200808927
202.9993948133613
170.30296252545753
153.51444935902424
120.85518702804208
143.52804100539822
216.55593098035322
194.80225545186673
186.77218719164046
186.205156310179
178.27265633212576
179.0970530155712
185.4387575245073
277.15487538242314
311.71550870517126
315.09029747218483
309.52850232884646
287.85259558860616
290.3635588926919
275.48992662503474


