Rainfall Prediction

570.4925523306994
559.284600613307
568.7629174118754
602.6293164250993
624.5864690506372
642.8981834104297
652.9680895313014
647.8450443177759
676.5282653094985
666.9152323651033
653.0922279541628
600.1259292899732
535.7728560048347
440.0883360504779
332.7021653901785
249.50017441236784
0.0
0.0
0.0
0.0
0.0
0.0
0.0
0.0
0.0
0.0
0.0
0.0
0.0
0.0
0.0
0.0
0.0
0.0
0.0
0.0
0.0
0.0
0.0
0.0
0.0
0.0
0.0
0.0
0.0
0.0
0.0
0.0
0.0
0.0
0.0
0.0
0.0
0.0
0.0
0.0
0.0
110.88176240594353
249.66645359362383
321.60357432908444
255.1848330445015
542.978589749801
550.5715051796002
292.6300802759154
348.8359999394698
341.97951550485294
294.77095092614525
311.417910561476
321.51177225845305
334.816999065436
362.65890903097335
359.45700697499933
325.74199127024065
263.39000496232245
199.6657764462285
0.0
0.0
0.0
0.0
0.0
0.0
0.0
0.0
0.0
0.0
0.0
0.0
0.0
0.0
0.0
0.0
0.0
0.0
0.0
0.0
0.0
0.0
0.0
0.0
0.0
0.0
0.0
0.0
0.0
0.0
0.0
0.0
0.0
0.0
0.0
0.0
0.0
0.0
0.0
0.0
0.0
0.0
0.0
0.0
0.0
0.0
0.0
0.0
0.0
0.0
0.0
0.0
0.0
0.0
0.0
0.0
0.0
0.0
0.0
0.0
0.0
0.0
0.0
0.0
0.0
0.0
0.0
0.0
0.0
0.0
0.0
0.0
0.0
0.0
0.0
0.0
0.0
0.0
0.0
0.0
0.0
0.0
261.3620589683151
342.28034176713004
319.4374061940606
225.78999384728334
203.7419035970736
179.25337197577906
79.65207749884935
79.65207749884935
0.0
193.49734813464858
272.2631004102505
339.77875388558317
346.84080333161
382.81518812826357
166.12494168726326
183.95191435002243
363.8119306591362
361.28974309080905
213.95569483410975
345.7000907407085
354.7155340096767
362.4123426577825
430.09448901800965
514.1851930448239
543.7781378641143
521.455148380205
335.12089873190325
452.8852375803294
172.56267805494622
239.91279753666745
295.30041680583906
341.54833228004117
233.83043075669758
442.29357752554023
299.46687165082733
400.3248776980485
311.86659017856226
409.0998759981368
401.3550984137623
412.3156454784644
418.16555552546623
426.9338502423463
371.2091972373722
366.2512780446866
330.13498330071485
237.96819993851466
240.9227453657234
383.1419255374093
400.08097208946884
415.8925549244464
401.1045083384593
350.04337777767824
392.210408914081
352.88045425667315
290.4948825832393
259.3700008584173
234.5088859745515
202.14603218870047
162.10982850646673
107.27270021233257
85.66633463223164
0.0
0.0
0.0
0.0
0.0
0.0
0.0
0.0
0.0
214.1522673296324
227.6012518461096
255.8969519497503
400.1473539609371
187.20728267049907
473.66747905321813
154.85072199725147
183.54662391170322
155.15229956308056
128.99132034861876
155.48817560337247
169.86032189200637
184.35405432059883
146.8682407621529
207.94885165769279
658.974477171969
650.2425813659703
715.3354364860323
668.6428258796356
683.5118565823688
640.7424078462067
612.3812041801156
675.1466047968098
588.3718935710216
573.3489157698706
486.74712494853446
350.57468730621605
297.77338162280097
592.6168647192985
472.4072305808943
473.0267986291288
133.21925195874874
0.0
0.0
0.0
0.0
0.0
473.6334069267812
512.5485828590951
518.2326346426731
520.204697456676
508.777071371196
465.6294763215049
460.68774273991215
465.32814505558025
449.6959351211026
0.0
0.0
0.0
0.0
0.0
0.0
0.0
0.0
0.0
0.0
0.0
0.0
0.0
132.76318941749122
135.43994092461915
178.7171842057444
279.1068396006136
266.50616753026657
268.9114001901147
143.56705690958907
238.16560513321653
178.31017443490444
0.0
0.0
0.0
0.0
0.0
559.1998132260505
628.0369689044051
547.8910066832061
508.5460920881107
412.61569841560686
492.8073690021785
556.385003900172
586.9186487883015
616.7351374495231
552.0976317424437
473.52355162578215
504.863614888511
446.8397956114922
482.7066352912759
733.253475081753
776.8931327064381
782.1361456562134
801.9194109242021
749.788895563953
792.1634592455404
788.9457846421633
837.9536980573915
832.6092970939366
876.38228884467
848.6719244968226
845.0111407192074
895.3935764162891
830.8129346613613
893.8398457553468
888.3845869239458
889.5599371061774
660.1549672691285
748.1515836347187
804.9327101393034
488.53832699646824
689.200857842721
624.2697192801515
635.8343989737534
567.7815278235395
455.2581879174861
461.0558097878373
524.9576663978677
153.4319957988344
488.93752611621704
584.7860372231808
355.41641380959976
705.757195106606
684.0431617745937
645.6804201311046
288.43771405774805
657.7948434751255
652.9386048640839
212.7575799663488
304.96702414587463
243.11142297782314
216.96482598576617
0.0
0.0
0.0
196.00025679584448
290.4904360502547
287.86981020090474
338.2701971143648
580.3715836514264
584.8113653541393
617.0136844717279


