Rainfall Prediction

515.380179140679
533.4010215241154
571.4218639075518
578.4408487607234
618.4552034820765
618.4552034820765
618.4552034820765
627.8153499060593
655.8805989895843
641.3461086958109
641.3461086958109
641.3461086958109
639.5381651115079
639.5381651115079
639.5381651115079
698.7248777714276
609.4765462987484
477.1888057783135
324.6165498867128
291.27557584008133
184.9062361098984
176.7044380601867
154.5764054830243
146.5764054830243
146.5764054830243
141.46186482907834
125.41554052128585
125.41554052128585
137.41554052128583
114.33551899834063
118.33551899834063
118.33551899834063
118.33551899834063
153.95812142251663
158.10715888116192
118.11309304453323
118.11309304453323
118.11309304453323
107.02670276173144
122.79780240879593
111.34587406937118
181.0313279064165
191.07305825023465
261.4316276987357
281.3274697206725
344.8270031748178
370.66195596284757
366.3357044661636
375.6100935394629
351.29431798016645
327.587654704901
367.94943244257206
357.864571781585
335.864571781585
351.5653196111782
346.32812045600963
331.9440076246158
330.9211258950941
334.41889888435725
333.22473883865183
404.82891369020604
349.10542544446696
392.73912802693803
375.239216594531
385.54346893305205
358.82191278967616
342.3597900789672
336.12927584435914
353.3317181717459
359.4460558892806
411.64843506031946
474.4384886067756
442.83141374493493
475.798481992851
396.89110066253403
427.4831556644665
323.21403349768684
318.55607359152134
308.82176119289034
313.50326659594
424.49545361904455
540.0015424375073
578.1822359894368
579.0217206861852
596.5365875927308
588.5294158270148
626.8476615058185
649.7987381384155
659.4633205489401
659.8202316053322
616.134833834841
633.0558852853961
672.4238307529092
639.0372568569308
638.8078405714057
621.6158871686062
621.6158871686062
621.6158871686062
621.6158871686062
605.7456479617008
600.4533780178003
497.54542967382747
409.03251318485667
425.1681915426562
399.3295220497068
399.3295220497068
429.30746312714956
467.0914465870872
459.15777654623406
473.0240130915273
471.9570314411012
371.3306665897991
272.2172446524736
237.2424930647568
232.19417648376609
230.85799565543488
247.97318542470205
232.5952532478959
216.83302893832013
223.3394505117942
268.087439251249
268.087439251249
230.24243288925027
234.24243288925027
248.2695566923773
266.6807933268982
268.6807933268982
266.6807933268982
272.3241538909273
304.4963670568636
527.4559219222576
505.87968666442146
504.75647838824136
506.5533020426743
522.3759823473201
416.1935747385149
416.1935747385149
407.1191537645461
380.6165763764746
355.32610231781644
384.5504305862421
384.5504305862421
384.5504305862421
365.64469351053526
384.5504305862421
514.3455268446911
492.72963967608496
480.8121955745979
535.9889005734927
543.1191537645461
559.0506284514054
504.8328539962796
506.96183412548294
527.1754694585084
562.1123041281248
626.94505041488
618.7316732424599
675.8100539184281
661.3214264592107
682.6778664367484
674.2250108783824
478.7449019492624
466.59542702762616
483.82720136483823
490.80972052811467
457.82720136483823
453.82720136483823
471.88440012307717
488.61766411241774
497.4430885334444
494.89782842137123
564.1380293026251
532.4332985345751
786.7975845761066
1169.891361959956
1249.7955488336438
1122.1100667180926
1075.8153151942254
1075.8153151942254
1025.309825043813
1036.50452090228
1028.7552929580197
1026.6999206371663
1063.398794660216
1047.3605744593924
1129.6737459109063
1188.0330767471614
1172.7082036721283
1150.107779534267
1164.4769178634717
1200.9534870387392
1259.8381845292133
1347.4700818663046
1304.8367340528064
1304.8541946976984
1283.0462511133956
1290.192618153822
1306.382157008589
1344.4429580631777
1345.6953617540685
1320.6690277150788
1307.566945793889
1307.0134878965662
1281.9305990508035
1093.8467249108758
699.6326359078924
633.5195514610596
612.4564004831481
599.4364205083034
599.4364205083034
613.7171335109928
611.3330762816627
753.0125031550994
725.4011860673013
738.2727344073095
736.9115954092299
566.3867746431264
482.6549764118378
489.35476139068754
480.5263262546667
483.0535848277661
440.8934699443417
628.768966941786
543.146329073071
599.4633281432585
759.5672933355529
759.5672933355529
753.7754614346882
761.3635255008967
775.8724684971412
785.83664445891
836.3150063752443
818.6990398902431
821.8579956554348
862.3838147400963
819.8376434044004
833.4238307529092
827.6817186578559
801.7094921937081
823.3942388438275
885.2925003555655
883.9393488289136
1028.1002682568017
898.8805297909124
1084.4194690055187
1077.8901488478468
1117.55523599752
1117.0794358430308
1134.7190461498199
1132.256118790232
1124.6294141227836
1119.9064364905219
1064.678093546036
843.6363344820888
817.3373594113178
798.4756012779505
683.4210283174932
695.8742662128702
695.8742662128702
697.8742662128702
652.316593196576
588.8413128343668
557.0426219931834
557.0426219931834
550.6776226848268
510.19656537136206
505.943695121296
505.943695121296
514.135751536993
546.4503129723389
530.1538568169995
463.2874322989643
490.25486812816746
362.26640693041554
279.7135198499482
127.56225374610113
112.47004382668882
78.24838599281064
165.97042729411754
166.37546852885131
192.52832084150154
173.08854062006256
153.45670398292668
207.47331275642887
151.59716694236505
147.96667023681982
155.96667023681982
187.98979219233715
164.75342329485878
164.75342329485878
164.75342329485878
163.64878620146598
193.29813981991853
247.33017147017975
247.12172988282987
302.3579244865026
447.80743964287154
564.6070112570684
588.7433777303294
622.8949246036815
742.2529868994662
743.528398346416
745.4088761203734
736.5141226545155
720.0574690372746
792.1012050465787
816.2913754723488
851.357763837023
797.4474532829506
700.8525034659085
711.9521550912498
748.4537047391838
733.669443490597
832.2499026304279
946.9302105146036
992.6031557310588
1016.9651063212525
984.9666072647424
1038.4998763770654
1102.0204177739724
1122.0642939635736
1152.5467988608457
1153.887379427334
1133.623803099175
1121.3815926776058
1157.039954157449
1096.0210796088672
952.0683899705832
952.278570787043
955.278570787043
912.6190024622618
841.302864987895
978.7608647375205
953.2971326353596
1002.1317478829344
1172.144239118563
1186.4219281856983
1273.5681886686311
1294.2050289235428
1291.6522730791366
1330.2165459312273
1337.4108789809322
1315.887379427334
1330.5755894615745
1259.8546275018434
1178.2515059452387
1141.196565371362
1132.5626933636722
1133.322664826078
1039.2957120718481
975.7754326990635
957.0723096150117
966.5749978872619
938.7723341520576
1014.4739368004342
1007.7263106107062
982.8296184716419
968.637562055945
932.0744914449465
818.3820451383375
785.9382380085083
798.4310902596384
777.9141471923851
646.8485008600935
595.614379989446
591.2877632532706


