Rainfall Prediction

6.469143861946687
6.4683391483529675
6.443510540909495
6.442357104561124
6.3560143803648055
6.341696556133655
6.2896177523846895
6.344374370023967
6.3342381525404114
6.325421936420561
6.340942394393879
6.350656468202281
6.349844733820174
6.375318084969887
6.3796938615337915
6.393507302015444
6.419979802834554
6.4100138705113965
6.405606913841374
6.415865092805507
6.414816466737189
6.440454296545001
6.481265331881344
6.49715000683735
6.51849258422774
6.562951906215954
6.5632389777078455
6.5371138034100795
6.533200737269807
6.550987779224579
6.550657188321528
6.552816574005142
6.524530995628428
6.515633170136621
6.528366771256893
6.540396981471384
6.5083562772640065
6.518272591606986
6.495981245765667
6.4809424089225685
6.483171075502064
6.505685415768747
6.520499779606489
6.531417611356865
6.538027803520902
6.524465244513806
6.519071143230962
6.525389996005982
6.535432639397728
6.522312687840889
6.504683770363438
6.506433646110029
6.497723173252664
6.465458157899551
6.399676577166753
6.324344675123401
6.2577835752300075
6.24994070315106
6.258463134325336
6.237990186196599
6.18254353531864
6.202830793858153
6.199721429308127
6.192517564089307
6.297006802008209
6.349016230149843
6.318295837367078
6.3105734292064035
6.287959918079304
6.343097760551094
6.345593588521526
6.343304960822943
6.338301242650466
6.329357607714888
6.313398150124325
6.28872859052234
6.282266415480523
6.278703593873964
6.2675229310008085
6.2600149120443405
6.26048206520256
6.266653915774352
6.301752678157192
6.411075789267865
6.427011049965623
6.431010999774695
6.456342456264117
6.493772677155543
6.509130380625663
6.524326401839055
6.551765065801261
6.554864287367673
6.531743054971383
6.524533201700403
6.517958374569869
6.439832021552681
6.409407996945172
6.306438218013413
6.300050672504534
6.298096429517119
6.347987951538812
6.356120888325639
6.370957768564904
6.419588373374005
6.500131500619643
6.545358835050916
6.551494064435326
6.5551712399457625
6.552928609670554
6.563034956890629
6.570587247708415
6.593874322874528
6.5931757721472835
6.585307572564902
6.563783407882101
6.582548560401788
6.585069979412388
6.590950330328253
6.596867151429332
6.605916002257992
6.5940328146666385
6.569973408399771
6.5786412725767835
6.6192417540974455
6.623034467978324
6.622056377021581
6.634991436480657
6.634450346704443
6.641211126840842
6.641101951109825
6.64063332337205
6.635927668737868
6.637085005288822
6.637336382723992
6.623662153844551
6.559211992779643
6.491142526786564
6.458590214729711
6.455475019867821
6.4560584563327925
6.445487202506093
6.444267714637501
6.379665119916536
6.386584121425872
6.414577823531067
6.4349506356904405
6.4032338246371285
6.4020918520729175
6.366241897845015
6.3587080128015305
6.36114417459976
6.3725386700115605
6.373005925794793
6.341496990743966
6.321923473495481
6.326882278288955
6.330973589959121
6.3220877248951215
6.316607046215617
6.2844784540253755
6.285131306472399
6.287910875231682
6.280667867660716
6.28273275080117
6.284217129619892
6.3067758081702365
6.342147950002975
6.353647770863333
6.358559592499
6.361657207811556
6.36210288823739
6.359438335480477
6.3360878623545815
6.348315775159718
6.364810492870228
6.337482791277074
6.2955606895796565
6.287073621367529
6.287366972774906
6.284473606696537
6.275708508202179
6.23300423086112
6.191430579951225
6.167190584450227
6.216975552711316
6.158272452477584
6.160099764973653
6.236567908036911
6.2522516500997884
6.221062131457664
6.186808042746508
6.186891365421454
6.217613252843268
6.199691817919529
6.236528377952099
6.2641476455695795
6.28261646637168
6.283725791597937
6.263591654371238
6.2476868346105565
6.244268089561263
6.247417674161601
6.241558884699421
6.245792461512398
6.310091138074609
6.297716324729388
6.301846913670067
6.313343750552161
6.303254216091433
6.29973605190893
6.281808923338872
6.281999563267249
6.283517928681078
6.2978724295850945
6.298440481409471
6.269120489010536
6.273009945216582
6.260821794649708
6.211595702002487
6.171265465975879
6.213914693981316
6.226491064622145
6.249286951764585
6.225168550940319
6.242540262477258
6.313942664528359
6.364614777774076
6.35548955312753
6.316122516105197
6.270801537153345
6.252920895950897
6.272844219296324
6.268535958437211
6.276748765562377
6.297837070551749
6.267552734614952
6.346349341714152
6.344743908602256
6.3395535393277855
6.329805945315016
6.340789612473646
6.320334922909974
6.312704689563433
6.307778073440414
6.284670663954101
6.270871082247659
6.2973732201788835
6.30290788758272
6.304605325269732
6.352263920596101
6.379570056533655
6.379307665897921
6.372356783098693
6.366231168162898
6.368950961180625
6.399192276064122
6.392335744631607
6.3550067784407975
6.367792030471351
6.389921754271697
6.404736732167146
6.401916263255304
6.394277326656894
6.394772708594738
6.375953341992977
6.385896317109526
6.383135463762451
6.34768128708065
6.341989330573725
6.302022526030658
6.27377370241879
6.259531318024822
6.241245425965637
6.240609524105771
6.22070227709786
6.197053108403866
6.198261362531498
6.187653029024149
6.173658917246803
6.18054131259384
6.202017752914314
6.213221687327387
6.246677852838673
6.253365090906964
6.282251300266857
6.2671303661727
6.233062549760863
6.281692827274107
6.392004917353947
6.3601456661638025
6.261007507458727
6.0386845310199355
6.167569059577378
6.41376301631529
6.44537064084213
6.51847384520222
6.498366158808945
6.493667951542767
6.497370869112061
6.504912049288357
6.50853303171378
6.5454605104637995
6.5699323468218624
6.5741434737461875
6.603180293437509
6.622831746638516
6.630396876374798
6.6311115693525995
6.628453880044843
6.6297604274621635
6.626622606516732
6.607235319270007
6.592970081135788
6.613547231313444
6.624107579320105
6.623245134539118
6.624126696843076
6.61997919129534
6.636916216721902
6.61087771278429
6.627886507142444
6.628366524020159
6.629601934783295
6.632753974041911
6.594031082966394
6.588591558164934
6.551036642393559
6.5636019059876745
6.565568148364013
6.555950471298841
6.553462586407426
6.5504624341924425
6.5126911159056835
6.471273195564942
6.465058540027112
6.380256338365248
6.336778863074999
6.324606746583344
6.3243785127361365
6.325943762808793
6.340328599588572
6.346230339091055
6.345732254677895
6.355290048277539
6.393284781828358
6.374661853023536
6.41646900660756
6.440167799162861
6.4519352201395375
6.486430939000552
6.495925013623187
6.5205123851629345
6.565952239857394
6.56907881047259
6.560533142458118
6.55707978699729
6.552002843497035
6.533360164626782
6.545508783877249
6.561593837257277
6.563425150920093
6.569467865242417
6.57263666359791
6.585100018850733
6.594170085459092
6.5918506472436365
6.6378652629380515
6.6483622989399045
6.649843399593562
6.6538167414477805
6.642826283974769
6.660576926474468
6.664233409941723
6.664537313434458
6.663940978599811
6.662409684326105
6.6663441952991365
6.670216690010738
6.6484864914281365
6.6570758628630795
6.6321898648850475
6.641483896864018
6.616696800841235
6.561058732696836
6.54885176176267
6.54921860959292
6.5587870569009095
6.560283891669258
6.557839542645631
6.528587138126995
6.506889678251969
6.49816020941291
6.491034103360522
6.49232204738394
6.4756038387230435
6.46137871140892
6.4433239331646135
6.247179336685985
6.181486060509212
6.183675131625409
6.1773695836107505
6.050272347620815
5.9976189947692635
6.009311024913169
6.0273427908666335
6.035400016227392
6.173777060246587
6.207151384348564
6.260323742994476
6.263810743921483
6.2731292381623005
6.285093148441881
6.304026975614184
6.329524874088733
6.3299510660067595
6.329981983921847
6.329413291091074
6.318292187046407
6.288223771833186
6.289527843366396
6.293165370522651
6.294481043617225
6.305604920868852
6.34546218977317
6.342376630807996
6.344349081650668
6.330605331269183
6.332022286618566
6.292367625270693
6.288261457519646
6.290031081467306
6.314576337428697
6.318117091534485
6.330139763277357
6.356919376989277
6.3894845083695095
6.406831569644484
6.45679349251488
6.439887709149739
6.455615251171528
6.495586053330079
6.481265100092431
6.5102300337765975
6.522958499534919
6.529227427910804
6.537350563931023
6.568062537231878
6.6279728875330655
6.645016549233617
6.67597733356825
6.680751582270407
6.697616202970611
6.717539939155989
6.71431811204649
6.692697220280999
6.692825792469848
6.682185563398238
6.678890274109164
6.687277354753322
6.685299022751721
6.6857545588718565
6.69193483100654
6.707322008147966
6.711553647144061
6.686949619225308
6.682941953704101
6.691467217275825
6.699724351209808
6.6740022326286645
6.671918564710323
6.665497162030287
6.6464738588478784
6.631406677330137
6.59552117089166
6.594155607957035
6.584912326912854
6.579202421238838
6.562857484402196
6.512561536907413
6.493498731275135
6.440844552757736
6.440738872251348
6.403122453949642
6.364322873918303
6.359295190854409
6.356579119700263
6.359124992853619
6.36002669555635
6.384574762854562
6.400199911468517
6.405847336065901
6.407656735458073
6.406816382832176
6.4003060130580485
6.385997949039831
6.308619456683312
6.311681659469026
6.356790144026336
6.348366573550568
6.386981149279519
6.396007994314136
6.395251204439593
6.3938228190502695
6.373194740782347
6.356027790458753
6.3701832597080195
6.376509655685897
6.376983607236726
6.387530675418215
6.409121300722034
6.413201611224586
6.417272824277603
6.429892556483483
6.438496006173006
6.433736739256143
6.418625947662203
6.398395283413532
6.412630544190156
6.414337952493131
6.431095822759085
6.4480857887072816
6.451728736874635
6.442985534488097
6.412014672562487
6.419722552741188
6.438047122490998
6.432225542265714
6.451072089294525
6.465054424030661
6.5062402027483
6.5245961313295755
6.552867567397444
6.587604195176679
6.601216864800893
6.607632312985709
6.622786081393006
6.651914303945336
6.649388793830402
6.664183590188129
6.679725277692958
6.687384946718626
6.691733174297838
6.695769380776978
6.686151169791691
6.671603638330422
6.674540152227486
6.677754805602233
6.6744765273012945
6.6787440000592335
6.695297703350519
6.685163164049217
6.664310367971814
6.678021172967469
6.7047320953767136
6.705932003163458
6.704210199305786
6.696923171852131
6.7077568657065525
6.701490811475382
6.7006056043681985
6.676892310961955
6.671455208073018
6.645275786466778
6.6512259246524525
6.640346459916017
6.644715665449953
6.649493787085884
6.635935039250384
6.634660411041713
6.623746042744422
6.604989604643302
6.5824040010312475
6.58443976652058
6.571698059940296
6.56573959496312
6.569463907931125
6.576916258008833
6.568670955287267
6.557234746987099
6.56289886741369
6.5405862277637254
6.537783852342792
6.545864999355842
6.527426609884105
6.499513225015374
6.474874719631116
6.495506508976474
6.486483682177353
6.428099451339167
6.422234720753037
6.3935765117146985
6.389683547906606
6.408528316308009
6.403484920895453
6.384197740638986
6.386840568816749
6.385939033891143
6.3751310517676485
6.412085871000046
6.439269177715353
6.44873201081047
6.471299691585505
6.472781796407943
6.470954299693261
6.4702034754403
6.467063412315454
6.461342566264163
6.432227327472713
6.422276479760287
6.394820078925587
6.366857129628297
6.394716653431615
6.428069695424493
6.4571296726671505
6.467930552031441
6.483850292029721
6.471003030881631
6.43298605685912
6.447052650189809
6.460505842343026
6.4633736033856
6.467652359713162
6.472304516002678
6.4724374922036665
6.476667727479767
6.486187793926725
6.468046381558577
6.46381101669707
6.466961494290885
6.456372633946808
6.436058028113173
6.467038924472168
6.445021160973695
6.4374772242616185
6.434411671384911
6.422542670252879
6.422778135387457
6.420217319413
6.420402204637067
6.420413838763155
6.414759785962003
6.4083461344867425
6.342120966691914
6.307322508823658
6.169107732193545
6.112068315816129
6.205187990424649
6.247409707963843
6.257649482790741
6.251563358788944
6.244819612271792
6.261923739366459
6.278475998682913
6.292762097531394
6.300068423971686
6.295192065850079
6.290229613160156
6.289868422054011
6.305900016100445
6.3042517868288925
6.3124339260584215
6.33411467096393
6.313046164180114
6.389767980592284
6.390756696879998
6.388416860035562
6.387181974241541
6.395244484727234
6.397186941204788
6.4298075270802615
6.4812695224213765
6.5117225255396
6.5024921066570425
6.502510804590137
6.493008605870518
6.485014251985939
6.4671149986782215
6.46235044205537
6.45455936559758
6.458625202131974
6.484524221023712
6.465130956453664
6.457236329707619
6.396715723396799
6.363082156206308
6.392294379845589
6.394589675304528
6.401225113741873
6.411891022575237
6.447650013964893
6.460347199256125
6.479415446401289
6.473796236441771
6.475529325542063
6.471708046530986
6.473089186926823
6.4660826109455645
6.459871467192823
6.461351646890164
6.46837271048298
6.462313810736669
6.444848287588973
6.430289103724396
6.447703295334083
6.430853681514307
6.423564306499406
6.322928564130725
6.296108357772232
6.341004128135886
6.392794018957752
6.389889292489707
6.397729073416233
6.344509971683476
6.320803401766604
6.320334070600504
6.34265238577046
6.315692186660311
6.3586180416825355
6.358886293746561
6.353742808127192
6.330213340086836
6.3177754950619835
6.284098676095974
6.2532168911581945
6.251194325362048
6.2753557340336155
6.269035103034038
6.268796799314958
6.260974499473388
6.271902934801094
6.268040457771166
6.299095087657509
6.37995307884734
6.407798531310918
6.402168890229209
6.375909900266066
6.375606502509091
6.262717255953287
6.206279994050928
6.263181210662866
6.282195971833687
6.281859435069189
6.271455884833017
6.262138927481561
6.259956268911657
6.258666903272209
6.224006524288269
6.224102901697309
6.1928033365709965
6.178825516787859
6.165468187257677
6.165576877686202
6.144373428812764
6.19498492737465
6.252459255986103
6.300958518659264
6.316788158623157
6.323193937014031
6.358832316753999
6.368573357344137
6.396235845051777
6.428256514272835
6.472931787189557
6.489504628657333
6.502071563733858
6.495665830746076
6.493044689980206
6.483918489774047
6.482145407609988
6.512957635811083
6.527738530471621
6.54216692130168
6.5623703957713495
6.585148399398194
6.593486491373847
6.600871949314186
6.60400596918468
6.628869974590784
6.62599155865993
6.635710509395284
6.645899971709783
6.651343604219672
6.652267398880182
6.6503747858505875
6.653901735416678
6.6355607848610525
6.621573015977914
6.6125578032287935
6.61476633116355
6.590182279559885
6.585154989775319
6.573964777233332
6.546924816437315
6.503744379009614
6.4853208884196105
6.4790294443762635
6.4928431449135
6.482121706557755
6.489015455058089
6.4960734133540665
6.4601855011570635
6.444415663158869
6.438509525567204
6.396569254422449
6.401546764689431
6.429075185962295
6.421877432324951
6.4191890669328755
6.393779602986463
6.39267699992152
6.415803030204519
6.40639402371039
6.40710135396343
6.377625321042467
6.39962515071856
6.396205648009753
6.422075563399361
6.435725491935752
6.428329475030135
6.484767454040949
6.511650946549729
6.530645928073877
6.549101423080458
6.5744210157775615
6.575785832015153
6.580221446878539
6.572631453240806
6.559078990840779
6.549432556596118
6.542510660965826
6.536591094834744
6.540546608632494
6.530255177984261
6.537247876437613
6.5419299538733515
6.512326327149941
6.4912127822401935
6.487386300390908
6.488669429230033
6.474144177932908
6.488444333177738
6.488912463874019
6.488512270656142
6.46849537799456
6.436537004578589
6.402801737894915
6.434525157145354
6.442656251327417
6.473030502687061
6.445687651681238
6.412418706922553
6.440490966085106
6.485233673951535
6.505169702441246
6.5040735942754875
6.5025760135020985
6.503021401905958
6.505092416405486
6.51886674685775
6.554327311036786
6.594088452860841
6.611004989911693
6.612946214815859
6.610695712969877
6.601965669396199
6.600753616774087
6.606226003249487
6.624221617983161
6.623033504643946
6.647923338552738
6.64678144865575
6.63269632957241
6.62501995755256
6.624429379852099
6.624873348064833
6.623662290355206
6.633340766977018
6.616409728191276
6.6310512870034515
6.606518498333752
6.600664160244067
6.641485508220255
6.628207485335592
6.606639463074796
6.617336716254298
6.6120418097687566
6.604495192526059
6.60862952489447
6.6150469356849815
6.616027971095274
6.608420172346106
6.595623724682683
6.58725464493859
6.581973274192343
6.583059519856544
6.581847073585767
6.568581554419238
6.5710861082752405
6.563899307098637
6.581861182664115
6.560413579528057
6.558690537270351
6.5527806106797115
6.58015848602195
6.563202632347924
6.554438614925575
6.553801712725448
6.55461580419208
6.526073194656583
6.489707873574742
6.505722317835508
6.514884320104457
6.524485002499381
6.536475100912987
6.552019107258408
6.545365667121948
6.569015010381954
6.568907237861211
6.562176600137761
6.559496295846632
6.5553538543638545
6.547863809490348
6.5431934830760135
6.539694323364035
6.553829039736131
6.570611645755407
6.582676849561621
6.591300965166453
6.608661846616986
6.603004857298911
6.58467028670279
6.605692902857771
6.606025199406087
6.617443753505187
6.6227967683668005
6.637760709870269
6.639856672737628
6.644420767791121
6.664366250623333
6.661049827393516
6.651632629463998
6.642019093660885
6.6364262773722915
6.616096249974864
6.591495294450084
6.577594012071588
6.574140303449466
6.551450862593377
6.554039533674918
6.556028379439006
6.560110106447285
6.557709807509615
6.560152489770391
6.560152093421726
6.552257736824699
6.531714056712927
6.499665015827846
6.484630773636406
6.476806351575542
6.438924923939194
6.458856174079093
6.498971054773325
6.466581040037141
6.456333909870934
6.438231808954976
6.41114899061569
6.413307225260828
6.42725283063591
6.438341445379125
6.421602099971001
6.407427858987805
6.420284101912957
6.416875620020955
6.407387845256723
6.416917655548212
6.412277942483017
6.472235972522425
6.480974558120321
6.499793459933757
6.49769052563872
6.489788080258219
6.4831985215744865
6.4822542112766435
6.4795820277167575
6.478741420056856
6.488980442445648
6.494078986651749
6.5166614698468095
6.52318345446816
6.531437923612574
6.521021950111623
6.503497633717197
6.485802176687317
6.486400323602404
6.488130771518646
6.495698570611667
6.52676263049157
6.505421676477822
6.498441234851615
6.484068257003509
6.4833270741260405
6.49465227796129
6.485019603408446
6.473608940525583
6.468961010849407
6.4576857461592
6.455454739590636
6.405088982031759
6.409903731356227
6.4209930028198166
6.425104599148835
6.424982497574032
6.413172785502334
6.414689808544425
6.413483947400993
6.416336158309757
6.411787108433833
6.404486228297609
6.375133017647612
6.386781907701614
6.352952890145874
6.35572494711821
6.345803320140215
6.334649602201015
6.323822980939228
6.310043175089593
6.343747031948541
6.300740375299226
6.300740375299226
6.293896918328116
6.343636467546519
6.377619799542059
6.366832887746331
6.368052813712765
6.372343233671366
6.38144502139744
6.389751642673793
6.375155745262691
6.372626144732304
6.355002514571639
6.302897848453705
6.286110021706804
6.3126407116105945
6.316831520766767
6.313230910834095
6.309418995477449
6.307443474518683
6.304437954435227
6.305276698794281
6.308712240457513
6.296722886129519
6.298431400909887
6.308135943541835
6.311031341804462
6.270909555517363
6.250925932415967
6.237397527694889
6.23594882986784
6.261472559827352
6.27888795985883
6.27888795985883
6.255644669586586
6.218288798868388
6.240816781663466
6.313591301915444
6.31770813886112
6.295656448614432
6.271827468332642
6.3656697739368076
6.394207473886173
6.370400703638303
6.379332226424636
6.377914076520916
6.2671352799402875
6.284882469876054
6.284754487818333
6.425128687902147
6.46374911086994
6.478993832775203
6.491832048074059
6.488568774076047
6.506531823855257
6.516124939378449
6.513750772885543
6.4990291276973435
6.444414531348937
6.446483215838159
6.450418851762379
6.468479813201354
6.455541330580594
6.456932028138269
6.457378181204152
6.479630890222157
6.5069029336813085
6.498812023310093
6.4657735482752425
6.457125544426852
6.458729921006465
6.454985008791832
6.34875515241788
6.30594014459734
6.314933867771608
6.294186151566267
6.291391495329531
6.284644335657743
6.259768354509659
6.2594298704592255
6.2413863483268415
6.232807396103722
6.232334424781589
6.215073211174806
6.202140332812512
6.204217383755617
6.180032831003604
6.126411077314405
6.089137358544482
6.111001588100962
6.095741000561667
6.096086970116603
6.128009977603522
6.155463879035558
6.148381863862841
6.1466977084410965
6.164245447795837
6.150791287259017
6.165656110067044
6.171827673262813
6.171827673262813
6.178197454794087
6.179622634889388
6.106852927519173
6.0832031818660095
6.024761071984192
6.033401085758379
6.032242803923856
6.057744964425378
6.082823919229728
6.084277085956541
6.0699745866609724
6.099674929980257
6.106523759858719
6.130140338162143
6.196770926252603
6.199113443846313
6.264277627097035
6.27185243004691
6.280769748060084
6.246629878564621
6.246629878564621
6.253194306713767
6.249184101474431
6.308838271744914
6.339588355338078
6.355250118702129
6.3536052256317
6.365521576317048
6.38681764869755
6.399500705826712
6.399500705826712
6.385441236565212
6.384999747560691
6.375206748225067
6.403397858720526
6.405923596457647
6.41438149234714
6.4145245591091795
6.399892330607814
6.396468713070661
6.395538957867914
6.400932321291084
6.42389749069099
6.421367495986614
6.404201980117641
6.350184190268881
6.31809342619957
6.267005799980248
6.270691207828525
6.374342653039638
6.410779825689307
6.450384284094165
6.507885610245701
6.507276670410798
6.484040342405663
6.459994538829998
6.435798211173891
6.4122516012696735
6.402314519413686
6.400484544978601
6.404584646058087
6.408862370464195
6.425010997609183
6.432242434133301
6.413500533768174
6.384308462052248
6.376257349670488
6.373745893630893
6.383557274848698
6.419387803833877
6.41929087700397
6.425501903491316
6.428425556805193
6.405757874756718
6.406044896299909
6.410354492489615
6.432177554716077
6.4374038811561665
6.44466907321584
6.455852917722368
6.42806713693062
6.406330668241418
6.3756406804872325
6.226206559592713
6.172917280407044
6.172504570405197
6.206477593891819
6.206703378300776
6.210460972476968
6.178681555230677
6.150916219841861
6.134496878779343
6.131934524483676
6.200683033844646
6.194994877461863
6.138634625359456
6.15061238762499
6.14810234905041
6.150664764434542
6.15567091623674
6.113869639680983
6.102607046834867
6.097728369989296
6.206183405802674
6.206505527220842
6.2047509687558655
6.198372962884127
6.1980099320680555
6.192822422144171
6.193569732623033
6.156685015883107
6.261489805975506
6.2861070680169
6.295814467763318
6.2783190581079715
6.2799662242515755
6.2799662242515755
6.283991131627845
6.284093937881877
6.283932479174233
6.298948610193625
6.34451799405177
6.349106530637544
6.3611631742904455
6.348793681132585
6.3661836971479815
6.356680914063441
6.335357101652432
6.325742683350924
6.300383840497114
6.281663962934283
6.278961334627613
6.275715877650422
6.275132505463672
6.235744194084184
6.233861443195195
6.233856732264295
6.229379427078905
6.184683003488971
6.160236480081004
6.196719285388075
6.208560535776838
6.1900362241022435
6.197235088748517
6.200057765644665
6.163220089445532
6.1311884183559044
6.142754324810049
6.171459627884436
6.186308053212882
6.1851262915372445
6.175157038567237
6.170358596703184
6.172548399269324
6.173366091907861
6.225197874920344
6.239128346366819
6.235953080427002
6.233638708088263
6.229296298869826
6.224400131514475
6.231514782559927
6.2328526182857384
6.241767951830152
6.243908102830877
6.3173229816251215
6.319199982057681
6.319649522985069
6.319072668841873
6.329657421802187
6.342180970680082
6.2851000522075315
6.2406732639091
6.2330236987440415
6.223959233739287
6.2027256010233405
6.029158588916546
5.993775000149955
6.000848242919973
5.987407572208783
5.953304494076985
5.9599530763583335
6.106191097000737
6.083827001168837
6.051398691219946
6.05988295812088
6.118403029086005
6.134748876732809
6.1215235353533135
6.125850576402424
6.126767078245766
6.124460700397616
6.124029299246222
6.127605530568955
6.130234853820946
6.178467759420496
6.242014147329606
6.30186812146136
6.336553943729296
6.355566863985686
6.359452028187543
6.340954933317223
6.337957633001324
6.345124977757104
6.334498573836967
6.3468553235058
6.366255949286942
6.392241367054096
6.384992581935121
6.380111849170201
6.394374194901168
6.391647264571509
6.41264691536087
6.394243902995877
6.3904099504655605
6.3904099504655605
6.377770880500451
6.356743218425035
6.301805874723261
6.3001018935418855
6.290457283459873
6.287142966876656
6.282872512170478
6.302564127817599
6.314429481444879
6.339874942615179
6.271611799011647
6.241012677509163
6.213314240822097
6.1941032783460965
6.172696299681881
6.19358965076678
6.19644304223473
6.2305947253104215
6.2040386602854065
6.139456745400299
6.126421080591076
6.096759694788075
6.040872343734939
6.040959296123042
6.057567043979974
6.011621146342589
6.001297442644514
5.979998136857438
6.08196997525431
6.115920140968752
6.1532102909523
6.16460617281345
6.173202660589073
6.18934032848604
6.194164781684335
6.196540756001937
6.196540756001937
6.196540756001937
6.189998787016103
6.1824409352468574
6.160457019714569
6.158894017830904
6.168719157091106
6.207123346848629
6.233069798522088
6.244761605310551
6.210982667843094
6.182037256846817
6.026869456010402
5.997401241070987
5.979301427984485
5.9985145072515875
6.0910121581374845
6.0964896505195
6.11878910573769
6.130230573811628
6.155369018220119
6.161113507041065
6.153667608370271
6.23778727049161
6.225810251753998
6.156552095935167
6.162181529484343
6.16393727608604
6.170965133742681
6.143728491135592
6.244476871832374
6.265218832952143
6.309508444827846
6.330250589124004
6.325853525891013
6.325518712411545
6.32595197720539
6.333507958855478
6.353884705418597
6.35680882655355
6.386596372132662
6.414742995087563
6.416070157608706
6.409631444369214
6.420926556846865
6.420381002491485
6.424329174959803
6.412425336963211
6.393721032147712
6.387409412643715
6.391673101519487
6.333254659944558
6.2423476933984245
6.214738609161252
6.155982262540766
6.060135354982185
6.069516785850678
6.068018003125752
5.704741131968124
5.706679187452977
5.710968976411834
6.147929995129072
6.289014204647465
6.35693425521176
6.3846875117701085
6.402407817799094
6.430561592054842
6.433935605216034
6.431467521161144
6.454235026469208
6.430524863789968
6.420974564315673
6.4193786254841525
6.419003354089858
6.423813528764718
6.416275120111035
6.418383773239821
6.399078391859572
6.40625059699267
6.377076296943484
6.364553791178828
6.348457923327377
6.459528726003507
6.462316113408532
6.42211657831528
6.421651710173732
6.419526281570176
6.396423038367397
6.412129423339195
6.414390466325482
6.414284707644276
6.401944124893911
6.461209205525607
6.46007274665047
6.457134737342393
6.452858131062147
6.441041280724857
6.418446818570656
6.420065181857773
6.416944684696576
6.336774108646926
6.345542334322086
6.289735068279642
6.32960790881609
6.386994145492405
6.443889572248535
6.451173513391929
6.451637374067943
6.465388122706253
6.451096393357812
6.464822458365987
6.469467810449
6.472173018925835
6.385995884868439
6.386743433366791
6.361894810675766
6.377937347725673
6.376736072331423
6.349828291968695
6.3606216450787
6.360194032419306
6.36032718698112
6.340460140627588
6.437318844498238
6.464039078507939
6.506112050267584
6.535956328463428
6.536215813763065
6.534582598130522
6.529539867956691
6.540913537176616
6.5406611614624905
6.540207535785675
6.544646105867789
6.526125168655537
6.509671179570205
6.4767133568654955
6.512741111778793
6.540609307538304
6.551992421407364
6.572706560108843
6.58669568681773
6.582516273166593
6.574827971514569
6.63031297523335
6.631151193965648
6.635386848375298
6.627758603883029
6.619535464086395
6.612860078719982
6.605959236106086
6.5997680688445595
6.588374482993338
6.578684814322033
6.523292533119385
6.504518698387757
6.471063429546135
6.423845369628278
6.449658097201952
6.46529053352237
6.48086127538491
6.466733590847241
6.477632307689174
6.462558799241958
6.454978006882093
6.470337790176814
6.468285432266678
6.465168896865858
6.391183381049159
6.293935638944923
6.205869175011243
6.1773092043196565
6.118931187855521
6.151123140631963
6.147874481301375
6.151416936783951
6.14310948635903
6.129018854695833
6.1453020398256815
6.1559645551012885
6.163853485891308
6.193902213572274
6.205008455708587
6.19569101614784
6.205725861819589
6.28490838493998
6.289736445619021
6.287253220349008
6.311741010449912
6.297263970849455
6.2639682165133985
6.263891810181194
6.297574010118665
6.27703908232004
6.2845606014839035
6.290828722978663
6.243365473306981
6.250218229209699
6.24820178869861
6.255069584423812
6.285414395018874
6.288220031595943
6.271905486265625
6.256845233093591
6.243506992466203
6.239771370245227
6.186120988567471
6.169001530297116
6.177645978108025
6.2409581878404214
6.2686932693001705
6.272526482041879
6.267713052766808
6.266364842549672
6.277177254522063
6.282766979255499
6.305765129480889
6.341093436085677
6.35758833050205
6.330673612277419
6.329548257076696
6.33535187645011
6.32800283097836
6.29019561810663
6.29341381083565
6.284176188038282
6.27696633116899
6.291284034170589
6.306909556193665
6.344493917486428
6.350736532347619
6.312591818919882
6.2939279538929505
6.392096721706291
6.436638832702235
6.451496254075626
6.456245359950566
6.491875103820188
6.534592515597215
6.5422991288635455
6.528057991216462
6.518224250928673
6.513795668756281
6.510570698518096
6.509273480840764
6.507872797530068
6.5056102680293035
6.470912151764778
6.439797131441403
6.4278828387383635
6.432800660711544
6.447743424036684
6.441498638890173
6.4287220146783035
6.4336847561843875
6.427075714184461
6.41017433174445
6.4211632033570805
6.41393239866496
6.386134201072354
6.343207710841471
6.303996407976353
6.309039737456425
6.309039737456425
6.3029326308594
6.270174934750047
6.256763776020811
6.241722893211957
6.237355619299842
6.214111441780202
6.203668843718416
6.215695391718077
6.210700596518476
6.210700596518476
6.217690363629529
6.217908202039038
6.223495490736405
6.215834030880035
6.246570802104651
6.261000187676122
6.269385302577351
6.262522331996005
6.208824499895187
6.184482127389021
6.196871947764022
6.202911354108851
6.172208599969176
6.1783804751953415
6.201653532700994
6.256697072564082
6.320897039191553
6.319099858247904
6.2970603762600525
6.286715573194547
6.286715573194547
6.260709794281882
6.248523822013476
6.173319824292518
6.25251023133864
6.233617901994431
6.2256153221008494
6.198106760059069
6.223944291129371
6.230576521526591
6.2350233430486295
6.236086190115644
6.32016611851071
6.324929293567684
6.3968595144698135
6.429845447238902
6.454347486142806
6.481195577668501
6.487747236125111
6.506150873400688
6.523826810209191
6.523771887384212
6.515305818087788
6.511501641529806
6.506429826731305
6.504422262572769
6.491856677741817
6.44704508634517
6.409617854986893
6.4793585601832575
6.479467333503694
6.479467333503694
6.479190467330966
6.479700651369416
6.463071346937736
6.422212378365862
6.4069496925461795
6.393384266841
6.414476074450645
6.401166917507144
6.423733214891504
6.441854799997004
6.4394328358190815
6.450177696367104
6.453501276070204
6.421896091551211
6.410349836422252
6.414295846070637
6.392488778211693
6.386206459644036
6.359090229246908
6.397065125708409
6.389001144918073
6.421005187891053
6.441741247684468
6.4556589489014815
6.482233032116273
6.548964443188417
6.560044400190192
6.510517924323755
6.404330671394579
6.4030941021568255
6.415574260054702
6.4266235884352225
6.444305325171007
6.424352704558992
6.47030826609934
6.4723742873884405
6.468064334136053
6.460194336867557
6.469040522577195
6.475304577101754
6.469533697478971
6.471458341767294
6.464565050921605
6.467279150774278
6.468856453012893
6.480688907571565
6.467107022350506
6.485775034222071
6.484913116518078
6.4573715351978835
6.355228638393514
6.346452831888831
6.312675788624345
6.295271439226074
6.322053878438277
6.422943125204778
6.4824906718037045
6.4887420472756485
6.4779678134916985
6.483647231084827
6.4996595072512
6.49688404508073
6.485128130284042
6.434418603676944
6.428389335170403
6.4589091406009675
6.4616375260500085
6.482352799230872
6.496452671465158
6.5203398814389235
6.518225218319243
6.536586710991735
6.54874612142183
6.541042023362344
6.541755191811675
6.540801270908251
6.504958119645265
6.5207738324151325
6.518404012374942
6.501236704622768
6.505168232515825
6.511237174143847
6.520616477729588
6.52129317481404
6.516766412345445
6.549314222875604
6.522574891010024
6.555013597656031
6.554127785955171
6.56463317734212
6.545834348856729
6.5857790658273565
6.572620191113735
6.572410877514816
6.579443011378107
6.579451497187463
6.558748735160858
6.545524948590193
6.580391448622568
6.586314068969179
6.559817263001925
6.558323268234544
6.564086236854468
6.545801701164689
6.546561023435645
6.5562856905901565
6.558814105040723
6.551901712613022
6.546834269181126
6.501819115322224
6.51173614510304
6.509125427185209
6.503016938838702
6.50408232221409
6.540385735243824
6.55273589825835
6.541286980035476
6.571118404984173
6.54035303037797
6.5379488525595075
6.522754640942167
6.54927062984439
6.397573867129681
6.412676045787817
6.422599832855571
6.405026012169268
6.407774571692984
6.546753251043554
6.583499534104883
6.585079898861598
6.607502532129396
6.632917564473044
6.650124830084282
6.635752331089878
6.634350670834361
6.630454251597355
6.626521152428181
6.621689006538029
6.593098782995124
6.580348647545538
6.555233900140429
6.541753483610396
6.53661695978076
6.532830645073943
6.525517218902152
6.496106494165161
6.477121594459467
6.492445774043733
6.468914763888478
6.483258921739409
6.484363645325963
6.484663400691739
6.447818743320984
6.460362160179125
6.430286546367309
6.392752688083025
6.382059917078473
6.398807740901902
6.357133793368501
6.325977954167863
6.259732621066506
6.219436617392839
6.205983357808656
6.210636036353901
6.221933829119335
6.245887791418091
6.213737852184051
6.215219839804179
6.215219839804179
6.174194078778796
6.173341265390548
6.155166052869373
6.121276714617592
6.121276714617592
6.121276714617592
6.1215500208727605
6.1144910456996415
6.1090807883480025
6.165924460238852
6.179941864683677
6.28219596323168
6.2868221038651955
6.282514945406181
6.2861076582275395
6.218174486911741
6.205689964328125
6.198036440673892
6.1769178853022675
6.146876012310736
6.234146563338882
6.250773905591023
6.236839061013237
6.249961684163949
6.277200992217818
6.270316365007272
6.270033493778763
6.251718197698749
6.380210113087944
6.406603496903392
6.46822831193418
6.483860768144517
6.499567135285677
6.510768964990943
6.509685230049552
6.510760417754225
6.5182910281782345
6.529536443873525
6.534650338290591
6.535808275120393
6.520213456294243
6.514499570879529
6.459134518385525
6.454385438975146
6.448334661148763
6.453806231806917
6.355447393065747
6.365468729390414
6.378583818007787
6.39211880527593
6.411284229661087
6.481726801448808
6.489927491038964
6.493196973714586
6.4889577201547475
6.490690432628231
6.500736178968781
6.495616440474635
6.502303720843964
6.446215255301565
6.428052228330472
6.2937297919277775
6.314875308428711
6.306633854233391
6.293856689088276
6.29491300297461
6.292396902964419
6.286739292134543
6.274390197666641
6.267671523483281
6.395739798923895
6.414807978908431
6.415190590362785
6.421862465498418
6.423603895717626
6.412371539684041
6.392244390577681
6.374253390731846
6.351619286784045
6.322901127741142
6.3167593995334705
6.317317945557206
6.303325554949275
6.296623785365732
6.301348178455074
6.3184723987526805
6.3113718909392595
6.299980333683425
6.293219615286564
6.268774657194623
6.215003034734602
6.225117305122872
6.151078405570184
5.8710688338154995
5.800061906751052
5.9018761648887725
6.026236087949684
6.026381649974864
6.015964426928699
6.017582250728412
6.019570606441061
5.826005460896091
5.804308425206399
5.810631522751657
5.816858771051708
5.846891346170216
6.036863997020568
6.2101694932718186
6.283794472578585
6.342051978980189
6.385828316715836
6.414656297642557
6.385352219774793
6.3884342869095665
6.393804278628165
6.384392339797657
6.3799000906715895
6.376804697579929
6.389960510607075
6.3927523494657095
6.39791614235134
6.436194694269391
6.442268067330424
6.462995064019405
6.478366245188886
6.498939888394644
6.497410841188971
6.493235548138574
6.504038190915235
6.504597172131557
6.501799581545788
6.500781410449515
6.500473041256171
6.495562875614778
6.491558770544433
6.494087266634503
6.533964440579862
6.5219596002065625
6.489184313940372
6.4813837168326796
6.464446108906062
6.4290948670844825
6.4110601774646305
6.4134418563423665
6.446285634433047
6.447205633783582
6.4392047122491185
6.43067783556309
6.443741273655137
6.432396786161766
6.435544667546882
6.435687605311585
6.3778764954444425
6.376778776772344
6.308667059991681
6.144663921205305
6.1248611801311235
6.195828708366815
6.267061063517364
6.2663790024406225
6.2658645067755945
6.312916762999903
6.308471898002614
6.3123134450675975
6.3544282853261915
6.358474880318457
6.355065784946792
6.348930413917648
6.435533387847114
6.428613593133027
6.43157560783188
6.43122362936176
6.427268810900111
6.423535879051153
6.407432433288447
6.389008979363847
6.390009693499221
6.390261742566909
6.389722620992776
6.368930066139793
6.363048264661664
6.353462511274937
6.331341608266023
6.306056076976622
6.287603246607521
6.2378056203256405
6.0595037849486175
5.972288634432342
6.014359718789941
6.0906196702667215
6.064159057999329
6.086230387295171
5.942374324053499
5.946048699365656
5.981045321288219
6.016813007955043
6.015157987712836
6.023766172238886
6.076310939446039
6.171735427048478
6.173699251952972
5.96157502649125
5.981792962680941
5.987469909733063
6.100765145942407
6.106050372881452
6.1113053153974
6.108420814967224
6.119170211244796
6.137908519508564
6.1501813725376415
6.150743742595207
6.152167106953838
6.155665267670523
6.155665267670523
6.175666162306151
6.174399910747351
6.199964630848608
6.334753039781626
6.3744353754873
6.382878709087047
6.405288620218263
6.4046316964999725
6.411215504390883
6.4165453191284385
6.381546777990784
6.361933357404352
6.3432907735237904
6.360294270278214
6.406550359529047
6.39348385117691
6.409674477104685
6.367814043865373
6.362707073137774
6.361482806392155
6.377713097590166
6.379063949221457
6.399757608155259
6.400994821997941
6.39001719662202
6.422919419994596
6.45420323951429
6.454130830750285
6.456588868734136
6.457959014901711
6.458051402049521
6.4517827377225245
6.463564709676892
6.467319431625219
6.449372077048728
6.440034121733515
6.440532361821326
6.420476169224385
6.430809669393658
6.421159857484682
6.408903198302804
6.454094149903363
6.4684351195842495
6.47935088455413
6.461681337923597
6.4212667007825175
6.431415133200216
6.4312607718210195
6.436460076709167
6.428230904113633
6.44069650687411
6.416614379047174
6.438375360107285
6.423513278063291
6.430430142993179
6.429089473524813
6.379951743097665
6.299382465749266
6.314528378496533
6.3079372515882834
6.298377350713608
6.353780642511481
6.356282333849679
6.345361115776834
6.381519118194096
6.381594734645234
6.38294475916616
6.380513242164416
6.364397823915882
6.32170487359609
6.315400317415277
6.326041436998374
6.299456895629346
6.352531480652006
6.363748594000348
6.361119837043373
6.372664093917537
6.3586656790461635
6.370014944371669
6.360538618901727
6.367401659976949
6.356262016738041
6.357153563689522
6.362104391336391
6.343838389168225
6.338619239930077
6.38529282039256
6.4415698550704645
6.476057514572552
6.4585632673798035
6.489412629560851
6.496502196155286
6.491965992357242
6.488457573165147
6.490118224788965
6.477586994796941
6.478843252600788
6.478264193655644
6.482289155852202


