Rainfall Prediction

924.9018062544827
953.9684111605192
1029.3210898951686
1093.5754599364755
1244.7957415434141
1252.0123150648417
1275.369494193236
1260.7611977405343
1259.5966632596585
1216.2026381468056
1047.323892562372
1000.1486620043434
992.896016882477
989.1894245640062
1014.9484858122689
1087.965923456854
972.8850144604988
1006.9683810778841
1082.8563402082564
993.9324634298262
878.1157239798099
871.7231028604416
860.0269692886015
843.2814784956782
703.7840280781014
654.5789741018715
641.4631239018112
637.623441455963
610.3697093405582
608.8797473056928
610.7103788264864
599.3079111141285
472.603279481188
398.38885550310545
334.09499149411533
240.32753528412405
226.19054858638538
198.8276360529188
205.4853453709761
209.18807403586644
198.30823296072322
195.0377253511757
193.91438871333742
196.6150388532965
186.70353572741686
160.29635630528412
92.66082289488665
89.0460007712077
4.041651272740964
0.0
0.0
0.0
0.0
0.0
0.0
0.0
0.0
0.0
0.0
0.0
0.0
3.1973544723515097
185.93577924697544
225.2108772039058
264.39459131600563
374.37553290902594
478.2316103687233
481.75704870924784
485.48937815960466
491.4461010439201
492.0222498619981
504.50079281635567
508.48268274055437
511.6542158523572
514.2273278832901
525.0347901211575
526.5607405924245
527.642069191904
528.3391668347825
533.0813765517432
532.0340664304707
550.8210963367652
534.5779296280517
504.0708806689033
500.8377238158118
496.43690780339955
498.1913184007909
495.52998435372217
494.8629885944448
475.1214887366111
475.5390852318087
516.9073228557037
793.0493627576689
682.2798932727758
674.8540878690559
797.6929671252756
766.4901478703863
665.4353808556415
699.4310121068926
723.9992737570221
724.6933759451034
730.9717861834395
733.8710064162468
697.5815546092568
817.6282914168814
818.5026114632823
867.2173130396762
931.4377998982284
930.3260636259585
1009.5081808625016
977.9982337132626
979.275793344793
960.3453332135563
969.4624754264964
985.2471646711556
1118.5214854662324
1306.370527826092
1355.8815855344712
1360.56327355089
1363.2426555776426
1383.436694335054
1442.0524319383007
1401.7611295650324
1095.5725494785815
976.5385452507154
951.3698227387845
827.9441727813795
740.7141348586047
740.4515910017551
694.6565683378236
664.905494301182
656.4024143065526
648.8485906991073
646.655989000891
637.2575458859612
540.6843249962104
539.1824154406946
486.36537432733684
419.4664873656796
419.85248368862756
335.58613553025276
311.3937614069355
308.7380124492113
304.5263713198496
316.37889389372964
319.62430876727194
240.93764034054502
326.06617513748745
287.5237925836462
288.09726837144854
404.1151988395746
380.33858285461315
371.58893107163817
370.1944216299218
373.36062070390375
371.4879982650805
368.53788140606684
467.27899121719037
466.76834835829663
478.3378882506062
472.11715039773895
486.51429257822605
523.3798458119938
532.201354464489
584.3078136010322
605.746932615574
619.468009036823
672.2279675977276
630.779594624232
676.1751059916681
673.8688318850443
681.7980367855172
697.2920054221898
699.7072867673822
703.6224329061823
658.3680036679566
639.4595258060239
604.0926803303151
385.6571637141187
379.6798532597356
416.72704028015977
306.8993183104946
307.1773802090871
246.14437306440155
260.9806888591226
262.01488103682937
268.459313347084
316.6725649460441
209.1623743354068
224.9305630452564
248.2841805195741
288.72026713204957
267.1643247148535
348.7308952991812
345.8538866548194
317.111841726129
364.08930432312945
450.6315815440751
448.6174701517533
446.019856425514
448.2053372237454
449.09607210979345
448.9026995552075
460.8837423022394
460.73405427307193
460.4775780928816
478.5536505839884
484.3319136631879
469.81996451661246
531.220588545567
536.6298393697334
516.6897082016626
527.4903094485477
569.4868648585959
579.1691437168355
576.6527687360965
576.6359367686551
576.5411235688989
517.4863149297169
505.75712671119726
491.41157568006616
459.09312306487203
428.3931730931328
407.9602098021856
314.6375450471812
313.6669676628744
293.4074530957727
181.15776840199385
81.32028607332305
74.65730732948754
75.95523309685065
75.81494736384421
149.5754857129083
178.13847087229902
166.68131315129938
243.14776524751375
243.14776524751375
241.08379671754585
238.31877884442176
234.9305082967871
174.51657667557873
173.67399444041465
169.60386470339725
143.92941153860173
277.8950069543379
381.05396531237125
390.2488959436321
429.947001509723
414.4960908451299
475.37800292821885
492.905556849591
516.8808023248639
541.8341399479302
558.2717452904343
941.0222055991741
926.728206373058
1036.2493310409754
1042.849248503333
1061.1949384606278
1087.849931643492
1085.1592628013561
1071.4980296511103
1070.9459205859173
997.2449057422314
969.1328433577889
964.9084588926016
890.4372874249544
890.4372874249544
905.1948794572664
957.5948047105348
1019.0488719202516
1020.944782264666
1051.8928943952878
1053.6717517780485
1110.5588444544019
960.0711488478952
829.745410086901
823.2508743858017
862.6306184121156
875.9940906569798
810.5913626654725
806.3117935619262
850.4218989053356
868.3560324149802
872.5753258794884
538.9461751362797
577.9616024579296
499.9021036996378
490.0843727906111
499.91042503708866
518.9952189364272
521.4339764550923
528.2274636413036
529.507134735142
584.0766148726243
800.8565167443135
1137.1812370350367
1296.824063496235
1358.7828977790305
1389.057542363653
1699.8753841841362
1729.0197402284803
1786.4624179647647
1958.4793815927567
2055.0428370066984
2017.9084741092984
2017.5355246035756
2011.7254121007713
2005.9869906435692
1931.1993419482912
1915.8286483422735
1958.0746315127735
1985.1135978537825
1930.6722528233909
1886.193959191915
1879.464102235643
1880.0183934722802
1867.9092165337076
1882.2989723490514
1895.6144154556234
1864.33433669436
1851.9528509307484
1855.5345055232478
1830.590259992215
1831.2399710871548
1777.95040669864
1544.6142022040276
1249.126924236291
1060.4665071770773
1061.4289371671434
1036.3689746212417
651.153318924486
574.436662428647
514.477789568078
290.5302615158113
191.5692956324356
183.34030331043152
153.64734844771758
179.1793624963534
184.5586667462433
182.78375927064388
177.30378439231285
167.89646255738768
145.82233158836723
171.309886363875
220.1070834719522
233.1461097741532
244.773512500551
214.34502658916637
198.86320187338964
177.73257897438586
204.58640341508163
289.66619402342246
291.3762996147087
317.05362935508725
316.9474402353222
317.04379805614553
317.7650817207159
319.0647268925407
405.06438303210115
437.98418844478954
453.11756723349714
453.0242735212865
443.3176281766826
445.7164864285127
443.42870496471005


