Rainfall Prediction

6.4242599624762295
6.4248197410578305
6.395285084077735
6.39681156018359
6.2979720838505635
6.285784586364826
6.226206283958553
6.29655175459761
6.279944072644518
6.277713193661024
6.2909255301920375
6.296078543601171
6.282499364388648
6.316728299069273
6.302215776369242
6.317531276342529
6.352316556559658
6.334192646386702
6.3189402221453035
6.305397442190007
6.2977947808004
6.299752416366936
6.3303911949599305
6.3280109133918465
6.3521314322676465
6.40675399356938
6.419365125164776
6.4155261768685214
6.42113744986726
6.441455587338192
6.442202403650621
6.448398523776411
6.439631982470502
6.441905369280244
6.436534513164899
6.4560066226086485
6.444761849415676
6.44640322622262
6.440249873331026
6.432323403690179
6.445400191233919
6.426054127857667
6.4756084734594275
6.4943297960724
6.485781463089869
6.479394358249799
6.477128584927936
6.466983563968423
6.478081194351239
6.471722465723699
6.461461432520358
6.460805339065915
6.446370445167306
6.425286119467611
6.389632564903743
6.344176506970829
6.298631723835377
6.2999679814860166
6.304816629853212
6.292876341114876
6.259671560107241
6.28198566870943
6.266073392459903
6.2611460338407054
6.3003855998852
6.319629018636442
6.223620453194948
6.2053979266916555
6.155772830491882
6.262346949416802
6.268171096497745
6.274313976143712
6.286486045881757
6.269925232425032
6.2761224323326905
6.250259688385487
6.247377331838835
6.237453617410276
6.237392930756636
6.223777533491568
6.223784486171106
6.244311242558221
6.280761985282468
6.361543250335413
6.393081998204837
6.39642964362504
6.423851307495333
6.481460433185208
6.504342899792785
6.515276215970709
6.533417389783417
6.545401572677743
6.5250706649780055
6.524842695462248
6.520585609844779
6.461086583850908
6.442388100091887
6.374922883844585
6.374567473897357
6.397946565934789
6.395227378629082
6.3997629797400455
6.40680567437102
6.448786592979881
6.5351678873714105
6.579603233221464
6.591162668969744
6.598150660538829
6.6007769342859595
6.606238873107799
6.616209981556889
6.63229709000845
6.619861215880687
6.595266706048803
6.567514744446548
6.5729022155795365
6.570731632270136
6.574453357959006
6.558462942324101
6.5553506686348815
6.54561031315851
6.541173628214947
6.534887528161272
6.557221633951955
6.5582199338351534
6.558438541859743
6.5752432492242425
6.569973291859946
6.5713715581201955
6.575728068365769
6.577147421093785
6.618014139947074
6.6182397829707895
6.617014147433241
6.6037581861963535
6.537756343975845
6.448011234972189
6.410809986271795
6.401537176637333
6.397920240532579
6.382414720249541
6.3791070145415265
6.329798936617197
6.335560196722241
6.350854087475763
6.379652118035292
6.3738737408079755
6.369611078734553
6.325082602441615
6.32682027277223
6.3174687739080495
6.330064329568329
6.318253243426892
6.283205792816521
6.256433039807978
6.2615751105323065
6.26965051456163
6.22503893685995
6.204477904549249
6.142298144433612
6.144334380401242
6.159792261418951
6.131693730823286
6.140535003100413
6.150633259673338
6.1935637070123475
6.244144680537908
6.257161664820172
6.258900848436827
6.26742623585326
6.2675572884639354
6.271483695164661
6.25422063026128
6.267664047391335
6.308745805622015
6.315591280181966
6.264247635967535
6.239473283979916
6.24414798106484
6.239856449017705
6.230691152537271
6.202342000209681
6.1504648742733865
6.140006415048996
6.205749055487964
6.183257123242514
6.189821235116684
6.280579942740996
6.322036581624237
6.317393245291216
6.312565332111239
6.317358553032782
6.325294059685345
6.316357629903578
6.3518756389696955
6.380325313216362
6.364987504898082
6.310454573695248
6.240176906420608
6.203881400173658
6.1967745313746265
6.1985924597346544
6.19407116789079
6.197211762863454
6.206442293976487
6.190945517242528
6.1705366417843726
6.176345095510311
6.153173167487767
6.149637166305968
6.10345022469109
6.098193830050733
6.098032405926933
6.123035211597179
6.1139095846116
6.077750609716118
6.076242318757679
6.058269098630129
6.018382834038798
5.995287971693167
6.047360869862053
6.059974847518795
6.06945824534821
6.077040133818272
6.079616063975607
6.1708394159679445
6.243293143979549
6.244555996507715
6.238940993555287
6.232277199461258
6.231830143507384
6.258851159362818
6.259082186737518
6.266851751102221
6.263448379985846
6.266219538843872
6.310458882128423
6.3023598979704
6.253299954143986
6.247036674840902
6.259064545219727
6.267990779414454
6.266217169092324
6.259693031798991
6.198096335543849
6.203194827493175
6.277711858883048
6.283444619740513
6.284188087769762
6.365812626950585
6.404989959024269
6.413570641492163
6.410874768757708
6.4045028852519
6.39740516154742
6.412744846878144
6.4236432623151485
6.394018637758174
6.405326164701397
6.4204726481815655
6.429719963400266
6.428683544698723
6.410433646314043
6.408233774112323
6.389174650066564
6.413853566302418
6.402105290944686
6.37087636386477
6.3669419232241635
6.35741377506777
6.337748121289296
6.3212398200519635
6.295311383079835
6.294331519416214
6.262989270889026
6.253753440970878
6.210335580185961
6.161001818992873
6.126976230420417
6.176009238741078
6.149184618543085
6.132804759117145
6.180947902942494
6.191611158682299
6.228276607972665
6.203801223919761
6.200446040255113
6.261299348049789
6.374118673722589
6.3493734763267
6.289911633809766
6.1515867756718885
6.2316331722011435
6.406162844693304
6.4423349311946225
6.490055325242814
6.478772387362962
6.502524632440031
6.5208789953246775
6.532839738480311
6.540456851168725
6.588066832503799
6.616275029031268
6.6206086108411215
6.649653071938918
6.661521239149196
6.668180025401714
6.6703997284152186
6.6741802226314055
6.675261876107376
6.666350674800937
6.663777563093003
6.661955574777078
6.655702321141331
6.667454879299481
6.671661603641521
6.6757833545855565
6.671724863689426
6.639237753232084
6.571085275655323
6.589221502335166
6.590897107932892
6.5950367677280175
6.597986152167725
6.5639554598932985
6.557779720285521
6.521669635546466
6.543432840875857
6.535429573748678
6.53019966526958
6.527029849902525
6.5229385588118864
6.472798058406727
6.432784537325796
6.416021196474195
6.329872748392951
6.301913027967898
6.297150689476894
6.301412716454624
6.286203745100107
6.283938060924464
6.291148509275376
6.29092337863692
6.303012837635196
6.349982227756793
6.329068629844139
6.380525385737996
6.3902230422051245
6.41247867817242
6.4544783569091475
6.510796713099029
6.528910072389164
6.549287905509182
6.546617866068908
6.54088108184885
6.56727827524062
6.570342604501306
6.568940880797142
6.5565882256846635
6.568972737916694
6.566907880008158
6.576613505676389
6.579748503496536
6.603335865036686
6.609618985648822
6.612074447192741
6.645376991538144
6.627564432553528
6.615282674259437
6.585385382991655
6.588843409688002
6.6263525813264605
6.630053517136624
6.632560231826174
6.639519216478801
6.668853142461046
6.705090593079873
6.712639995785292
6.711687333080309
6.709300367010821
6.699450584680969
6.677059850543036
6.6651996267662
6.6383158123746435
6.631950434041277
6.631208744499481
6.611019057360188
6.607443779178582
6.6013975645827205
6.591310200283801
6.577054482996044
6.568868399767452
6.555901688655292
6.55403257942864
6.5226242485598505
6.484374920693274
6.475219148322522
6.304488624313449
6.255378630334084
6.256543668636708
6.253118038306331
6.1953907766520455
6.1383007073472236
6.1367416438223845
6.1486049764246795
6.159781204106211
6.235963438025584
6.210217320767888
6.226377403439963
6.224986676612676
6.213728738701383
6.2314361639675315
6.2562729308527505
6.283503909918572
6.271793240584958
6.274703686392562
6.278373404704027
6.286712452377526
6.248064017857483
6.252545713862651
6.238174453225355
6.238434822172709
6.247917095015798
6.2780712713604245
6.273308784652681
6.266384723774043
6.266038134727803
6.26681384376774
6.270080563793717
6.275226299167563
6.278480513978319
6.308242617668142
6.306764930358665
6.312773333089185
6.343138876482921
6.387437035613615
6.402845445688629
6.438400921816296
6.437731335275481
6.439752408121647
6.458048079727125
6.452851544526535
6.446469487797391
6.455716328873282
6.43160502153384
6.441365278851656
6.477130809334451
6.524587859780703
6.512372759792246
6.524461510192518
6.5272653382398325
6.523140218939899
6.527068007022565
6.507625476071083
6.463271753221231
6.463786429600045
6.486420551646227
6.4853677774752345
6.493671614585273
6.529640858676183
6.542725435599831
6.553317527938525
6.566346296643928
6.568258939021158
6.478530287189959
6.469933619448036
6.500985830874298
6.522020994267315
6.49096956126666
6.495167953488626
6.497954850357642
6.478851011872905
6.441985878298998
6.398179570422107
6.417174539753325
6.417773422897958
6.412879297165602
6.397767203001971
6.363367920593543
6.350988203350326
6.297557825626605
6.297192396406612
6.273845815072594
6.256553546599453
6.258413893535555
6.266043884316279
6.269124717058945
6.260704599105942
6.272652656296493
6.274458610746633
6.270736990610526
6.269889279744025
6.295608168451689
6.316685388779678
6.309143033711672
6.279579808146183
6.30603382301614
6.396236479269448
6.430114976707286
6.488085288420443
6.496726260705725
6.4973291546713146
6.508928990845027
6.504104082511793
6.498359393536854
6.509474438161876
6.518028058928039
6.5187321736008865
6.535298449127884
6.565428424844153
6.57065232350456
6.589916624330046
6.598921558820439
6.612058033424415
6.602876112540621
6.587839378602753
6.554899945223698
6.570152372730953
6.576712751243471
6.596956359253963
6.618833792250895
6.6166466333820635
6.596983132788698
6.55212936129431
6.544617557220825
6.564241978428743
6.559920181003787
6.561664263129583
6.539368711423426
6.527863195200413
6.533037780961526
6.544809718471927
6.575907475517267
6.576028975750977
6.577407118957148
6.59354232520159
6.611179175739477
6.620021310132983
6.634940573499718
6.629775584548151
6.602776753335589
6.599918335382345
6.588091756598107
6.572355682844614
6.549037225575358
6.554274474723379
6.5515400179953005
6.551880919669442
6.559763799687419
6.557234188757953
6.542644229842705
6.511354732956915
6.526571778083821
6.542113049455903
6.5354737209905505
6.531115485324624
6.526058628823247
6.509832794704897
6.514685605987519
6.515296883803827
6.531730375233076
6.528844833304936
6.514963284666606
6.507633414332893
6.4955829803872955
6.504976538697509
6.511079895570237
6.5037024868169615
6.4901434636398925
6.481551788582511
6.46905096726402
6.467516768917519
6.477084027983474
6.487241286145055
6.491595063301413
6.49941923116934
6.503842456934347
6.486467394853266
6.448305333657821
6.453384852938954
6.432827683636249
6.4377334562540955
6.467720074131021
6.447852637430276
6.419798161478811
6.372866140930843
6.389032649465726
6.394593633114062
6.343330153636037
6.336489007338762
6.306184397192989
6.2991297314014
6.332430432381307
6.329305790477945
6.341719783822374
6.346189616917253
6.351011669997495
6.354371919656986
6.407879437084847
6.43802466230309
6.452656438694656
6.480018654926923
6.480111279305722
6.475589473474367
6.463444664786043
6.442816346864196
6.433670782421696
6.379653245803993
6.370097996440153
6.3632161465647
6.3459432511093254
6.387324912229028
6.4023720677104645
6.418366584303626
6.432681186177982
6.456150812665924
6.483329226320895
6.452682006753159
6.472003116018035
6.508196421827889
6.511746648681906
6.54165982989742
6.543221189225131
6.551104182194445
6.552915557966431
6.545997591983256
6.5352259389614575
6.529018557643738
6.5226311352609665
6.497156770815385
6.48735072533858
6.496104139613509
6.472888384953575
6.467865786106947
6.469369141317686
6.4527877212980895
6.452220373152419
6.453567372067373
6.451921033771682
6.453891333577736
6.451328847002131
6.435100943610185
6.349176060512603
6.32849344708343
6.13255184261856
6.024968882274868
6.149739078392135
6.2157654171429995
6.230497767610411
6.219819235398104
6.15357265641828
6.150533756770983
6.131336073637013
6.137628762095492
6.139683830139952
6.1366508950785885
6.135707964660553
6.135725355313724
6.156105077609489
6.159611437727235
6.183400263009683
6.202006202248296
6.1906340291867945
6.29807061608627
6.296236433100779
6.284976272453736
6.286655369150597
6.298911937712527
6.297298217610258
6.340725414311419
6.401352952994016
6.438214854754275
6.436818949596909
6.449101078719945
6.402360435559283
6.372301608911458
6.363302869394981
6.378990160549766
6.367575773504084
6.361628016010863
6.399910088351934
6.398361487598692
6.383856792834353
6.338896119505453
6.330880729117486
6.338886485785438
6.340259956038815
6.344962085533901
6.351297956374505
6.38507453901281
6.376776493187014
6.367942327386121
6.335534906807794
6.335398343904902
6.311047713344869
6.307567077962785
6.307403934215111
6.297476031368389
6.297261450406853
6.299262006289928
6.304601007254405
6.298830562107944
6.290618468405593
6.311682654259763
6.251996337476205
6.232436014500413
6.0182724096187865
5.955600577970918
6.079746441191917
6.191462323013041
6.199624187632784
6.219671922454593
6.1711709263143035
6.156143411496078
6.153982958957708
6.17944960106037
6.172752317788525
6.194365617006094
6.207142103082057
6.225732659912689
6.222889371489108
6.224136059600469
6.213838233194472
6.206873403527596
6.205871368788644
6.305131163099552
6.303240137612243
6.303570784549862
6.303800746270435
6.320089991594907
6.323081282442033
6.369497374353316
6.454288315913191
6.495206484765021
6.495823395034431
6.500341641226968
6.5077736629478755
6.498107581839655
6.482068513227862
6.49632277628129
6.475258673827516
6.470682277449485
6.47348423413412
6.4837149460606955
6.484371985567393
6.482687657429624
6.441431016460686
6.437166900238443
6.421054937797759
6.4077944988312705
6.371520578709068
6.355223444852881
6.3131037264522964
6.372005830673125
6.427605764351399
6.475154674332552
6.438583988588458
6.451822662433432
6.484116458910445
6.487858043148794
6.509112913994981
6.534777146425371
6.551660378380123
6.538401102658056
6.526219522434699
6.5201428290667245
6.509921211149789
6.494543634339738
6.4938995990844575
6.526813284697922
6.526513458806674
6.549698691037021
6.570407349486426
6.5720917668439345
6.560968760776719
6.556007017360218
6.558372887190955
6.58427250218553
6.583832897148627
6.587459948009084
6.5903961347476026
6.596452830612872
6.573469973039278
6.576522165821569
6.584617913013621
6.576018295640508
6.555806531635379
6.548140818019204
6.528661815529582
6.519105119296474
6.514866840423091
6.511179934865461
6.494347908411117
6.465514734237071
6.446918544312292
6.428721153080547
6.441374937776232
6.447038343402086
6.451141051735263
6.455848460239717
6.42390447007213
6.416425576994608
6.401674109304588
6.368589965100034
6.360806293963497
6.381520598210081
6.367810130661669
6.372748802086852
6.337752251249715
6.333609015598161
6.351390550561871
6.340022684655455
6.32187310947287
6.273715806474794
6.254139177131937
6.272178512246502
6.315621093556773
6.344790671867088
6.307600501351623
6.36924694753517
6.410354143348473
6.440860406634172
6.467711698159689
6.500956146530611
6.5162293885951454
6.52087467622313
6.516201882798851
6.504092362422525
6.496121129017712
6.500074873062979
6.496706342335774
6.514632781291719
6.507733275438935
6.525658626174044
6.538876030769545
6.530045786811029
6.517542039002826
6.519343830932501
6.517885105987681
6.515001135258632
6.523648927083817
6.52805019163179
6.529791807389051
6.526285243515192
6.527215954378169
6.5415329769492425
6.548712461353926
6.5349894231343155
6.543131742482228
6.536431884716576
6.520171133528711
6.5213720722033255
6.537420646750728
6.530303521335235
6.510614885686823
6.485947032046115
6.4920066469514355
6.49626590119755
6.522608543731468
6.543757130295947
6.550193883135406
6.559680951670918
6.539680075407851
6.5459976203127335
6.543948038184589
6.5306050916894
6.53470783620396
6.549328019072138
6.555477345032133
6.5730597059804206
6.5748449821418005
6.581777993268813
6.579605749434008
6.585164757139595
6.583071039751156
6.575498345027138
6.578671063942998
6.541362354986355
6.55123043936394
6.535527191926297
6.533229698240421
6.5922606625445574
6.589093401875457
6.590622340193372
6.609954994852445
6.628567296703723
6.6284858057770295
6.6297951930644015
6.631087192087167
6.615921872346029
6.607748085438056
6.594932873538042
6.586958144301138
6.586805738792125
6.577470975040141
6.581533312452362
6.578142418112846
6.584815920861226
6.576437072990097
6.592353141121833
6.57716257902579
6.5750121940932
6.5580721578302885
6.581151822707779
6.554626910770924
6.5465190677742475
6.548250220722975
6.58296867785817
6.577108685005872
6.560145261685573
6.579243759899668
6.5882320265985514
6.574392330575629
6.5844575092250315
6.558725764186313
6.538902512372736
6.445224989592746
6.406638628206814
6.4460421671378905
6.474064300334102
6.4749173387001395
6.4706408851217985
6.452685435794856
6.449511140042445
6.4561699916870205
6.470431792988483
6.472595835405062
6.476202710819021
6.485017071803323
6.481877980198529
6.468720740608321
6.492850229525816
6.495513954200413
6.505763442256726
6.5026872138943155
6.552740889920281
6.553127118491908
6.553935150667408
6.534832373216903
6.5342145698091825
6.525102768764613
6.518275185436328
6.537672392110767
6.5447872886260425
6.50808618078946
6.48010882548923
6.483513428776786
6.474928498271351
6.474431310675835
6.4834672548961105
6.48531285527505
6.48270445912121
6.502445157551089
6.509553718720725
6.50923474755206
6.497103737904747
6.479688431757914
6.468359643686301
6.457607624139692
6.442955429777792
6.460973366484787
6.517484383971085
6.4756397927346505
6.4632763333497945
6.444876345852112
6.432812614151167
6.42118582178135
6.424296105125888
6.433497584628455
6.426618452267485
6.410757076609961
6.421218570324955
6.424458803543294
6.413093621625023
6.411751104828529
6.422134585564647
6.464146555257489
6.464466332683231
6.475089558183099
6.483830832262312
6.470897747086341
6.4781394620443775
6.480587441373301
6.479831064335468
6.475046558810612
6.48613685237681
6.490041856422333
6.513409640931372
6.51781728294917
6.527330230655844
6.515548644755677
6.500812449743858
6.457791846717493
6.469808373176998
6.465093917816809
6.477859621419701
6.489896805605036
6.4904963306368915
6.487741864933037
6.477102233161462
6.477118836688325
6.484512979372933
6.4687913167319735
6.45553622304365
6.448600030170534
6.441599909202318
6.434648262971239
6.408679609711556
6.409274933239417
6.404867411585252
6.399225751249101
6.396259832456051
6.372064133640677
6.370230156099477
6.354926226950171
6.358367129035565
6.339629158404682
6.332495110446503
6.290304731589032
6.307994635204593
6.285311218912838
6.286865634549815
6.270151561880399
6.216833782615377
6.166931280774031
6.166848984745551
6.223322044505693
6.217551852172652
6.1980651516082235
6.196893511992659
6.269110881715063
6.288160882655026
6.286156854010468
6.308287537060003
6.32300230931259
6.3193477011334105
6.32147192854914
6.312539951243513
6.311137639136664
6.303535450829377
6.282099020060269
6.2805568052928775
6.317874596699476
6.337190453914088
6.342121727479056
6.34011827700407
6.338562832690866
6.340122391510473
6.342391321784977
6.351410577469808
6.3419849293399295
6.3438710240296174
6.34023338537901
6.32446452532378
6.281875845406602
6.278848985355871
6.2799662700249135
6.288037701297825
6.308942061756725
6.324154838249379
6.324424776798556
6.293414695697592
6.278589257205705
6.284616610761011
6.3094394466543156
6.2946410967495705
6.278734619627191
6.266881296563545
6.324663966910851
6.352331356150019
6.339089014780654
6.336704350009739
6.3282388531071
6.307603422856243
6.311835715068564
6.304045211572718
6.347555498936164
6.371026570344018
6.378735050890857
6.380873877186601
6.355246969109876
6.37930460193165
6.382980974131409
6.378979840025382
6.354557981090256
6.291301648436884
6.292409028851045
6.276961908576349
6.312917248478171
6.304881864839777
6.311196397404244
6.337117240791006
6.39296051669939
6.441235131423191
6.443283180176151
6.430311158134044
6.428710647447802
6.436485514400496
6.43457142061196
6.3745591179394205
6.341492300054165
6.34111549831801
6.331068464704877
6.33272123557835
6.349207192614376
6.353648559157783
6.356301221694799
6.348207726696348
6.337015026115539
6.335521744917176
6.325200679074433
6.322237335320759
6.309717663865063
6.300779489903264
6.271270533019704
6.258480213590089
6.283382089005486
6.3104461337853754
6.3154209252554585
6.322131552024696
6.363890986136982
6.36727013943577
6.36046213391893
6.349738382263158
6.327233777841031
6.33990637332865
6.348115327938763
6.348348813222585
6.355885647970994
6.356367337616516
6.293971282194564
6.297303481241211
6.259388026914102
6.272324751228345
6.270167059489615
6.272267200109796
6.290749335770696
6.29246469028197
6.288630917300762
6.307215446177602
6.310801670733286
6.336658313569925
6.389871164048632
6.402456920756864
6.444355440867323
6.448099120232451
6.455960391795272
6.441336585019238
6.423891471963382
6.4251146841225415
6.415632227700314
6.42086047695059
6.424800093350357
6.430848226400556
6.424561382181255
6.414180686166615
6.420937947856252
6.4243683046856574
6.423383845796349
6.4113863688691834
6.413143204947769
6.3973953240567285
6.39872460645301
6.399589671438533
6.397582559807693
6.396423460430853
6.381039160666054
6.352463574200814
6.347860386081841
6.34521537761757
6.350512567004557
6.358838451836242
6.332495094127061
6.276453473009629
6.232864743129365
6.158096911274036
6.156406780353214
6.291453215395928
6.334054407562756
6.381143406288468
6.444164422463021
6.452785639534813
6.443735173695843
6.419848572563817
6.409643457193429
6.403568607107008
6.37370941596033
6.378148180719717
6.37694517686018
6.37891823022116
6.37756497089652
6.378862873783166
6.307471678848413
6.286390299017258
6.26462207374755
6.268644713176045
6.271756744376351
6.297603794090133
6.306707152828009
6.309635230231482
6.310514169954634
6.2978699597062615
6.2893169209490205
6.305599074284285
6.334751487000301
6.346800389577819
6.357229838871074
6.357056136822796
6.343674821949468
6.326550701492477
6.296776552421726
6.101179048619124
6.018227922169733
6.016009655890906
6.082509742702475
6.084530493517525
6.0832212854913035
6.06147982583678
6.025341806346213
6.007675075341093
6.006494515776577
6.104909583484828
6.103457224191554
6.064561941846476
6.071865598192793
6.073891543663123
6.0696352550884
6.076828589777016
6.042386395500813
6.045739275967931
6.046098113441096
6.1860438055499944
6.19766980964335
6.201920846976734
6.172927246767511
6.119709847534
6.0820676241229
6.062467942077832
6.049333549670555
6.2155440552265
6.259619320196827
6.281958310712117
6.289720846405523
6.29124580370384
6.29666971968349
6.303613438879846
6.303306426486361
6.301938704841983
6.316033315748076
6.348912850413447
6.356048433407289
6.363973939278831
6.365868258435262
6.377618518871181
6.38061572568706
6.369027269249961
6.364358334183084
6.347246838813648
6.338552414892654
6.342288262415332
6.342635912722346
6.344183143316296
6.314632692576527
6.304754034412383
6.295199019737699
6.294621013248806
6.279610593949604
6.278774695276783
6.298792179044524
6.307685500630561
6.209195440305857
6.182762818477749
6.149439948195559
5.980372561322227
5.9039709018435556
5.906485198574655
5.960353151592944
5.969019396697851
5.970554703683361
5.958196343252362
5.941239376820333
5.924019257875777
5.9262246964426595
6.036526955180907
6.036053761336639
6.03216036699641
6.030931057923591
6.029182951094475
6.021084427901093
6.028819487609746
6.015860810493846
6.036119232415343
6.036128527558212
6.161632406802244
6.154695003993233
6.134655287525708
6.134336169931735
6.150711871270386
6.1768795240175125
6.138769382192023
6.09038901276257
6.092922107052125
6.1206642491897805
6.129286561366562
6.035392744686987
6.02856325610052
6.045761148832647
5.991598377186837
5.94454989106476
5.9526169087838126
6.157787787801286
6.157872687657683
6.144910495385104
6.144756795417719
6.170126760596348
6.204189626450038
6.198433030787818
6.200865931443171
6.200505105977927
6.201012298088991
6.1962956624657
6.193369834797002
6.182564312744256
6.205816551910943
6.190317213598566
6.2579458447922045
6.296402517489824
6.316996000610441
6.304506554235257
6.28961541897513
6.261387702777964
6.267053233769108
6.191135435997939
6.192950628820227
6.209233445405891
6.237920890319142
6.241221584178352
6.239992834940931
6.228059606055599
6.2268067955990105
6.25094533487352
6.2674064721038185
6.266855171666099
6.274996470230425
6.272431083051538
6.26021875631191
6.244378388542619
6.239755941101599
6.238027773553954
6.239201937657192
6.237431404434463
6.2539410155141315
6.264870603633175
6.2797074333617315
6.250971371866745
6.245741070689731
6.230429512391855
6.2137429070901256
6.195309569649927
6.224626543545402
6.214136835228722
6.185634019303798
6.133384743821179
6.111791839048401
6.10449745048124
6.085587156606008
5.984328317240968
5.980307668179705
6.005847802049445
5.95123167931097
5.917361720607625
5.921150848355279
6.109121948746061
6.156442096319104
6.187495810905729
6.187925816094572
6.193640945058549
6.205075720329597
6.212775023316197
6.211903774273102
6.20879336374886
6.20813280086807
6.196420281286285
6.183947463166012
6.172614044840983
6.162548875586906
6.181039765854498
6.2428931979710605
6.27866685165339
6.295011539134353
6.2628825323979855
6.250470038274034
6.19299083657184
6.178077604772469
6.1673459903132555
6.181713024437233
6.2229992987387135
6.252403553221652
6.266583958367552
6.266087963099818
6.290926655870772
6.2985469540722905
6.246365151579584
6.2325367732072054
6.19333962423356
6.114010383203676
6.132228410049877
6.134332385154357
6.129696332402582
6.095363336626851
6.221130012394216
6.245879904078055
6.2970405409587125
6.327194612605907
6.343303822181795
6.34968289369389
6.355875424115194
6.349942735642338
6.331199001492125
6.307048343277737
6.320021762953786
6.356135071144419
6.357062834145531
6.345875232137368
6.356897489901316
6.358160863541892
6.35293296807878
6.325033618662014
6.281464124085281
6.281584117694009
6.291893125640333
6.251579914369713
6.203836046005435
6.1325450353333855
6.098000381507744
6.046917196774183
6.0616433821319635
6.0674280165432535
5.7996975645968165
5.801685536502601
5.801021282948245
6.136072171724295
6.225074828338568
6.2722779264856845
6.2826594644811005
6.265855712203512
6.2639289010065795
6.243003037929425
6.2429612190904
6.320807242168743
6.333801960406938
6.3519322892071655
6.3450538582145155
6.345833863972915
6.359666262993015
6.349493296623621
6.34845844559348
6.3342091788394335
6.355970626424421
6.343405448093385
6.331200035742732
6.307702753586716
6.420057476264855
6.4125092963514705
6.371333885090994
6.366098236126642
6.336427917520121
6.25936708419037
6.280276034172929
6.279317575716022
6.281299318453961
6.2469375172230475
6.362627678614314
6.378549979927096
6.405870361160411
6.419373361415408
6.413418333859255
6.403099143572081
6.40690148686566
6.405443033131604
6.346302950235892
6.343636663137475
6.308704567419919
6.2454082462035165
6.250060785185317
6.277020783178418
6.313611010477713
6.3147133299045795
6.3267077398957445
6.324616779199435
6.334659902600075
6.3324116829552475
6.338192121528132
6.316218046405867
6.320306273403374
6.3151896401546095
6.342547326556166
6.357071256319129
6.362303010500206
6.36788683873965
6.365141551060186
6.37304419327272
6.373452347043531
6.470950923095239
6.483389268350566
6.493991535303054
6.493996480883698
6.504448368400051
6.507535491268416
6.52617972754357
6.543807473746275
6.559698638801521
6.562448770983411
6.5469831495626645
6.52691274180141
6.518078210348797
6.502148960683663
6.513203399771433
6.5278978158449625
6.521831151438929
6.53874954742155
6.534357132697452
6.518845106860466
6.496836282406845
6.594889964896226
6.598054433762149
6.6030911997822495
6.600953801849095
6.596542894958328
6.591051241699145
6.587001752261431
6.58307021369178
6.574862771454813
6.569931564782062
6.511901587758092
6.499627878593033
6.468671332377779
6.445468198616172
6.448860792390832
6.462638065402588
6.459476439410607
6.444628825741502
6.4212386039226335
6.410838477623017
6.406368867362577
6.438324410815416
6.4367786610893605
6.434075430442179
6.382124749836447
6.330566725644994
6.281686949725918
6.2417429257044255
6.213948700677526
6.23673418861595
6.244280702587701
6.156407594817068
6.150387250225496
6.135335436149587
6.160070371828353
6.174499481333182
6.186890994595087
6.209870283077563
6.223623453836287
6.218264898027183
6.224676869309488
6.287922705473571
6.288150059918157
6.29157774797189
6.30576516778913
6.298606606688883
6.262609838825322
6.236991960999437
6.250193331871867
6.221362550654332
6.222375002038474
6.2317789595080075
6.150204747893437
6.154630410916892
6.16250154975113
6.1465389170417195
6.143128393237052
6.150477638432195
6.232421893436382
6.217541758862864
6.209407721273012
6.201360060214554
6.192305784485037
6.183273387820209
6.1909887572457
6.231590272719683
6.238156112940639
6.232216688347644
6.223285172040057
6.213726451485173
6.225810385860735
6.232319048769695
6.248389041395605
6.311332861691193
6.341895029056056
6.338301789503451
6.338005056932285
6.346288589626594
6.361778670962509
6.32076321141113
6.3241571721352905
6.308716315077695
6.315266950048718
6.340276830951762
6.358281145607065
6.392476038267133
6.381601890391586
6.368951871668909
6.376928623790107
6.425285623967884
6.439201754440964
6.449325012430252
6.452575897664841
6.459664222229387
6.46626254486693
6.457471249286373
6.451269414319188
6.446509031702102
6.445993285260628
6.4452325743032395
6.445339044301825
6.44522659397001
6.44571130533785
6.4357528796131245
6.390946301507048
6.370608201801311
6.362585414970315
6.387736088487838
6.36452290239939
6.353618125730343
6.380247866061182
6.356393567132468
6.344103802763276
6.34450348362554
6.2814309856060015
6.259955696167234
6.211016673154156
6.169009724509808
6.176029172737377
6.161531753664217
6.155090944318164
6.133968603308357
6.118648344580131
6.1041789566265034
6.102738250296407
6.086615805393929
6.091341094335126
6.120286939293267
6.117334304454109
6.117334304454109
6.121477778475411
6.121608208111951
6.132000275560382
6.125182132939332
6.176036957975417
6.216394556272368
6.2324985434128335
6.227040529644039
6.150050970543308
6.133337400898468
6.158399897814353
6.146704251708303
6.112534772720771
6.117142179045471
6.141830153751662
6.2518543747370385
6.317253041698197
6.317131383837729
6.306382479611937
6.295610236785768
6.27671793660233
6.258350825038896
6.240570490051697
6.1552359477623035
6.257538545730151
6.255649852194059
6.258103662753024
6.220341622215879
6.296060328867717
6.316264239558415
6.348820683807712
6.366974241741524
6.416860699030843
6.415698963577276
6.456263605733084
6.455969072498498
6.445097301390496
6.457876155001545
6.477519437047899
6.496831671203624
6.512871333069786
6.481654321420919
6.486346111757183
6.4832544144281705
6.483637274634081
6.497619662443765
6.498772671656398
6.451336300158998
6.372376645211954
6.358535459169809
6.356842937218414
6.356842937218414
6.356136593518014
6.356397282033195
6.314268959544984
6.271859165589618
6.253507333581754
6.288833854219896
6.3112129820324805
6.292750477745416
6.294851126860666
6.312223974805352
6.304036621555606
6.323922799975661
6.328191277920678
6.298994094199746
6.296151873381693
6.313084240547749
6.301748185662009
6.288769248117092
6.224154446540862
6.233219028765132
6.238899621125329
6.257966338311397
6.2416300561241105
6.246974674023327
6.295039973781849
6.41399720885552
6.443006316993166
6.414547688788114
6.433272178898629
6.433364288025701
6.441793962882149
6.45137224277968
6.467289198403535
6.464877225278078
6.556626098614353
6.574744399528439
6.568021670978789
6.563440090697511
6.57895703210334
6.586091297055201
6.57782971946443
6.579747302086201
6.576525759407342
6.579232094049975
6.589771709248152
6.603352370873511
6.595004911063709
6.627711880596952
6.6262897299607975
6.628498805462386
6.582250781291476
6.575309232581566
6.551465320527249
6.547112249221696
6.559295801595135
6.587101025539015
6.587366944972735
6.579877461416645
6.5764749233306
6.5309515130895655
6.539909384520523
6.539365729542276
6.542723147215923
6.500338624735679
6.50444862571417
6.48045835017921
6.463158206324722
6.497337746606154
6.519087814442114
6.538588239843236
6.539134568712663
6.561101424257612
6.564737651609821
6.560846294131357
6.562839174929774
6.557048723056558
6.515533586737979
6.535358078226507
6.503624838444611
6.48145093409805
6.478396637328985
6.474357558327406
6.4847568412059005
6.493399399575314
6.48911253166534
6.535955302782524
6.538033978350138
6.595769681355342
6.6000303067749835
6.616352064710491
6.59866419632249
6.65761797221576
6.6476392587992645
6.644336840618401
6.6466056539966605
6.642806781929948
6.637766703456808
6.634197892194174
6.637845787291888
6.630554155916065
6.601450552874632
6.597118294428321
6.595202094137453
6.590601244504583
6.577375509688341
6.582832827963519
6.583562734400209
6.564859566181814
6.550769820607748
6.514119060075213
6.518964527034728
6.528064403917133
6.520610814935861
6.513692631232498
6.501280850398379
6.497520130322986
6.482060891038791
6.4828632284806
6.440065862933748
6.436254071310578
6.41422835163886
6.423272256401573
6.228196516576615
6.225179618276254
6.220570836781894
6.174171534345319
6.174872418369674
6.3478151482810485
6.385673400868187
6.39217685559169
6.418872651630306
6.449109697826949
6.459454918496369
6.450174800746755
6.4499206754426
6.435958754292545
6.424391823501017
6.426488102591552
6.385110677426461
6.367376152169704
6.3317146917411335
6.313229902868286
6.289196091528594
6.289644171001607
6.287833201442648
6.266982132095077
6.2521522852476545
6.293890144275595
6.29500416073011
6.334803812057852
6.337797713809233
6.347736061525574
6.313208119041533
6.32673451473021
6.299129277454608
6.298261649872866
6.313895112733218
6.336616191793823
6.323408063985117
6.305507276495952
6.281813330557478
6.258857177546061
6.280576043489914
6.311236652580428
6.3362102169616525
6.351729800073906
6.33602303764927
6.3381230362291685
6.353246964620216
6.3340598640958286
6.333581527288102
6.3352733524398746
6.317023407129971
6.318226044306091
6.332327501474679
6.353543292040084
6.359683754493028
6.358945917869607
6.373475332448111
6.377219831382744
6.398796238522821
6.401478890649878
6.377345975491051
6.389872992279701
6.186361107961774
6.183323092538684
6.175876689022502
6.1621901537382024
6.1368346964197995
6.30415617028148
6.337111204848563
6.329201925203816
6.3645749407269525
6.394051037016447
6.387143267191349
6.3701030880818434
6.357819184748775
6.4392091404610525
6.464880996202277
6.487878784695775
6.496962778204426
6.512652256200599
6.523273213422494
6.523689211237871
6.523119728030984
6.515902395882857
6.489952657211887
6.4662056704915845
6.466224779548027
6.46002200178388
6.458492894492667
6.433377579844197
6.413007551464724
6.407767512439335
6.413818531108095
6.4161343470818935
6.42507322046733
6.439468554366437
6.457273708880062
6.482952971927816
6.468627914880731
6.45740997101006
6.4663004396236055
6.443793930744886
6.425322960975103
6.422716894612456
6.419754888341768
6.419482142842773
6.3458308023918715
6.328245879598128
6.243699278778331
6.261359574548318
6.241220470907644
6.236929081120839
6.252215212230877
6.3091066701026906
6.321749205667961
6.303766916829516
6.301410850331817
6.376801308522011
6.389223191590824
6.393094064707444
6.4067296629467325
6.408806633802929
6.44796541584234
6.447923598088138
6.430589065703978
6.4100439305019625
6.384251393984442
6.366862189886826
6.332714184276447
6.331594709037758
6.329711428451127
6.316754911369184
6.343937052570059
6.349128790431052
6.332457093701319
6.340495942132683
6.322377264548593
6.279020456587635
6.303037385196276
6.215820501509767
5.826248078877782
5.696213586227964
5.865513123444025
6.050048127861276
6.044097083977178
6.0252076223030695
6.021650084351781
6.023044151371066
5.938211324395816
5.9841847995618345
5.985550578957949
5.981024949871281
6.023280919924823
6.208344256787426
6.294970153338521
6.365448701918036
6.432391690480782
6.467617884352127
6.483976299840117
6.488131446188371
6.488735841103629
6.506308381345173
6.5031055881514455
6.484688405832809
6.478501909096078
6.501133367045141
6.494612188363326
6.4980610433799955
6.515832484909068
6.501887876163588
6.507679796160678
6.49294863044943
6.487420151266619
6.488403500708697
6.5066582932218475
6.516205984339513
6.5073187760622275
6.493255208596309
6.487726932299838
6.4867435409914265
6.493431156235076
6.490727040734629
6.507865625922476
6.555610599437096
6.566114674420517
6.530580540382349
6.514855630504572
6.489689471042057
6.439364254516412
6.428389070627021
6.41758673829807
6.433959292777198
6.431282371441517
6.427167039577577
6.425923720785749
6.444995565736967
6.429778799556366
6.434579200227622
6.428560313064352
6.361579055516068
6.362389394335739
6.251219519052183
5.854335238901504
5.726634695135426
5.891571791090651
6.062986970905057
6.062021634601034
6.0527379455497305
6.070549559625747
6.0712816238112675
6.074056031983086
6.167515540895836
6.170425273876629
6.147331032137748
6.1828578049628575
6.375962572861743
6.390405820883457
6.403986556160134
6.431965606898461
6.456528422371299
6.452547984586163
6.44380672406358
6.43390395424743
6.418408196054109
6.418786243495467
6.418454540159165
6.3744366324058825
6.370809440886473
6.348102562595485
6.322330027310813
6.318134159316332
6.299403337465503
6.291248513245414
6.259426906559876
6.229792728602763
6.24829033046893
6.263855123811003
6.268559475435483
6.3049780770020725
6.232234280383868
6.22452329052899
6.294480564083102
6.282805636983359
6.280418206469022
6.289497601797928
6.330065997238958
6.330745773913146
6.326502640213666
6.2146350784314635
6.21098332372431
6.195280426445329
6.2671213090508395
6.282444371653073
6.291091282985976
6.2902642925879535
6.299656212590341
6.312179729575595
6.326729178959574
6.324831753985418
6.328405676451879
6.333281107344001
6.333281107344001
6.3471988407018465
6.346472743543252
6.36168732943367
6.437233642982027
6.453304006490015
6.4554902846630196
6.4499527587872
6.435567079763272
6.42569935712335
6.435111845543498
6.308374069618509
6.30156740298228
6.284126348629938
6.291981124220857
6.290735659468389
6.356166320013585
6.392088062201871
6.338173422006687
6.3423207361941785
6.367780487176874
6.3822623625844495
6.374800815167491
6.398286325985419
6.406781463569508
6.397565788499154
6.4262079875620115
6.436781763917409
6.436272438922206
6.427837887546066
6.413982736497927
6.414020535567227
6.391864130858628
6.3970316596933765
6.398577322278417
6.389917681516121
6.387854070748465
6.388558286848098
6.350726025234173
6.37416309501179
6.361133954839421
6.35234371695946
6.396693485756616
6.403645236873572
6.404977376954834
6.40565617233687
6.405326652008266
6.400484161178675
6.391387871478093
6.419169675777055
6.412602035846486
6.409132918135972
6.395628377056353
6.405858604599269
6.386202638252786
6.381766277217946
6.3814989222027805
6.338089370315548
6.258531021250233
6.267048597532727
6.26999632432602
6.268519531184188
6.336838989200846
6.353765941512387
6.345161637967803
6.38799378959453
6.3880266381449875
6.387662224018797
6.388784545853259
6.389761607701052
6.311142407895408
6.308294308433029
6.325796603086445
6.274801993963574
6.343610357353126
6.352574134064542
6.344708550374071
6.338819054793318
6.331581217930853
6.357349411719816
6.3075079734483825
6.32964416405318
6.335611737691741
6.3333141621638696
6.3611723392878705
6.361826088411963
6.362043539925638
6.389418268886354
6.433700330554584
6.461270299358371
6.457273464587485
6.479190159499592
6.482911689444313
6.485324014060002
6.488312097272266
6.496433588701728
6.493675787296567
6.494888774582884
6.493666603345124
6.498723334289599


