Rainfall Prediction

588.3438769479358
577.6195730744058
593.1918449015036
606.396773516423
624.9957289870234
629.8903588857568
638.5132999705852
639.9359064398684
644.4764875704963
636.0056637290417
619.5558927178553
612.1313209704335
612.8714502662424
613.0074951120993
617.799279308377
633.6560645689777
630.2056894713958
658.8601927702846
708.4314831617133
580.9605323597144
515.4220874351408
443.016386546774
258.3911098249458
242.3393158252001
250.82606090395427
267.33443215067257
259.0590421681914
265.13503249978555
307.14942920916565
311.8636811124899
320.75338821970723
426.5834694126771
385.8711949083349
303.74587816570516
232.22049758497928
172.71531418642726
165.80897036545963
149.1033043409913
153.28514255025127
133.92540082081348
141.96629410044844
129.3726261945254
300.66431869292586
303.9623547871989
307.7656833372354
303.900257727467
344.6750709659466
368.82399419569526
521.212123241372
555.459990559671
709.3724096447918
710.7777549001727
713.373096882969
714.373096882969
709.3239871578534
709.305870204914
724.2964299658355
724.6234149173952
724.6640659104277
740.6953869228203
732.3965542078695
733.3989991882842
744.2179629899811
686.2914344398712
687.369034959018
703.0028319331315
712.3962818656152
711.6865241909592
710.4211321314099
704.5771090521278
700.906080057679
669.7940304271995
669.9330470076003
492.83681908272587
489.1685123378259
484.9530096905685
486.86990874240615
458.6490775124914
450.2929066562895
381.9852510792986
373.11532318214876
214.09084528569437
208.5079671454701
205.59244398056947
237.7249865872667
238.7272512647316
237.68140087872445
220.38102253557523
231.21687593862737
227.56344745930014
211.4612799586541
214.9015865105783
237.4777822381887
240.57527074764107
240.74745161702438
252.5484788426472
242.03784188710935
227.31748784548267
232.46660876297568
236.927926586487
244.0461895228435
272.00941866492946
293.2463307593483
291.83218817950876
320.87405070274303
321.82025451118875
325.67365671248547
335.9481160813393
294.1173618624319
287.8782956197777
173.83800874933775
142.17962964005702
145.33946888758183
149.66346642543024
144.94368261568945
117.00739541972519
121.76791992726281
133.99003434710238
122.50993411902624
234.12609622765012
259.2608441235798
364.4526352390213
374.7131137100937
303.14772054274164
257.72159540151085
256.1500715192238
269.2903775183374
257.3423796790568
254.0503796884525
249.88699804358004
219.5226281595118
213.19305945891364
201.07363053073163
202.02438880739743
204.70391234898455
224.28290530115217
341.27777489375404
440.7859114161024
502.0355708978427
502.95361292912185
500.27344112815763
529.7893400001666
532.5887609386493
525.806467940488
570.9270533480194
634.8818078602037
701.9754608788463
708.4177358869563
696.6123044137416
697.3108465121228
704.4659757114196
839.8838830760078
748.748791450404
725.5720443898202
725.3410773425849
724.6553340613834
717.0610559005744
688.8649882704632
688.3616712024059
687.8694065994407
686.3041218769753
703.0558055757352
701.5793580848991
700.9457403197571
704.1536720403997
701.0870859261665
679.4397423058222
564.6146409457787
463.9406857814914
399.574682330546
495.5919449177816
497.2735803238863
478.63445989049285
457.73049468594564
444.3460354091361
391.7311449471644
323.4000203613132
247.4804132161485
234.3714756124373
248.00141414598673
259.44654054007106
273.7369224779825
209.3933961853147
204.9482214147581
248.99387082750226
316.3886504474439
332.8324157658579
355.1824910534669
355.5880168017402
380.7069065274776
388.27716146648305
395.91454125379875
394.30972326347603
388.1036820755567
386.06808630045384
385.1135722491327
383.0838500013409
386.97301129311836
390.0163629181138
391.40736844735574
392.24870328906604
306.2520291714612
299.37863865692765
342.57822966687564
346.17293383283675
346.40131374684205
349.6633980660939
350.01689969833535
349.66194572598596
359.32156812054524
343.56311607733426
329.5874685090543
297.5547212399428
228.76795026668796
214.46787233143493
174.41517616375918
114.79326034462404
140.06866103243874
131.369008397831
131.59491121298495
105.71703492111881
224.38857038490244
237.6332118601799
349.5769713875739
412.0369237245441
410.37971190123636
408.95997746625324
403.5615533891905
396.9862002000646
397.79938647326327
394.5398049367481
514.4166993042982
567.531739796936
569.5273504297838
528.2319508791641
589.5516928684655
597.6364562615078
640.0612254158079
744.4369836374569
786.370097828943
824.2904583920582
891.8940555780555
893.0772816774507
893.2299001157902
893.6811707826791
894.7093065991269
894.0594234000622
894.3900813632999
862.9623081658762
854.1331179813665
859.0568451141352
859.0885717179207
737.217090436719
698.982748575888
678.5972992219306
615.0470189144398
626.8730561251118
626.8069409287898
627.2281636247428
627.2281636247428
627.2918009951002
627.9721323731449
573.3447264807872
529.6222286108937
528.9332638108367
525.4795458105049
470.4507208442354
478.0805280057817
445.4768486790696
508.8997476040395
479.26253333378065
459.9298969552453
417.62267592303743
927.8894408350534
968.1785408934029
1014.2258595366778
1001.323718335349
1072.7420994111026
1031.2464467315306
1137.2491177443085
1136.3095487753415
1125.6825242191528
1105.890600889331
1105.4538838359827
1150.90777273689
1005.782285919777
1033.2329451424325
889.8660841368719
920.5647687977553
958.5498943686563
984.6978694091415
987.4540150879553
1057.8226820269308
982.6986493048636
1003.5426198386938
1068.2893932868112
1085.33356810839
1069.856802430515
1045.249862943847
983.5327014151788
862.1853175552728
929.2525206301033
914.1204044124875
945.3089751043152
524.7704578256925
531.1032428590773
530.1064531534853
641.148742812075
693.4412137087957
755.9995188443105
810.1337412333406
863.9086725281675
872.052878933043
852.1126802207549
1082.270835974939
1168.5716140988216
1242.3428891732246
1249.2205545848017
1250.5025840991318
1208.8646282344603
1150.4542384269857
1261.0862837673844
1272.5537812279865
1296.129782075151
1272.9933713956912
1253.0438366046471
1239.6220491126298
1230.5057933781684
1313.7061259839359
1313.713937415449
1308.444380120065
1250.084828876102
1223.625732096448
1228.2664743431385
1199.325896589605
1172.9473614127542
1239.4026305154453
1284.0139423319006
1193.63092002049
1113.410651409045
1043.8788959790952
1015.874196107326
987.1167717289081
986.718400187102
982.3862966486819
739.4107999977209
688.0243042913863
648.0225112573844
652.3424065466354
654.5993758858913
703.1583129315233
702.9030632187624
585.8824688234283
633.4925743549009
518.1906322212426
527.7025603834255
632.305229800667
621.9764443938542
616.5315223492364
522.5735596520929
523.105735781611
523.4491983387545
531.2274579182008
506.89056053735135
501.4727802928911
498.31196495071435


