Rainfall Prediction

929.9384890209074
949.9802498800414
1001.2198096652577
1147.740690094825
1268.740690094825
1249.5011303096085
1255.0220107391754
1225.303331383526
1252.261570524392
1151.9802498800414
1080.459369450474
1067.2198096652578
995.5011303096086
1025.0220107391756
1102.782450953959
1035.5011303096085
926.5011303096086
970.0220107391755
1102.5011303096085
1024.2615705243918
850.2615705243919
1040.9077335313611
939.9494943904949
826.2308150348456
749.0330161087631
804.595657397464
761.8352171826808
710.1165378270312
695.6374182565984
664.8769780418148
770.8352171826807
714.8352171826807
536.5538965383304
440.03301610876287
459.033016108763
372.03301610876304
240.99125524962903
304.5121356791961
183.70993460527853
179.18905417571153
315.7516954644125
222.75169546441256
195.75169546441256
313.99125524962903
295.5121356791961
222.79345632354682
194.55389653832995
145.55389653832998
44.79345632354649
0.0
23.31433675311365
0.0
0.0
0.0
0.0
0.0
0.0
38.0220107391755
0.0
41.938489020907326
43.69892923569089
79.45936945047438
205.2198096652579
314.98024988004147
314.98024988004147
432.54289116874236
545.6264128870105
523.1055324574435
600.5846520278765
539.0637715983095
543.0637715983095
574.0220107391755
575.5011303096085
595.5011303096085
547.9802498800414
567.219809665258
572.6989292356908
600.4593694504744
638.4593694504744
559.9384890209074
489.41760859134035
672.9384890209074
632.4593694504744
536.9802498800414
599.2615705243919
568.7824509539589
477.26157052439197
581.5428911687425
571.5428911687425
507.54289116874247
606.3033313835259
662.5428911687425
829.0220107391755
755.9802498800415
649.6989292356908
714.4593694504745
802.6989292356908
585.3758477322064
625.8967281617734
702.1780488061238
644.1780488061238
642.1780488061238
710.1780488061238
712.1780488061238
816.7406900948249
773.9802498800415
789.4593694504745
905.9802498800415
889.9802498800415
994.7406900948249
1027.740690094825
1053.740690094825
1043.740690094825
1066.2198096652578
941.1780488061238
1033.6571683765567
1179.3758477322062
1325.3758477322062
1326.8549673026394
1321.094527087856
1301.3340868730722
1353.0945270878558
1370.8549673026394
1066.6154075174227
922.1362879469898
1001.8967281617735
849.3758477322064
708.0945270878558
634.5736466582888
572.0527662287218
587.0527662287218
687.3340868730724
707.8549673026394
663.8549673026394
580.6154075174228
520.3340868730724
526.8549673026394
473.13628794698985
479.3758477322063
464.85496730263935
340.37584773220635
404.45936945047436
340.45936945047436
359.98024988004136
405.2615705243919
421.2615705243919
306.7406900948249
292.9802498800414
363.54289116874247
332.78245095395897
392.02201073917547
386.02201073917547
413.0220107391754
400.7824509539589
481.5428911687424
431.54289116874247
487.0637715983094
581.5846520278765
585.5846520278765
570.0637715983095
558.5846520278765
552.5846520278765
585.0637715983095
602.3033313835259
636.5428911687425
590.5428911687425
611.7824509539589
679.7824509539589
644.7406900948249
646.7406900948249
638.7406900948249
576.6989292356909
624.1362879469898
564.6154075174228
668.6154075174228
671.1780488061239
610.1780488061239
650.6989292356909
424.69892923569085
395.41760859134035
343.69892923569085
258.69892923569085
309.45936945047436
234.9802498800414
232.21980966525788
253.45936945047438
209.41760859134033
333.41760859134035
204.13628794698982
167.61540751742282
270.37584773220635
325.85496730263935
321.33408687307235
337.5736466582888
365.5736466582888
275.5736466582888
295.5318857991547
400.53188579915474
452.5318857991548
416.7714455843712
466.7714455843712
486.7714455843712
501.5318857991548
458.7714455843713
458.7714455843713
458.7714455843713
414.6879238661031
413.9274836513197
447.9274836513197
423.4066032217527
531.4066032217527
432.84396193305156
443.84396193305156
455.083521718268
432.80220107391756
456.5626412887011
456.5626412887011
456.5626412887011
361.32308150348456
426.1252825774021
385.12528257740206
352.12528257740206
321.1670434365362
285.1670434365362
250.92748365131968
249.92748365131968
287.9274836513197
130.77144558437124
76.53188579915471
182.57364665828877
89.05276622872177
89.05276622872177
105.29232601393825
130.29232601393824
160.8132064435053
235.57364665828882
235.57364665828882
196.05276622872177
286.57364665828874
219.57364665828874
183.33408687307227
183.33408687307227
179.33408687307227
152.33408687307232
295.3340868730723
381.0945270878558
440.0945270878558
495.6154075174228
552.1780488061238
574.4176085913404
517.8967281617734
566.8967281617734
512.8967281617734
560.6154075174228
962.1362879469898
880.2198096652578
989.2615705243918
980.2615705243918
1047.1780488061236
1073.1780488061236
1100.1780488061236
1083.6989292356907
1077.6989292356907
999.6989292356909
929.1780488061238
915.4176085913404
826.4176085913404
825.4176085913404
840.4176085913404
915.1780488061238
928.6571683765567
965.6571683765567
996.6571683765567
948.6571683765566
1007.6571683765567
920.4593694504744
863.2198096652579
887.740690094825
908.9802498800414
841.9384890209074
871.7406900948248
860.4593694504744
905.4593694504744
919.6989292356908
898.9384890209074
576.1780488061238
543.8132064435054
438.7714455843711
447.7714455843711
453.7714455843712
405.2505651548041
458.2505651548041
468.7296847252372
475.7296847252372
531.7296847252371
753.7296847252371
1161.4901249400205
1277.9692445104533
1342.9692445104533
1363.9692445104536
1646.4483640808862
1695.2088042956698
1753.2088042956698
1901.20880429567
1958.2088042956698
1978.9692445104533
1909.9274836513193
1990.20880429567
2004.9692445104538
1870.4483640808864
1895.4901249400207
1922.4483640808864
1901.4483640808867
1914.9692445104536
1880.9692445104536
1860.9692445104536
1857.9692445104536
1861.7714455843713
1865.531885799155
1820.0527662287218
1839.8132064435054
1850.8132064435054
1843.0527662287218
1774.1362879469898
1769.1362879469898
1709.1362879469898
1548.8967281617736
1234.8967281617734
1070.8967281617731
1069.8967281617731
1061.9384890209074
671.1780488061238
570.4176085913404
441.41760859134035
324.17804880612385
208.93848902090735
220.50113030960844
100.74069009482488
154.45936945047436
166.93848902090735
155.69892923569088
224.65716837655683
139.13628794698982
167.13628794698982
127.61540751742282
188.61540751742282
215.61540751742282
169.8549673026393
203.57364665828882
189.8132064435053
173.53188579915476
180.01100536958774
263.77144558437124
284.2923260139383
226.44836408088665
183.20880429567015
233.25056515480418
300.53188579915474
267.53188579915474
356.5318857991548
392.53188579915474
410.2505651548042
408.2505651548042
455.0110053695877
519.0110053695876
471.0110053695876


