Temperature Prediction

375.9472505746238
373.7775118068431
356.9337154770845
354.6928072522212
345.2681471469003
338.9439338256082
338.9439338256082
336.3053746181674
325.01219708290984
310.9332528934376
310.9332528934376
315.59203763681546
344.03246222421296
345.5749125454768
343.72135179670863
343.40935207221787
344.03246222421296
363.1537217279094
372.801933339814
379.022232628502
406.54213991624727
406.54213991624727
406.54213991624727
410.6172183429089
419.78935317332736
419.78935317332736
419.24027807134587
417.2136379106049
406.9342897155387
406.9342897155387
406.9342897155387


