Rainfall Prediction

891.4088219822473
966.7004487330898
1058.9017141976574
1165.8620666071895
1256.9104022819233
1293.7041000825843
1252.2505439743948
1250.3141744215889
1238.5692645122786
1146.7000759388302
1100.2520321421118
998.0632758667567
1039.821323510448
1009.0207947222954
1036.1848220209279
1110.2700496760983
1006.9024118804489
1018.1501405559277
1057.6129543628533
974.9146937045257
862.9429646778989
873.1866698456201
896.7890501329333
756.5990549541268
660.2148389597138
613.0116405164142
607.3207758017257
608.5888305153035
572.4014688089826
574.689057241849
560.5557650641275
547.0240698330018
407.2254540315985
431.096007416539
306.8138342878621
184.76234525011697
182.73230446545716
179.83771110037048
173.31296522616614
160.77374885199612
185.57213138865532
212.46212850986473
229.13016772860433
229.48420076750378
241.93565408940034
219.23653678867532
92.63928940215334
137.66705078717447
1.2720450872235887
0.0
0.0
0.0
0.0
0.0
0.0
0.0
0.0
0.0
0.0
0.0
0.0
0.0
169.67018417743552
212.78519638664108
254.52291031922414
387.7366860766234
517.8387326827566
519.4166425481963
514.1486490001193
518.2100143865772
518.3157867909891
522.4308815081372
523.4852141054258
523.5182024278686
524.7313539580016
522.3635892378185
520.3870613794334
523.9748643305609
528.0205654909702
529.1582730272582
524.6102162294577
551.4147188752377
552.9824407802187
533.1126044395128
539.8004604193898
541.8706426729585
541.4210359916306
543.480088429424
551.8810691589181
530.195723302903
524.115366078932
566.434588588922
811.0914003618618
742.3623492991405
726.5676068485791
832.3979233542799
746.4152309651752
620.3392459724573
675.916587793273
708.66288502106
697.7060536162364
687.0571931394372
682.7225191051884
674.7685692541878
790.3935837510743
794.9548429380109
839.3465645877985
906.2070580087629
904.8096679707317
978.71655904865
982.6057626730735
985.0320544752562
965.3879840120819
968.0821493206179
974.0433338144767
1109.9452462737868
1250.5747134497049
1331.1234454452322
1332.333920215994
1329.2250840164936
1390.178416844043
1383.0924040544455
1339.0912289337386
1178.922355556577
1035.079099479224
1001.2185972295105
860.7149393091316
746.1618410588546
747.2593567442304
697.9290433385137
667.8261285918679
657.8013176523789
614.2620039857637
600.5468974858512
668.2640778244776
521.8701555976525
534.6498407172928
401.93194867412103
334.694150845791
327.91019422856806
252.41909163848808
258.9366556572337
259.6247315421001
260.11060142099575
345.286661980967
332.2861378798601
229.16502569251972
253.7447104437911
232.3813754917323
219.42297205191227
340.93360609931614
352.8392967905439
349.91429984411445
300.60699776175136
310.3720206075359
337.55167075730765
345.03468553717425
500.6399020766239
379.9445333327569
390.81924041064474
390.2168882337898
412.50215723075905
468.7753985829644
500.74627614579697
551.5853936809563
578.7041523053244
591.7399884884352
597.4470141762652
603.3005743291126
607.8686112854471
614.2548729132035
600.9222976550278
600.6558336762221
602.9297705449582
600.4849896043471
604.5674617565493
600.0772782698775
574.5282790042577
351.94979347026833
346.323043887268
399.70270695787593
295.4178264592476
295.83661753825606
260.1302160719328
257.0096570230941
257.5628607462178
255.42001346709804
311.7163926750152
192.72463142041136
206.98755920759146
224.66911931501062
237.95291468040318
233.53558339409113
299.7112367029066
282.1803234193893
254.8019442453571
301.30057979757964
392.5367169712031
386.61839317506315
369.9850797438005
366.26714119713466
365.68145829384275
380.0669711907421
392.4882664317893
392.3399484845805
386.89899956990337
378.0759812461521
365.1169080406843
332.9736744185371
393.908476245058
376.54952511821523
338.78741638602867
348.07909520607916
392.75946532303885
395.83604850669195
397.40143495854096
397.92293853538445
452.6153151231025
380.5000384275522
395.12497378666274
413.7587722102638
378.320052168958
279.74937419185324
288.9487510510443
202.23712900237473
239.13637081301277
200.6223071894804
105.78420102544511
2.1474177109157893
34.20830065821262
22.942366403458138
19.17888298587833
93.71162711354516
123.69565112287212
114.12044151572717
188.4630431945991
202.86913845153188
137.85783437787902
149.8863768661957
167.84517417609783
104.31279092108777
136.45879863308352
139.35664530751106
111.19421159645134
254.7136802384137
355.5941771797765
363.41406967765346
404.08866487136737
407.1721795041658
463.7804864800429
450.1091554662179
482.45978812270886
498.7318310984499
485.9881231393232
845.5506671420134
861.8376332172837
962.8472191248422
958.5294595373025
972.8810900653821
971.0450910830785
973.8575280983013
979.9157368016992
981.9818086096262
899.9734996443127
856.9338278893727
853.3742848910779
769.5831061059669
763.7044989257287
784.4015364879019
837.1264458919545
898.7642343329298
899.181669123836
926.783312985782
915.2813480250281
973.9139449956913
816.2831780465217
700.0587751818741
665.0038332835146
708.6111386167408
699.1791223731619
659.5345494970127
653.9592903497216
697.5870177586788
722.324150315422
731.8188792738146
368.0600993232721
408.88026375896726
323.763646062268
327.13657897149915
341.46777624942604
358.6897686020336
361.7574336193302
346.3579857746228
344.16958969753506
401.03596290137347
637.6423735197504
955.9522035940149
1129.7001588939245
1200.7479264916533
1223.7246047890471
1546.4891645792882
1575.1330267313667
1635.6374721671962
1813.6117243412805
1924.124461552796
1872.3527432089481
1982.6110935202678
1980.4404714344807
1933.931527530785
1854.0893830392201
1854.9658725752975
1884.5648964161105
1927.3273393811983
1875.336922459274
1823.9952023927
1820.6350574338944
1834.3727786861962
1821.1810919812306
1827.6128596591861
1859.3173735927066
1830.6754524760265
1815.7574719288361
1813.3886466066463
1821.2528593296345
1826.0608449091405
1772.5556719230035
1548.49329335029
1236.442108604402
1070.5937366536298
1071.906640778735
1031.9486260106182
656.7688502496297
573.8297809744514
518.2965074727549
304.24296630093875
207.4185128381734
196.034269398766
172.9144446887897
190.93859232989251
191.63205570813918
182.54212973479633
163.33319300957598
138.94098836741077
94.93379899484697
112.29894550901224
159.48984244064238
157.55695157102045
167.6485353509996
126.03818629297444
107.38046535782519
71.71028569262927
94.52005630585418
173.6554900072454
147.18941985051995
144.07792093602276
143.95838380512265
131.87447628219874
133.88502186092185
133.84571037769857
217.31211072578068
244.9990623532993
249.68019768056504
243.41127010896489
225.67476216763342
207.55640850823437
206.4243543362135


