Rainfall Prediction

753.0302891298275
814.0644491340181
767.1707526800147
742.8121049250468
723.4955282179901
687.922450062555
614.6104438871229
635.0168694610436
610.9019304372678
661.8386693627041
720.9814337177271
722.1811772637874
754.8433547684263
800.9246715200957
0.0
97.45899096342994
236.95176086543313
292.13054574778414
386.27695083560883
61.321718735601486
109.81568416211292
38.798862934662665
167.202441560134
0.0
0.0
433.63788694818686
410.4073955784379
345.3465643519611
356.0033844930057
339.2125012214137
306.56506782858446
336.41301645882515
204.1972353781456
120.9024826037433
136.44412094885195
131.75784179086725
140.80083334138607
142.98159248580725
109.64921937352148
119.1970057900227
0.0
857.2510730800702
854.9904013484872
818.7684788002393
766.5716879407233
713.5856486672749
680.7148777492955
679.5431317735969
619.4436380222069
536.9318237679292
530.6893085262136
512.6526657519801
443.4148292427374
276.8109853383463
177.45207879911715
139.34798181098705
138.12475680841803
141.74912586343896
130.62977544445357
106.64132562731402
111.48655719667784
113.30113870293329
109.46648326421054
168.32863826479692
254.21061822182926
253.7548880012005
253.4236228055175
253.0
252.7332857821917
252.9148164229596
252.51881339845204
251.45524207081868
251.75981574503822
253.3051721424842
257.32916650389353
257.3010318849457
257.16013544000805
259.2781024904309
267.1248501196886
270.8652099195598
280.662365412358
344.3487835006964
685.692104549907
694.969990994596
737.969990994596
811.4045452411237
101.2652091923859
427.08880127038196
83.52839028566915
85.06820576659882
82.55753115324912
113.20010880743601
36.156706633166664
59.50292901064444
127.95453555396412
129.11993554618738
131.44641306545992
122.62544072966102
132.0921192708571
48.983065239324176
61.703693067766515
165.11097427455985
117.05205510693585
153.776062254106
192.7007960276811
283.946737743721
300.5348607246043
355.24854772536827
80.34392656517727
264.0272636193816
349.366714752313
500.12779478737355
283.4485048494054
286.93310783933913
353.19028959971513
340.6430285710994
227.475800154489
185.8553229840116
104.47526800360829
277.6004115208915
367.16639522186415
361.07440918375926
61.965116955532636
297.4447655734822
295.11823710509185
211.78596804683946
100.935467831658
180.4060825252791
76.45664160065608
340.1051177665153
288.6852080718173
0.0
2.7768523159461154
0.0
309.68084262232804
106.69044745314055
177.22900069014992
242.5345931183633
140.1166412464403
132.06796976169187
78.65141016210241
35.0
95.11464738126203
54.75751245997476
48.000606866591056
172.03505630066462
115.09347252381392
37.25271204912451
61.4265426214056
110.28442047538935
110.28442047538935
32.95037197456621
0.0
384.2731758217117
339.27556777642303
350.07906830077684
319.03175569887605
173.60624476448913
95.63523454998666
102.08040189096796
147.1831082500367
101.79779024909138
107.47662198684641
63.467228585481166
53.46050989912766
51.48076466292331
52.54839497032192
48.319817031869434
0.0
707.2594625513864
714.6312986895701
714.4188471229336
745.5936079966838
722.2905887626556
680.310988842807
680.310988842807
680.9089653438086
682.5246393366632
649.5949434611153
613.5366487582469
531.1995024844836
532.7612260356422
456.5545634807651
464.3589667773576
352.5832587954085
363.1805044483418
393.4972526643093
413.9317652729776
355.23898838076934
355.4871116896026
355.1767578817836
400.48655719667784
362.85082710048994
380.4650406219558
380.4650406219558
380.4650406219558
380.4650406219558
375.89349635077343
372.0936586256442
372.6004115208915
370.6583325891528
356.8475735453906
359.3942145302515
607.5387112878337
601.1027858099599
618.570820663189
631.7194306001747
630.6649659421222
627.8161030317511
628.0998338865849
628.1330383466387
627.3257565972303
627.0
626.5306852353742
607.8998327754521
10.079602247150955
236.0
191.43024810940588
226.2344855372474
218.21987726453733
84.1209903233584
133.66496594212214
80.554305086342
132.28663395418647
114.82306905057553
131.27827300200522
139.04408906109842
480.4334883062607
487.5616389693177
494.4032084185301
546.9284983931459
546.8998567332303
546.8998567332303
573.011998569785
559.5141471671257
106.16541567084322
96.39548527122848
125.11411460130839
118.8281775866383
125.57453514333847
307.1368125147279
259.2526725579436
825.3046350727805
820.3106159150578
823.2065373439018
848.563414922174
836.8760013531517
824.7173315214594
827.9484283681211
828.028476045145
819.2905211938034
819.2905211938034
789.4439808481668
787.251445854221
1016.7903249288913
0.0
0.0
0.0
338.3817268880449
495.68632900615654
0.0
475.24106536920925
0.0
0.0
37.24985159412779
0.0
855.425887253303
855.5486045107459
815.4900086176287
813.1422162807005
805.6031466968359
792.3006688803591
788.6091169588085
93.60911695880856
96.61184113433646
39.726240024892775
0.0
0.0
0.0
0.0
55.79002718038811
92.24630830100926
92.24630830100926
102.24920629529458
100.34893708827795
537.2970234244563
539.6170672501823
503.7690202730817
450.2710574513201
228.5941170815567
75.21363372331803
136.37663853655727
472.0936758307695
533.397258049802
107.6035948149439
0.0
0.0
0.0
46.79777401134655
110.37749834345871
6.441251796737845
0.0
0.0
0.0
0.0
0.0
0.0
0.0
0.0
0.0
0.0
0.0
27.677190769735063
15.184592629496137
0.0
0.0
0.0
1349.2171525251492
1339.5426859480435
1341.5417373421826
1373.7971387409223
1369.1323398565896
1374.5718285917144
1215.3874006155108
1204.5252832447177
1009.3480806212865
968.4694304482697
949.6705735249329
899.6805055248486
919.1101414175623
919.4500830861095
908.0701033048983
889.1137385887785
869.1173641486201
849.0714164418941
773.1684329785552
724.8674070406125
865.4446878839179
781.5151806395515
842.2962911485115
828.1367155594539
826.9627226124187
799.0689962635148
742.4654160373036
741.865102461299
731.6502085815913
752.5227984464551
764.8372708328218
0.0
38.92558417395985
81.26974229073302
329.02166310350356
449.7258983903895
418.8651880414843
18.083755361746853
0.0
340.0338551352613
263.9598606241003
0.0
185.3933316749565
75.46733672013957
76.0052306663712
0.0
0.0
0.0
0.0


