Rainfall Prediction

718.6137056388801
770.5938641161997
814.4680647731512
809.119991113693
785.6946198633094
734.9759820886126
631.5416617166552
616.5654534812126
583.6198774631002
654.7291291282838
706.4677033733506
704.4938672299163
760.2211167350521
818.3411737693601
38.26233038171663
129.1021602000491
262.4090130194891
329.18586946817493
441.895206767585
108.27261218128766
160.88801221164346
121.74229232283996
29.50349243853352
133.0727463148428
66.73732012295868
581.1898555835209
555.7187352896872
506.75972415482926
524.7252379787581
512.4044313857644
512.7438413081035
585.9569487321654
425.70649084801624
341.30685281944005
339.2274112777602
314.6474658623206
311.46859113655444
312.643413725328
283.0
270.2815011287049
82.23697869098149
1004.4350506425385
1001.697414907006
939.8411169166404
865.8645057840708
792.0358643875818
773.9501439927504
776.0555610208336
684.2809868456147
584.208240530772
584.6137056388801
553.9055195141183
442.6825118864637
262.6137056388801
144.33540435574622
101.60060191666865
103.10962824210384
94.70851952970841
87.36878821817864
60.82561273010436
65.0
65.0
50.61248264648504
116.20420945440326
206.515093350212
206.515093350212
191.92001663288107
206.0
190.1499971502894
191.37048130082746
202.95547756227657
202.20824053077195
199.79530738060905
200.26233038171662
204.0
191.95268864685477
200.86450578407084
194.84290753669154
209.62936197187233
216.80277542266379
229.0
291.10962824210384
638.5988026183379
636.0665996039437
683.6179733653261
755.9481443770442
51.515093350212
376.8070431491098
44.85125990111707
67.76589349540274
62.99266681476753
15.0
17.587839665054794
31.991042750901308
99.70416313399568
96.59880261833784
101.05408985094469
101.05408985094469
110.16678665594378
22.83296212308778
36.723333880983944
114.33703951986405
64.59328075273575
102.92246255609427
151.01101595343573
0.0
13.64329117331041
0.04254477075029062
51.96121645861146
231.47867038985189
257.795307380609
11.908957546641684
260.6137056388801
243.30685281944005
317.7811241751318
293.92055845832016
176.25506787163675
140.30685281944005
58.30685281944005
225.23879988430645
312.2158103660817
310.26233038171665
193.78777852831547
249.9084431640138
246.96438829453683
252.9357834126714
195.98760775081118
203.65158360675596
33.33703951986406
301.30685281944005
385.9013877113319
1.427529893903225
97.02970808644788
102.6677954898248
5.37959913428285
164.61632937088706
229.76384433831686
234.70777959978756
175.48974165947686
131.716796271262
58.07173234862769
0.0
78.7811241751318
46.24551845252962
46.24551845252962
128.74190346197852
112.80277542266379
36.26233038171663
73.61797336532612
131.78607640437727
136.33643835387036
68.20824053077195
25.624721592315833
402.0
387.2846166136653
409.9013877113319
400.1131761534848
278.6825118864637
179.47382108665386
204.51936107665802
239.14779752022554
163.0
166.86450578407084
102.69741490700595
90.0
81.17695410451698
89.29194979889779
92.75150475795064
28.955477562276577
732.4405430145168
748.2978905481773
727.6622672117554
735.6867940209582
754.0485615728753
643.5811593922034
635.2820143221469
643.8891261358267
644.4350506425385
609.0027877262359
566.3949184832786
487.5034924385335
482.8928825292496
413.0
414.58818173229014
288.98125994505506
307.3552934882848
345.10962824210384
367.1667866559438
289.9474242119833
301.2731522524128
301.2731522524128
351.2919497988978
309.30296575233353
329.6825118864637
329.5811593922034
330.0297080864479
330.1933375102297
325.31112054588607
310.49260281936006
308.71901151142663
310.04033715135927
308.8027754226638
308.69741490700596
559.3791457797244
561.0338532608763
576.6942688551242
587.6024261477022
583.6613064855809
592.6387078342906
595.8027754226638
582.7479203050422
589.4546081542251
590.5722611594671
591.0491852315573
561.1047098132011
6.80277542266378
205.64814186652393
155.91859563501555
178.4227872411216
169.25133687334227
47.068174367275674
94.3054379414789
42.1713586035109
94.4048801498654
76.60555084532756
92.42528902149661
100.34603964984248
424.6519282726786
432.34708319461487
454.1667866559438
507.97464830926486
509.92055845832016
508.26233038171665
630.3624138402736
525.9647314007188
238.9013877113319
212.9013877113319
277.5446788846423
271.92571904183575
284.85686366668546
477.59269579449295
446.515093350212
1018.8411169166403
1019.4164810615439
1019.4164810615439
1054.777446361603
1051.7658934954027
1051.7658934954027
1059.6561945781464
1064.0
1063.30685281944
1063.30685281944
1024.0
1016.8027754226638
1321.92055845832
39.29194979889779
207.0
299.0
736.4891404934832
937.3068528194401
88.515093350212
36.0
87.08734511426394
87.22741127776023
444.69741490700596
278.82194616965205
1129.515093350212
1129.1667866559437
1047.92055845832
1023.4164810615439
1014.0
992.4164810615439
983.4989178757402
291.20420945440327
294.18781564462756
247.70416313399568
156.07582785627105
153.56244437733955
159.70416313399568
153.7811241751318
231.59282822853987
241.91630401342084
241.9700471347191
256.8832980272275
259.5458589218533
558.5403351093355
497.58483472167023
510.18618892883404
411.04848022830595
192.71173296930547
36.31112054588606
98.36527101177036
491.1341439910095
592.0328575853903
301.33643835387034
109.2815011287049
124.2815011287049
49.56627799644576
243.06817436727567
329.36094267038476
236.38466618947143
38.26233038171663
52.95694873216545
73.6432911733104
214.75961488448365
163.0
203.8048126798213
239.83521402607647
243.19538547993739
246.26233038171662
247.64532573808154
260.42784596782224
255.82221961213114
253.0
58.09472522156157
58.85686527360847
76.29466886646836
1556.2912790232056
1550.8391540933358
1551.4466677619678
1555.8193158624306
1562.9089575466417
1561.9020901039498
1347.295166090312
1332.7739615705145
1031.7895596330234
1012.2675341516501
1028.1214658038596
945.1933375102296
975.6692666597137
972.4111701216922
917.2274112777602
895.1401875956383
897.697414907006
862.3750271867158
719.3609426703847
654.2733463351524
655.8345821457685
646.4497942734293
756.5906147612181
780.5340918813454
776.9501439927504
766.6387078342906
769.697414907006
771.3068528194401
770.6137056388801
806.6285107047856
832.0
47.59880261833784
159.2815011287049
195.27481750504123
568.6827154792361
0.0
640.0414230961861
179.14796973608037
68.60210472720163
487.3755651932176
460.3598768273047
7.608791697412978
349.53426409720026
241.91240366476762
240.76589349540274
39.23879988430644
1.9013877113318902
46.054089850944685
262.6677954898248


