Rainfall Prediction

1507.6360636692243
1669.5579023933337
1636.797864168499
1650.3294094425655
1650.2534352209677
1694.0685242078632
1688.565777067126
1687.6996640908112
1605.0131879911482
1664.144114091323
1447.6360636692243
1297.770565082154
1153.0730619167884
998.3653545376089
904.9510585542188
811.1528982365838
644.5411301643196
692.4342239868611
598.785662267297
307.0
297.3908310625063
174.0
264.00674664876817
422.3220984344881
647.4193579305861
683.8998127171476
670.6774172399485
723.1127857974252
723.1127857974252
717.4100382490475
716.9781741617068
716.9781741617068
802.0867580944979
863.1206664643914
863.1206664643914
863.1206664643914
865.5122535389829
866.7547118849553
883.5180326947032
877.1813413475417
972.6561800949946
1031.6546997278515
1101.712875939292
1340.3583849401334
1452.1932804940038
1720.2540772284287
1740.874127920137
1714.7816912624385
1722.856632901975
1891.9657835402384
1812.3925492826056
1810.598593593702
1812.2109447742741
1561.2674368083117
1494.449726379293
1070.5355721767726
1340.3005526547886
1612.3035229693867
1726.6329849853241
1728.2869821775607
1807.5553464922275
1807.5553464922275
1807.5553464922275
1715.8515189298873
1633.7821127434354
1610.3787433028015
1610.3787433028015
1610.6063814440126
1607.9472181052158
1600.7173276200103
1600.7173276200103
1485.20967140218
1438.8260971468444
1483.2070956552118
1311.62716177323
1164.090740071612
915.8979663268111
897.0707962614017
910.966994572144
947.437889778771
954.724268442058
948.7121059574919
960.2647450379783
961.9662486201343
943.3976803285102
940.603641981368
937.0361374134749
686.4998222035742
357.8070529241313
214.79156430229193
181.3692001819439
140.18432757385798
177.65877620349323
179.16640322508533
168.0927309144318
152.4443550828667
118.0
118.0
118.0
118.0
143.0
151.0
141.0
151.0
231.22975741544292
265.3821580284905
264.1126298248177
330.9510585542183
330.9510585542183
302.2171119934299
349.12825238775974
334.65723475359715
338.24105733852235
330.8297173883462
330.8297173883462
335.51453017603563
341.0227730199765
346.1310266484813
335.5463991918369
335.0124652955019
335.0154591176086
338.81527575132804
347.86844797371964
319.19559065718994
352.966330865283
307.26292892662394
300.1142103248933
305.3527732256768
365.85594992336905
437.0550153450202
437.0550153450202
440.3455395071226
408.66348377876676
408.66348377876676
419.1834428587129
318.27399821520595
297.2261352793193
284.0
231.0
231.0
231.0
181.0
161.0
158.0
158.0
158.0
158.0
148.0
148.0
148.0
148.0
148.0
313.0
458.0
506.0
521.0
551.0
735.274901599199
833.8134326287019
798.8592495619017
696.6922771417313
696.6922771417313
724.2108629682701
871.6044412075873
866.3160039011576
834.3917826871459
817.7349718515187
695.0794860679136
768.0152723110654
757.8438021248996
830.4831654326421
813.4831654326421
810.9876770755894
818.0405248488148
817.0409411613049
825.5258578532523
920.3455395071234
947.0610892442603
942.7308220482022
1096.3267924315885
1360.142123691299
1372.1551432106362
1386.8771210077277
1325.4497718868756
1189.6664331654133
1592.3072437564892
1598.7406647111138
1682.7084488001374
1491.9284072657001
1556.211604688458
1445.9389497255054
1466.0830761892282
1449.5571047783799
1458.4479909983302
1257.501036878471
1257.501036878471
1257.501036878471
1257.501036878471
1257.501036878471
1225.1154040855113
1169.1743918184718
1144.8444412560887
1141.6242106139528
1169.3668857174239
1145.6390130558727
1094.8030083352858
1094.8030083352858
1094.8030083352858
1049.2322091785527
1378.0702876560838
1009.1516723549959
775.2077384556732
710.6726821905959
722.5656008872069
585.6869037460665
594.9300348415694
351.80718360352756
314.0702876560859
227.89291869661142
227.89291869661142
178.59679050464575
178.6756315772438
173.0
173.0
176.0
336.0
336.0
555.4005548521452
617.8868447973722
729.1528982365838
729.1528982365838
652.1619215224897
692.1926412705411
673.0074835088258
713.8623740744823
707.2721273384548
708.8592495619017
700.8408527382545
868.3143797881601
879.2300740574632
683.6960753204517
740.0768915561217
1464.9388761380967
1483.711699700101
1483.711699700101
1483.0130145018081
1518.4465792334236
1518.3571395569043
1553.734922261262
1724.4252329782291
1842.3638009489534
1844.2619539495877
1597.4310906794028
1583.5084300338735
1574.0343368616147
1373.8406776123174
1195.1603453891062
1195.1603453891062
1117.418951675796
942.418951675796
1081.8868447973725
1081.8868447973725
946.418951675796
929.0152723110654
1285.4279749616799
1252.926587831327
1328.6646819059988
1305.8484750165933
1352.0334940087769
1296.339290481943
1317.956607075632
1498.740020460026
1326.033143756897
695.0
692.0
741.8581155445521
796.2591039103778
780.0946079258356
780.0946079258356
778.2019593003893
698.0
678.0
678.0
668.0
668.0
668.0
668.1339365661335
668.7827594656655
707.551323823768
718.0
718.0
718.0
718.0
718.0
695.0
312.0
307.0
275.0
305.0
415.0
980.9663308652862
1484.886844797372
1409.886844797372
1379.886844797372
1252.3727844907203
1418.740020460026
1308.8837202847826
1294.3455395071219
1506.677423208599
1504.2403199272326
1494.182558447473
1500.0627135093855
1504.2444816932104
1506.540838355397
1730.6122272710613
1799.6564652293416
1966.224824601644
1887.034220143139
2107.149522720989
2109.36973434996
2034.2821314690234
2099.5007898043596
2226.929883305097
2535.313181047131
2324.1957236155295
2324.145987401558
2434.299297410864
2416.5022157768
2662.6671455856185
2553.0241895468453
2500.3800527842154
1613.205872389764
1411.7059705652352
1395.0796250013543
1336.5034184660874
1306.043649495369
1172.0938828660653
1172.1539007452973
1163.8721243160198
1162.4600622588252
1160.0488817169921
1156.767977081446
1154.4048794547703
1399.7913732314419
1339.0906576687926
1284.7784211438384
1016.8868447973721
1013.1528982365843
921.4097532639724
882.3057964731686
834.1926412705411
791.0205929592752
708.9173894195058
736.7705650821645
495.96440448008104
513.9350857394802
513.0
513.0
513.0
715.19264127054
833.8868447973722
883.8868447973722
1027.1658747556705
1103.6726821905897
1200.7797634939807
1193.795035805045


