Rainfall Prediction

6.4907101886818195
6.481300951707528
6.466567440911151
6.48193983300144
6.434695616277289
6.429980883944073
6.400150104075591
6.426634458798293
6.407529253451952
6.406894486591737
6.418651654506874
6.421162575218581
6.414248448263242
6.462289133606328
6.455206798708803
6.4693989080873395
6.502243940793415
6.487776853158923
6.474604217835086
6.457364943394979
6.449476626549793
6.438344792625332
6.451930199649176
6.444628587398628
6.456598683937822
6.4894487840488955
6.474255408315984
6.421872648610516
6.408377575721853
6.4202275227076795
6.420780969249099
6.430576549758761
6.43337270063962
6.447578171597563
6.465238078100251
6.488340802030941
6.4866577703540225
6.483825524718823
6.4518354630368036
6.424047961382251
6.435406476978699
6.410193419080947
6.450806853538389
6.442592620592584
6.481936580510269
6.4561680055136685
6.468740032747935
6.482843711266265
6.490722131679478
6.486210855568659
6.479167673155065
6.478806515850269
6.473332419638291
6.461209036785867
6.439327028567773
6.418559850016629
6.393407913911923
6.382274391373332
6.382497626836765
6.37668240959085
6.360206548891582
6.375065356968519
6.366602952285883
6.364951538766013
6.373350716502498
6.354238751267993
6.263585930898782
6.246128359462011
6.1960723719563084
6.313746761510776
6.3202219683636764
6.325835530588053
6.339086038539529
6.323891097653962
6.325334065283226
6.274274660431727
6.2716432851240125
6.251792524368234
6.236562989287283
6.2253506682410835
6.225019110447027
6.242442363502248
6.267831470240496
6.318789550189936
6.343735244568477
6.347118203822362
6.37127978139436
6.419771695983534
6.446561939770473
6.4576387718604025
6.473053327516021
6.490089569422004
6.482175088792521
6.465538833995841
6.461640638780844
6.391254150484233
6.363860189033509
6.2399506634089095
6.226889800948645
6.189909590361914
6.277902508706433
6.283360335740304
6.280067257990187
6.292107110854497
6.342863384968202
6.374986115736688
6.37196425414077
6.377979797023896
6.381369205527218
6.399676878222226
6.400540105578481
6.412029232484138
6.4011626378535835
6.379284912272947
6.377179149130782
6.410132920344435
6.408467021367724
6.429385654965947
6.4660418079164295
6.492419083768491
6.490702264051391
6.498554299742918
6.510731995494148
6.529497718186676
6.528652360088211
6.529641456039468
6.550561696867814
6.559793187860689
6.574336919144225
6.578484730481163
6.577974470827806
6.603909028801887
6.602132697126794
6.603745955448913
6.592661821411408
6.564754542768785
6.524513724531934
6.507882406851025
6.500635642670915
6.4963729722577845
6.485833231027484
6.4864252026905564
6.4595181129828605
6.465319599720947
6.474016746837493
6.490435260583966
6.498079733815247
6.49664775255066
6.468430345675169
6.456596377681018
6.44336315135685
6.44795333749594
6.435653031175273
6.4069436034512774
6.396335865072142
6.402174851177893
6.412646483357578
6.384569018940319
6.362342119549472
6.304995075606469
6.307171075637908
6.329093876402266
6.3018658777769305
6.3127062324848895
6.320313340100635
6.372778622667801
6.431210323397506
6.4492507930662
6.455283861843102
6.459421346542608
6.459145072741498
6.4551167874741875
6.441318963017866
6.449941194169677
6.482708801607348
6.498593451015592
6.479968985396329
6.4652656850008
6.463450149168588
6.468782833653921
6.461779714155929
6.433712917899471
6.408732303924164
6.402775250711055
6.427776835179145
6.391648910935074
6.398365021577629
6.435102262170521
6.3987440114719565
6.368188689355841
6.29762937144196
6.303248260958751
6.332957700939703
6.331296793371451
6.350485514602429
6.375322218929987
6.411821635228872
6.419585161743214
6.373874754403962
6.344627558766626
6.337697286728011
6.338074825627335
6.333560743434516
6.3405319288665565
6.340931421010177
6.329058982145238
6.30798473902746
6.318008052200515
6.299047484915014
6.297489420139177
6.258164380856859
6.25245174925389
6.256294494759001
6.2873527607437465
6.277280971901965
6.241267586304333
6.238932194096928
6.221786520915968
6.186076479059886
6.16956231469337
6.194222081402487
6.199983420746865
6.2014182640801705
6.208952590937266
6.199832137680356
6.244621016832876
6.282483959158315
6.264075938818999
6.203550000693242
6.133612354665537
6.100438918078442
6.119151131234216
6.121136623620215
6.122594442661982
6.124300503976726
6.103164585742169
6.150688360804086
6.151878223736648
6.126111043351461
6.099399752866473
6.108107168662709
6.07352997272285
6.068138524107277
6.062244241239725
6.019111186880297
6.01837877662139
6.058297049511215
6.060696947748641
6.060696947748641
6.137104388168394
6.172682068743584
6.178648248155536
6.177577455140128
6.171228046017452
6.156136343173293
6.1690745843337975
6.183321950766084
6.176366426679332
6.184879672520844
6.198395754966974
6.2056765099734905
6.20553448839342
6.201630164669232
6.199494774859375
6.190301062816684
6.181772512947822
6.179635780100545
6.162994642654417
6.15398963020656
6.0985134695607215
6.074674853228755
6.069213015825652
6.052033455267477
6.0510728975588846
6.0109781891087595
5.9573080192111885
5.915991164139364
5.937388538237011
5.910331792786198
5.955287654310753
5.997009300476916
6.012296862461041
6.068970832364853
6.079604947756973
6.104246858704569
6.0877547450671985
6.075293075981457
6.176405397634759
6.300235657575718
6.28599473878497
6.256628763395516
6.1973780481688125
6.227557044106083
6.324980216705133
6.3527280364483145
6.388940079096669
6.385930615129909
6.406957551399103
6.411891948563248
6.415843211018682
6.421402810719012
6.456222654682534
6.469973169348299
6.476076195737215
6.490390247808667
6.499409436059523
6.511402061976871
6.515282935154096
6.508126341097013
6.510466374696445
6.50288002391428
6.465116487081087
6.444791082225917
6.4883045999892515
6.507325654290225
6.522565262767517
6.528798713961694
6.532287180004349
6.582180680188465
6.570035149623851
6.583651635170804
6.585339215708727
6.590010510130991
6.59238906403221
6.572326946228044
6.567439785934654
6.547794623641405
6.574975707409099
6.566455908154812
6.562183061672289
6.560328947900391
6.557243206089386
6.527532922390841
6.5103097739999045
6.499267240511679
6.456525686939371
6.445411397210469
6.441161390855055
6.4457308758016945
6.42737767416111
6.424088468801506
6.430387010618174
6.43022249033305
6.433606123004755
6.447347812051963
6.4331576396576935
6.466425616240173
6.464539854689196
6.487550370147567
6.473642513364977
6.474465970949914
6.481696856685993
6.494523915001331
6.494400590641142
6.49181549713104
6.515838668497432
6.522041718691973
6.503036863999314
6.5120388909344475
6.5187167192816675
6.514855176395486
6.523423681671163
6.526713054379135
6.533878520620143
6.530707634310488
6.5153948101332455
6.550264145772406
6.51976869606079
6.50802470107684
6.479327881068291
6.448685188289448
6.461166124725636
6.46487786861353
6.4670141494032265
6.472127798646868
6.4943858651546975
6.529249326246177
6.559399179736499
6.534688297711609
6.551266475305748
6.533640514376271
6.573537310288368
6.562719444948389
6.547557250783112
6.539222092854182
6.536404089787034
6.5508866893708735
6.553835625549143
6.55285680703567
6.5187245848377975
6.509713031934927
6.504623630602212
6.503428811906694
6.504328507898906
6.49970111178177
6.480798803140423
6.475409093877816
6.360069272939127
6.327503827889151
6.32790092993692
6.326457056119469
6.315833403457742
6.2711942129865195
6.267196925546
6.272236942055255
6.285945494554411
6.346075008884716
6.309607591812478
6.313837657678923
6.322655181886537
6.3106225118215775
6.346869708884889
6.347136189395044
6.390205768881976
6.375028574572125
6.3783794576143125
6.382844960063344
6.374304617785873
6.341779067048703
6.343453142304711
6.334116191783931
6.338680464769046
6.350599941510658
6.369349364556714
6.362094689574674
6.3259852907748515
6.291657602269866
6.292319417848462
6.210910412888709
6.199680211050089
6.201752810788171
6.217013452968703
6.232975803163481
6.254821378628013
6.2733620729075605
6.297220743256295
6.3195460821244565
6.387463430388833
6.369193453022589
6.400441957909591
6.442580944716414
6.449662290124862
6.492085178175279
6.494735479872652
6.49548648906303
6.502670397628174
6.5254965386511925
6.550312262380755
6.534273334067176
6.540666870825416
6.546071876080599
6.554750885342541
6.560075774787629
6.549760413477354
6.519370825309285
6.519701745537985
6.543129499439919
6.5431487761131875
6.548424190096464
6.580351453317139
6.594128625377318
6.601520820550982
6.605978011646531
6.605563490364255
6.540162223890428
6.528572046356777
6.551231108694581
6.5660422671046375
6.529139596582326
6.533106810700951
6.530724343186058
6.506207137715309
6.470685577338531
6.422536272255372
6.439000004128857
6.416965039187528
6.413662223516256
6.400120969792122
6.375721497290339
6.367980369570705
6.329730284249378
6.3270054016266775
6.295837274818101
6.274945340544675
6.2662147675597994
6.265470106730855
6.267265804111448
6.256637825359422
6.2631634933542
6.265980858244675
6.260689441159817
6.251452655185953
6.276579885640449
6.302047614132491
6.293995854164513
6.184603929090072
6.201093584429791
6.298090155958535
6.3351532899775025
6.363189977515857
6.37536905075648
6.385121925697025
6.3858060351888986
6.3524107145770285
6.313867936636028
6.350155394092263
6.360039782840562
6.360785171864899
6.381792715597018
6.416846067004348
6.42313024867446
6.4073183952593755
6.417604319448919
6.4211729252315415
6.4165421662152005
6.410803133313054
6.396659915685042
6.404310444955523
6.412511530344768
6.424560365790667
6.439645579407844
6.451304251483984
6.4489631880688645
6.433047507889609
6.458463137584916
6.470802350891487
6.476380861969699
6.507764713464428
6.527472903039513
6.520842286047028
6.564724125950174
6.579151122406978
6.606026442963313
6.62572098436042
6.6294961452311325
6.632909948935433
6.638739449146849
6.657217304247421
6.66504917213194
6.681178112381298
6.687056949104671
6.687531064408118
6.679454069593275
6.670217883963638
6.6555835907539445
6.66170153949513
6.6617372454642405
6.670050610676787
6.674339193046281
6.6653787161609985
6.6542336063387175
6.634302348677544
6.642210437199739
6.656331222353286
6.660352348932805
6.657032250104327
6.656161858750337
6.637855026145877
6.642243429989263
6.634890885724324
6.653494595967044
6.640287542349031
6.6297977992209685
6.616340353479798
6.60041423564477
6.608800998847609
6.611559452963719
6.60283286336993
6.5853085785715
6.579116053943124
6.556932836931926
6.52713047503901
6.524338429557401
6.529098565034047
6.5327403401352075
6.5323986814048265
6.541715675162837
6.529972800933673
6.5023153094460735
6.513377451381133
6.496970561720448
6.502416218138272
6.506653009069523
6.496359520930783
6.470626241685869
6.425345175617281
6.429579860735362
6.422825993364517
6.371479357205118
6.3629327554318635
6.349356253065039
6.345313519944852
6.371171193460497
6.369182811320612
6.377826704574071
6.374192272858024
6.358230813509712
6.362293091716822
6.39998090002859
6.413992017209292
6.429760235479648
6.438075580008625
6.434430470108639
6.43386000510024
6.428386055118898
6.404160564451384
6.400965409101765
6.339243964761181
6.313362856416694
6.270509414728714
6.275253461919817
6.3069539649785895
6.331266373319601
6.351404872550035
6.365145118603404
6.358505745993045
6.340574945938313
6.310083458013479
6.344444649531015
6.373797654516633
6.376836839565836
6.406854359275967
6.410915856363404
6.435096319422597
6.435411660057038
6.455255565756901
6.450429178071772
6.452004930058314
6.4604922826672695
6.4679631437963545
6.46647761402822
6.482954940894516
6.476160411549048
6.475694127968586
6.485031514614912
6.476948712363745
6.473341952783091
6.470336932054025
6.471384678650589
6.473677466053934
6.471883504406827
6.462141115398543
6.428142826427039
6.418014754106852
6.345751556993651
6.309479490024343
6.364762947487942
6.386021497978749
6.4019469115023915
6.390164799816571
6.3608327231710104
6.366311452533671
6.352180370051541
6.355724443792142
6.356230658692941
6.355966480619345
6.3484009344648475
6.34751124756063
6.360168278623876
6.359254329129956
6.372798757816659
6.393927669901104
6.375133905211246
6.425123042145472
6.423099745379564
6.419082775000429
6.415120770974511
6.420778459780191
6.421456259521991
6.4361468310015555
6.459168889542273
6.4751659764332175
6.45920984177348
6.4563009483213145
6.401199290368648
6.419402596409784
6.40374732038356
6.408164156383943
6.390586471576915
6.399442757588963
6.411425744253171
6.367619192328685
6.3473608871967855
6.286186625424519
6.284392432118019
6.301358577736733
6.302229048197543
6.304119151887798
6.30814191581927
6.337240561377642
6.330124268597983
6.350284836222877
6.349511223380991
6.349936750034153
6.340333472661723
6.339108606457988
6.327981966373863
6.322915248992738
6.3203544217536445
6.316092905862839
6.317925482067364
6.310660912918289
6.303908898479633
6.31725197834434
6.279384230505771
6.264479904971389
6.066119185697411
5.999764330834761
6.113693786396929
6.216651416862389
6.215112489038124
6.223877094185471
6.180537812381639
6.162882027975516
6.16059272871088
6.177325546123524
6.164578781152621
6.1832951905767946
6.194950022834081
6.210808147164965
6.205201786406732
6.20311737253156
6.178816344289847
6.150877000921367
6.148996422032636
6.2171183851478435
6.209528862836884
6.209891059469096
6.202157534395221
6.217978086566263
6.223050397547141
6.27063948674227
6.35168629930303
6.393207448128477
6.400236598997537
6.345430886221993
6.331818735200036
6.104176846346426
6.002275131543956
6.130412629923062
6.187417522888727
6.187178638190413
6.206257463565954
6.178991607371066
6.177592710264206
6.176130351812286
6.161672039328396
6.159622411418599
6.145112969703747
6.13987504109313
6.117443119444087
6.133077269318094
6.116883704768599
6.141147430578234
6.165328833553658
6.192109762079496
6.266827331726945
6.277249974485226
6.293985182341076
6.295130470934224
6.313868356355916
6.318970597979187
6.366823127471705
6.4108759208691515
6.431690409374937
6.4275427976119675
6.41969573179759
6.407191624238939
6.406300084648369
6.4310951732081
6.449756517318859
6.466516757184072
6.479140211691564
6.516478601377333
6.51831907627556
6.5272450457082325
6.528091393815471
6.54873788675793
6.549118645889787
6.549831251310308
6.552710854386326
6.5589252765959305
6.5781501679425585
6.5862372257754425
6.585881437334992
6.579357156424115
6.562222101246509
6.555819299328137
6.53820444505697
6.533851329753277
6.530293520173033
6.5280128562947235
6.520932857763621
6.496781829274646
6.464845821121373
6.429490735100767
6.435058377653326
6.440598775992906
6.440590557555802
6.444773346780877
6.436009334862712
6.4243346454479475
6.4277828926612814
6.41071468162105
6.4042390310310875
6.406506617263043
6.3933994303119475
6.399449821271037
6.38508530483154
6.382248031605097
6.396672110277232
6.388191545104725
6.3751838276375175
6.312032281115843
6.2941672161422115
6.3302608379275895
6.3763237410902285
6.408044484406539
6.386267860925679
6.417371458943113
6.451861705572623
6.473498937181259
6.49757874228535
6.530937450706299
6.5488600154393195
6.55155588255346
6.548210469332872
6.540984599420045
6.53705728967423
6.543655691352694
6.541119429886388
6.549277368062777
6.534226806426722
6.527562806700792
6.535904335074065
6.49664977691483
6.489775394298133
6.472513599900004
6.471340499996892
6.43537268191737
6.437424662180186
6.433934272747284
6.431516920351766
6.409402960331678
6.359157688267689
6.3173416543672
6.381169773069713
6.419301774251327
6.449926507531985
6.399622796589834
6.392202870669755
6.407926655346474
6.413205054227226
6.423174399556183
6.435129182381203
6.422787523437814
6.428067606613298
6.433620835808598
6.45671720444926
6.4692429076150075
6.470030819663048
6.477829187421408
6.470337065684518
6.481097046514289
6.485661607865312
6.483432749231986
6.48522645920242
6.496665897884227
6.5053764072659295
6.516501194695855
6.526470942667603
6.535501093710048
6.534667420285534
6.544310095408719
6.544510531498057
6.5377224053516825
6.537764035557527
6.507818026344712
6.502616981728723
6.482118044747483
6.4766840418994684
6.535079724822292
6.532230389014636
6.544811349413446
6.545494804494033
6.534827005329062
6.520578359426822
6.520117703745122
6.524549650300454
6.524735797298873
6.525305877421182
6.5240966385809935
6.52266747093262
6.519570516622963
6.5217656993891255
6.522512543487922
6.508601461210954
6.514676581636048
6.513160932819449
6.519864276334059
6.507990730303695
6.487110579073007
6.4716874117945755
6.488206863750116
6.456553433311038
6.446522931513824
6.448180053639588
6.4915023989805904
6.455270693873458
6.44500864732136
6.466520003856937
6.478537861394028
6.521611873485474
6.550675072806141
6.547131239340991
6.537863652093732
6.445523216388091
6.408891381465059
6.453465388603384
6.4786021652250865
6.469946435915888
6.461282300852887
6.436434287267493
6.428004937696144
6.434342222287497
6.434262788309443
6.448448716849388
6.45699031853426
6.467813441221758
6.462163209187645
6.451503077316534
6.471526645724078
6.472726766514823
6.479553623755113
6.493242888914943
6.542734651239581
6.546529231173456
6.551295537871778
6.584434481633544
6.595586163674351
6.591655092717262
6.607789927424506
6.634109307520725
6.635299961815334
6.613369767801763
6.592354986357818
6.5991842788660415
6.595796713234213
6.594224414416426
6.6070021488524855
6.609041434578545
6.607768326187242
6.628458371046452
6.635736611624112
6.638479319016876
6.629458073375858
6.619737441076516
6.60958182806592
6.600179131111792
6.595830001515492
6.607436040366926
6.657889448619012
6.639427919679237
6.639277454982869
6.629564703637629
6.62028371005706
6.609858837851785
6.608688994646086
6.611292080214269
6.579937715106035
6.563164413988904
6.572917029960554
6.553682324657567
6.536134132812337
6.528177529279112
6.5147668955298235
6.5114635735617865
6.514335807687355
6.522729353625563
6.529943812477293
6.519001225227989
6.529985099629072
6.53093753923099
6.533582495055431
6.528311281483744
6.539538238827966
6.538465591201409
6.554313902386967
6.550972828953517
6.552050165429589
6.546736972472596
6.53746737902103
6.522305825683169
6.528858572967779
6.535025709339235
6.540522360259831
6.543291618724014
6.537266952749243
6.528645374990671
6.520205196074086
6.528263650778281
6.528809856433268
6.5196612553449915
6.510586817149765
6.513595255320971
6.511530360259764
6.510024418367253
6.492326814090579
6.483072960338091
6.476517466801484
6.47146664131505
6.458203625938318
6.437619655366014
6.435331202169076
6.414610206885741
6.416160507528355
6.4038239975915925
6.400547102693106
6.36780939117271
6.375536009078065
6.361018005915618
6.363122967074356
6.355947770336479
6.308114521203052
6.269416346064359
6.273102384167027
6.314001552745281
6.324202679624521
6.302627725766433
6.303390922395658
6.349773652688936
6.3543135086074765
6.356015789339155
6.368286759485609
6.379967039186827
6.377258265575834
6.380774250414658
6.3685051404241735
6.373242371861459
6.373243040815744
6.365303111631185
6.368696455502913
6.385558829541382
6.401115936195665
6.406887522337778
6.4057925100556465
6.404897897712889
6.397647492647463
6.401190663909792
6.413152411770562
6.407157152107804
6.4104996308267195
6.411411655117112
6.417298127262611
6.398036836569184
6.362169445118144
6.340134643900048
6.3284022997601515
6.334720916379442
6.3404000619612155
6.340660136422224
6.32401587098703
6.29661637417866
6.287882805979973
6.301254900876971
6.295271011786898
6.278665706381278
6.275221128659019
6.329317124633323
6.355707940696119
6.360971781529078
6.361433588470196
6.355722836819605
6.3598778805538645
6.357115432937945
6.3496938603856625
6.354305700101637
6.363310137898422
6.3647450620754285
6.362533712880705
6.342093048942166
6.364433501723565
6.364661112084924
6.351176470773298
6.311434309542317
6.237818099306519
6.237310471260718
6.221484042254063
6.265972772594981
6.259496260380438
6.2618152170172925
6.2872926901062245
6.335942237947622
6.37646362089316
6.377207062394414
6.36397526613792
6.353807692004085
6.348518295200787
6.340409186453891
6.2919488955294725
6.258181685480435
6.243786991228679
6.215791124164229
6.212181188268499
6.239583969880088
6.235019295084544
6.237617990701465
6.234115679550849
6.2296482149663595
6.230089282103908
6.218231694082314
6.197788277038548
6.209510836724137
6.199183196261897
6.1786482579849284
6.1534245765676845
6.119636622578718
6.151364664444566
6.152733283968567
6.200577558162711
6.239358091325294
6.252956780533715
6.246624137389649
6.283800416287056
6.298176995538427
6.30682643243302
6.316495325833665
6.3167267056321705
6.31972475844884
6.319553183488618
6.273662573706481
6.279256626642816
6.251816696057985
6.268433164413601
6.266890762611373
6.308033612842083
6.353589525457524
6.354849257089147
6.3569531171695415
6.367832582824521
6.369736603473035
6.389417000046639
6.415340839616812
6.408652937188596
6.4366167329036665
6.435725206378055
6.440037766060876
6.431453899753083
6.414019326172198
6.41437386284129
6.406454313183301
6.4266911574383006
6.446076254463508
6.44758537513196
6.414278676351435
6.40777239313592
6.4151504382569815
6.427162415371151
6.426123135197576
6.425096010299203
6.427123500231282
6.440011480552526
6.46536180844337
6.4692886218849495
6.479369875911185
6.478291480573011
6.459447777371841
6.45325011106526
6.448979753994427
6.452058287421259
6.4594270462468275
6.470689485187984
6.457414232391127
6.4335487050500415
6.412722884823577
6.38046417245372
6.378591429135891
6.431338817267246
6.449116207163725
6.472128817633065
6.4988887292932
6.493152655104167
6.475396397305569
6.4577660880394125
6.455941739690806
6.458835984480999
6.445961097406149
6.453866252784915
6.444810687127173
6.445834008481236
6.454305894591392
6.4545423602741225
6.416464376251645
6.389475625599876
6.372409950706542
6.367780837152648
6.368524440061016
6.382098354714339
6.364072439931858
6.365559976076436
6.356804262262159
6.339778964814035
6.329907943466161
6.337640474912132
6.372228147198784
6.388697311873196
6.384720565160224
6.387540250069632
6.376259268179558
6.36828036714679
6.3546746331234845
6.276084935798041
6.240439830910684
6.23788200360618
6.2469297890509
6.249121078916844
6.24912019468338
6.206877226137373
6.1910782460399085
6.183909047626416
6.182976958512622
6.210986983536423
6.208669565686698
6.116955863131435
6.115049506909213
6.098005429700554
6.097483487660106
6.099918029221045
6.079156598171431
6.074049852506483
6.0721905440939725
6.134259618662789
6.145383059589919
6.1488435036672575
6.130540722623319
6.099712741111541
6.070595281070174
6.043743358637265
6.023254240556596
6.177995080100629
6.228152902223809
6.257026242748641
6.300588720694824
6.310748432442737
6.315616696368813
6.313543696573921
6.3139132395086
6.316822918219241
6.307511101433714
6.311217862780352
6.318348416053475
6.323536837722053
6.296639868271845
6.304421920742243
6.273935959382678
6.266041036346405
6.263610867552125
6.258303801081386
6.252744517582469
6.250301701035958
6.251980125691909
6.253203051497216
6.227457831055152
6.21843810114578
6.209081006956471
6.198375176359391
6.128757830499303
6.08778893238208
6.058468448528874
6.063976083677128
6.128997210150048
6.139319548091662
6.14361989451253
6.018809431653231
5.948703590717382
5.947603685675367
6.0016479835422984
6.005362262707341
6.0036807105541135
5.996216508943423
5.982183009453513
5.962643440973708
5.960457794679321
6.066759843801219
6.067413343495572
6.065925688391664
6.065067245526916
6.063643724421633
6.055143153661079
6.060603400627494
6.045055637492036
6.07092041820352
6.070547878858598
6.201918442011702
6.194241049309501
6.172415944813201
6.172415944813201
6.191165290537899
6.223517211330567
6.224744631234175
6.204898659692088
6.198545846907999
6.203730898504302
6.180388826150392
5.945958257939633
5.870462586532764
5.876790388135007
5.919716340801616
5.902008055488052
5.898332851357822
5.977701364894722
5.95361703234701
5.934227755695621
5.938847094068951
6.076720324928315
6.097437747698513
6.095375196612177
6.097631404379596
6.095845660536876
6.088277144834815
6.0923701436017605
6.075029357459988
6.075354372634636
6.094226542232745
6.195246171164241
6.227787892173009
6.247048668213679
6.25663818191623
6.262713199043666
6.261256772570295
6.2864904304652125
6.306957567297323
6.263689151016068
6.2585976851668335
6.265712241959516
6.296642181573793
6.301481080251536
6.298674388735345
6.290467679867333
6.295897331834819
6.306423422272144
6.303793986516662
6.301757714472809
6.309661110104466
6.311250154281628
6.290833905921033
6.282090659089475
6.278616254972224
6.27862000600794
6.280344545958751
6.279417859041371
6.292184424513831
6.304019360352259
6.308878310816878
6.293374559489593
6.248890550423696
6.234210779920286
6.222270108163927
6.211745320370508
6.212533212009137
6.193391048940406
6.126938349458403
6.077497199347708
5.987967542009859
5.98627489205044
5.978649652392611
5.913360666425682
5.909095458990814
5.9312478915295
5.876860991191468
5.845058355886779
5.859051266176091
6.038331774704121
6.07266022281145
6.086049004390785
6.089721054044935
6.094354177571461
6.106259022126777
6.105221604473488
6.1032796553983815
6.100185628333391
6.099528551364709
6.092005912887762
6.087189051159449
6.076804790553524
6.06662181255381
6.085725416779038
6.151338326906747
6.190642870346917
6.210045901642798
6.192656793824417
6.1820010038825135
6.082583042878098
6.017390322945572
5.999153442710311
6.018587727154726
6.043379131333388
5.997740236807484
6.005475398310124
6.025063161815076
5.996833637653694
5.965065385300883
5.954838562254574
6.130763336850338
6.124965427121203
6.0850010078437515
6.081784970135884
6.088897751084426
6.106604655464119
6.090483758323328
6.147003526532855
6.158821078896798
6.183684953730906
6.195529636098947
6.202256768494177
6.208737009406141
6.215615090278711
6.225314495972111
6.268276795147499
6.278893093069881
6.29323859470241
6.329725113116316
6.331803581893236
6.329399591140221
6.335150240167032
6.334918299891298
6.3368525542005765
6.321570402785491
6.291576262069771
6.2909515353960295
6.298897016394961
6.273667108592014
6.255579468648921
6.219800365169202
6.189725994029677
6.1870228895184525
6.223566958116774
6.228051642711395
6.180164589475571
6.173717938392286
6.1834860085284085
6.242900341495799
6.2798709378255335
6.301004811197092
6.3041814767832145
6.283607614340644
6.276146183901736
6.254540898098787
6.251575798866716
6.300694992679987
6.2928308571784495
6.290231725036341
6.3155406587395815
6.317568756702487
6.327335176390209
6.319614932629774
6.318902234379021
6.295944637499768
6.277800606410166
6.239838954542257
6.235419450178304
6.227494407808336
6.280153812020836
6.2809202705000855
6.211251535391181
6.203295985946343
6.195947602977962
6.1498105025510394
6.17550719774145
6.178114882027148
6.180122107182725
6.153970775755575
6.270086889036847
6.287434699101471
6.322410525337864
6.340800331750068
6.33627832209625
6.328352798916996
6.329572968365984
6.328453042601817
6.284893099392539
6.2781919332130975
6.269502721850881
6.165774250560002
6.153709348805934
6.18350974325372
6.222351881107224
6.221580232881778
6.233246552686793
6.238564643107738
6.24673314973138
6.249161326827728
6.253019647620356
6.250193862959936
6.246018004831762
6.208105581267652
6.215184416686248
6.1908530574161995
6.118408245706164
6.141060190476042
6.135316807510105
6.1474099675458085
6.118308221446863
6.3021997173094375
6.329920534595579
6.383124606910415
6.403710365388221
6.414047450427337
6.417498615289426
6.436773129988935
6.447738402843966
6.46238911084583
6.463316932628441
6.482878011827561
6.476436949247943
6.4703321321796485
6.45110907269958
6.463733669827221
6.473691350416865
6.471833104660367
6.508411356850458
6.503625759046047
6.4943799525954065
6.480602368699564
6.588487363300807
6.589602766768916
6.592399668923895
6.591202568991755
6.589250048300025
6.585383000506092
6.578386645567214
6.574811862304791
6.5691746414233245
6.566908719147038
6.505975931059291
6.491398315601645
6.463828914125061
6.437006209244019
6.432251049114357
6.4403837770735235
6.432979588007111
6.4247790384232255
6.396455014027484
6.396553244571489
6.380036082662493
6.392165344037964
6.391125426656618
6.388176042363724
6.339976805319691
6.312238214747072
6.276684710184586
6.259710485253995
6.242779295356909
6.235579230734352
6.220387145536686
6.23591183141888
6.23227516086087
6.221595902192686
6.256673593540446
6.277351083182734
6.293493686892722
6.30980930527072
6.322928934963391
6.320474849862416
6.324296152572996
6.380806764087287
6.3877307763732345
6.380117644308159
6.385153230908973
6.383955671155363
6.363771583744656
6.346417981158775
6.350560381862874
6.334123455804462
6.352224988536402
6.350499300400831
6.284268028255357
6.286834172581943
6.295507308563024
6.282150296293896
6.263480093125713
6.271119889456526
6.341148555919313
6.350952411608692
6.347057115307982
6.342397949164418
6.24200094906034
6.249060788920306
6.257105540931375
6.304375375121063
6.321044708834366
6.328965091155695
6.327626965867039
6.324386100389148
6.330566216365502
6.334556847638849
6.367611452215679
6.427672333166066
6.453888387244752
6.457818448392516
6.4567798258164375
6.4666249471791035
6.473194472138927
6.4523954416256935
6.461387455239944
6.444823937744663
6.450012288694644
6.483022942835595
6.492990891855829
6.511110930349114
6.503367723928921
6.502826633336006
6.513797791601198
6.529617436892802
6.531937159404352
6.537567904865266
6.537686436260722
6.5331132157503315
6.536592383548497
6.528397600356568
6.512762719352427
6.50068480376143
6.493273011427082
6.489085027966975
6.484919070699384
6.484010151311593
6.483218436472893
6.438454156803113
6.386712995776552
6.359517800993245
6.350635987752702
6.369214886772725
6.3552661970629645
6.351464859092772
6.359550146938982
6.342673454387905
6.309646046796852
6.312461007142092
6.269248129574863
6.254890056554022
6.230241199582341
6.194856531445221
6.202793663363216
6.186425920875366
6.1817094007107025
6.15645543724894
6.160978656374217
6.155440887384471
6.153652593207993
6.122875375857813
6.116626227807907
6.144538874763325
6.144538874763325
6.144538874763325
6.144538874763325
6.144538874763325
6.1554442168958685
6.15641747711307
6.208771145233117
6.235235800200918
6.253217962105216
6.251363829993148
6.207249327686134
6.17693385709368
6.218319658276491
6.233486669160053
6.191529923769859
6.193012964916016
6.210373482640358
6.211325622183648
6.2613001607371555
6.276031965644981
6.275801485485317
6.26861030921019
6.248836269839194
6.231210332262968
6.190172813404518
6.124765380889927
6.185793584690097
6.185169784850465
6.1591755221913145
6.137689904309623
6.233749560260852
6.249545877310745
6.27724833616672
6.293168714431183
6.319101821594004
6.329554479319646
6.361367141542543
6.4118445607992465
6.4459367723793966
6.466891566560024
6.4865633304498465
6.504999170566712
6.515158832181691
6.511331133047256
6.502118490300612
6.50599379846105
6.509960264180901
6.5137619623315395
6.51056309359242
6.49430931763484
6.459558468973242
6.44148281026369
6.439587509614073
6.439587509614073
6.439006436444435
6.439192376766774
6.404177929199339
6.36901629978575
6.3590590533264795
6.395450945760326
6.405378024333485
6.385758805978861
6.380071596069359
6.38707454785233
6.379726257214755
6.387871834959966
6.3884080376987455
6.363077456050891
6.349005912046994
6.33958465923561
6.320965760958734
6.3081786266539766
6.251118697278447
6.255077735898462
6.2345066445711055
6.239877370558507
6.20984045584457
6.2059978340152115
6.248527088750865
6.357899801858374
6.357039748731291
6.263174830275401
6.22876772577262
6.2268605891274005
6.232358182702799
6.2383275733469015
6.245735740659926
6.2051013968859285
6.277886642089843
6.2956444986095494
6.308090568616395
6.304488924344509
6.320812972317653
6.327419955003825
6.321461438115208
6.323628089196183
6.320174035653877
6.322489814029317
6.317168134823726
6.325448020014473
6.320507196354995
6.351344251998218
6.344242790845476
6.294270295655007
6.25627649474097
6.2518376894618655
6.237394298479635
6.197697050925593
6.208007597478693
6.260065090062343
6.373041277778397
6.399461954697874
6.383871405963181
6.343939593797497
6.349313730720208
6.347926576944406
6.35536436105013
6.33876939615287
6.344242165744626
6.404348761600668
6.410974994628284
6.445903719453067
6.468596573968851
6.500889150563605
6.509221371913141
6.534491798242803
6.538635890884621
6.55117934494988
6.553697541493825
6.55328541319175
6.545341818422385
6.566690195651934
6.569970046207074
6.56018922475315
6.5672661355435356
6.5785596867796725
6.58920146473019
6.609762177776236
6.613344478361654
6.636458240173978
6.635763519388156
6.65224549394043
6.647934769116123
6.65422176720904
6.6452225083642045
6.674339668679634
6.673106496771331
6.671921501470451
6.680877759123573
6.67693265512807
6.6393441596089575
6.615347879572143
6.648870109860542
6.662745207991506
6.628144365604101
6.618802963231069
6.631192162670477
6.627677216560394
6.6465576340482055
6.653458679690057
6.649837927665169
6.640544843257311
6.652019514603603
6.61722678992681
6.622928689159238
6.628008037701857
6.615650649803257
6.617349405761935
6.617832861790118
6.620292391793651
6.611406068692354
6.612929199688576
6.58469978655294
6.582165927787553
6.570800553521853
6.5802456447778175
6.4849865869950225
6.4848661393485045
6.481359060159841
6.445562790883724
6.446102560540792
6.524998597129971
6.542780438318798
6.536572900779335
6.543401035324941
6.5580436628279575
6.558144605342757
6.544315145404868
6.543652879440612
6.516450046566416
6.502995691574598
6.507411372475002
6.4768494130712275
6.449618518275371
6.423299165777431
6.409024092089
6.383261563291908
6.378908190803555
6.372274084959299
6.338219798066495
6.317685292836091
6.3509373730942595
6.340391264581078
6.372586002392609
6.376295183708759
6.388443751668956
6.362573989051316
6.4050700345877205
6.384132434059164
6.379413723251095
6.338334958411429
6.3494423258924915
6.329601814041717
6.314132137924868
6.306473684223277
6.292520669960313
6.311945096941973
6.335416735591435
6.359936609796329
6.369850766379932
6.328047822858956
6.329275227458961
6.343627288725217
6.2767864819337955
6.272673687007533
6.243682108940554
6.209996681671105
6.211091388942298
6.223936099275982
6.244040802253366
6.235798316225193
6.224431610144206
6.271948215577706
6.287417377201177
6.342608473957393
6.347779452997184
6.34016352842393
6.32841855016
6.175997992327775
6.16006175649307
6.154294816655752
6.144862018410628
6.129370523272684
6.310361716296392
6.347764007720538
6.343983931975756
6.376642488732684
6.406225566823674
6.409718319001789
6.407230792229642
6.407365846565922
6.462504584295388
6.475955511935098
6.483145872504082
6.4864660555264635
6.4892909698403365
6.49315977758446
6.493788285695816
6.492806448471563
6.4823504319518745
6.452341800843015
6.4276444532982655
6.427210960256729
6.411473313444548
6.40354208622891
6.35059556451373
6.326775051463664
6.2956774316267445
6.297053525545979
6.103595657639494
6.108756602762244
6.118969123962016
6.13665366051056
6.164240425322236
6.315188218729519
6.341123056843274
6.362680856261394
6.365958251578899
6.379250494614477
6.396691053010046
6.383993751993571
6.3799201876201
6.3394972508069936
6.326132889914194
6.286566546673799
6.296354149605161
6.280147810224263
6.280689405292629
6.294250243789644
6.346792542824746
6.358539173090289
6.343735700683856
6.342838095515971
6.380389535778008
6.387965319201115
6.394408211258002
6.411568543042762
6.414658774972008
6.4558543314529135
6.46834367882061
6.458943196506304
6.447774895880505
6.441552513807728
6.443901194082397
6.432474635518033
6.409293122996699
6.397372514983902
6.401155016417317
6.423354587835959
6.417176881249508
6.398919586701926
6.407096276293939
6.393750646218277
6.35951577067253
6.390146278737494
6.3566272337724925
6.206410953565639
6.176276178854604
6.248165280680631
6.3124430289495645
6.304582822253846
6.299939873288275
6.3056037133232055
6.3091846120171615
6.258442874550322
6.2803282591651355
6.289262626362639
6.296568372391237
6.319636832895361
6.4012054345491665
6.4483649702451435
6.499542139150912
6.54457829195586
6.562944737993585
6.555413855448853
6.530001617803344
6.529165900826533
6.543818276569419
6.524427206224362
6.532695251377683
6.532277724533021
6.535653804220141
6.52942956280803
6.533730472067377
6.547251412294768
6.554385069712853
6.576220653577127
6.599519388860348
6.610685379110279
6.610029802652641
6.613807061135496
6.620388083486853
6.620844974961455
6.6194540041229475
6.618660640216077
6.618536604039719
6.616529959886814
6.611650389684852
6.611412666358811
6.626959446448612
6.620519045414703
6.59194155070298
6.577750730883353
6.556630527865324
6.519676469860507
6.510436446054689
6.498358947642133
6.507904221963343
6.504067569109791
6.4952401690454415
6.482043140887284
6.487964633755134
6.475323797662959
6.477387495666888
6.470022821053007
6.415746776896274
6.400978883292952
6.291437987145694
5.865461400368207
5.729434900429035
5.900934017578537
6.081332690474866
6.075091045407085
6.05319993423008
6.056667899539631
6.051642677889321
6.05046896119596
6.1447012507019965
6.141499420714402
6.120268139489528
6.1583852893257705
6.362109776812655
6.353587398642948
6.351604764848568
6.3684773905234495
6.36589476897103
6.353154585118134
6.3365971587731735
6.329569482189378
6.3131436529944205
6.313565554103602
6.3135049570018165
6.277867151021376
6.271987933475812
6.250252709971307
6.217806075568556
6.172030485036085
6.158909715345043
6.063812801099337
5.678701326379669
5.5186187419935075
5.68314719121731
5.869675634051586
5.885316640973702
5.882378130887511
5.813921383513474
5.805057637911044
5.855249244978954
5.9381584273135966
5.939672419531959
5.95244713700505
6.0509337418917815
6.263241634747718
6.281609689985786
6.275618625420964
6.319137636224627
6.332189257954527
6.361795988621022
6.375739018118535
6.3835484002987855
6.384562245062564
6.390037255978555
6.395590718664186
6.415263472864099
6.413517159268873
6.420596900662034
6.429720834939089
6.429720834939089
6.442440358071761
6.443507586350662
6.4484666124953804
6.480085640441475
6.481635691859008
6.476167237526243
6.474103702967144
6.47036178178817
6.461202183682574
6.46742258068874
6.351000628284932
6.3486706075987795
6.341879929120393
6.355334042126191
6.379654313095324
6.437485936683704
6.46229708515712
6.4405003566578465
6.4374694226677125
6.4385036740509864
6.456692791152687
6.4522256241825335
6.462291691174646
6.470975562074972
6.466181053487688
6.480628503428853
6.490847258543855
6.4906645109899825
6.486598311390194
6.478223823274325
6.478223823274325
6.463142358390848
6.462890608534178
6.462341006959991
6.454262699204714
6.455341198617334
6.456611678389295
6.43526881196674
6.478920601214366
6.470462116086896
6.465214251697105
6.508780512524286
6.510941512770866
6.518678004658751
6.5196553553573
6.503599204063666
6.48345761450138
6.47190487522147
6.491420330181898
6.471687271309511
6.4660857947964585
6.448958630844158
6.451701673689625
6.44296445153903
6.436545400971532
6.442147637264968
6.420432636001872
6.362744686231967
6.3699062515603
6.364395769757155
6.348334353111185
6.378319598042467
6.364553367899405
6.358997374925584
6.378473463116312
6.378473463116312
6.384079458118042
6.388048760428789
6.36211930678487
6.328754881495474
6.317354717411455
6.334920411819193
6.325359797468705
6.348097173192144
6.335745272378318
6.327432436431587
6.314864754949244
6.30936654279731
6.332495694807997
6.3056370893510145
6.326656186688396
6.337756781450511
6.337082006800574
6.354075347928748
6.375661253797416
6.376659833670039
6.400676026731379
6.444544870791927
6.480717141788249
6.481496506656686
6.495317210662181
6.497339905235903
6.494600512068283
6.496608888093795
6.505434633828675
6.502907298760984
6.5039283997165
6.499906391606855
6.499538259034684


