Rainfall Prediction

763.6131950289052
250.59928172283335
344.631181003934
351.8083603346409
336.900344201932
288.410387422279
334.63653724896955
298.50384476352684
314.16310825714004
444.6240411434656
783.8586597930166
815.4233071555632
883.2217413336327
822.8267535892703
640.1472005849147
578.1131388818936
642.7603304696372
419.735321337975
558.900854656652
21.28706300799309
37.2989985933017
123.38276941182382
180.68164878012422
157.20128707251232
124.11227768204799
67.89758460308003
145.9334522793975
135.33700756901032
22.0639579685034
118.55496677331176
154.78220318772955
197.1598336375845
215.06743128609688
202.87680991182802
170.83325203250098
91.86402995732334
121.15279608824552
136.63454907160195
143.49912891721678
148.3104851316993
16.73362738170875
358.5972671396144
14.121052095881751
278.0685644274609
121.16510469827132
81.426595725068
434.96254950005596
83.46329916365124
45.51702119066113
67.2697504953077
85.6278057171229
65.1818833113144
79.2811241033392
75.2518433234158
108.16600410421842
44.72909433830964
303.1087697274441
408.0214167555111
416.6184419067871
544.6563613846713
571.0527654568575
564.6461105207064
305.1218613730319
237.05046653110236
352.3940323341789
378.07382515306307
88.02493063378733
339.77746551754404
305.04301876353225
419.38261704201716
373.2213233387442
83.81645468223627
83.78244098799452
636.0964569357527
208.74208958726678
549.294874831436
231.85181509063995
158.7024655123217
297.03626074957873
218.6072508972089
153.31370357444862
123.29937792121262
142.26304118674835
135.38524483844807
122.92804283845406
242.09179100441466
352.6593023827708
290.154045078299
132.84401361028256
168.79505502635686
73.1363461328755
512.6246935853192
490.66805569518306
500.2872173837352
509.58878666192805
538.3799532303262
70.99973387089098
70.99973387089098
133.37778382148048
184.68374579840335
0.0
412.44291756214915
112.16318165483005
92.45490369930945
148.9538169230196
148.9538169230196
304.60331386953305
382.50936396437254
298.5053308764468
289.3233800679239
382.4736029365126
235.48346917656943
223.0495148359379
232.31261362067582
126.81078804820619
210.75829450419812
74.54423028491874
213.05123931069645
148.14486126003845
160.11420865154997
115.16181627511072
149.99546646114106
263.65576955120935
134.07725484339926
81.36951076033871
137.66301890873692
202.9247885280553
364.7138363759896
349.0158886186855
331.77531995957384
517.3598180636627
116.54276603028353
648.0069400844786
307.6764755566659
340.75637341047053
423.199407701844
423.199407701844
523.0866474518346
550.6029933549665
545.4473382805105
208.37124412852415
304.5601282923291
399.2766364715986
426.3738943045894
412.76455000013124
275.32723373132677
376.82587366913606
395.5669962374586
415.72714616255405
429.51273055333036
529.3180482058381
575.1998599815274
365.0071660721807
377.6761925884627
268.9271943204356
368.90848669473337
414.402279441629
455.4713133753872
402.50505472447793
326.26888545804815
328.73565271923286
192.0284869049425
871.2667999482658
708.1381595177746
492.77513769232286
910.8933964866984
1021.9462007550188
365.60396926210075
242.31904941963833
541.8628247130287
48.24532776816163
1018.5472563946721
1060.2651419428453
562.6926911060493
328.7310374465886
353.6304049922469
833.8741565118177
892.2689788993002
1048.1383483824043
1029.307692468494
764.2254632909613
654.2901027642181
672.1625898641105
880.5273367570426
547.0450924899205
480.7743944701643
429.4109826731219
896.7533813220929
645.4592697343453
735.2461417691393
470.85079471003013
443.7843811755334
368.39120206681747
295.2449935702855
830.6185321516923
337.73740771663535
1316.0528513757863
1560.6878278150039
1520.9798656904793
868.6247169828204
312.61246291579744
446.39840618477285
406.6734165628607
0.0
0.0
374.6170682665725
115.75123049356974
101.14134946556621
89.7253004486536
145.12544660715645
333.5326345383749
200.629265948496
457.0706496654352
159.8223055187627
383.62100553044803
378.92058235019346
93.47433032145206
0.0
0.0
44.239583764271686
115.60763281720617
296.56477104602624
386.0058803308953
53.99514744329022
235.89419208878797
200.08329335842504
145.32221789669208
156.34676286452992
273.04896880091707
519.3749311315052
162.87144862050283
247.32309233497367
88.55219181144123
184.26384789299996
190.7827039482588
295.16771502660856
302.90802507170525
323.61345812119424
0.0
212.156700223479
0.0
625.900573889521
794.3800074609595
755.2914343789552
647.7569642240323
373.25761784138695
621.311658230351
643.6021785758463
736.0518078760114
852.3229493734162
825.2448727735613
879.0159663348655
1030.7226164465997
625.9941759021143
853.2410013337022
869.677346376857
148.5905959393471
209.70155682000444
133.1279837716058
96.14766918268853
385.60068978368326
436.08998672396086
490.70969518672473
484.4742488043456
529.6681992732922
502.73248643392424
647.3947890609143
654.1817642536207
549.9803858598946
607.9731148344091
626.6666562499997
693.3483391305049
483.0514974656565
99.87182979646934
373.09822939044756
164.89410178402156
227.7847831855052
154.62389238009584
262.11082799961366
144.5191205776342
396.27798153834163
328.6530643963649
344.82671604225067
261.206115567254
36.09572519974049
63.62165830136405
199.04950485347453
254.70357948270936
211.8320804544607
165.63864417961176
44.878867051978375
186.64363652274668
209.8624009930745
123.3290990258202
157.94232237672819
278.79371138889405
91.48270859347188
268.04766269577294
62.70060745123617
421.8779814815557
495.2856302792658
534.1075048840229
581.4081577555613
541.293576988258
271.7136741705778
295.73307637031496
300.441230069772
284.3536525121419
182.6824529866245
359.6534041058691
309.2037334084739
631.0832695441794
384.46861620674184
392.8310808979943
478.69927316922144
181.85538563243227
143.47494815481875
626.4507712094788
579.4459072094356
264.0957989318804
325.3681688874038
325.3681688874038
423.86265678819314
284.9402865281025
0.0
418.49681710947993
398.0628266649735
398.0628266649735
46.39636643957922
26.00408131019232
196.3596663384313
201.20732886483214
648.654590030245
465.4444182749916
675.8950403405322
922.7529935038796
922.7529935038796
932.7522383220906
699.9486313720815
825.3831648195202
932.7928989123982
878.942770273709
881.9321216075319
1036.0461183579241
988.2783374971146
966.440443943711
708.1247624954743
643.5694398380268
465.71552404477205
693.1606253182524
494.17336362036576
594.4173188643157
594.4173188643157
0.0
729.0847780319776
281.9289976263021
478.91581364275277
391.90664908976913
399.5811297945191
460.75957461019283
460.75957461019283
460.3530476204651
451.1315750039868
226.24323194296886
244.43020536946662
224.86600222136389


