Rainfall Prediction

6.452439505538388
6.4465531213626
6.406470030107544
6.395596550462052
6.2736846097838885
6.255043970816201
6.186077339475957
6.294716403159174
6.286985509228086
6.280286972360509
6.2895917890393775
6.294779463290042
6.296814187609351
6.317087727343568
6.31997300189244
6.329592676545489
6.361375091872757
6.349263552796369
6.346042236143429
6.351705556962335
6.350868080178539
6.383178402849419
6.4290759872073995
6.436973301621343
6.462500512403066
6.524569027586506
6.530107690538256
6.487642700198202
6.479518840954821
6.501703398993973
6.501861291384765
6.504713175495133
6.479048575306758
6.473739629678716
6.500659040209933
6.51190090564728
6.480189397908
6.488093219134098
6.4530838787251
6.430065845948874
6.433259555435519
6.458563783955583
6.478305232701438
6.484978240462269
6.514075972712453
6.495806202466556
6.499262489377685
6.516916845761093
6.527906476375
6.52059452715211
6.511153392222175
6.513443954763816
6.509109526333489
6.488677589267654
6.446056226787966
6.394812388328203
6.342466006153242
6.332332385878024
6.338454268255372
6.323139768817886
6.280439494974163
6.301908614903555
6.29916481908298
6.294538695144601
6.373747121380269
6.39853584415668
6.364502722360663
6.356303529673027
6.330235007902868
6.396097207583912
6.399137947570317
6.39663628876618
6.393120272555674
6.384164946956278
6.3664296105086216
6.332826874953763
6.326916017033222
6.319765095310416
6.30202928451917
6.292466186789828
6.291841414511936
6.296022168370309
6.320322449958381
6.396205468719506
6.409779369212027
6.410339092331869
6.430415037296568
6.46073505976686
6.467576814069856
6.475056901912254
6.491896243243605
6.494004365448302
6.466499537963328
6.4514523918042865
6.445211315741097
6.341555230475964
6.294240217454688
6.130666864443079
6.119305752621087
6.106663334628993
6.19653490380271
6.207822605734984
6.225755379568813
6.289815499628199
6.3805285812097745
6.42880779451613
6.431037654151322
6.433882012589306
6.431920431639985
6.445244342646241
6.446484267272732
6.463077831704659
6.462146080104026
6.455549388170719
6.452252818819661
6.480958739647853
6.484194236169053
6.502292703589673
6.53211787239861
6.555044261705285
6.551734499353658
6.542102898978204
6.558717985384806
6.588137313797597
6.591712035252629
6.59150975017123
6.603245510947935
6.6091575662358135
6.617595868233539
6.617469337886902
6.614670772840028
6.599678494565543
6.599519829614822
6.5984441485731695
6.579597139308224
6.512276247663891
6.434188405516251
6.392890194582688
6.38723547799861
6.3875576055361005
6.379950516506392
6.387074173746745
6.331581124278934
6.341872269062775
6.364945071492667
6.392135033651774
6.358724614526583
6.359342701151465
6.302577476478058
6.283062494765792
6.281450041400606
6.297140081986425
6.288034137694227
6.240187464979616
6.23249373186373
6.235308398195205
6.237897396452663
6.232693050720732
6.224678366157545
6.194738499776193
6.195291955554188
6.197839155511486
6.195790818904339
6.198123270938158
6.201340033439952
6.227989954955172
6.262201760495656
6.270553673659466
6.27436460407024
6.284798531101206
6.285122112480031
6.278163122757777
6.246368340923445
6.263220470128525
6.283061028841791
6.262466298926174
6.199148202628902
6.183327935253719
6.185020727568016
6.18553337254145
6.180862789978059
6.134714114801018
6.06705886590626
6.052870129463219
6.130192749421927
6.082673190453088
6.083219659203195
6.185492325967634
6.191001381709535
6.16408955798449
6.105764439205373
6.106137655857903
6.138657046335385
6.128468169890768
6.174824016153761
6.217318108989892
6.254761255250075
6.27769305527313
6.261372160554821
6.2462267311731035
6.240773743505825
6.243254523651955
6.238536466554561
6.243358752589866
6.279720574971812
6.264318189884035
6.265975009191539
6.276100586156036
6.265855830233233
6.261158277627334
6.243207270944267
6.2423169882159
6.244150338975088
6.260903821620705
6.260878998583876
6.227567890297086
6.230166246557882
6.221906817332298
6.165909870254561
6.125995491329951
6.186662893263847
6.201738721443432
6.224158135439902
6.203628771118061
6.216001669027246
6.308332597836732
6.3681527778749105
6.353610535249982
6.29908442029899
6.235478537273779
6.207332106543038
6.2226731716928745
6.219156918097064
6.228911055513266
6.244623678957013
6.212615587485899
6.272008535970664
6.2740951965193155
6.2743849946211485
6.261336524153796
6.27261629534643
6.240470798572767
6.231455259614959
6.228769066253335
6.212586153727162
6.19707086093448
6.2106913406669495
6.216576883098405
6.218176330440415
6.259148610672705
6.282826119713117
6.280815664761098
6.27398025172584
6.269010738336985
6.270448875795575
6.2892097703923024
6.272275588448047
6.219468751338893
6.229895667304465
6.245056761902057
6.256007316449131
6.253987957269753
6.2500800747015575
6.250498727333757
6.2265394164051395
6.240927351518466
6.247273507287825
6.231787440721846
6.224345196802962
6.1703973971033665
6.134087325516721
6.119258340672625
6.0974262527281065
6.097027151841893
6.068184078542852
6.0262061761231385
6.027203047886786
6.032463620893159
6.015577086956785
6.022594196183097
6.07278148108756
6.096420277654621
6.130429756377889
6.1365654821718945
6.172463114993568
6.149379609148054
6.143414188930001
6.20340861645804
6.33786480247916
6.315724517323805
6.25689766355092
6.110117785689777
6.19431896059326
6.367369405128678
6.391665162953921
6.440199447680698
6.410586084626701
6.404917491081766
6.399152234924668
6.407409714549391
6.411950746242736
6.451656653244348
6.477669527188978
6.481548829795867
6.514033456507026
6.527886121231343
6.535829450083522
6.537233755681726
6.528678068333606
6.529809478813617
6.527177096110593
6.4938950326350255
6.472186376253953
6.512747249806414
6.52855550090237
6.531334280074665
6.532064022397329
6.528761195087855
6.577418193459321
6.569850661045134
6.587717195364225
6.587197684249527
6.5886430435915315
6.5910199493962836
6.557384469513988
6.5504994036320845
6.527315174631882
6.541948683623379
6.5432209164854145
6.5372677044563385
6.53186981775362
6.528227578643004
6.49054252673085
6.443038096229829
6.438534004200961
6.328243011812669
6.28888057856772
6.280799250332286
6.280454199938393
6.288487178756931
6.295851521182232
6.301185555265233
6.30087756200937
6.3153425598717075
6.3657812986297975
6.341253786780594
6.3928877880084345
6.425313223567767
6.438435529872661
6.468300738615197
6.455924896770139
6.486268122598394
6.516492757948926
6.519292106973501
6.5141764714650225
6.515150872393173
6.513332989234564
6.49327538888995
6.520798334430456
6.535051656595636
6.5396440559988145
6.5481857746699
6.5509805577478035
6.553386588185862
6.555959589294001
6.544404265497947
6.578307689859918
6.582706543611779
6.583934252319477
6.587211395377645
6.561957456476741
6.581655662864686
6.586344430748358
6.58667914678237
6.585953505382002
6.584093905203277
6.587611867711668
6.600362579170702
6.570538128162373
6.589264234345853
6.5645004162456635
6.598396241114472
6.569242317831309
6.534357587759259
6.524527326298681
6.523975353527617
6.545884482855881
6.552114659838348
6.550579928456455
6.508563771495338
6.490660686538954
6.479578411697148
6.473956441190402
6.476326826388533
6.473373350971413
6.466366303756917
6.454661341157885
6.307169089457825
6.251520851539632
6.253111894581665
6.248235678058579
6.151656506097667
6.076603633230313
6.080362827623726
6.096906731806635
6.106991033695018
6.204608721618321
6.226607353164726
6.270774643727043
6.272872710372373
6.253193575397184
6.250818802994958
6.27184084143733
6.299991169547878
6.299523333221182
6.299541999018363
6.299130080430689
6.281000940996488
6.238592437592159
6.239685227346211
6.242472872606605
6.244930995752164
6.2534871895869495
6.273314938717575
6.270102627095136
6.254734459944172
6.224492959670646
6.225211675239955
6.157587207028423
6.148625820035146
6.151773546449447
6.1867310065103265
6.197405558401229
6.211360505644587
6.2501317898802125
6.296808963303573
6.32475701656019
6.413521302511474
6.39568678270739
6.431604937780826
6.487541099911845
6.484395077903716
6.525499820935352
6.535837159094375
6.554289813807388
6.560326187833417
6.592228980744073
6.647563946308788
6.66121884328789
6.684977023919533
6.691456744167607
6.710106226636568
6.724313721211057
6.724637187203313
6.7126240698515955
6.713157529682532
6.708596610474319
6.708249795207589
6.717770939080622
6.7162696866812075
6.717583981441322
6.7234843656879075
6.732990136954188
6.737420972362551
6.716789325698925
6.711504299510152
6.7165502974428595
6.720276706142088
6.691844990847987
6.689958007047051
6.683178090456802
6.662274318840954
6.647040622389287
6.610935281829923
6.610533291367864
6.591948101118798
6.58764366569415
6.571293988784531
6.522673495846778
6.505813412307405
6.460204071029588
6.457358255190509
6.419015636500253
6.389916513021441
6.383198374659482
6.381063964416737
6.3832221371958715
6.3815618764345245
6.396411235208211
6.397318661688527
6.4030605613144465
6.403711800013803
6.403754799875863
6.403529094364149
6.3835977779801745
6.271645533358782
6.270986281443419
6.31330008693431
6.31155531169857
6.329212194540414
6.338547816909733
6.336571702142112
6.32661074622577
6.285964991280158
6.2559135826494465
6.280355282632133
6.285117945957052
6.285566626804709
6.2936373441040745
6.3136675539281315
6.317548097678014
6.310341920641602
6.3175037772752916
6.323914779982855
6.311932428453026
6.291798578583382
6.253656210640872
6.272022026126938
6.273409677497255
6.294041778571835
6.317487742561863
6.325720104602434
6.306476070578481
6.260304497883343
6.2768756571030835
6.3002358061061905
6.291580639739899
6.320433822512834
6.352629197660213
6.386246064188788
6.434423000294018
6.453573437906444
6.498518626242398
6.519100259474625
6.530036206569035
6.545474694675946
6.583455555421348
6.586206993986772
6.603840975519766
6.62585938287586
6.644167149912579
6.651178235768861
6.656626564849878
6.650725308929465
6.638837538070633
6.643855565327905
6.647523340512935
6.647910042439644
6.654811983740491
6.676795005588675
6.670638910013629
6.653219980176399
6.669891981542374
6.689489191818269
6.693017068792207
6.69127092011689
6.68567782495079
6.702073421692161
6.697262843553294
6.698852908015865
6.683445093100136
6.674528959395505
6.657465566911822
6.653151756529064
6.641122232953808
6.639907718938246
6.638076634193073
6.618010692444531
6.615262006636404
6.602554395930466
6.5819171016052085
6.549630192423602
6.550896402842999
6.53448564724896
6.528006543155645
6.528653635949256
6.531731405312255
6.525349228831609
6.5152709679658205
6.511572709863811
6.478773810404221
6.469873829766892
6.477219172542889
6.453663129830995
6.439639420740206
6.414693405404447
6.433734000560348
6.417234358331507
6.339269918184467
6.3309923144664015
6.294300967450122
6.292076595160723
6.315988255147205
6.312581456720184
6.298426722865259
6.295449410468152
6.298692046928175
6.297145507865505
6.3463711851613755
6.381046954099523
6.389621236629304
6.4146635859912156
6.417698289115319
6.41050920383712
6.417712024152914
6.4132711935635935
6.41004972363824
6.3854464829146975
6.3690697851304785
6.33002106890907
6.322097155603918
6.359381439099596
6.3909235698261355
6.424696880546829
6.434272671848838
6.427020865937533
6.393506944748031
6.361394173405568
6.37940734999137
6.388176747297943
6.3909111343885865
6.394273019109149
6.399007594215482
6.40312767797288
6.406480790294072
6.426066985259997
6.416412168802574
6.4137202583511685
6.421994475858737
6.418102515678101
6.391136743825111
6.414365171324311
6.38169423820834
6.373400489773351
6.375971383889495
6.363510610078175
6.361719382275051
6.357733592265742
6.358870115840579
6.35895374656736
6.355221604263709
6.351137598986701
6.274145514980164
6.2365595908127816
5.976430900928862
5.862210346633436
6.0207003983676755
6.104253004869785
6.115471406848345
6.110023473227901
6.075063860370135
6.074422966010672
6.08242476257125
6.094433971073994
6.101080857462749
6.097866667984786
6.090442784120816
6.089718268231928
6.10517848008018
6.101319911034553
6.103773831777128
6.12235386799191
6.10493363655446
6.229739753017385
6.230462100737845
6.231001691863967
6.226749699334181
6.240133668683651
6.2421539569772
6.292025135270212
6.366230186914959
6.4085962095159035
6.393842933516674
6.384488282405962
6.372925112852711
6.379960656773328
6.357598153962603
6.372226693440941
6.363476086109782
6.372683084873012
6.4062431475858865
6.379505863087867
6.381684159352701
6.329303274153779
6.308945994478151
6.333314405255207
6.334674012476958
6.341570432580993
6.347918469406299
6.395334410268783
6.404340500332089
6.430861419489436
6.439274850256335
6.441760417155582
6.441228170326536
6.4445834424191775
6.433645058187047
6.429160970835654
6.430922307657162
6.4357856855664455
6.428333993591678
6.408419018564771
6.390563649314675
6.403295774300525
6.392556990070638
6.386413972103096
6.287115133091103
6.262926829993293
6.306902449165985
6.3633546506048875
6.360259625503125
6.369484139922814
6.322174224174167
6.3042462549768405
6.303836016535255
6.328165644148899
6.305461528450267
6.337666073585897
6.337664918362478
6.336528058203456
6.31144384431072
6.3046124549559295
6.272583074451622
6.23962897278306
6.236959516963727
6.2639644602897135
6.255622620489033
6.255353531368422
6.245811550294104
6.255033691040305
6.252090792645225
6.281686218412919
6.348395504387885
6.373595532838071
6.366455360666284
6.314960240469398
6.304679978056338
6.1042249647461935
6.009691588581279
6.1050636040095165
6.147269282460664
6.145063852756201
6.124365674796868
6.097819427319418
6.079909830620897
6.078981782371181
6.037612486326389
6.035285539548561
6.016131017167709
5.9989661880877545
5.976108896641359
5.954982437203626
5.912377746928684
5.979388764592669
6.04571602670351
6.094966174173891
6.133027918061188
6.14030871030997
6.176691106347387
6.184717411091452
6.222573466041301
6.263090421900539
6.321947607402501
6.366430550901022
6.392446996265202
6.386792614724717
6.3824185275567515
6.374420502744757
6.374545800848352
6.402799202485775
6.423151951597044
6.436470697494336
6.456711627394595
6.491840398022699
6.50637239672624
6.5214704371299765
6.524980843795296
6.551339399823683
6.550160611726517
6.558797812748822
6.570862857249686
6.5777883340247705
6.595186713990527
6.59575523054703
6.601347437891471
6.5836748294871255
6.571506773895902
6.5622411334169755
6.565623066904291
6.545930150216262
6.542729580481855
6.52918520569052
6.495445654342439
6.456603166844918
6.43662934917676
6.427893147005432
6.446447560974315
6.446028341348149
6.455993808064225
6.4636804237447105
6.445427376247635
6.438411584835232
6.436398538664909
6.40309108855168
6.4019876459342
6.417859329287011
6.410737463356115
6.407526952852503
6.382407059236772
6.380911624560256
6.395914897710393
6.382570976405574
6.37810400966163
6.339637935586117
6.349433668361149
6.334666645356292
6.360911793444998
6.375386906286581
6.3736094481758405
6.442743198981419
6.474116041033094
6.497327052105876
6.517452221075793
6.545022926698339
6.549527696906444
6.55345655671258
6.5471634729035415
6.533172559158324
6.523545385814223
6.514811059692195
6.507830193976567
6.509847502651242
6.493391989363971
6.497199001759274
6.503361929185882
6.471149451675894
6.455227814413081
6.441536541313592
6.44285898631609
6.415111806944664
6.421373100523472
6.431206906158902
6.429441073247355
6.407570257389207
6.3613012382990854
6.349618625293821
6.406196483603218
6.436012135122901
6.479109444325298
6.440166672134588
6.416677414720365
6.449769406597103
6.483509410858704
6.504137300414256
6.513265472814973
6.515258239179765
6.516437166769845
6.519102552988977
6.53076922375423
6.555029919871788
6.582722986609262
6.594996289046799
6.600581793357563
6.6010577459091335
6.596464766186973
6.599602871678971
6.603041418559508
6.616601301612477
6.61715203687461
6.638534727931014
6.640967866737988
6.633215047926216
6.626164885065982
6.62750532554976
6.629070696182864
6.628022219249385
6.619490334048143
6.600168640988576
6.603230467043894
6.5711797543706885
6.559970257155609
6.594305964367246
6.570288631891228
6.544776682226669
6.5523620144788195
6.537299792002098
6.523313710009395
6.527100249522913
6.535978520755825
6.542911900141744
6.542675391993892
6.538456920662285
6.533724789735873
6.525680562398192
6.531015581212212
6.526324495017177
6.5058590191714645
6.509568077511047
6.507605210323935
6.531005981052132
6.509954220141541
6.503842015921959
6.4966060976770335
6.5204465625333325
6.498713357134502
6.486428857806087
6.484635940601482
6.50208722807495
6.46145281079111
6.443583723545648
6.458585862147418
6.469994371653768
6.506559792977801
6.531444239204764
6.552721300689543
6.546639077735066
6.560061285225987
6.560751717528019
6.5524490893867595
6.546832024342051
6.5385493225637825
6.52801343189154
6.520662375879247
6.520445404040867
6.5300440438085605
6.533816309037762
6.5485073945562435
6.55702202531584
6.569756516186491
6.561377980181272
6.5383123937222205
6.562893357826712
6.562862970467732
6.575084791182463
6.585752418056014
6.594652066056141
6.59771603025413
6.602859027410931
6.6456978144921575
6.651467101771731
6.640532435462927
6.639077993809426
6.639691872345891
6.623276741579332
6.601614051414595
6.590218329116051
6.589144035215405
6.57566184463693
6.5771269151509095
6.5800311680693095
6.58307729099283
6.581535711277028
6.583814582025967
6.583691323617605
6.573844584879974
6.560167975261835
6.540605481178388
6.529064056624633
6.5230535716677025
6.503827036601964
6.52763262185222
6.563101146916922
6.526780176383566
6.510164982094922
6.491263511317278
6.471833570240034
6.472071629357923
6.479055437545603
6.4906678344177555
6.454539280362203
6.435921968713037
6.4490000507777845
6.441652343641952
6.427742178606409
6.431680059797965
6.421472108179508
6.448053975742678
6.461697454635653
6.481086051354934
6.479794506238204
6.472774248083082
6.472584851363209
6.471064378849285
6.46973541165621
6.468881777197339
6.476746595446782
6.480447120564218
6.49743556114715
6.499127669318286
6.498969151953981
6.4867490459203845
6.4654226492067295
6.452651564440904
6.4493155860433
6.454652171670485
6.462160239502404
6.482924316314843
6.464400109061673
6.455713438804659
6.439672870251397
6.443107734317205
6.444700014165731
6.435946291774016
6.4218918303740855
6.415817869729089
6.405562120320205
6.409071783959582
6.374994999770889
6.365259043258321
6.3543961535294775
6.3533528854705414
6.34769173973434
6.3257047780949005
6.326573649142084
6.323499194014775
6.327486223325954
6.327742430786204
6.318618819395719
6.287905977474617
6.310251485274843
6.2840959951830255
6.286497307520241
6.266779943713184
6.214151452473453
6.208876064244296
6.194951056096479
6.248605018570043
6.217415834491857
6.217415834491857
6.212758358505142
6.279730615981526
6.31903688718843
6.316389367634203
6.31307262439557
6.315555713060292
6.323395137496574
6.331102964867204
6.308369468954993
6.301937623774369
6.288923493905337
6.260360633298066
6.250765269292142
6.294049093754698
6.311089703961717
6.308867940766973
6.306503118913956
6.304011553512856
6.297352966420752
6.298458591267307
6.302176717396831
6.287058841693246
6.288907824943255
6.292786245179776
6.3012320082426
6.276021577357695
6.244780016627544
6.223260605866725
6.2182944115534555
6.249620522564451
6.2709502060528095
6.2709502060528095
6.246095210420503
6.209898546791457
6.218136507128629
6.271479168480585
6.277086094730507
6.25515488009465
6.234218838073149
6.295141614275713
6.330766998886624
6.310229727097459
6.327057772972055
6.326644174668938
6.15405353662665
6.180237625494646
6.1803580146050825
6.378769749370678
6.415649848499767
6.428731713197875
6.441852490321834
6.439935006110931
6.456336346141415
6.469079876047613
6.462164861789736
6.441660726031802
6.389319356901323
6.390640919015338
6.393424132762917
6.409844313210709
6.394727581968547
6.396419145707249
6.396796299247212
6.415178149632936
6.4445405338943855
6.438048378274674
6.411827112915292
6.401232413531607
6.401153630359607
6.395328426780636
6.3388287015433775
6.299715106835487
6.301622629092407
6.27352720730137
6.269153925774965
6.269730262420999
6.235166310253669
6.2347726281386056
6.219371266138876
6.211458729013941
6.210360083831948
6.1906349562926355
6.171680476666113
6.181428731141256
6.150082900019336
6.115386012593775
6.075156972406167
6.062245811292729
6.047642036207068
6.051494264392851
6.100138278636297
6.126330681269664
6.115880833600123
6.114728299804372
6.149384115645914
6.138842054221865
6.15782378126677
6.164522768454824
6.164522768454824
6.170926440182855
6.171850559038199
6.079571637953015
6.0605823750125465
6.006130445706306
6.0154518413084554
6.01393139551206
6.055852341872299
6.090297276460012
6.0913864911627496
6.0844534025117305
6.103627992696094
6.10830015553711
6.130644183543013
6.1932165446801
6.195819581028824
6.247131199246061
6.245157559897648
6.253489728124027
6.235490578918216
6.235490578918216
6.239144572621223
6.234171401344779
6.281355541899068
6.310752350595992
6.3211818182312935
6.310239590118299
6.308039468412945
6.308736250815425
6.320958397265399
6.320958397265399
6.30122674826245
6.30122184590467
6.279839545138154
6.30922354282204
6.311742557223321
6.327855647818798
6.327999558359733
6.307914905476424
6.312493074946669
6.311979528025621
6.31697383462209
6.331624100687915
6.330098129817436
6.31385905383088
6.237710387932614
6.187252265077626
6.116900891295338
6.120277319654096
6.284399660060584
6.334941949329051
6.387135284426888
6.464021521918122
6.461983905620736
6.441083296336559
6.422018710827691
6.4039592691829945
6.383305428623385
6.377777224992966
6.377242690021916
6.379996614615757
6.382911657586982
6.394505719582464
6.39868545533282
6.389250512556765
6.3635670046733255
6.356566749295742
6.349466796680606
6.3566854817447656
6.378041502151136
6.365179882970504
6.369313760043697
6.370228076747419
6.353292544266112
6.352808314446464
6.35342459880806
6.3735890194611
6.378864509568317
6.374942389497605
6.382351968873451
6.345422063650159
6.316615077521289
6.2726416055226775
6.0267989237102535
5.929746156715911
5.929432119165325
5.994055968196664
5.994163076271448
5.998412726970729
5.961765761265202
5.93925191541012
5.916909605156095
5.915350809177366
6.051277621462669
6.048900346289131
5.97228056850653
5.976100137652069
5.962878345398599
5.95814066073473
5.965574020144865
5.933196438874681
5.935250795669518
5.935233371858281
6.096512592547302
6.098199547312878
6.098242329782077
6.095724266589503
6.115965199183775
6.11869388613088
6.142466191040524
6.116804403446636
6.228823466329674
6.255153669762824
6.269900124844073
6.273682528338534
6.275609515473888
6.275609515473888
6.279085991377006
6.27943246188262
6.280924798890946
6.287797140277018
6.3092022111310175
6.312859115339323
6.320534813976133
6.294989921171748
6.307249638287389
6.284422215088023
6.271011855027274
6.264568000217879
6.251571224728711
6.239152283705652
6.233789584407712
6.229988006491925
6.229293287673149
6.181452824777535
6.179121757699842
6.178654674631827
6.1704254693694445
6.100686891098916
6.060324023395938
6.0324924719094195
6.041431751789313
6.0474675484012845
6.069539499725109
6.086715473985111
6.0755535162011265
6.046195120163643
6.054474145808674
6.076937535331863
6.091955859988604
6.088012747598222
6.0743588056626185
6.069745970574086
6.069911400496305
6.075156761329622
6.1254542648644525
6.134602729634898
6.129379820014425
6.127829497305611
6.124884157757877
6.119946184869585
6.128420274069585
6.133390536021618
6.143243635364068
6.145316874824115
6.216800006172355
6.218632856393822
6.219234197676604
6.218825542095438
6.229253090507514
6.231897656776952
6.1637606578226976
6.099833056774625
6.076162748494439
6.061149256950846
6.026806025164847
5.7457883290406775
5.679198579607917
5.697704490731512
5.68367433504416
5.625864060355408
5.643619481315092
5.886138900901384
5.881243397094692
5.846938625670511
5.84398630378527
5.9485798762989495
5.97659949497383
5.966448004088941
5.968570661332193
5.968242918053668
5.961602928112715
5.9625528637337215
5.95724842617278
5.964798359556733
6.000235457726276
6.121992453862721
6.204542670281181
6.250778203929662
6.274624697181963
6.285400639498212
6.279204925536328
6.3012490589443475
6.311338769437564
6.303604365794391
6.317920654191837
6.339548192285555
6.368864600996703
6.363180812478394
6.359369420549568
6.369032653989499
6.368800252720614
6.394381630559929
6.373762051776625
6.369105781612678
6.369105781612678
6.362148640905513
6.342314199409913
6.30199087118763
6.300416691188758
6.293738579862516
6.291437939617808
6.2884686869945785
6.302547315728097
6.312367590433563
6.327184650821155
6.280146233518179
6.237269253104305
6.204448892765626
6.176318236333385
6.149866181117519
6.1739521322458595
6.173212956448877
6.167251479952218
6.141529566038546
6.060975167046565
6.044456686237241
6.008671724127733
5.9503939995317525
5.9507361526140095
5.9690003374478176
5.926690509175941
5.92294798964859
5.890044673643866
5.983396027482198
6.024578215718563
6.0678829451922205
6.081365730144362
6.089927800645239
6.104511789785881
6.110072131883156
6.112904095275329
6.112904095275329
6.112904095275329
6.109901435130391
6.107209482432757
6.092633256922639
6.091822566702316
6.101392933038712
6.138886455760596
6.1631328697432615
6.17457249218242
6.131329627791772
6.101259317779147
5.980663190223939
5.931488288058205
5.913716643801938
5.934877633925312
6.003101910135959
5.969753854745235
5.983132519569674
5.9976389793580696
5.981631576361462
5.9552141765445095
5.936950345596435
6.09079854263952
6.071366008742549
5.972128925583581
5.985594491729714
5.9870717667410105
6.00417829412243
5.9610962288916545
6.110945583498422
6.140058445596358
6.199898014734472
6.227061239492507
6.219118866268593
6.2188521521264155
6.219563355895681
6.233036796352176
6.276414998573203
6.2931482368145115
6.337287169682847
6.367848877096683
6.369493526338971
6.363299729243667
6.377610239722627
6.376491242805068
6.385876747019278
6.390664155030265
6.381543560022258
6.380727909344689
6.388181168400512
6.3497955125582015
6.289014930721354
6.27087881706624
6.220635842735159
6.1530326243805575
6.17021378864762
6.169665910072568
5.869456771339532
5.867470421904474
5.875620043855342
6.2217640926039905
6.315676974610515
6.358109750814174
6.3685148396721525
6.3808157083798065
6.398437294400265
6.400348276769941
6.396197234041842
6.3961472326185485
6.3647237770346
6.339531383512472
6.342335364622231
6.341990457603266
6.344194572944768
6.330927840697333
6.33304746633691
6.305434156436787
6.306875161567402
6.262960435488185
6.245811011577342
6.225497693155181
6.367677201807897
6.373550195076069
6.324593421123747
6.324810021732778
6.332119552921095
6.320983421086343
6.337283944573973
6.34053210690417
6.340454049323482
6.3312869837984165
6.389192377715288
6.392442335600054
6.392155871404354
6.393567370112221
6.386060157308403
6.373696317429456
6.378659904434274
6.3769376351460485
6.326802819078732
6.339160469661468
6.307342297321717
6.317391193838124
6.352616087922442
6.394704075840989
6.401842246951644
6.401069128440698
6.411872810233838
6.394203971796918
6.410620780475321
6.41597460120776
6.41754508930764
6.302580802220956
6.297736007676937
6.259526582059414
6.281021520953927
6.271034370422078
6.216784740571314
6.237619132588732
6.237750997254152
6.231092097460706
6.193238347177068
6.344885754805096
6.381615628469446
6.440127815150955
6.472643792639646
6.472677122158024
6.470444489101212
6.464567003074505
6.4783212951821945
6.478171382420282
6.4781303371891905
6.495359167809221
6.488490563289648
6.479153514036372
6.45395746893915
6.485310639743585
6.5023857262864455
6.51342363804881
6.539513712024574
6.552570337956233
6.550777941530796
6.545591316987514
6.603720714686081
6.607313157891993
6.612138633209069
6.603315301200371
6.594084929160134
6.586175501904897
6.577070725112861
6.569893083452837
6.562882308006047
6.555760147309751
6.490327337361953
6.4696680605042625
6.438375612800499
6.401242836738208
6.423175275203596
6.439644910687976
6.453006746512789
6.431246737366303
6.444174388907879
6.423896037164778
6.412603551979505
6.429189600613565
6.426622345044873
6.42298717462078
6.356185827609965
6.297058727893831
6.235575140862247
6.220859259889472
6.175382069186223
6.186648974772179
6.173297662745108
6.205723295891963
6.195906534798798
6.178632405613828
6.199120862826947
6.212559890993874
6.222380655060882
6.243894173255512
6.253029838580473
6.2470935682906905
6.253881690343132
6.314967782155713
6.309374594999082
6.301824753231709
6.315302535716516
6.304658285877134
6.270133879633718
6.273516070269444
6.3181262697978875
6.291154817799159
6.303707756723628
6.310618541121193
6.2484792141158385
6.254410788395729
6.252971290903211
6.260854682898464
6.284457385776845
6.286861821211975
6.261116037515369
6.242699253696942
6.234280547120721
6.232927683198251
6.141920746996844
6.117250693064462
6.127235135173824
6.202352636292293
6.226087062975514
6.235287212741251
6.235553215541928
6.237586167744061
6.25194578551178
6.261295784307552
6.323787682111172
6.3788440577136605
6.4010745503036315
6.385004429984889
6.38370919564632
6.389950111688181
6.396833643600363
6.365833482360982
6.371413959607471
6.360395822119803
6.351652832046833
6.368879353641044
6.390881563835484
6.432318487408047
6.440134350368184
6.411239931348494
6.395158758813993
6.458658494279559
6.484594842134461
6.495669230375267
6.498759932824679
6.52735385161658
6.55701620474727
6.56077243155177
6.54369607001436
6.533843317002875
6.527029595151886
6.522869839903
6.5199504223721085
6.518238912126134
6.516217838269066
6.468164222066133
6.4299908295114045
6.410953562324979
6.41389512420313
6.427538508411582
6.423948127024828
6.404509981596244
6.4013166990006924
6.3975298994708165
6.3725700428973715
6.384723738621543
6.380752027039203
6.346143681521363
6.2732135037889405
6.197471919981416
6.1992616048839375
6.1992616048839375
6.195177608602361
6.166248931394519
6.129471397284492
6.106683801309372
6.098094091544943
6.087534949768904
6.073775667236574
6.085498516051046
6.0814832238138425
6.0814832238138425
6.087081878916413
6.087254079049966
6.092643733958102
6.078911764695681
6.107494557369706
6.113862235988988
6.123028397887174
6.11542378331712
6.039724937188715
6.000666195046497
6.018113369097923
6.03703566179655
5.976063124751464
5.980799095215578
6.023500348096818
6.111622970497791
6.178956158890719
6.179082839268242
6.175026058146226
6.170378210669512
6.170378210669512
6.15364182425113
6.132030542194032
6.088926059254758
6.1966478017189965
6.201985222978202
6.183563364780872
6.170114201830107
6.213162704378667
6.220950933241603
6.226146700924924
6.227653944964702
6.2781566819949415
6.287430064741111
6.3374428481509355
6.390737491156801
6.428767694109322
6.467059564801822
6.472104344966253
6.490781737022303
6.5113441292218
6.520165135611618
6.506827469819153
6.504708700814758
6.501612855519114
6.49498685834661
6.481156890684708
6.456655570504439
6.429955189517586
6.467394730118366
6.467222336329999
6.467222336329999
6.466965440799804
6.467291909792516
6.451574825181157
6.403874220439936
6.381454994583643
6.378730912464032
6.403562893089267
6.38604754510289
6.40831025432689
6.429821245918409
6.427117249505517
6.447787829253207
6.451184870788372
6.427243322607538
6.412868439904295
6.41592110999702
6.388509403932631
6.383370197611004
6.3567517093432295
6.379528017918833
6.3646607602220255
6.397655130037159
6.417905850257023
6.430743501064946
6.458864102430743
6.523994122771288
6.52335080241081
6.451103598523204
6.35180145199428
6.35017131408627
6.360347216487659
6.3691793860248636
6.387646805162165
6.354934112224777
6.389756233942171
6.393978985165633
6.396963316469975
6.3885110012674
6.397254783166305
6.403019597531502
6.396384233376964
6.398175397742791
6.39069296682483
6.3911335876039335
6.385595759914936
6.3971244036161075
6.382220229779296
6.400070280193266
6.397387017156637
6.349401840506055
6.279043068780624
6.270497473239071
6.240262002063022
6.202535577433957
6.213089875272869
6.280341000761638
6.372320183823079
6.392846281407052
6.375816688467472
6.383865053668517
6.394533568361372
6.393618438185567
6.380937841669552
6.319263327249628
6.313107658897468
6.3782719886606785
6.389496042733145
6.4094184816981095
6.422677364959127
6.4446514539672615
6.445666387933592
6.463171131037255
6.471792361143226
6.45325672714514
6.454699639443623
6.455982945417896
6.4031909818208455
6.416338832970148
6.403990256840037
6.378697254553748
6.38652202706838
6.3982802870373
6.406151239940094
6.401667603527494
6.393422663676068
6.446512927204249
6.445275962884434
6.500929699779868
6.499939069067777
6.517410556958742
6.49461487113603
6.557606864815588
6.541285668129523
6.541885125197923
6.5493705996329314
6.549324743468881
6.515793291685988
6.494722190075905
6.533560878198085
6.548354644013685
6.526274532465276
6.522236953113377
6.541489620605217
6.5316686211568635
6.546473835229664
6.556076179849908
6.5572867459735775
6.555889032710175
6.5597340902107035
6.527770226439029
6.534525335284832
6.5301117492697545
6.521811238651986
6.525753665469625
6.5542131223949465
6.563894222657189
6.551004622551827
6.565369351513737
6.523230645738738
6.518578983138882
6.492727340975906
6.509601426410839
6.26990247485218
6.280696150379307
6.285725425471552
6.271040633973187
6.272457468237945
6.482481346263682
6.529064090138628
6.529175522165122
6.554422958799239
6.589830003379997
6.612280330278107
6.592994166358131
6.591608716556699
6.590000912846227
6.586499802431067
6.583119165750615
6.55763019461995
6.541976708795764
6.5212506130261465
6.508966389307044
6.503665254980142
6.4981203760617054
6.490275373257243
6.459366985248117
6.440247453119823
6.452778694145695
6.431894176062342
6.445595883046314
6.447358653795705
6.450095436287883
6.4253705772772705
6.447372363877934
6.426405020694851
6.400113969379268
6.373793981436466
6.398786940163108
6.358995100732048
6.333367083080156
6.298411694462963
6.270810790456642
6.255015512106339
6.257756263929082
6.266831610928451
6.282255183803115
6.235946610734028
6.237440845281792
6.237440845281792
6.181845473780314
6.180623485035712
6.15694459772155
6.122950402268428
6.122950402268428
6.122950402268428
6.12349629141746
6.111384704225001
6.1020647363585425
6.16240472544318
6.183428948896419
6.283245876514165
6.290079668160202
6.290671937750479
6.290093138695856
6.230367721710403
6.214439206213463
6.20709014748411
6.185465851067068
6.148291017227901
6.245273249476767
6.265459737154523
6.250347037843645
6.27736078915906
6.306584100448553
6.299809934001349
6.3048945470851105
6.295494394968941
6.380517708346487
6.409014110115992
6.451516619819984
6.464299418601134
6.4791851562007166
6.491702029066623
6.490902459220387
6.491817856682987
6.500506896653147
6.513220114306743
6.518881555758936
6.520073897588998
6.502616953979854
6.494384167050778
6.432873781670925
6.426087116249944
6.408150405366243
6.413846959206552
6.2414423415802975
6.25146154546946
6.265355540693519
6.277838814185806
6.29607911635004
6.433472572507078
6.455851188548025
6.461651732307441
6.464811074313224
6.477425017372981
6.494479903140538
6.485420675572895
6.489719542422891
6.464507925379169
6.4475742953583435
6.3615035386020455
6.378380983684519
6.368879146438073
6.356397768429143
6.357303803622533
6.355263103488443
6.348434667807451
6.334279611603151
6.3267024143453305
6.4071256228945455
6.420575456119579
6.420506723743374
6.42843175173793
6.429434899089421
6.421839529223165
6.39796226371859
6.376134766380224
6.35079015413063
6.315325545196157
6.312615421458584
6.3133651379515205
6.2912125008724535
6.280737584274147
6.2897803728322375
6.302047520155167
6.290050781036232
6.275926816918536
6.268383674105503
6.242087091076598
6.169134514895668
6.179302681414286
6.0687622151252185
5.56720787647266
5.387706772291087
5.625382672065223
5.865481419053095
5.865639295408752
5.844093178933625
5.838705425898143
5.841153302977852
5.73545665524083
5.79989412896799
5.81064544999653
5.822198125183424
5.881065239907899
6.13638857878441
6.265889700090968
6.324437124264639
6.388058382044376
6.433354212023204
6.442590498048091
6.402965105754468
6.405616603438065
6.408309175998463
6.392087951205052
6.4002566651842665
6.40020683191502
6.40007374308752
6.402009460371297
6.405889995434023
6.430160269839241
6.443328248606948
6.462154276117932
6.4767356929528095
6.4965599463147035
6.49665237623772
6.490778388134176
6.497877324895
6.500794783012096
6.501697325587388
6.501925860029323
6.501864004871524
6.495172691905832
6.49023034696661
6.490693756993659
6.537082126312901
6.522671489105605
6.4975667041599605
6.4998878532016935
6.485247121504121
6.448037428140925
6.439715217060857
6.4420842800851466
6.463955715007038
6.464336204946488
6.455912521343486
6.444088047571102
6.458322624975885
6.450400181130715
6.455094740862547
6.457409777625497
6.410376065989424
6.407114286788051
6.33866693958649
6.145103206292303
6.115540504675201
6.1914191769906886
6.271735853827891
6.275476340925094
6.273915640961913
6.307541130446268
6.301763418913684
6.3040948207624705
6.348749579969748
6.352487922565234
6.349109761688855
6.341935824718103
6.432971758501182
6.41717012774761
6.404312985492669
6.395175418117744
6.379927298856685
6.370035797415615
6.349348152411772
6.338382490295824
6.339771426776133
6.340019974913473
6.339411685613876
6.314329244006534
6.308825510209751
6.295776989907461
6.264976710489316
6.223621227169076
6.196999032005678
6.111791828951393
5.784622816434303
5.656231823998258
5.775808046275214
5.923792000752288
5.88997075481286
5.912049962135705
5.809455900960674
5.813231058768666
5.85350552723322
5.922314205619972
5.921228054148037
5.930748910724713
6.002097940492764
6.174042562331397
6.185859585791541
6.0692246461618184
6.103652577962227
6.116149703706427
6.199426514000505
6.20573146219644
6.212782939621042
6.211424234223174
6.223123617661641
6.237960605691079
6.2532148065328705
6.253937041708982
6.257149071683007
6.262369084676129
6.262369084676129
6.278797486375605
6.278396745062816
6.295085029737977
6.3822259493169335
6.404552021471489
6.405647037664642
6.420371586874085
6.3918446707221515
6.395036914486969
6.403148558529038
6.362111845803068
6.344300754495063
6.320731616123547
6.332341489045042
6.382729772604216
6.36421397635153
6.3854745261526125
6.335891210072304
6.330305464070631
6.324551005427573
6.341502053913242
6.34503340383657
6.371952852072848
6.372583406925398
6.3589128340708605
6.3916461952908765
6.429795264573858
6.4292902208083
6.432529353044799
6.4351824515331995
6.4352529370922085
6.4317112565823855
6.441749269765799
6.444584981973753
6.432401320239119
6.427037028535251
6.428601644218908
6.41373979844522
6.443174540778987
6.436436258774466
6.423637888390642
6.462252966973452
6.476429643138787
6.485450380331688
6.472729960594168
6.434537505293615
6.434223442392258
6.424259340465689
6.424622250410238
6.410255587136799
6.413030178103941
6.390940869512631
6.398320886088284
6.369422856743844
6.37319738484672
6.368949963758963
6.311511273535537
6.193479377940961
6.20132271197011
6.19141449131542
6.176304053851492
6.257098777821247
6.258594067758087
6.245371035408229
6.295175150415958
6.295231447161216
6.29875621591051
6.297493679660976
6.270451894329886
6.229660931859734
6.220212931969329
6.2295925759274775
6.214352702541446
6.288377121237256
6.311069236227988
6.310239150720159
6.324318952091435
6.315275502353664
6.335648338624147
6.333863622765421
6.3423178591306835
6.341372616015669
6.343612981296431
6.377167452983354
6.375153840692827
6.376595024301823
6.411003581647935
6.456238744358989
6.485748195387117
6.474687438093051
6.4945362603477035
6.499045371633661
6.49173650122551
6.4877208713893575
6.48947051639138
6.476187183313004
6.476914367702092
6.476035067102622
6.480540794604086


