Temperature Prediction

456.16094407278155
456.02437849731973
455.369166172957
453.52689068661545
451.88517224668686
450.3650301267058
448.92589871522426
447.5436509701088
446.20253273866894
444.89155623475665
443.6026667921276
442.32972200048164
441.0678827771888
439.81323002535845
438.562512544223
437.3129751454443
436.06223781176726
434.8082084665324
433.549018528861
432.2829743074778
431.0085196457772
429.7242067118824
428.428672782943
427.1206215044159
425.7988075315333
424.46202375376737
423.109090508773
421.73884633862224
420.350139946734
418.9418230910432
233.8260291410565


