Rainfall Prediction

484.03077175933873
473.46025810800705
472.4234105102837
429.14842936805115
388.5829908246633
416.104400102926
411.8544220035887
411.78823716284353
384.3105846620302
394.2051109446435
394.1067240457742
407.45540593742805
370.78537129265555
383.5208480904118
381.9646983587307
382.0260909411003
641.1660135065381
389.3743019910814
316.0965672966632
271.62560487969637
295.0817374028135
271.1111783032564
75.23316043893418
32.91998566051478
25.30084750157645
72.01695228836113
71.08341766861213
69.7660601170231
68.47241335581367
32.29415786264562
40.11595303459003
75.40745268242452
113.2723223884918
117.2569775501355
125.76272927165546
153.079671244393
43.55324866564292
78.35722347574246
93.22544767200482
75.17681633790038
47.30596552603887
29.533331800422932
31.065162191961843
187.1541520931251
42.10982549014646
86.31625714508338
26.494384775447923
32.01767350983433
34.240157367831934
68.91628196510658
78.83759660949421
159.95878613330973
62.45431257441944
77.2753630504741
84.3298983885324
105.61215911385078
136.46728077952676
71.18833801513111
49.4709430458704
44.23983791857976
93.50543172957788
137.7294259662913
137.69388223631984
127.22799688200375
75.09328046818064
115.50821354927135
88.09369687281443
74.26981660730532
50.45798985791696
130.35015456160792
150.8965240488449
149.44999434692522
37.0222168595573
58.667106968977066
60.411845331957565
61.16365112158768
118.47383350850149
400.6881446702616
400.184519645798
244.9135990980694
212.45296233546705
162.77813235371931
192.42451580433013
207.13820618018062
249.08685140703304
226.1738421380769
145.27495319443577
145.88068680588893
81.29549619756635
245.02987783809007
130.5986688532629
131.20809109053658
112.48202210224036
100.42659740267487
185.2733556834851
234.7867591518061
82.48925028708491
136.31581897067556
144.2624337731707
160.55314663893478
217.84912943098294
207.4272784863498
136.15939415651528
175.2971478830344
141.0307172058849
154.4600529783603
161.59317927254313
153.55846938916252
174.88787998198242
204.85856840099635
27.821442406977464
124.2841247210516
104.91620524828296
61.730851049858025
93.30225450078072
51.84462042615498
69.1439903387871
98.33245172820732
64.30217823707635
48.96609494954268
31.49299874725886
122.98287985968551
197.22662819797762
179.67883589130935
91.70004490862837
118.67132921661822
213.18926958491463
212.11603669382112
155.79643436902649
196.4162806042896
90.82512669597976
135.36340343236026
106.80372940519891
133.14030906771282
40.874836721799845
167.5093909345034
322.972846249375
178.59268771768689
37.389090435163574
48.57386198586999
67.37669064248482
77.5857467890022
155.195148332437
150.05553774498205
201.34176403968243
279.37249382429934
349.0513307862902
349.0305470911535
76.52590819619847
109.94057952804123
40.895788862515765
0.0
50.19888390877136
46.97874113269978
33.17292956305546
31.304753147567347
58.86286253757962
66.73502897476703
28.60027122702917
195.79078671857982
67.27125305543298
103.75853412635944
53.65061734235977
31.32678360741041
46.36538692995323
50.351253714165296
62.30385847110015
192.87256056649943
76.48300674019772
45.172786408952504
453.4705497924822
425.5804011184255
383.58863464815687
405.2856121342976
407.4616807186333
415.315609671227
211.9181715527957
146.96248697418952
146.0965045623262
161.39117516314178
152.2054042645585
162.7600998932738
113.00995298940911
116.04970733880697
227.55961823157065
365.94453030844994
344.88174123577494
299.55229173445264
383.3065785115643
368.60511363569475
360.35757956157516
40.59231105292129
40.219124601548
343.9311356856785
344.0841070204001
344.0841070204001
369.46964661523964
343.9371802189312
343.9384467428747
13.008910818424047
23.348236846551988
30.879390767771675
15.019825392808809
93.38119387451817
46.54212430622248
281.93771218451735
281.6152779632124
279.2279719237808
213.84271892659876
210.8491896168395
208.2893567486361
206.57889192170708
229.01557213217097
114.80681282001963
139.14742216757477
99.1476404694462
113.52404003580462
122.40952404723458
98.33134076133443
81.03192197211925
29.085051928227397
226.5154981758128
213.11982818875168
351.3155722804054
337.96005381556506
337.9583640966657
337.9583640966657
446.1029223933932
447.0038673951799
448.09723236998656
447.2034882826415
437.5781792045762
32.08370902108021
62.48217468796267
264.3067787770029
36.78059934726627
178.65751573414357
200.0935328125316
43.68770490174706
57.83108366652314
60.711862825149325
83.63778816498164
73.41185644574611
56.09252784203151
59.515325851627104
217.30851340247656
62.10835505789277
58.7871591550421
51.15921379360733
44.649766190206854
34.66136492399919
33.95769092278409
31.48887949157301
47.10473541862344
34.46033357335544
45.47111027429434
162.5377069207185
164.11313353683153
0.0
0.0
0.0
0.0
117.65238401281695
36.70590876454358
57.21644203716818
63.46266068509805
63.80184447294431
121.85740696218568
103.299655386244
190.65985206993795
42.877220491066154
238.19082449055946
267.8583965878484
281.5078130313163
276.4965566849992
276.5391557848371
276.94940055976576
147.81354951785946
98.48226263756693
119.49978853038117
131.14643436780221
160.5898484836162
159.42601729813862
43.19559114975531
55.38338547816276
692.903310165513
673.4084771478606
652.640658778906
616.5225560612063
619.0518841350731
622.0084791497535
632.7255692466068
670.9213247737706
660.4452742248709
652.8742012793891
652.5390434992195
393.3338462240353
393.9925254161015
36.64919967819775
45.21971197342984
28.697356392743494
144.95750583802086
132.4852912561324
131.71243275881434
239.63096345232069
343.8936992522564
354.24245705917207
358.1179288699602
361.3695422952889
37.609783624977815
97.20649041546507
38.2800752061136
62.72256109484813
87.66636425641899
237.86385201814045
369.01155059970404
168.0355453134712
245.4075479696805
217.2090334120994
178.28870596358448
94.38457237328743
360.1559210688716
219.49617908821554
190.57298954561185
201.73790299639091
217.65012294274987
196.3646876708849
194.53049156089128
349.7654608659402
345.9998626015635
348.01233173791394
304.5494202967204
260.41339384551975
212.82264790901104
221.77249320946663
336.8902052923803
283.0566853269165
320.8715767982755
216.79363059211528
154.794502204819
130.23889265670746
130.61128876810054
141.15810823550697
52.09659454538875
69.84153162654961
153.91373467423892
245.28536855364348
65.17004179113637
162.37159213792594
75.09043911363032
70.03017725735462
236.2417768725259
114.81972788485315
174.64292308085547
121.69866110658069
46.32895100991628
80.28707931552226
65.7375974438176
80.35049786743187
406.2134297602373
407.7461794473015
407.98300819112904
406.2887214933487
415.584337427121
442.9849185019798
497.78088544447985


