Rainfall Prediction

920.9999846698879
1048.9999851788832
951.9999855438107
1107.9999855438107
1120.9999855438107
1158.9999861593997
1158.9999861593997
1158.9999861593997
1160.999985933353
1160.999985740623
1158.999985740623
1098.999985740623
886.999985740623
870.9999851374646
805.9999849276826
694.9999797550907
706.9999705558787
706.9999713684019
706.9999681627218
700.9999681627218
640.9999715942309
610.9999742972523
610.9999755032113
604.999975323407
564.9999752327437
560.9999637256295
560.9999350534212
560.9999194414545
560.9999237194643
567.9999116566253
497.99992215712047
492.9999290540331
368.9999299621325
310.99992572864664
160.99994674846047
147.99994674846047
109.99993505342113
206.99993505342113
213.99993505342113
211.99993505342113
211.99993505342113
211.99993505342113
215.9999420249671
200.99994269122217
200.9999798878343
200.9999798878343
217.99997982163015
205.99997927973362
205.99997849734257
205.99997225554296
204.99997225554296
234.99996894980472
287.99996530495764
288.9999632302294
331.9999632302294
482.9999632302294
597.9999632302294
620.999960026864
656.9999632302294
767.9999796209972
773.9999796209972
773.999978201547
773.9999816715813
759.9999808421717
821.9999817287055
854.9999784239742
854.9999785703286
854.9999798878343
757.9999817855568
750.9999857794919
768.9999860470788
769.9999860470788
860.999986523952
988.9999870437802
1015.9999874378236
1019.9999732040534
1019.9999769535551
1048.9999769535552
1115.9999769535552
1134.9999769535552
1165.9999769535552
1182.9999769535552
1157.9999769535552
1137.9999769535552
1173.9999795534384
1122.9999810849342
971.9999810849343
967.9999902866233
970.9999951739829
947.9999956959332
875.9999944854375
999.9999944854375
1002.9999944854375
1015.9999937124576
1225.9999937124576
1237.999993667838
1329.9999939284908
1329.9999939074032
1330.9999941233625
1380.999994936052
1380.9999950069487
1362.9999949519395
1361.9999949519395
1290.9999948472855
1186.9999954900538
1167.9999955559836
1163.999996193349
1163.9999959731997
1080.9999959843863
1013.9999959843861
994.9999960121453
989.9999960341415
988.9999960396116
1024.9999960396115
1023.9999960396116
988.9999960121453
988.9999958761553
988.9999958761553
877.9999944854375
851.9999881727334
838.999984799624
799.999984799624
662.999984799624
659.999984799624
646.999984799624
436.99998522012476
362.99998972232794
231.99998902840935
232.99998902840935
275.99998790506515
282.9999831230505
291.99997711547417
318.99997711547417
464.99997711547417
755.9999772756526
940.9999714816599
1000.9999853833427
1010.9999806569456
1010.9999841335623
1005.9999893592468
1009.9999893592468
1051.999989233836
1037.999989131867
1021.999989284271
984.9999906436601
995.9999912264753
999.9999906436601
1060.9999909228034
1067.9999916536087
1075.9999905821312
1084.9999905821312
1095.9999905821312
1125.9999905821312
1125.9999905821312
1125.9999918717983
1125.9999919533952
1125.9999936790382
1125.9999924323793
1125.9999942897146
1124.9999944121062
1086.9999947477015
1030.9999947477015
1021.9999947477014
994.9999947645025
848.9999947645025
537.9999947477014
324.99999420255824
256.9999913725058
246.99999107661992
246.99998969871783
243.9999864522295
255.99998687397462
213.99998687397462
222.99998687397462
235.99998666566026
273.9999842703132
239.9999828161369
239.9999828161369
178.99998250057112
171.99998014934377
173.9999798878343
188.9999798878343
177.9999798878343
147.9999798878343
147.99998034206564
147.99997495766166
147.99997448864562
147.99995658965017
148.99994065618725
148.99980396572798
148.99977185846083
142.9996115305483
141.9998755462486
141.99988282871834
141.99988081643212
141.99988081643212
141.99988081643212
141.99988478912877
141.9998687333257
151.9998687333257
151.9998687333257
151.9998866994558
135.99987444914296
146.99987444914296
160.99987444914296
154.99987333706176
112.99990113923921
103.99993172549576
106.99993215566518
106.9999473332943
106.99997350918109
96.99998212103121
72.99998332301004
72.99998497000105
103.99998873597931
103.99998889694818
103.99998889694818
166.99998889694817
211.99998851572295
224.9999900667466
224.9999907648829
224.9999907648829
226.9999907648829
226.9999884596261
282.99998825993987
349.9999887630551
354.9999887900312
365.9999908837137
365.9999929490377
365.99999329272134
355.99999334144763
357.99999334144763
357.99999367903825
357.9999943655126
346.9999945394726
316.99999480614673
309.9999949440054
309.99999473926994
309.99999456618644
300.9999948717296
300.9999944305785
300.9999927185941
300.9999926626937
314.9999927046804
318.99999237306776
287.999991170735
287.9999930922447
287.99999313052786
224.99999329272134
196.99999526869425
275.99999535361604
297.99999593366823
322.99999593366823
320.9999959393519
334.99999620872956
600.9999962087295
909.9999961149941
920.9999961096828
916.9999957021336
916.9999949756279
916.9999948226624
956.9999947895502
954.9999947895502
1043.9999940220137
1045.999993268153
1045.9999930277086
1040.9999929622436
1040.9999929490377
1040.9999934015964
1129.9999933896333
1192.9999929490377
1255.9999929490377
1255.9999929490377
1293.9999912079552
1279.9999907045744
1275.9999904361275
1364.9999895552942
1390.9999852201247
1390.9999850958682
1390.9999845384446
1373.9999681627216
1280.9999552671507
1258.9998988046714
1233.999899592211
1292.99992621822
1281.9999295103335
985.9999334214463
619.9999433457699
637.9999715942309
645.9999884031079
661.9999922675437
668.999993105042
628.9999932310409
628.9999932310409
539.9999931684868
676.9999932186005
676.9999937124576
676.999993554142
676.9999933656076
676.9999928958317
587.9999930406896
531.9999930922447
468.9999938111067
468.9999938862035
430.9999939703313
430.9999940628722
430.9999941730526
341.999994458112
315.999994458112
319.999994458112
319.999994458112
319.999994458112
319.999994458112
319.999994458112
380.9999944489574
321.99999408314125
373.999993472682
350.99999336560757
540.9999930277087
511.99999064366006
509.9999782760791
493.99994524189174
487.99991598546404
639.9999096954821
681.9999096954821
706.9999076664838
567.999915387307
567.9998828287183
567.999891267233
607.9999018990268
625.9999252340548
762.9999048500187
899.9999048500187
899.9998381016259
1111.9998260041077
1138.9998295991777
1138.999853258671
1138.9998364542498
1138.999771858461
1138.999771858461
1134.999771858461
1134.999771858461
1134.999771858461
1134.999774607166
1189.999774607166
1139.999774607166
1139.9997573062433
1085.9997542240103
1082.9997542240103
954.9997542240102
1027.9997542240103
1014.9997542240102
1014.9997542240102
1013.9997542240102
861.9997825536478
819.9997825536478
794.9997825536478
794.9997343936589
795.9997690576803
795.999803965728
755.9997900759577
737.9996297761909
600.9995705999538
456.99959185703256
456.99959185703256
244.99959185703253
217.99951379413557
217.9991948846986
217.9991948846986
241.99957059995384
241.99957059995384
244.99957059995384
244.99981648700876
268.9998808164321
375.9998930153007
329.9998930153007
417.9998930153007
534.9998947204483
545.9998947204483
786.9999295103336
800.9999521801375
995.9999534051356
1000.9999559360288
1000.9999559360288
1000.9999559360288
1000.9999536443415
1000.9999541171235
1039.9999541171235
1203.9999541171235
1287.9999514211995
1377.9999426912223
1441.9999403062195
1441.9999403062195
1441.9999403062195
1441.9999370083083
1441.9999370083083
1456.9999370083083
1508.9999370083083
1508.9999420249671
1511.99994334577
1512.9999317254958
1932.9999317254958
1966.9999317254958
1971.9998930153006
1957.999863866533
1922.99992621822
1916.9999358464315
1822.9999446208406
1740.9999439888868
1792.9999481921984
1663.9999822852237
1587.999991772196
1314.9999919533952
1309.999991888219
1309.999991888219
1309.999991888219
1309.9999925055295
1348.9999924764
1309.9999936227314
1152.999993645346
1068.999993645346
978.9999935885772
914.9999935885772
914.9999935885772
914.9999944945
914.9999950224968
914.9999954766881
899.9999954766881
847.9999957206526
847.9999956331693
844.9999956076705
819.9999961255835
399.9999962593161
363.9999962593161
383.9999962593161
382.99999617269276
310.9999956395086
318.999995496714
327.99999532557007
293.99999571449314
230.99999564583382
185.99999290919078
218.99998327336243
218.99998413356226
218.99998449424535
218.9999851788831
218.99998546391652
218.9999837121753
180.9999837121753
182.99997842397414
175.99998577949185
174.99998577949185
174.99998577949185
174.99998577949185
175.99998577949185
175.99998155650727
175.99997782292849
175.99997203775774
190.99997203775774
196.99996734455516
200.99996734455516
242.99996734455516
242.99995011447336
242.99994235957564
298.9999436687403
405.9999436687403
455.9999436687403
648.9999436687402
688.9999436687402
749.9999590606335
885.9999443062426
915.9999576463739
886.9999524290694
925.9999784973426
988.9999762026802
994.9999760307162
1214.9999745835225
1645.9999740059989
1737.9999842249313
1844.9999859714192
1899.9999868739746
1974.9999803420656
1974.9999803420656
1987.9999803420656
1992.999982659456
2008.999983567888
2079.9999885990874
2143.999991601982
2321.999991601982
2306.9999943278076
2336.9999945750465
2431.9999945750465
2430.9999945750465
2559.9999945750465
2720.9999945750465
2684.9999945394725
2552.9999945394725
2493.9999945394725
2300.9999945394725
2249.9999949991466
2229.9999945838845
2133.9999945838845
2157.99999407302
2119.9999940424964
2037.9999924764
1974.9999934372868
1968.9999932804544
1772.9999932804544
1347.999993268153
1255.9999909032906
1151.9999900218556
1125.999989433421
1056.999989433421
1106.9999894579696
1152.9999894579696
1252.9999884031079
1252.9999878747515
1184.9999822852237
1128.999970674107
950.9999706741072
957.9999083505504
993.9998866994558
993.9998866994558
967.9998866994558
838.9999062745419
694.9999062745419
673.9999083505504
676.9999083505504
680.9999226833324
680.9999580580215
680.9999467484605
625.9999654570555
585.9999780512996
530.9999788585014
530.999989233836
530.99998957941
530.9999930406896
530.999993105042
506.99999310504205
500.99999310504205
500.99999310504205
527.999993105042
512.9999935771302
531.9999951067009
481.9999956834915
422.9999961933491
319.99999650191774
350.99999650191774
349.99999650191774
389.99999650191774
440.99999650191774
433.9999965686986
361.99999678570833
265.99999678570833
252.99999679758207
282.99999680152507
265.9999979748827
265.9999980397802
262.999998049055
268.9999980229146
297.9999979551685
297.99999794319865
359.9999977407477
365.9999975381011
382.9999976696742
425.99999732132244
525.999997077328
525.9999958469303
581.9999958173869
593.9999958173869
598.9999958173869
619.9999958173869
637.9999960396116
625.9999958173869
600.9999946967995
613.9999938968175
614.9999928148611
612.9999918553267
643.9999918553267
742.9999918553267
733.9999918553267
682.9999918553267
762.9999916019817
784.9999906232191
786.9999906232191
787.9999905614836
785.9999900218555
920.9999625533466
930.9999554918347
995.9999596446224
991.9999594513904
982.9999406561873
982.9999433457699
920.9999461535766
913.9999342452246
896.9998980075765
853.9998489493967
753.9998876363768
753.9998876363768
697.9998876363768
685.9998876363768
680.9998876363768
722.9998876363768
681.9998413205632
678.9998444418719
692.999833080966
679.9998313539273
678.9998313539273
678.9998313539273
599.999833080966
498.9998330809661
459.9998330809661
522.999833080966
452.9998560271531
481.9998638665328
476.9998687333257
533.9999069745221
505.9999069745221
370.9999069745221
360.9999362373623
296.9999635616421
296.9999705558787
328.9999846262646
328.9999862335113
328.999988230981
328.99999135445665
361.99999187179833
368.9999913725058
463.99999203374296
576.9999929490376
582.9999930277087
697.999995188742
717.9999972664306
654.9999975301656
671.9999977907817
673.9999979086955
659.9999980545878
659.9999980545878
659.9999980782875
659.9999980872853
659.9999981156492
793.9999982340692
824.9999983313315
925.999998562567
937.9999985450318
897.9999985797812
899.9999986818318
839.9999986808167
839.9999988025264
858.9999989318038
863.9999989048149
862.999998796371
856.9999987425084
804.9999985379259
804.9999984753214
804.9999984496457
804.9999983166825
771.9999983515146
764.9999982958412
669.9999981654444
556.9999980545878
550.9999980434982
435.9999976203724
415.99999603414153
415.9999954766881
390.99999468824234
387.999994458112
387.99999376755767
387.99999428013
387.9999946967995
387.9999954565254
387.9999954565254
253.9999949598547
222.9999944854374
58.99999241761778
36.99999252002936
64.99999301469055
95.99999301469055
96.99999266269371
96.99999043612748
77.9999864522295
72.99998566239442
72.99998577949187
74.99998593335295
74.99998593335295
74.99998593335295
74.99998356788788
74.99998144032024
76.99997774599316
76.99997774599316
76.99997774599316
76.99997774599316
76.99997774599316
131.99997576916851
131.99997523274368
131.99997523274368
131.99997751271133
141.99997628795245
141.99997782292849
184.99997340806755
275.9999662023921
351.9999436687403
351.99995242906937
351.99995218013754
351.99996077484064
351.9999686907982
351.99996775762634
405.9999550407175
394.99992108801644
393.9999135529459
507.9999295103335
568.9999210880164
631.9999210880164
631.9999194414545
629.9999226833324
629.9999358464316
629.9999358464316
646.9999545825307
646.9999559360288
851.9999594513904
852.999966637796
852.9999773550969
852.9999773550969
863.9999812045487
808.9999818984477
829.9999821760207
831.9999832733624
832.9999841335623
828.9999835678879
828.9999822852236
785.9999829706551
694.9999830216874
618.9999829193869
618.9999844052633
618.9999880251644
618.9999877523238
629.9999860093275
708.9999885990871
688.9999891830358
792.999989233836
824.9999892590989
876.9999892084818
815.9999919533952
831.9999921128671
831.9999930406896
952.9999929885423
963.9999928689977
967.9999928689977
964.9999919533952
1014.9999918388039
899.9999915498635
949.999990744847
950.9999883461637
950.9999883461637
939.999986559595
1085.999986122114
1066.999985933353
1064.9999874056934
1063.9999859714192
1057.9999858567435
1057.9999863799196
1057.999985895128
1057.9999858567435
1057.9999858567435
1070.999982230751
1077.9999750498748
1077.9999710244495
1066.9999771154742
987.9999701967646
914.9999734080676
788.9999728934928
756.9999779755789
590.9999756810109
590.9999570171528
511.9999548125171
511.9999354518004
390.9999354518004
379.99994645228935
375.99994645228935
361.99994645228935
311.99994645228935
219.99995504071754
168.99995658965017
238.99997148165988
332.99998090330894
415.9999812639209
309.99998655959496
319.999987243136
376.999984885181
386.9999855835053
451.9999856623944
579.9999850958682
636.9999850958682
636.9999850958682
636.9999850958682
623.9999850958682
616.9999894087846
616.9999901335046
621.999992033743
680.9999922216325
680.9999915672912
715.9999916019817
789.9999904571969
789.9999904571969
789.9999908443652
802.9999909422519
814.9999909228034
884.9999908047558
888.9999896750245
891.9999896750245
930.9999896750245
957.9999896750245
962.9999888436862
962.9999886541486
1001.9999855039481
907.9999796209972
824.9999792104281
784.9999680285632
787.999965151828
730.999965151828
720.9999609584738
655.9999604035675
527.9999604035675
470.99996040356746
470.99996040356746
491.99996040356746
552.9999604035675
586.9999141711472
630.999891267233
650.9988286304384
621.9973623682157
680.9990119793445
647.9995047365244
575.9995137941355
575.9995137941355
602.999283907162
608.9991948846986
596.9991948846986
529.9992324465576
525.9992324465576
528.9992324465576
490.9992324465576
470.9992324465576
465.9992673628906
465.9992673628906
355.9992673628906
355.9992673628906
356.9992673628906
365.9997197657299
545.9997197657299
617.9997197657299
709.9997197657299
752.9997542240102
800.9997542240102
808.9998474695157
819.9999262182201
799.9999526760139
738.9999526760139
704.9999526760139
664.9999526760139
639.9999526760139
656.9999526760139
613.9999635616422
681.9999616799503
710.9999615015145
746.9999758568362
719.9999804056682
710.999983854527
711.999983854527
708.9999837598392
708.9999837598392
807.9999837598392
806.9999845384444
822.9999845384444
852.9999907045745
1386.9999907247443
1508.9999907247443
1524.9999907247443
1815.9999909422518
1920.9999897692999
1761.9999902432492
1929.9999902866234
2052.9999903082
2023.9999902214504
1975.9999902214504
1982.9999892084818
2022.9999864522295
2021.9999832234876
2034.9999832234876
2034.9999832234876
2035.9999832234876
2035.999983759839
2007.9999869423043
1996.9999862335114
1966.99998938406
1991.9999901335048
1990.9999911893754
2021.9999899311347
2018.9999902866234
2225.9999902866234
2270.9999924470967
2319.9999926061328
2220.999992662694
2297.9999926203354
2324.9999932804544
2311.999991601982
1777.9999924028123
1714.9999924176177
1731.9999924176177
1463.9999922522863
1355.99999407302
1319.9999938755611
1079.9999938541912
873.9999938434632
934.9999937784888
977.9999937784888
962.9999937784888
969.9999937784888
993.9999937784888
980.999993917961
1002.9999939910861
997.9999939910861
997.9999938755611
978.9999929357936
973.9999918553267
933.999989284271
877.9999884314199
887.9999817287055
883.9999817287055
1046.99997620268
951.9999762026802
1011.9999609584738
968.99995886308
966.9999580580215
889.9999550407175
839.999941003008
822.9998885614143
853.9998203879866
805.9999041252157
833.999947622014
833.999965151828
858.9999403062196
858.9999436687402
917.9999582615428
909.9999602159012
834.9999700755629
791.9999810849343
791.9999840875729
733.9999840875729
710.9999840875729
710.9999834706033
688.9999831230505
688.9999831230505
730.9999833724318
730.999985933353
730.999985933353
730.9999871772101
730.9999893093527
723.9999893093527
699.9999893093527
608.9999896273862
682.9999899082568
678.9999913363495
718.9999914084312
715.9999914618908
715.9999921128671
715.9999925200293
715.999992591888
744.999992591888
771.999993117803
710.9999917385788
686.9999901335046
707.9999891830358
725.9999892590989
666.9999876592539
665.9999873410541
665.9999849276826
665.9999775127113
665.999972255543
665.999972255543
664.9999743932236
664.999979348685
664.9999814985538
664.9999838072894
622.9999847133215
622.9999833724318
622.999985933353
622.9999845824506
622.9999808421717
652.9999808421717
756.9999823934028
805.9999827119258
620.9999820657808
519.9999776686471
473.9999773550969
472.99997759088757
472.99997429725227
472.99997225554296
508.9999717061208
448.9999717061208
420.99995364434153
437.99995364434153
469.99995388166417
447.99995593602875
448.9999788585015
471.99998317338407
511.99998697626467
551.9999883175307
598.99998957941
609.9999897692998
609.9999900218555
644.9999895552942
644.9999879050652
644.9999868050947
645.9999853020814
645.9999842249312
657.999984970001
688.9999829706551
688.9999859714192
704.9999870100897
648.9999881434436
576.9999873085432
507.99998701008974
505.99998704378015
505.9999869423043
532.9999869423043
532.9999897458551
532.9999897223279
532.999990089076
496.9999907247443
496.99999623920627
486.99999678570833
469.99999684826673
437.9999977244635
407.9999979511904
388.9999975925727
399.9999979689991
383.9999981904145
358.99999814166
311.99999805642665
300.9999980692248
300.9999981399431
265.99999813822376
265.99999816038707
265.99999816038707
271.9999981620752
272.9999981620752
260.9999981138954
229.99999809443727
267.9999980397802
251.99999808549094
251.99999808369398
216.99999813822376
157.99999813305112
157.9999984444312
157.9999985015872
208.99999856024775
208.9999984378753
208.999998534353
208.99999856603532
292.99999855091306
349.99999763284654
357.99999746800455
357.9999975141768
357.9999965991969
357.9999960775802
357.9999958761553
323.99999401173153
299.99999113327243
284.9999921753021
284.9999928012286
284.99999259188803
381.99999269072583
442.9999930146906
442.9999928420079
442.99999313052786
435.99999306654064
435.99999306654064
435.9999928148612
435.99999274629977
397.99999215976453
397.9999912079553
385.99999139049726
385.9999913181842
385.9999936566073
385.99999243237914
385.9999932434464
390.99999267673036
471.99999264861583
538.9999914263079
538.9999904571969
454.99999008907605
439.99999074484697
438.99998969871785
473.99999032970254
473.99999032970254
473.99999084436524
473.99999084436524
474.9999919045887
580.9999917721959
580.9999903511324
655.9999893592468
655.9999893592468
619.9999877523238
739.9999870100897
741.9999870100897
779.9999862335113
813.9999862335113
819.9999876592539
862.9999876592539
862.9999876592539
864.9999876592539
952.9999876592539
954.9999874378236
955.9999866304483
955.9999827119258
955.9999860093275
955.9999858567435
872.9999872759041
791.9999871772101
800.9999871772101
801.9999871772101
802.9999871772101
891.9999880845292
884.9999888436862
849.9999870100897
849.9999861593997
901.9999869082079
902.9999875017076
1131.9999853833426
1041.9999853427985
1078.9999853427985
1005.9999853427985
1007.9999853427985
946.9999853427985
765.9999853020814
763.9999853020814
725.9999853020814
691.9999853020814
684.999983421629
641.999983421629
641.999983421629
639.999983421629
551.999983421629
568.999984799624
567.9999884314199
567.9999896987179
567.99998332301
567.9999768719349
567.9999725773678
567.9999724707329
493.9999724707329
492.9999724707329
499.9999759440174
413.999969707378
456.9999659072515
456.999968296017
456.99997214697737
468.99996958310135
467.999969707378
295.99997236345973
279.9999762026801
242.99997927973362
240.9999821760207
238.99998276415224
250.99998276415224
250.999984449852
250.999984449852
250.999984449852
250.99998449424535
250.99998449424535
265.9999850121374
335.9999862335113
368.9999862335113
403.9999868050947
384.9999846262646
397.99998090330894
410.9999758568361
410.999975681011
410.999975681011
410.9999778994561
410.9999778994561
408.9999778994561
410.9999778994561
424.99997486492384
379.99997486492384
336.99997390778674
336.99997214697737
336.999968296017
294.99996388848535
295.9999605898762
237.9999625533466
237.99995964462244
237.99995435073913
246.99994100300802
246.99993700830825
234.99993700830825
234.99992108801644
234.99992108801644
234.99992108801644
234.99992422953522
234.99992473437462
219.99991831417026
149.9998972007692
116.99992215712045
85.99991292786143
85.99991292786143
190.99988575044375
248.9997972041727
330.9997972041727
529.9997972041726
560.9998776966129
560.9998776966129
560.9998776966129
558.9998776966129
536.9999338353084
536.9999521801375
541.9999541171235
546.9999541171235
546.9999541171235
524.9999541171235
523.9999541171235
523.999944932713
523.9999366246392
524.9999304094899
521.9999304094899
521.9999304094899
530.9999592567323
548.9999689498047
548.9999689498047
549.9999689498047
549.9999680285632
549.9999680285632
549.9999680285632
549.9999680285632
549.9999622076967
545.9999622076967
545.999960026864
427.999960026864
356.999960026864
274.999960026864
77.99996002686402
51.99996095847384
51.99997236345974
72.99997835022057
72.99997835022057
72.99997043691623
72.9999685600479
67.99996842845661
62.99997257736776
62.99997257736776
122.99997257736776
123.99997257736776
123.9999726833693
123.99998114488713
122.99998114488713
116.99998492768258
121.99998492768258
112.99998327336245
120.99998793526262
123.99998799531164
296.999989054415
303.9999898852991
307.9999900218555
307.9999909228033
352.9999909228033
377.9999909616365
533.9999924470966
568.9999924763999
722.9999924909863
722.9999924909863
722.9999924909863
723.9999924909863
718.9999911144497
718.9999893592468
732.99998957941
732.9999896034406
734.9999896273862
750.9999914618908
750.9999913363495
750.9999906640327
750.9999906640327
690.999991636454
689.9999916536087
696.9999945125569
696.999993599993
696.9999940014225
696.9999931684868
691.9999931936144
691.9999923581286
665.9999886815266
662.999988626669
488.9999875017075
481.99998634354233
477.999986084674
477.99998431549506
432.99998431549506
422.9999842249312
338.9999792797336
344.9999804056683
204.99998034206564
204.99998034206564
204.99998034206564
238.99998034206564
239.99998034206564
239.99998034206564
223.99997458352243
235.99997448864562
233.9999751415676
217.99996484243522
217.99997067410717
217.99997067410717
228.99997067410717
228.99997203775774
228.9999719278787
221.99993505342113
221.99992812768363
221.99990697452213
221.999905566417
227.99990412521575
239.99991229578993
239.99991229578993
239.99991229578993
239.99991229578993
239.99991229578993
239.99991229578993
239.99992108801644
239.99994847371775
224.99995658965017
152.9999632302294
111.99995983644234
105.99996220769674
109.99996437036712
109.99996437036712
72.99996437036712
71.99996437036712
79.99996437036712
60.99996405021995
48.999964370367124
52.99996649362398
159.99995886307997
182.99994875289093
182.99994875289093
171.99994875289093
176.99993465124555
206.99993505342113
206.99990339187428
206.99990339187428
206.99990339187428
206.99990969548205
200.99990969548205
188.99990113923923
188.99990113923923
189.99990113923923
211.99990113923923
328.9999011392392
429.9999011392392
494.9998885614143
494.99977730509806
497.99965211674083
527.9993977356279
530.9993977356279
522.9998560271531
567.9999110102596
640.9999470421192
712.9999776686471
712.9999798878343
704.9999798878343
704.9999798878343
704.9999797550907
839.999978201547
748.999978201547
725.9999785703286
725.999978929615
725.999978929615
720.9999772756526
690.9999771957794
690.9999771957794
690.9999771957794
690.9999772756526
690.9999770347338
690.9999770347338
690.9999777459932
690.9999790707449
689.9999790707449
667.9999791407661
550.9999791407661
449.999979140766
384.999979140766
479.999979140766
483.999979140766
463.9999788585015
460.9999788585015
465.9999669232946
416.99995388166417
343.99992572864664
271.99928390716195
272.99853874122834
285.99853874122834
294.9991948846986
315.9991948846986
250.9991948846986
249.9991948846986
294.99908747670736
365.99895612629723
382.99895612629723
394.9996819231704
394.9996865061417
418.9996865061417
425.9996865061417
425.9996819231704
425.99965211674083
425.9996772358879
425.9996297761909
425.99967244105284
425.9996865061417
425.9999354518004
425.99993813811784
425.9999395966881
425.9999395966881
330.9999529209924
323.9999584635495
362.9999779755789
363.9999804056683
358.99998740569356
358.99998740569356
358.99998740569356
358.99998743782356
363.99998727590406
350.99998727590406
341.9999877214205
320.9999877214205
246.99998778310797
231.99998825993987
186.99998825993987
115.99998825993987
130.99998825993987
128.99998630701572
128.999986270339
104.99998652395199
219.99998652395197
257.999986523952
362.999986523952
437.99998634354233
437.99998634354233
437.9999853427985
437.99998522012476
437.9999741036442
437.99997340806755
437.99997299762464
558.9999729976246
605.9999676208325
606.9999662023921
567.9999493043038
621.9999509048988
621.9998733370618
659.9998733370618
762.9998733370618
803.9999041252157
845.9999048500187
899.9999048500187
901.9998921467225
901.9999018990268
901.99990037035
901.9998866994558
901.9998866994558
901.9998866994558
869.9998963840887
859.9998963840887
859.9998963840887
859.9998903766459
737.9998903766459
699.9998903766459
677.9998903766459
613.9998955573709
623.9999048500187
623.9999048500187
623.9999048500187
623.9999048500187
623.9999048500187
623.9999048500187
568.9999048500187
525.9999048500187
524.9998930153007
520.9997851066718
465.99962384415886
465.9995849555808
427.9996115305483
483.9996115305483
442.9991948846986
394.9991750258258
340.99931530833834
800.9988952233635
800.998379083591
800.9985865817324
822.9998017510228
837.9998444418719
837.9998444418719
837.9998260041077
837.9998347808825
837.9998755462486
837.9998755462486
837.9998755462486
837.9998755462486
754.9998755462486
743.9998687333257
742.9998532586709
762.9998532586709
806.9998546530728
809.9998808164321
833.9999464522894
925.9999672050557
883.9999746778583
879.9999746778583
879.9999749576616
873.9999775127113
873.9999777459932
875.9999771154742
883.9999803420657
743.9999842703131
815.9999870773366
815.9999870773366
830.9999868050947
397.9999868050947
401.9999868050947
402.9999904571969
501.99998820191234
568.9999875017076
636.9999875017076
670.9999875017076
705.9999873410541
705.9999863070158
712.9999863070158
966.9999863070158
1072.9999863070157
1123.9999863070157
1123.9999863070157
1114.9999863070157
1094.9999863070157
1050.999986270339
1175.999985423715
1175.9999792104281
1193.9999698308761
1169.9999598364423
1169.9999732040533
1179.9999736097052
1187.99997148166
1290.9999711398025
1290.9999717061207
1282.9999653049576
1263.9999506435772
1258.9999242295353
1265.9999247343746
1253.9999308524646
1245.9999346512454
1302.9999423595757
1348.99991229579
1251.9999116566253
1169.9999346512454
1101.9999559360288
1067.9999594513904
1032.9999616799503
1032.9999616799503
1025.9999656081309
771.999966637796
718.999966637796
667.999966637796
667.999966637796
667.999966637796
722.999966637796
728.999966637796
612.999966637796
656.999966637796
548.999966637796
560.999966637796
664.9999470421192
654.999944932713
646.9999552671505
543.9999554918347
541.9999543507391
541.9999543507391
547.9999543507391
516.9999543507391
511.9999554918347
508.99995242906937
487.9999501144734
456.99994398888674
409.999909695482
402.9998988046713
402.9998504072574
402.9996467308122
402.99971591414703
402.9997079615165
402.9997079615165
402.9995778720771
402.9998885614143
349.999916577135
349.9999552671506
349.999968296017
349.999968296017
294.999968296017
314.999968296017
388.999968296017
320.999968296017
318.999968296017
345.9999797550908
243.99998255378017
247.99998260674127
247.99998034206564
249.9999833724318
252.9999833724318
252.99998509586814
246.99998859908715
210.99998965124738
208.99999058213123
208.99999160198178
208.99999163645396
178.99999163645396
184.99999163645396
227.99999163645396
227.99999163645396
227.99999163645396
227.99999105761236
227.99999086407195
245.99999086407195
258.99999086407195
379.9999878747515
537.9999866304483
626.9999858181984
635.9999829706551
635.9999834706033
642.9999834706033
789.9999834706033
708.9999834706033
716.9999834706033
730.9999834706033
691.9999804056682
702.9999773550969
846.9999772756526
1128.9999769535552
1243.9999717061207
1243.9999717061207
1243.9999669232946
1244.9999736097052
1244.9999689498047
1298.9999616799503
1320.9999498466432
1333.99998957941
1333.99998957941
1327.99998957941
1267.9999900890762
1267.9999904149868
1267.9999904149868
1267.9999904149868
1267.9999904149868
1249.9999904149868
1252.9999904149868
1132.9999904149868
974.9999904149867
885.9999883746892
881.9999880549033
924.9999880251644
925.9999885990871
752.9999897223279
747.9999897926623
758.9999903297025
744.999992033743
756.9999913181841
743.9999912449356
595.9999912449356
346.99999113327243
231.99999113327246
228.99999117073494
228.9999913181842
227.99998805490333
227.99998993113473
176.99998993113473
157.99999026497326
154.99996220769674
173.9999628941605
173.99996306278246
173.99997532340709
173.99998040566828
173.99998408757284
173.99998554381068
173.9999868396038
173.9999868396038
158.9999870773367
157.9999926486158
157.99999393899247
157.99999443977958
152.99999443977958
109.99999435612244
101.9999941631662
101.99999370134793
101.9999948879271
82.9999948879271
82.99999503024314
97.9999948390978
194.9999948390978
241.99999492008783
219.99999498348632
228.99999570213353
228.99999570213353
228.99999565214495
228.99999552979003
228.99999549671404
226.99999554291634
426.9999954632616
516.9999954089402
515.999995775482
516.9999960396116
586.9999954497739
616.9999948390978
637.9999942318356
652.9999938862035
652.9999934961165
652.9999934961165
677.9999934135261
709.9999888436862
709.9999872759041
848.9999854237151
850.9999854237151
926.9999854237151
1053.9999874056934
1053.999987596603
1053.9999829193869
1053.9999849700012
1053.9999790707448
1026.9999798878343
929.9999853020814
882.999984885181
871.9999845384444
860.9999787151639
860.9999785703286
860.9999785703286
860.999979000362
860.999976624392
859.9999762026802
656.9999759440175
556.9999740059989
730.9999706741072
865.9999642108438
795.9999630627825
765.9999630627825
884.9999630627825
869.9999630627825
1076.9999630627824
1115.9999630627824
1089.9999630627824
1091.9999630627824
1309.9999521801376
1170.9999521801376
1177.9999521801376
1143.9999521801376
1097.9999346512454
1179.9999420249671
1409.9999605898763
1515.9999439888868
1605.99994334577
1746.9999511640985
1842.9999076664838
1842.9999103565826
1870.9999103565826
1910.9999116566253
1920.9999135529458
1988.9999135529458
2058.999909695482
2313.999879790253
2316.999877696613
2321.999877696613
2330.999877696613
2138.9998381016258
2002.9998474695158
2002.999895557371
2002.999895557371
1867.999895557371
1867.999895557371
1765.999895557371
1726.9999090268436
1726.9999171624147
1820.9999588630799
1627.999978276079
1678.999983616201
1700.9999840413784
1658.9999840413784
1577.999984360478
1495.9999893093527
1282.9999869423043
1188.9999872102383
1098.9999876592537
958.9999863435423
862.9999867356586
862.9999906027097
847.9999944854375
865.9999953952042
865.9999953952042
869.9999953952042
800.9999954020801
545.9999954020801
542.9999957512471
537.9999958819625
528.9999959563299
528.9999959563299
528.9999959222644
528.9999955559837
528.9999955559837
523.9999955559837
523.9999955559837
418.9999955559837
418.99999543622476
418.9999954565254
291.99999452155134
287.9999927600921
236.99999135445665
205.99999128167784
205.99999201777212
205.99999203374296
206.99998831753072
189.9999881727334
177.99998848772694
235.99998808452912
262.9999884314199
400.9999880549033
415.99998201026796
472.99995142119957
415.9998988046713
655.9998963840887
583.9998963840887
582.9998955573709
582.9998955573709
582.9998347808825
582.9997972041726
585.9997900759577
585.9998295991776
585.9998295991776
585.9998295991776
585.9998295991776
650.9998295991776
678.9998295991776
678.9998295991776
678.9998295991776
678.9997994974802
677.9997972041726
656.9997972041726
656.9997972041726
656.9997851066718
656.9996115305482
656.9995554620518
655.9995554620518
655.9995554620518
655.9993585657413
597.9993585657413
569.9995225981385
431.9998613280852
416.99990627454196
346.9998885614143
345.99989638408874
95.99989638408871
95.99989638408871
95.99989638408871
95.99989638408871
95.99989472044834
275.99996678101667
354.99997662439205
371.99997654097274
442.99997662439205
557.9999814985538
645.9999831230505
600.9999841335623
596.999984799624
683.999984799624
688.999984799624
688.9999858181984
688.9999869762647
688.9999869762647
688.9999906436601
688.9999906843375
688.9999920496648
688.9999937345868
688.9999937345868
688.9999937345868
688.9999937345868
688.9999937345868
688.9999934254229
688.9999920971388
688.9999912999604
688.9999910955656
688.9999908837136
688.9999908837136
688.9999908837136
717.9999908837136
821.9999908837136
1027.9999908640718
848.999984970001
778.9999796209972
898.9999876592539
843.9999909809577
749.9999894579695
734.9999886815266
716.9999913363495
692.9999910576123
610.9999939807224
614.9999943655126
614.9999941133466
614.9999941333523
629.9999958173869
672.9999948472855
674.9999949040464
674.999994619017
674.9999941927485
674.9999949200878
674.9999963526257
674.9999968133095
693.9999971381053
742.9999975538555
846.9999977863035
876.9999977863035
877.9999978477575
976.9999979311212
981.9999979511904
981.9999980800923
952.9999982002571
848.9999985532554
644.9999985567581
643.999998562567
640.9999985729336
570.9999983240315
685.9999981050887
713.9999981050887
641.9999981050887
643.9999978412989
643.9999978412989
638.999997602739
752.9999975007314
805.9999975007314
832.9999977361133
914.9999972097977
989.9999973657873
987.999997428987
989.9999973062452
1050.9999970427048
1147.9999967334684
1191.999995652145
1199.9999949913258
1181.9999942025581
1161.9999925344864
1057.9999909228034
1040.9999909228034
1048.9999906232192
1090.9999909809576
1167.9999909809576
1239.9999910576123
1338.99998957941
1359.9999788585014
1390.9999786429348
1390.999978276079
1381.9999775908875
1314.9999775908875
1183.9999775908875
1134.9999775908875
1140.9999775908875
1141.9999771957794
1168.9999771957794
1241.9999656081309
1122.9999656081309
1159.9999656081309
1228.9999334214463
1138.9999317254958
1020.9999026498577
1020.999874449143
1018.999874449143
961.999874449143
866.9998755462486
822.9998546530728
814.9998364542498
813.9999018990268
784.9999194414545
784.9999627243523
771.999965151828
762.9999724707329
621.999965151828
539.9999849276826
467.99998132300567
368.9999812639209
347.9999812639209
319.9999812639209
319.9999812639209
319.99998144032025
319.99998144032025
319.99998144032025
319.99998144032025
312.99998144032025
307.9999847133215
280.9999858567435
207.99998585674348
203.99998585674348
113.99998585674348
17.999985818198397
10.999984970001046
19.999984970001044
43.999984970001044
43.999984970001044
39.999984970001044
37.99998492768258
37.99998492768258
37.99998492768258
58.999982121031216
59.99998046895549
60.99996748314478
79.99996530495764
280.99995142119957
321.99995116409855
363.9995047365244
495.9995047365244
624.9995047365244
624.9995047365244
619.9995047365244
624.9999262182201
625.9999534051356
627.9999572284812
628.9999689498047
630.9999796882139
630.9999844942454
630.9999822852236
630.9999820657808
630.9999860470788
631.9999862335113
634.9999862335113
634.9999862335113
654.9999862335113
645.9999862335113
621.9999862335113
626.9999862335113
628.9999862335113
628.9999862335113
628.9999862335113
628.9999862335113
607.9999862335113
606.9999862335113
649.9999862335113
894.9999862335113
808.9999862335113
799.9999862335113
891.9999862335113
855.9999862335113
728.9999872431359
781.9999900667466
812.9999934372867
812.9999906436601
814.9999890284093
812.9999915846639
814.9999905407666
925.999988230981
926.9999877831079
974.9999872102383
1041.9999863799196
1041.999982816137
1118.9999830216875
1122.9999830216875
1122.9999830216875
1102.999983759839
1104.999985623033
1113.9999857015907
1244.9999857015907
1384.9999857015907
1422.9999857015907
1422.9999857015907
1422.9999857015907
1449.9999864161484
1518.9999880251644
1474.9999906027097
1210.9999911893754
1096.9999912079552
1068.9999927875563
936.9999928555224
840.9999928555224
838.9999924470966
785.9999906436601
754.999984449852
749.9999844052633
746.9999842703131
746.9999805319294
743.999986122114
630.9999871107601
629.999984315495
581.9999844052633
514.9999844052633
514.999984179348
436.9999883175307
429.99998969871785
429.99999030819964
429.99999185532675
447.9999929622437
453.9999929357936
368.9999929622437
459.99999370134793
429.99999465380137
430.999995014732
552.9999950763355
525.9999949360521
512.9999947728722
512.9999937784888
512.9999935885772
511.99999367903825
511.99999412336246
619.9999948226624
619.9999953675425
627.9999959843861
627.9999960990268
643.9999962593162
675.9999962593162
679.9999962138352
731.9999958469303
755.9999949519396
770.9999945394726
774.9999945927005
775.9999946014946
775.9999948308902
775.999995381405
775.9999944305785
775.9999947561123
775.9999952901463
775.9999945750466
763.9999933535444
748.9999933535444
715.999993329317
484.9999925776012
476.9999910002156
513.999990089076
409.9999899082568
409.9999898852991
353.9999891830359
353.9999891830359
353.99998884368614
353.99998859908715
409.9999833724318
300.99997842397414
313.9999719278787
338.99995658965014
355.9999516762247
359.9999436687403
423.9999436687403
420.9999436687403
390.9999436687403
453.9999436687403
542.9999436687402
539.99994134672
538.999939596688
538.9999285931705
538.9998766286501
538.9998722097272
551.9996355649085
551.9910790995127
551.9801826836958
543.9925106693161
543.998045356594
525.998045356594
586.9976944503412
586.9974808960113
548.9974808960113
559.9974808960113
602.9988286304384
603.998862682066
604.9988952233635
604.9993153083383
604.9999285931705
544.9999443062426
543.9999554918347
530.9999747716574
497.9999835193558
480.9999835193558
460.99998327336243
364.9999835193558
363.99998356788785
341.9999836642963
254.9999837121753
150.99998380728937
149.99998380728937
149.99998380728937
149.99998380728937
227.99998380728937
257.99998385452704
245.99998399497798
325.999983994978
325.999984885181
325.9999844942454
325.9999833724318
325.99998361620095


