Rainfall Prediction

965.0874286925206
1127.8598324213294
1192.3742351969233
1267.6062220790227
1332.7232573892636
1375.6097843236128
1483.725629457106
1377.4610194912923
1326.2408370743362
1315.4008192368563
1247.5309802204554
1111.3024575995155
1109.9235248170194
1014.9240257135646
1066.7146471282326
989.0398782718117
976.0803914923875
1060.8009592422777
1092.9332363760645
1114.8018107103424
1165.7758456893373
1164.235018996342
1141.4700889750904
1171.392062695521
1158.7294029785799
1109.1762357134342
1073.0925917914064
1079.2497451268441
1006.4642517195231
1021.0167922171208
1030.3034941168255
995.5813829061588
928.9237266801507
853.0075447969226
756.9510058176226
637.0934078272705
661.6626976556433
531.8465954037237
502.69840295392487
483.6000312758183
345.42455753417033
451.7209173524275
456.19415940897784
520.8481016768142
537.0845514984422
606.8586733332234
667.6758111070947
634.10549554714
710.4004967968649
715.6751597112906
692.1889800462478
600.6270656800368
619.2671131076627
638.2682986920122
643.754344913337
626.0800202959447
616.1222365104477
610.0530707562473
648.6342939903556
645.6075973123188
732.7671093518097
725.829619502957
724.8707723089733
694.55894313918
689.0788494168033
675.7953155533679
661.6035521309718
648.3139707469855
659.0663986111784
654.1876070623637
642.401553015951
621.3671700028556
550.8588545937371
549.1304512606134
540.1577409794262
529.0212450217138
490.3836964127022
752.9901818218854
733.4349292277335
896.4466959619991
913.6461396130843
859.6028299509331
820.4166172018452
829.476667840045
825.8494908687346
797.8524578832964
750.2362024467781
731.1437921579109
736.6976694172963
723.5374600702274
695.6327644758335
623.3724784351995
627.6959828375861
715.8047428591856
652.8287351230565
626.8254703299176
665.7523340209349
683.5701648362972
672.7455601958202
650.5950095075812
624.5884062234338
573.5601909090881
553.5281793016268
550.9735179821947
547.1624061904996
543.130461996174
549.7989523049472
545.5221583345461
443.72512281673977
437.65376913316044
369.4224388779967
371.36505024966635
333.5580762775389
310.70693755133965
311.7810978420734
308.03954026697346
313.4084000283183
317.71208048198946
318.52806637165156
326.41204819722935
360.9911968988189
371.5967671428634
378.22134610893204
455.3596234323511
533.1324447294415
552.600528862464
574.6563108495894
604.0848278154152
617.8695322551149
632.3009594825537
709.574038956787
604.5527093980738
452.1217276012383
453.9247805956532
480.00049272745645
548.2561159158938
550.4078202925373
507.43497163901895
520.6723664301073
395.4929617831029
431.0499986414991
349.54558975394855
0.0
0.0
0.0
369.66094249690514
353.55368515815854
360.0218903004158
394.01342683418306
343.9451300740932
0.0
0.0
0.0
0.0
0.0
0.0
0.0
0.0
0.0
0.0
0.0
0.0
0.0
336.2547014052305
302.0225464434863
241.24736805957
0.0
108.02363374568664
234.3794685340706
194.2929110140496
533.0295149572025
184.63501146863476
666.6265297068483
604.0740566146701
513.5679253975754
517.9138816584572
667.4597703962049
739.092569878173
898.1807411762181
897.3415564892222
919.211573759848
986.4479668839701
981.0909984077663
1041.397023488144
1042.2295962159878
962.2766150850371
926.2928896195455
861.4002826339132
857.8090970150561
818.4313578651764
781.1563491300183
775.5750838480785
753.9320632134281
845.1667894284459
688.3435357997295
755.0355984314413
775.4561521101833
768.6684732309154
762.3651013154293
598.4006637508505
519.138847577055
424.84993464607953
578.9779139271207
557.4481364354897
533.8055451273433
505.21894468016836
517.6907445432545
410.37833135173213
0.0
0.0
0.0
0.0
0.0
0.0
0.0
0.0
0.0
0.0
0.0
0.0
0.0
0.0
0.0
0.0
0.0
0.0
0.0
0.0
0.0
0.0
382.7245266431778
412.57328966149385
448.4072292540032
361.38272601137515
219.8711754267232
254.16370470399423
255.31974228652933
166.31990763929483
432.5409846637662
526.0699295489037
498.58025949189715
570.7002897063775
594.4102974095275
570.7163893094635
645.0115577595659
622.3322996073371
632.1491816000947
629.4745551338574
629.4745551338574
552.0275361334994
335.5554128789538
414.1799152394392
0.0
0.0
0.0
0.0
0.0
0.0
0.0
0.0
0.0
0.0
0.0
0.0
0.0
0.0
0.0
0.0
0.0
0.0
0.0
0.0
0.0
0.0
0.0
0.0
0.0
0.0
0.0
0.0
161.13208753914193
267.5295587532343
268.3110308580397
0.0
0.0
0.0
0.0
149.768191059359
327.65428125378
306.84273959215983
234.33622605227305
235.49285625956355
230.2244730191359
160.90770003311357
257.6523015581364
378.7424714381178
418.902298622936
463.7811020394646
504.8781925221706
491.23611732577035
463.6519776572823
542.5895077104916
427.04410479328914
472.7083228005426
477.11425402186353
581.9584827771424
542.0372904777522
568.6224146950543
830.3366044521549
823.3753329396651
835.6494800717685
863.5121951253534
895.2021147775429
946.8703269354739
1026.325840162864
1026.8696683591006
1067.6120356811298
1153.5397879057896
1160.6889380539972
1166.9673392288796
1136.0536163220852
1141.5558879808113
1193.6338344454493
1189.440706153351
1204.8732763089436
1207.1093422524561
1290.9461039579714
1369.988258675422
1400.521868070605
1423.7044101278118
1428.2983170107423
1510.8706811021354
1599.1655073552317
1614.4466743711666
1679.6013701439276
1818.6027964495745
1771.3802592277239
1776.1134566722528
1721.861636659659
1731.3480596103677
1712.026676502321
1647.5758349166053
1605.0462835745268
1531.5822538080345
1467.9707502411543
1343.5290897726677
1275.4538800576158
1115.5101919386193
1037.3496313752396
993.7550212611425
994.4208520379628
1005.2613532277386
838.0959075386309
402.3787688445808
307.5268543740656
102.77566151161317
0.0
0.0
0.0
0.0
0.0
0.0
0.0
0.0
0.0
0.0


