Rainfall Prediction

1494.29423262839
1557.869503626051
1656.8578617853118
1702.8053527520565
1615.579018042
1624.0329723961152
1656.1426471989216
1705.2114548092122
1678.1134218471452
1529.9791784288577
1447.3012177328337
1281.7200907021665
1114.2882739646604
964.2314394039431
834.6202212697466
787.7892910750619
840.241614952656
981.5106101105067
1014.2577572929798
759.0426470380085
973.4639181614954
892.5537675634523
1033.0793021097231
1195.446701940849
1527.0776414614015
1534.0068685170584
1464.9200101210877
1638.1648808374568
1634.5942665760915
1631.6537607137905
1622.3071527943337
1622.6747160271213
1651.6230734691574
1613.1362271596008
1541.7709922949607
1606.9973270050177
1701.4360262162436
1763.468088486386
1711.6256155861524
1567.8356517191737
1785.751964278274
1664.712979168808
1700.181657159691
1590.9266046095909
1653.8441794910098
1742.1993238540028
1704.1993238540028
1667.4410622901737
1729.4410622901737
1856.1808454920447
2006.7622596970273
2124.7622596970273
2286.180003594923
2099.048035961796
1948.6886335808185
1622.7892202128915
1671.6852295206081
1858.6370474920966
1793.8447127094712
1923.6606076311773
2039.8959784228944
2200.5739391189186
2322.206375886131
2252.4759128995192
2182.4787611185757
2219.796143686255
2257.3714146839166
2182.4787611185757
2123.3709236506566
2109.21339655089
2013.5284507504223
1714.2734138079627
1827.4979008375044
1590.5310654792352
1680.7660987252498
1569.1702326550796
1488.9360424866143
1542.1869458121516
1567.917696936012
1562.858202798313
1389.3072703184725
1043.5698154847491
860.672505183112
733.6176677817086
718.9875593826441
721.6748335512598
885.2154770405596
626.817125483253
302.74138991830495
175.51090263224236
48.90520094766795
0.0
0.0
0.0
0.0
0.0
0.0
0.0
0.0
0.0
0.0
178.84034543445318
461.3114649058144
896.3677641351547
1058.5977406310192
1090.7073620073231
1037.0547334942423
999.8394083245901
958.5885049990525
982.9533533540786
1045.6516854051126
1181.7429705322422
1406.6958506276992
1474.9012300244249
1424.7483596609545
1414.5908325611886
1352.0372807740237
1132.0002878570053
1127.94777882375
1145.94777882375
1163.7995651965753
1158.4961528377826
1210.4483005408229
1147.574066666724
1142.5247928222943
1154.0475547867002
1203.7850096204234
1078.1516660325333
1102.953258659715
1264.4370341412782
787.9119438087247
747.2840264127573
584.7687762402959
514.4490653044679
87.79801618176725
116.2721658655182
100.02789880965166
236.53017330091353
233.6127542740522
260.6011124333128
218.53463319117017
100.35083515930393
34.42683689607286
16.172976655586176
0.0
0.0
0.0
0.0
0.0
0.0
0.0
0.0
0.0
266.698927270415
354.86333661670994
289.36000234972965
306.95684532621834
543.9231887865957
632.0239235130236
577.9402712816818
383.5372263761142
859.799771542391
786.4980410470729
1446.1829868475406
1443.4525171182609
1443.4525171182609
1443.4525171182609
1427.4525171182609
1375.2020325299075
1398.1907855941686
1356.9187514790237
1376.2224621450032
1405.3151015925146
914.1086853293657
151.05850466425815
0.0
553.7457788328738
793.853371086886
727.853371086886
1143.445965852688
1464.5464095699037
1537.8145018567016
1489.8145018567016
1368.091264158476
952.0625258200621
878.071384448168
1186.9161857165502
1345.522449568974
1053.0778395396997
1004.0925359942614
796.8922401302053
775.8945684983534
975.6320233320763
1031.6320233320764
291.73704139858694
321.73704139858694
311.73704139858694
303.73704139858694
301.73704139858694
270.70249415300503
241.62595370801438
240.04393356471684
206.53645133829068
175.35419790248983
541.5251759601844
1303.5251759601842
1493.5251759601842
1257.5251759601842
1018.0269967108944
1195.8389397514547
937.0476024650006
553.2776997536323
203.21305166828313
259.21305166828313
167.10230172451054
273.10230172451054
322.34867598139414
80.26019996031809
0.0
0.0
7.139000538798456
145.6405275738586
0.0
0.0
0.0
0.0
0.0
0.0
0.0
0.0
0.0
0.0
0.0
0.0
0.0
0.0
0.0
600.3691406591508
626.5689195922306
626.3588834592091
304.20744937140194
337.34654372905993
747.2548822701368
940.3774288833372
628.3774288833372
570.3774288833372
473.56584432559043
398.1434436913994
399.4796917013057
447.38804805431266
453.5745009444903
339.2547900086623
456.34598587122207
877.1429348426442
909.9830793747302
1036.8750022466875
949.2789970576041
1075.856596423413
711.5260079406472
787.3023896921497
633.752710308243
749.7141714838749
869.0951012036894
964.1923986396391
1458.7860537282768
1595.394913173745
1664.9058605172054
1633.0907018063833
1108.9856837398727
1109.0907160416446
1156.7756618421126
1613.8730570485513
1897.054741854303
1530.9367503895483
1859.7872176630033
2260.8253581907857
2454.3337423240546
2527.0989151972294
2332.5213158314205
2312.278963575891
2296.5771739397733
2294.9602109503157
2297.279921886144
2278.0575613789783
2308.0575613789783
2303.909347751804
2303.909347751804
2263.5557547279036
2160.4848411481476
2181.261608274365
2078.5264818087894
2077.9010301460207
2037.0701990865261
1842.3922383905017
1895.9318521533964
1343.1155153052473
1320.104228043999
1066.1010057873389
1022.9147329158831
947.4847490731873
1288.4830056047867
1451.8889250771226
1293.0380622083003
1048.488977079965
1082.058165249311
1296.4914505179886
1132.0602946201564
976.4344954322593
1030.4344954322592
1232.6970405985358
1246.6832427347226
1148.6832427347226
1190.521058898661
1065.8903699921336
1034.6953843795131
980.6953843795133
986.8269454037443
1111.3784629009513
1103.5366408780174
955.991516699112
930.4123156685844
958.2182549840643
961.4340457449847
1258.5878194002794
1298.5878194002794
1064.6356716972386
1161.6998225712337
1233.1090018645707
1226.7158857654608
1202.3446375083315
1156.0676724900788
721.1185643304241
286.1060040626079
121.803327740895
42.76461103041265
0.0
0.0
0.0
0.0
0.0
0.0
0.0
0.0
0.0
0.0
144.49143310702397
439.45454288567623
496.2242312044513
391.00614758122185
506.4572032740796
660.9263955941868
901.7871040732828
1142.709714727242
1121.0641389954571
820.4745925346166
852.1151178972575
930.3391242391663
968.3391242391663
1286.391633272422
1999.4964217007478
2294.3063758648664
2450.5678735427023
2826.5650355519115
3180.452683326429
3221.6875491448554
3328.024369006762


