Rainfall Prediction

904.9850789550504
1010.3563406089362
1003.2880865558699
1029.6204495132308
1139.6657907601584
1130.5999392782826
1410.478197758276
1285.20215369668
1251.3359670578914
1251.384693933182
1307.0951432215866
1266.0878640939518
1250.413713654651
1202.8113386396617
1048.1398552803446
1026.7325894696885
1005.9228855242015
1000.5226204913873
941.7296740449975
940.3879348512099
947.5534818292211
1056.3850657943349
1172.1041220693019
1228.0474118387433
1311.5608103294671
1298.0821984677775
1333.0205366845437
1342.7374787829158
1330.7060072558315
1320.725263759978
1329.919697187542
1342.2212576260615
1178.8270926318096
1143.7926701671838
1193.2181037018686
1075.306243735229
869.0887414103056
955.5207481273677
1016.0176470289891
1051.4390247280187
1038.7793494856016
970.2725913939864
967.308394270347
1204.99123588263
1210.713748881216
1209.4890266558948
1208.2318106274631
1051.7064486092381
1069.633502233976
1082.15056306824
786.3184859241276
844.2086124565684
671.7157890326264
906.9699860763801
879.748825440765
803.5259787583617
873.1556437289457
779.3574726411634
730.1616335659977
740.7114714639439
790.6012116343504
790.4309189275504
854.3347195681248
825.5768539004077
800.6467879819132
743.5915005633057
764.628640985643
729.2999413768213
656.940037040309
646.7440527939159
695.3866752441297
770.5784836174142
709.4424004321996
804.993539968474
656.1585285103122
683.5625220622267
775.7558425983588
808.8876308995236
808.2253360952373
918.190227540741
1177.2214115597333
1209.1608166941987
1189.1173780780478
1271.3126918790604
1305.2443191298908
1244.5245678079957
1248.0540024688933
921.9153697563117
900.5607003055227
958.9212835092067
1121.4091453084377
1104.7201733315928
1068.779053243874
1161.3928532219509
1181.1605687544152
1212.2443018116055
1315.8911751021128
1323.3661262947503
1247.8540378425892
1358.9995496095373
1388.4213258663867
1295.7084570896538
1267.6694172711093
1237.3474002423854
1275.0523324430715
1259.491631716783
1249.9332270110972
1111.55751696626
1092.4470541992714
1074.9147174115237
996.1946877534956
723.2207210736891
910.3953450606817
853.6234862168127
904.5039342151442
915.7288905633808
973.0585774097686
989.2548504983831
1186.5577291559182
1122.5646879384597
1137.573778953427
1136.5019817664631
919.4121676900473
1030.5667437902523
1173.3172922433766
1063.7622546447283
965.4951359387147
1030.8953529053135
1186.4755345028493
1153.0011970430057
1016.9796421951085
922.9970122469811
911.1923375816398
911.6359072868914
896.3961059220845
767.73128597502
760.0330761232652
747.872545054843
800.7697379521779
782.2123161581266
769.0564185000504
760.2617568342652
756.5093565541032
756.5093565541032
756.5093565541032
411.85452849214664
331.31257780115743
304.5792041474769
278.4864522505228
214.77204204167032
20.47348119647451
21.132295148427687
26.868379680343807
0.0
0.0
0.0
0.0
0.0
80.98533736682036
88.52784766999663
90.40311714438299
239.8331100829368
246.88839680338893
252.62488754179708
252.47819055510502
260.44283699608866
594.8664373246022
608.8806092477362
695.6519592660568
677.471864091816
677.4980532892046
577.8066672338023
578.5453749886724
674.6645371496509
675.1451833363583
675.3054684030662
678.7976193763283
720.300708139344
656.1815313988343
765.9634752060796
665.0901469057284
786.5848445003371
787.3192324802116
784.7148951991329
772.8114298285005
739.6531187386564
761.9622570983046
953.6549494641094
993.4037040921789
880.4088161931055
877.7427088113374
907.8159348326377
762.9928310312109
820.1005929490273
1159.7064110702634
1304.190627826786
1318.9142677117873
976.4907139449879
945.1517634796666
936.8593309674477
1022.1068015295392
1025.9570526065995
1021.1706170047253
1019.4241309733338
1011.8239473908211
1009.3454505019197
1009.5788279900023
1005.8023480092286
970.6828302770708
909.651526580909
906.2398015690417
907.3193152345486
904.4481434503687
904.6408125858159
901.206080393663
964.0377001284695
994.774913809967
1009.9378896613
894.5882913433614
1081.3483775761035
1088.6796652375294
1095.019947399503
1066.3088919275988
1072.9771391089023
982.8476620334976
614.2087193147954
459.17197111482454
437.9645468094271
492.8059644037167
453.79136628784477
423.9227684209666
344.54851646822897
340.5098013422468
342.7160843396103
354.61153579571913
355.7894470781858
357.3721561736302
354.97609849263165
345.9201141742782
331.25411978626613
336.99651237609095
334.6311806217466
352.05683816668744
370.2096806858258
355.71577524611496
357.52578240283844
421.7719833381582
447.7317259150638
409.89375029079315
541.2653213901974
377.4536929064591
406.28006532072067
440.37869785824057
460.27043358131516
474.72259983407406
495.8870589268667
693.3958598118376
688.4473061783652
797.1729958513524
783.5083368765341
785.9863115945273
745.5230232895632
1089.389504942582
1076.7023987610658
1082.0488941276994
888.2092767156789
814.6703390830103
759.275150219634
819.9612305378275
793.2576017971888
940.9306510789645
821.5183161326042
884.9780982020613
823.8834638584492
1113.3651293137386
1129.1793802869236
1194.1450016940348
1084.1437835573656
1201.8934237471694
1241.8503048407981
1001.5845913716653
984.1022174867356
926.6545948627028
666.5034337265629
732.8541715344343
738.6825911527541
737.2045074072421
800.5089084226977
814.3212367079385
862.2002770857706
823.3095057776078
869.6047128756582
860.4800870313293
499.00290846218144
532.6003936276289
531.3155497543854
586.7900942133319
608.1013930741146
627.5796035661197
627.6882658606287
515.6529992003433
514.0068471339284
518.1391028018483
470.71774119581767
501.0543884955637
398.39350020373024
182.41584824483564
103.45735582811245
64.90322494381867
98.73910990586151
126.63591465499897
245.0462928185537
431.47334036873013
419.70120297831795
422.8937223183091
431.46990601657143
465.0386931783247
458.84847157808963
448.27800515484336
443.7002179563358
422.83566473207117
397.4689372451494
353.74591587272425
364.23051624826434
365.8131133864845
348.95400575876806
434.1137143489057
357.896401750673
378.412660182016
422.35543243975616
497.6401313365102
498.25960778582487
482.4906476133018
557.8204764983982
662.7187941871631
661.6635016059706
690.2243302761351
703.731990099987
771.0121806022509
839.2222353602156
837.5011684029068
777.1676138487392
616.8764255248498
431.81321301985747
429.1160014012174
438.1709603982382
453.83558662889936
427.7644680678911
437.1958803268487
437.6498598097936
434.0173535326995
454.7638108684743
472.69452852274037
462.5005382954901
457.4102449495526
463.9974660162983
439.5896633068797
342.5730054600088
355.74299206678853
418.22117359777076
375.66393559883227
355.4677380510747
518.4884766946001
705.4139333687233
612.9105608126715
497.56809825377854
472.53781938661524


