Rainfall Prediction

1038.507364019414
987.26643661428
1028.5533211219542
1095.8367517630809
1297.7063023330677
1253.3844798240748
1237.5493434352577
1260.958152340821
1248.8915873749174
1197.2785459345178
1078.4120379597048
1031.31647872025
998.2250292192941
999.0176519196858
1056.257486802845
1126.3263393155462
995.3427467772746
1021.3105464352705
1126.0271273212088
1028.2940730091452
2514.3562453529494
1991.0731648339372
2267.2834472333675
1885.3765244060805
1656.9468657911568
1543.8645329342883
1535.9292809663787
1625.2338578789393
680.4018388273346
675.875055841017
693.1084887886423
696.974440301147
527.647832233912
442.8487625735182
375.7653517853016
300.4181234639657
273.47463203754705
240.53821794664577
250.89974205625796
303.12919412500605
0.0
0.0
29.98544466827289
0.0
0.0
0.0
0.0
0.0
71.97380010574204
225.18514321435762
382.2571831700518
655.6202188504791
236.27300633613726
525.1361924207308
338.83901472136785
497.1650769625526
147.29598925465223
260.93694727082516
77.3633788606366
74.16999888255359
206.41842339817924
186.27249548421716
1126.8822976043068
0.0
0.0
0.0
0.0
0.0
0.0
0.0
0.0
0.0
0.0
960.3549440444682
0.0
0.0
0.0
0.0
0.0
1381.7196973398434
573.7935704874528
582.0091616383112
576.891672913742
588.0505399758597
565.1872103547852
558.0022919158442
561.0156799207667
665.0783579824032
619.217543768548
543.7436506034417
540.7180437980232
105.49937020201645
158.4366165732086
0.0
0.0
0.0
0.0
0.0
0.0
0.0
0.0
0.0
0.0
0.0
0.0
0.0
0.0
0.0
0.0
0.0
0.0
0.0
0.0
0.0
0.0
0.0
0.0
0.0
0.0
0.0
0.0
0.0
0.0
0.0
0.0
342.48231580707227
0.0
0.0
0.0
0.0
0.0
0.0
0.0
0.0
0.0
0.0
0.0
0.0
0.0
0.0
0.0
1477.1941085572178
0.0
0.0
0.0
0.0
277.6392949788366
0.0
0.0
0.0
22.361980800688492
0.0
0.0
47.61305150778875
0.0
0.0
0.0
0.0
0.0
0.0
0.0
0.0
0.0
0.0
0.0
0.0
0.0
0.0
0.0
0.0
0.0
0.0
0.0
0.0
0.0
0.0
0.0
0.0
425.4265784280478
399.2689403170229
564.2332853510383
341.26017280464316
341.8546654528926
278.92069749663426
293.67363209602615
302.9343778822957
346.3933160577551
385.81752173103956
234.8373850235415
251.86695661585307
282.58910703103624
477.34941835671543
410.53264581709993
370.71511389389417
789.0599865836882
351.5594229470558
498.8546355873815
0.0
0.0
0.0
0.0
0.0
0.0
0.0
0.0
664.4958056799076
0.0
0.0
0.0
0.0
540.1836688580344
485.5088535329162
628.8839388648848
555.8749124743888
562.8400987205636
558.6286157985115
558.570281636269
543.9113054704545
473.5523947218534
483.89536073836865
475.5541094988464
415.5787946552467
396.1083154311555
389.2042544397889
293.2117429352854
289.57341561955843
279.6238658729568
443.54302236147123
376.79651858844915
379.30429221312556
383.60716030895225
382.5990064817993
386.27828332057715
494.24614022746994
532.3876980735919
235.21884513967927
295.5561497225748
258.40306633530736
260.73630590152345
257.18012533193144
178.256635285812
0.0
0.0
0.0
0.0
0.0
0.0
0.0
0.0
59.792041748775105
60.889801895804595
0.0
0.0
0.0
23.622752279453387
130.60016245395144
0.0
0.0
0.0
302.3762347885248
0.0
53.03237636926551
0.0
0.0
0.0
0.0
0.0
0.0
0.0
0.0
0.0
0.0
0.0
0.0
0.0
0.0
0.0
0.0
0.0
0.0
0.0
0.0
0.0
0.0
0.0
752.5767989571523
580.6265274236121
483.60112796302263
476.6913284631137
556.3393055242096
501.2802790842973
508.2560281032383
511.56540239194464
528.6081798367773
572.9290415491585
779.4983369251886
0.0
0.0
0.0
0.0
0.0
0.0
0.0
0.0
0.0
0.0
0.0
0.0
0.0
0.0
0.0
0.0
0.0
0.0
0.0
0.0
0.0
0.0
0.0
0.0
0.0
0.0
0.0
0.0
0.0
0.0
0.0
0.0
0.0
0.0
0.0
760.0614921127018
641.0896859485833
549.7137610740065
1113.3715422716534
553.7218775057136
509.5998526734797
478.72064970976123
524.6965822998518
638.5918329057724
498.33411836858176
571.531176089863
186.2012188527165
493.2862188251135
203.87821318538425
266.5074267820454
1247.9989593340083
0.0
0.9655300158059461
0.0
285.73739888434557
231.44367089206315
290.6762819165664
330.7705107205999
324.3958388345741
298.98402757902517
346.70091458155525
306.71388483699843
306.88310894248224
416.81138483743183
442.07375805071797
481.4201783293911
457.0817594301602
425.99743614216175
412.6804035341237
443.45193876558665


