Rainfall Prediction

514.8611693051571
480.7846228354237
469.4335067777475
425.1893525207731
411.98154360880636
422.4551474991306
411.50994787847526
412.9928822811599
402.86177641077893
405.0025188186319
402.6123589299448
385.99568930411937
345.5175886357732
290.97583075849275
258.75828359236954
235.17687344363495
188.10822764286627
198.40894229834475
177.12901957741744
90.89567663651592
110.06145746190658
74.57752952002168
88.02432812318419
126.04734660138806
182.28376480867638
186.2652507088281
185.3080820721432
195.6208459165723
194.55476427833648
195.61784637134102
192.35494230544015
192.11179843956052
214.93759593193178
226.64703279840722
229.6209107863615
222.76122533271243
223.68410642674002
225.39777719790183
223.037829889257
221.54682895130486
250.3385712617896
263.242883749925
281.58983018821516
294.24319168142387
321.1259885567488
374.58599767427387
374.16693764313146
377.7018194846098
379.1232803260797
378.4971922096442
378.63668183505405
380.2036140999822
384.0467684743658
332.6880204473345
291.02027293619363
252.95132413153837
312.5606397382768
383.69692373154635
415.86143135965744
425.6688888952306
429.6982401187107
439.30874747533676
449.3489922840992
428.66512330088926
423.3898915323611
417.8591915565462
421.4604876607522
432.89486576135226
422.00634630279984
451.52564141059673
454.6508559292465
435.01852180142987
444.6908077859893
406.1509741349195
367.43436521253875
336.98307489606896
262.9703012665753
259.92437295309037
264.2936726560601
260.0479943912011
273.1776359323335
299.16659960805276
299.7747508571985
276.0953041966043
286.4448786825397
287.52463917470226
289.5417242691572
257.08506264526295
265.27861869610274
379.99878802304204
442.4974184880889
618.1529191310092
472.16774868810467
464.8639300189008
457.479729264665
463.09316374005437
458.90482882611394
458.90482882611394
459.4161544632056
438.41065240293744
368.9843470206429
283.16230374372265
210.8751726177632
215.49295640567664
178.86439663931617
175.27408374384316
180.90497468509002
190.1398992785373
194.34704554680263
185.60831673399085
192.70257641040618
170.88824904497437
138.05458418982283
132.98819356573225
160.00798367722896
144.87776873376166
157.95994791908737
159.63507743562846
170.41818995043076
164.91162780701796
192.18980971882237
170.05132300953315
161.8828182672845
155.70790133377005
154.75456693540343
154.75456693540343
154.75456693540343
145.99778981633466
163.70081454594376
174.2925046325021
226.4720977736176
224.64486517563694
218.17006780835288
229.903088408166
225.17621543467658
185.47848823904417
187.9118288616802
173.28313421456528
154.19230190741885
148.92833981539013
154.6433976269268
162.82176975156102
175.72285655595053
166.140535610495
177.08355034034474
45.49294321295375
73.62923478498398
65.64451294453237
80.29129190461308
71.8983407570037
78.97032051807761
61.20831466142437
96.88203494513223
123.22412900296655
137.83600852196528
143.96687925413053
148.37462054475714
191.5236082569166
209.85767844450447
208.0070766159861
194.48331580067975
189.70449939333315
191.84304868469746
191.84304868469746
192.48750332226913
192.48750332226913
191.35654264686332
192.79829303422255
203.77684051810166
211.63779460397498
220.38424861863322
220.32352133550168
273.65433873880175
228.1307033598874
254.25063933782644
266.1578356554666
259.1496972251283
266.2654195947624
285.1539429967889
336.90908889436236
409.05186469313423
432.44865671750665
439.7571930473076
423.1763581539484
376.97766431390994
428.7562964831556
429.5978760485754
450.3563290924377
393.1199802242272
384.13554449633176
376.90139836714593
377.6595718464214
389.1391116002515
381.83497056704937
367.82355581027844
372.1887057402785
365.6032540221047
360.4342630434067
363.7259120012875
355.20930318900156
347.2668730038568
342.27900633987264
328.5395244227852
334.5804054856985
313.9675956805245
373.72748358707287
345.9210981160728
346.57438953641235
353.373324800687
395.20150625744446
333.62572128909153
284.851121733493
206.3806413532169
207.81034328784054
173.57477778697276
180.15072681865828
102.97882925217328
213.3369408595043
226.17989002113617
231.71887864891093
256.941612087296
216.56244336098175
52.74300785100242
299.5893854187275
373.8474043792874
116.8045302582591
116.55739871942669
355.26305189756243
423.743192031532
429.9189123762573
413.07831548129593
223.67906483903803
437.51137653329266
236.73892271099172
265.7297029200862
252.9278319093029
240.96213320503688
239.51177798014245
241.62132427044435
243.47710793733094
191.59403601922747
213.86112463876202
428.92515403797506
407.6746423464047
435.16924938342106
396.04013726791607
407.52072321911527
389.62266929101764
366.07792849826757
394.65955679847144
399.423362986233
399.83739848552375
406.72611545528645
406.84641190499644
408.0835190359744
399.06546772671084
352.2077226904129
349.9364551612821
276.5061725111295
268.89139609155757
256.0073540236518
253.53792647583117
244.96586373532034
245.8695929003842
354.856465766334
380.4177180576208
399.2420406199709
372.9989639381204
374.7994274389265
370.4904470449323
364.1765717700624
403.11684771199356
403.96617134412395
225.73695423691646
220.9520892448177
218.10443628024214
241.93471092384218
233.83739156248396
229.21835419039786
226.91963793218042
207.4688235310674
199.457137156461
200.34991807397836
198.5880604131221
197.30960736662095
194.78599129150473
194.61257511853168
201.26824430014244
206.5964293899592
217.95722781567463
217.95722781567463
218.4992200898
214.193845587618
218.96059806792562
212.95908427198842
129.38582243864045
99.90286949902374
82.8720417215305
87.97539734573265
120.71723251228444
280.3762788862671
355.91934510387796
348.4437055070444
349.8135910954243
358.7594491130109
393.3750389290671
380.24790501204234
366.0789403567549
372.6838059584207
398.2608425112206
406.69981426612543
413.59907401774694
423.51355116557755
431.20266052273917
516.5510330740212
510.07899214311516
510.9908748884419
549.7699973813949
574.5637662412183
566.573769914717
583.8641148487925
601.3648533777891
611.5861613383676
717.728102828969
717.6076213064515
731.8821709702698
719.9771310026729
726.9317343674248
716.0765385981979
719.5126946589905
668.6832822056108
491.0437105102607
435.41745854937506
362.4792931015993
345.80511748907946
335.88819024466306
302.5392470133895
267.4354102797175
262.45801356499277
262.3841939162664
262.4170741444073
262.4170741444073
260.92995236250607
311.59451446042243
308.9963050834118
270.2010133759552
274.2149944893597
270.0686205098392
242.75413469486364
254.75570484821674
239.49087908253782
225.17270795756932
202.0137037233535
347.75869387208866
361.48828044204106
356.9821991744879
349.282767043922
352.4257637619361
349.282767043922
316.0085453835401
318.8663305604707
317.21836243183134
362.14378948630576
359.0136427010021
368.94634327178443
401.1555121619651


