Rainfall Prediction

561.7349730787932
557.3626051615435
527.9915518861475
505.5700771672589
478.4018139624335
477.71742824661214
467.7029857364962
469.7855441204548
485.0203632338287
505.2585012327379
492.8469064908528
488.18947454740305
455.1259883214379
460.4926035856222
451.9239403475309
442.1145847403316
416.27379788451856
440.6470483340938
463.1147920007578
377.61102921841825
342.8028819125922
336.81732330367566
143.6459246089522
144.27626520317543
140.18717621534967
154.12581003308478
145.92899637632738
145.92899637632738
138.75757013807706
126.52144126655394
133.9144459732549
137.57839216881402
171.1723659680639
157.78229599094766
162.74421854728348
181.7662194338427
172.3609728591914
193.43900436126728
175.32940394486187
175.83404750566
184.64863329387472
232.625832948357
363.7720362385213
559.2878267103823
570.1469879107395
532.9439313488115
542.5559223497436
552.5936823973173
677.9897442197417
662.4668231892779
742.9528508198284
747.7080186608835
754.1345609423255
747.9004692306488
810.2800522597576
1284.270286672923
1348.8859727752229
1304.5972764819894
1319.6973913172235
1327.4330786086052
1344.5336611236187
1401.4986442521486
1413.4572174169134
1361.7740478358373
1311.7638606092967
1304.212862876715
1284.0219883227094
1274.9686237191013
1274.9686237191013
1270.8424481782147
1274.105975380133
1265.177019920682
1265.5720625761178
1132.432542374235
1027.8571257840108
971.2660179745438
982.8270808380049
672.7932431725833
674.5326817475332
636.5714490511406
575.5219734178464
818.878665345553
813.749270750568
827.3181011820619
829.8763193703105
708.6976544835294
342.6969787827333
287.4731973003487
288.79865770720914
296.3993285269032
312.34493287193123
308.6753388499283
263.3639944221054
216.2208010703785
220.29640315559124
230.12157268949204
227.69461493890387
227.22421706675777
205.78990361337722
211.91054809204817
230.256425877095
215.7308485232237
210.31198417810512
205.30840219488348
199.07816920100157
197.3551364026698
215.1788555467246
197.06396995321862
185.1437379622835
154.78762082730825
144.39121151106087
118.92938052329816
104.4717079173071
98.81349521415514
116.75069698888876
126.52997165907765
164.17702241777423
152.74556823164025
132.27601902567292
132.3983467960118
200.7503441417379
213.66917464099052
222.9494325957739
249.7687616464509
379.344385860412
433.15646687201263
446.9419619643551
482.37289268570794
478.94629139465314
652.3157023368068
664.0314895521375
649.2883827423013
643.2257799281006
654.855192984671
672.2278959617203
704.741540365235
761.4004457027617
916.140811611297
949.5822355919704
1034.7623797492486
757.2665626245969
785.7100916739652
908.382949214571
935.6008602464802
890.8740432003082
1231.1825620820064
829.7852099517695
820.3633536590758
1131.3519545502577
782.7560495520376
1122.3538157175599
877.1417924254907
924.3199707477551
922.1011390470572
960.5226030752942
827.023882048748
749.3728121379628
833.670321672274
847.5727752798771
816.8323325089525
812.0002789558251
976.7359072254103
949.5975104781052
1038.4024051915708
1013.6897535882242
1004.3770901952495
993.0381742905425
980.771728308636
848.4408995722464
794.7885319820539
1247.1951006376948
1180.9888613139403
1226.363143012345
1327.2077333337297
1384.468553017118
1410.3767504881835
1432.5475958355623
1437.8961915438124
1438.5369156390113
1461.8906313305795
1489.0686531727392
1507.8434010809867
1501.6377741321537
1418.6057913225466
1534.479542449708
1309.3703673911714
1256.8637029105246
1355.6916379635345
1350.258124211091
1315.5159087228421
1320.8342462636579
1285.8563010920361
1222.0633821889144
1222.0633821889144
1184.2568146206318
1168.1239951030582
1168.1239951030582
1206.8070024370118
1126.6107139122353
1151.5310700371435
1160.7724509335605
1071.9421615609967
1033.4267735875937
1028.148123263998
1000.2027977539508
950.2102126612782
904.2970883055232
830.3755173637528
784.5746591248255
787.3197544459533
798.1823412657433
850.4112743632128
871.6448339132767
836.6612675038319
783.9189042395476
586.3154071270773
550.1536608387448
553.9554358701345
561.8065758444527
558.822614139025
547.065284945864
370.4521851849733
654.9332742645465
494.9974977574455
506.04634425412826
632.8981582105612
632.8981582105612
632.8981582105612
390.9703801504114
387.9800298828792
394.12039579370656
398.3019937483045
357.1861536081492
355.52070677862935
401.5041750792769
394.6138589044565
339.54928103193515
452.43333813202867
504.60613846515815
625.457534494768
637.782568424936
673.7514209825346
775.0266334439068
1006.2295867829764
938.2719486234525
937.308144189334
937.308144189334
938.9593786737842
940.4719541787896
937.4334012953012
951.7858543728626
955.9688830560916
924.6778479497121
666.793178137775
692.502765095386
695.326810990557
797.8271080291265
798.6042872142441
800.1903324162366
798.4712195172267
806.9288101644989
781.3521941991895
786.1498893575156
768.3395629431935
769.6830656336216
775.2496870173835
646.1825723379138
636.2153729280296
599.1220728401444
616.0902502706703
533.731994458152
444.86118937729753
402.13969828595947
528.3726289853846
279.4558912565253
278.574027970359
282.71601548054343
285.73050010990056
284.9251640108067
494.54903557682906
571.0656465121687
573.5183637002306
640.1546565889386
750.1974501462314
812.0124734986305
711.3872315358042
704.9167725637219
777.1562670670792
789.8159488272528
805.9324075632553
796.8341896920043
764.894369577344
953.5016152917898
920.3736434869653
942.7698636204748
969.1486883462482
986.893557408192
960.9963092110581
964.3583667025013
981.3931850362145
933.4341637975434
974.4878488093642
1000.3398834729728
1015.8324994360602
856.4920705473655
858.0994504779229
855.7697979894814
917.251655204223
1027.8987350886412
1217.0411340124556
1103.9979530748988
1058.6035505042837
1166.0815777927467
1137.7596586048096
1142.6780217493408
1162.6790765965907
1163.174131410176
1141.3409261906636
831.0434262447241
1063.3695937558703
1050.933644549073
1091.415517114929
1110.390025135211
1161.1165404373119
893.5222860399653
902.1526551629876
1152.2958117208605
1143.8769599661136
1168.5959843450619
1168.9972470636496
1177.978098170091
1219.0549672195853
1304.3386369512818
1307.9592924449387
1292.0230678910611
1372.6651453281622
1402.232080770168
1432.6565513081446
1382.010633505877
1272.1288644638053
1063.7017036450468
1047.8998172559777
1043.244438482504
969.3176514683539
1066.7440910900948
1006.0325936491555
929.3815325696321
914.4463625853268
912.2603233522568
895.2155521554314
1010.6869117491043
1057.0071374060649
1023.1655367437234
1098.0374069774211
1104.584250706701
1108.5212288851947
1118.1450418577242
1155.7287844933692
1217.588322647249
1200.3306033604013
1275.45511237152
1286.7988553187436
1302.7357158851835
1223.0190241163175
771.3900080023556
790.3580565329946


