Rainfall Prediction

6.4015132050365775
6.400216410178319
6.367508914601566
6.372083705439308
6.267477486090451
6.255372676686562
6.192622831616828
6.262326191757518
6.245274502260206
6.2438932428691905
6.262502325492144
6.26897295710767
6.255569252224018
6.297522712585438
6.283623232651086
6.303709874421103
6.342554700703406
6.319232946037741
6.301870333263033
6.280101745701188
6.268577410644431
6.25882945724862
6.288792389612417
6.283857525203494
6.309813029438245
6.369525158028267
6.383508768200958
6.382248999930857
6.389594581751307
6.412111849660019
6.4131631220319285
6.423699407495891
6.428197123496319
6.438677352402785
6.434209945681246
6.468091581612903
6.464899980581944
6.468964818491821
6.452736678075466
6.44354293257394
6.4603056700746695
6.423290652963191
6.4833226846946115
6.502665734038976
6.499144938587587
6.490666019839732
6.490728968732325
6.478616287195025
6.490966646573829
6.483582166923481
6.471246848970362
6.470123884577014
6.452025919079933
6.424320503687641
6.383597523871789
6.3288346512155105
6.269143130944455
6.2650061554135466
6.265401861528461
6.249943562335868
6.2050367587199435
6.229128335077063
6.211103913308801
6.205054026978653
6.253737711597297
6.279634561946505
6.173119629876784
6.151730374307566
6.099458214970053
6.216844688764009
6.223694481006362
6.2334061572136745
6.254713785601527
6.2298076695928115
6.240131702968443
6.210305327802876
6.209887712615614
6.194280493640603
6.192517591183543
6.176660112922935
6.176248016180478
6.2052152777167295
6.252437236795428
6.346788428734891
6.378377538246667
6.3828896268565405
6.411917988682914
6.473285213820994
6.498481949310637
6.5132091846618305
6.533841809533284
6.548484138689676
6.526879037761116
6.5283018697093205
6.52360727954983
6.46300256607112
6.445596055530065
6.3833016950330945
6.38397224983144
6.410593533335087
6.398841137243736
6.4016345294419885
6.402539861443729
6.4383475527568965
6.52780862398074
6.572713987908688
6.585478535184363
6.594558265255617
6.599579761678774
6.606827148713866
6.618176120754714
6.635793656715256
6.618178046120145
6.585986813964984
6.551936440889074
6.557733031400097
6.553321096801304
6.55830550905171
6.542343386734312
6.539033190184303
6.527595728958949
6.525851019156387
6.518788563006404
6.541682576755775
6.539770813678938
6.540293539691987
6.564972944480824
6.562196289569724
6.572947297524446
6.57881712405776
6.577691329840002
6.6343781228239616
6.6332554886591035
6.631780877965469
6.6100349250644355
6.532508470664123
6.4311303067861605
6.391326546582466
6.378814844255208
6.373188311170807
6.3558136786264345
6.350489166097706
6.294982342633755
6.300938452045928
6.31706181721505
6.349465172987603
6.353198461674526
6.347149985806285
6.299872418247229
6.306446046833663
6.296762634101299
6.309036427042773
6.2947756841687
6.259479391375682
6.229896677961897
6.238253978169228
6.2518914864652935
6.203374092900125
6.182377457823982
6.118028349010103
6.12087838457111
6.137940685501552
6.090326521128037
6.10374357923244
6.110357870435632
6.16112224177215
6.224397707326808
6.252258856027443
6.260344931832309
6.2695858095183485
6.269068432247612
6.276414679470241
6.260243577662684
6.278451392138949
6.330653811795483
6.347054892630646
6.295258527862819
6.26884833869635
6.2742200419138445
6.277349397547168
6.266287577122567
6.237647403992886
6.1858557792265225
6.176139919697233
6.245390171153447
6.222596638965093
6.233404818544109
6.322134843272559
6.364485602044477
6.359321008816039
6.358213629342952
6.365280586166853
6.374324387001772
6.367457854203666
6.401205805430862
6.429359188036607
6.411698381367413
6.357466093810291
6.287116520937236
6.251926244168089
6.242197582570593
6.242977166542579
6.237622355509518
6.242893075280882
6.257789311378387
6.234981592225989
6.2006651259616365
6.2106668543292605
6.190822874750027
6.186555779157181
6.141220978402806
6.134892050335544
6.138333022474335
6.1783831793852295
6.167099076245127
6.120420518893332
6.11682801301389
6.090323141173495
6.025848514945055
5.9947895520872025
6.044610841006299
6.05613102957896
6.061711465435645
6.083148859015214
6.081680204616118
6.170066989217092
6.245002062157353
6.247908701734277
6.246723140843556
6.247606590586582
6.249773868681271
6.282686463669336
6.285944958785133
6.2932338422795135
6.292700724922635
6.297170887728367
6.345681182781192
6.337915680983116
6.289401479940607
6.286177591781144
6.298582278203263
6.3136871880558685
6.314574971715059
6.313136311890141
6.249685972009185
6.26430703668964
6.340923223222847
6.345810705816173
6.345810705816173
6.427268226064111
6.464402831422678
6.465504253998298
6.463293497963478
6.453204566429497
6.4395850448985374
6.455779030835578
6.453484342927721
6.411845586946401
6.423978072653604
6.440446034999972
6.4505079458118475
6.45079223552721
6.428126518590653
6.424421653509634
6.403966853796644
6.428185813651172
6.40989608406121
6.373476500443649
6.370153036705006
6.364509313563378
6.344173792101756
6.3265945352709
6.294878423767142
6.293480305351717
6.252248783335593
6.241390956327926
6.173468961621718
6.111352049822698
6.065505846461763
6.1374882277357115
6.1022312498466755
6.080036763425356
6.132897752487057
6.1445401660072205
6.184352978787399
6.150872690658967
6.138814661777858
6.203100454205792
6.3323077567520345
6.301740446755653
6.230519202477208
6.0626740831471
6.160085789526171
6.366951849785525
6.411956545863949
6.468769778063149
6.456471612765573
6.49290857543184
6.519786760827122
6.533105648366841
6.542344398993172
6.597189383377635
6.62737469056124
6.633737517599679
6.662619388025269
6.676212487504483
6.6847958075118505
6.687902722113856
6.696181417168669
6.69872331813704
6.687592601635647
6.686909216365115
6.687989797193798
6.67949049113395
6.693189071141957
6.697578491080409
6.705691692597442
6.700511539097615
6.668445494045483
6.594016220737187
6.612692653826759
6.614848004581076
6.62018940732069
6.623055136703878
6.582119436563494
6.573389851524624
6.533769387214082
6.558626782598837
6.546580586782039
6.539832579193676
6.535769125119906
6.53040479553352
6.472409784048016
6.432551102256111
6.415668181468828
6.324261767344724
6.300148469542835
6.294752965332787
6.301803648774675
6.285717139431931
6.285172416895621
6.294246296902119
6.293970716911196
6.3055062897790055
6.353193218664242
6.329666953133725
6.379412795877469
6.391213225535184
6.41666181380699
6.462587765389272
6.523786418325763
6.540253165163122
6.559486254251054
6.556748173099563
6.551357818301049
6.580874694689143
6.585635538687938
6.586067808614815
6.572609387495434
6.585324380077091
6.58131802349234
6.590566876448734
6.59371189541213
6.621058376165352
6.62719460032777
6.630919400156945
6.674033823023639
6.6466140845292285
6.629416754158883
6.587457424706679
6.590413305755685
6.631653723456839
6.634997918444146
6.638254205602925
6.6457166152155045
6.678463308257337
6.72784262836974
6.735816439025047
6.73366656642721
6.7291260514603985
6.713595825575458
6.687141017393931
6.671852576095314
6.644748497773571
6.637627559903754
6.636074966950881
6.611860708620571
6.606637187479348
6.599055078179872
6.588782233038847
6.570668044135287
6.560340089725275
6.545848321408357
6.542594435824462
6.507504968129599
6.46600412084944
6.45499668077367
6.258501365567566
6.20105749362286
6.20217597952447
6.198332448948374
6.121948070179203
6.056511187722401
6.055588997155399
6.067478969611147
6.077908802018738
6.1695236542783825
6.126331349602908
6.130148427986231
6.121487104746056
6.112069632136313
6.1354576725905865
6.166403666718449
6.203245349975276
6.184699017015018
6.189275391995322
6.1955469153711835
6.2125679097435915
6.166718772838582
6.1733407628278005
6.152159620716374
6.154979511003901
6.1703205496349804
6.211517423641328
6.206634283266417
6.1980411733620855
6.2026360772734455
6.203802379078732
6.21892632736637
6.228373348435155
6.232354745399658
6.263799017205032
6.263879308955308
6.284962420184138
6.317465596426659
6.3644133800156695
6.380853667843305
6.4168287498013346
6.418221001812509
6.415486856335173
6.432516930137912
6.432217045907293
6.4278468905116
6.434249239450751
6.404346671365374
6.414882029430883
6.454026749730071
6.50195013663393
6.481650476685087
6.4944989879066215
6.497342529830645
6.493377715223053
6.498186114127553
6.474901651590485
6.419803273465652
6.4201831851382645
6.451691089151794
6.450180412709537
6.458700839460455
6.506113140749112
6.5245629578077375
6.536943137036642
6.5474960438579926
6.549439851017721
6.456122686034484
6.442762111977077
6.474673482397427
6.500703352108282
6.461777334714793
6.46611653053153
6.468931338534616
6.447062343946806
6.406237998057777
6.36166799476105
6.380471788204016
6.380705623081157
6.375980836163645
6.3526878817581585
6.308558274752683
6.294400249665455
6.243107486663419
6.243393170059658
6.219745883987476
6.199336919519947
6.203324474802877
6.21675603367348
6.219077764822376
6.20115479930125
6.212985340002592
6.2162112555443345
6.203897840205869
6.198907936399471
6.23682470788945
6.259495707889092
6.249813581340669
6.223483235605094
6.252613507885818
6.367949029416073
6.415448862390588
6.481276683565747
6.490153759642657
6.4900711994557705
6.50263004803597
6.502576691104449
6.498305180469367
6.5107863523060345
6.521830250962397
6.522585642782208
6.540371326108189
6.574986474603955
6.58134685088088
6.60235316828568
6.6126101211557
6.626794158317841
6.6173784001605025
6.60232446984207
6.567947323457038
6.582255020622838
6.592113919792196
6.613791770367226
6.637782918505078
6.634777020812369
6.615022980122039
6.569012812189795
6.559867053500377
6.581885884292358
6.583281550481896
6.584006900118161
6.551076993413117
6.527153484519637
6.528814445101576
6.542328523679267
6.575708502113769
6.576797787890603
6.578132917129352
6.595599287786321
6.608888201477988
6.622961332015833
6.637932890700022
6.6326922401692885
6.603783097059143
6.600554914760566
6.586659450313755
6.568659246107233
6.543517265217749
6.5504023568161935
6.547880369429136
6.554323066043434
6.561087266024258
6.551746280351209
6.5318906605742555
6.494559170955208
6.510429692332999
6.53111395510916
6.530385856048009
6.52700739472133
6.52399710838051
6.503734680515596
6.5133208528252755
6.511298137855229
6.5364308806872184
6.530089688575684
6.514047266719754
6.501993763751397
6.489357270445338
6.506735958554132
6.513532337100414
6.5033915337520485
6.4834591132499435
6.471918575421516
6.458037948090448
6.46106036505765
6.471272712946853
6.487564278263303
6.498383633436407
6.5079241952662485
6.51964668940318
6.503477565352951
6.467017200079384
6.472744890905827
6.450830879820619
6.456737920891359
6.491007780158372
6.469226340968322
6.438760029180926
6.392316824031563
6.411344935259413
6.416883086357232
6.36536581970673
6.356984460720041
6.3273464577870016
6.318676482093927
6.355317600883024
6.352509987876192
6.36934010644019
6.375183543192693
6.372527775220632
6.372995992432108
6.425485330005865
6.455083324071212
6.472834862892843
6.500091336238361
6.49741763341318
6.491434304197159
6.471593920528044
6.443014248759545
6.432420948298672
6.358272788858288
6.346429905794255
6.3409034304623715
6.32201629004868
6.36446930622541
6.3819591821668915
6.394555962268422
6.41254035057669
6.44199364436322
6.483157584280797
6.445099822027018
6.471680359926043
6.521277155996338
6.525380296498846
6.568517074846276
6.569497047952248
6.580474031688353
6.580936683825269
6.57268010733137
6.560588455897432
6.552748138426125
6.5452730427237285
6.515348231585987
6.506153884910306
6.517015555928926
6.494670898428031
6.49047039336607
6.492931557320773
6.4762942235548895
6.474636755221904
6.4768642913128875
6.475381999190276
6.478442682653174
6.476132344199262
6.460225293896528
6.374641932795938
6.359678855849763
6.168870922953279
6.0633820549781925
6.184722345409005
6.24592253365382
6.26173896487003
6.248967509819603
6.183674537154062
6.1855166954858225
6.165730363003082
6.17274490424977
6.168408173571519
6.16803281897342
6.16803281897342
6.16803281897342
6.185509736405332
6.191237647926799
6.2183047604641155
6.236328847001366
6.223208574708862
6.329339549419667
6.326562337323534
6.31497722277983
6.318333386059571
6.332041191811332
6.330451127210871
6.372103582666919
6.428981978144811
6.464857164477368
6.464530741724861
6.485678828406607
6.421652485123002
6.418269616377554
6.422169943887089
6.42431187952822
6.400192974875009
6.39450826699307
6.432920410357601
6.433675529294559
6.412438575208487
6.3603995724066
6.354507877896475
6.363465172278484
6.364972653174355
6.368637892165194
6.375552237604724
6.409446083436379
6.396541669044368
6.3873398451505885
6.352157773941831
6.351726123747206
6.315093675874821
6.311348052463168
6.312262802707199
6.303518054654415
6.299166793905915
6.296504421949678
6.297803557893628
6.283265568443117
6.26967884644084
6.289565779436445
6.225387225038816
6.2048133530664655
5.991606559121119
5.941973761013503
6.068232544633103
6.195975861276349
6.207146669859549
6.222976402035392
6.17496428761256
6.155889263989612
6.152297385121158
6.180172596981064
6.174454801662484
6.201033644617294
6.220822062808406
6.250288573643975
6.244284638132215
6.245934850608419
6.235989112810921
6.231428749435636
6.230433354866625
6.329695056252187
6.327874587692561
6.328441098694446
6.330448846778601
6.3491019028536035
6.357462096023622
6.40436369944698
6.493556383512913
6.537050373416785
6.548787028233572
6.561326003837043
6.5710875328475105
6.574264393529639
6.560492794332838
6.569956411486043
6.542380559871295
6.537064848202132
6.539267600877332
6.550603478612164
6.552643102836015
6.550534572454275
6.508252919002187
6.503136798540038
6.485053808461645
6.47348444920887
6.4305571187941695
6.410877300031148
6.3682872194901465
6.424963022399841
6.4775481362803395
6.525968745312027
6.485758200685022
6.50156301529309
6.5335450224458835
6.535881868543928
6.554216369105351
6.573709153189737
6.588827571885287
6.572816431579712
6.558843976565387
6.551946913378951
6.539793894768396
6.52149689327702
6.519773865006289
6.553948375459597
6.5540638068075046
6.579357274308105
6.600483456984642
6.602653052129571
6.5873117367230964
6.580421046216377
6.582218313488999
6.609509407741856
6.609502678990135
6.610471042699914
6.61153011833699
6.619112997448551
6.60231091253204
6.610619668570613
6.611215894898466
6.597482514573833
6.566307541422294
6.559188381817137
6.530707534727433
6.51911627689287
6.512366836938976
6.5057180696186485
6.486419050422009
6.453527348927223
6.429753813918911
6.402914666815705
6.414593061084419
6.420721493746419
6.422980225388796
6.427649752931582
6.3886876924751546
6.380419210211082
6.365422887090781
6.326133689141567
6.323991002455774
6.346410633411445
6.333068741860802
6.3413305382871945
6.309075010648576
6.304657303370292
6.329003396766651
6.317337656044263
6.299071192789648
6.253077901816108
6.236952548173791
6.254008867662354
6.299402834650105
6.333862822437732
6.296575970905091
6.3597957816759445
6.404864559811118
6.44025305028251
6.468809910555298
6.504572469795406
6.524624506007967
6.529017624191135
6.522556940146956
6.507862997321107
6.499927015750221
6.5072444670578715
6.503213287294724
6.524282916661855
6.5134854401427615
6.532245051803756
6.54735776803902
6.537975675111783
6.52508661059131
6.527970646987825
6.525458423805816
6.523477927141018
6.533701214252708
6.533904205905773
6.535656634781085
6.533085177544057
6.538416148771202
6.547580532775421
6.554668432346036
6.537915427973622
6.543494197713274
6.5381875136662835
6.511924763944801
6.506478869562219
6.518159864085881
6.508685804532403
6.488616882625598
6.458245015148321
6.466866206502469
6.471995551258007
6.504343428499967
6.526790180559983
6.528064954927081
6.5381513926341706
6.510931453183067
6.520845259957675
6.520122468915128
6.50520133706896
6.5088054405984135
6.5254260701602655
6.534439849035663
6.553666474987305
6.561263980068771
6.572934394505248
6.569730655235628
6.582901987437307
6.580954640820913
6.570160758110304
6.569455809960728
6.535588694206996
6.547362006787105
6.529648781629377
6.527083501190121
6.588914154507078
6.585491555653612
6.591013961451095
6.608840890251525
6.633199917780407
6.633675414227876
6.632601332435391
6.632676891130666
6.6138109334766115
6.606127417074086
6.5928791889266245
6.586835490845499
6.588946649285127
6.578567183191525
6.5816875060023365
6.579322971781322
6.585803890072763
6.576130234845259
6.590593281823868
6.573015373623807
6.56801595103708
6.545365473890554
6.561408709049529
6.526868600779766
6.517447673837398
6.519458029704527
6.555496222187811
6.5511815476825195
6.530718021664051
6.553013778401466
6.563236785163647
6.5438676303294585
6.555701373192813
6.5211355263883
6.494922871402896
6.360547463067786
6.3072758262769915
6.364974878211607
6.403481658300143
6.405781262126445
6.401386202364118
6.377567479798474
6.372399425030544
6.380489113209468
6.398688711266423
6.401091681542683
6.406161713709558
6.415675508441511
6.412821364141252
6.395716077889247
6.423730668478391
6.425288968470093
6.435879629381179
6.434305466236801
6.504148256725692
6.505524367778276
6.506575584113383
6.480830900303495
6.482798416068414
6.472319661702402
6.4702120003009815
6.4997733060221545
6.513724220834549
6.473343999810945
6.4436187290063565
6.451897976100846
6.443623189621814
6.44163635132246
6.455440279543906
6.457912503219298
6.45563821616148
6.483522627214957
6.493929400352047
6.495266202924068
6.4816792337520575
6.4614871617719745
6.449218155413463
6.43464899984814
6.417034566222322
6.4361352223941015
6.506493911001684
6.460738144080741
6.4487282748490005
6.430401243224592
6.4191890977583705
6.40540365484475
6.409289188924319
6.418852062869759
6.414745057467692
6.398157726268092
6.410939739766792
6.415562247714748
6.400308755752104
6.396637979643145
6.41114685806787
6.460908127589093
6.460582381987471
6.472037539701573
6.4858359227293505
6.473165212857855
6.488066852005262
6.491825701756914
6.493478614791577
6.4868486028434615
6.5005057869448315
6.503220404883582
6.530771115453892
6.534063839587883
6.550390651009107
6.537899237032883
6.522383708301755
6.472422595128066
6.4918955706881984
6.489943679357615
6.5045514667345765
6.510554540416716
6.515120513168042
6.513231138766489
6.501423422310365
6.503373929691153
6.513437475487629
6.496943051131206
6.482656674858079
6.476588798895238
6.4693152471779705
6.460918102038808
6.430334946443744
6.431932724095566
6.428126500473544
6.419723723070032
6.415022815941768
6.3855743244877425
6.382467876924026
6.359132189504949
6.3625239670015095
6.337794198799194
6.330756466839916
6.277246275397694
6.296021332678778
6.2702009039056374
6.272553170579759
6.2537154960688355
6.19442393837108
6.1318960000491955
6.145120970355829
6.2130137392972715
6.227660809316682
6.19721332895003
6.1980794642556285
6.277515230890958
6.292285148829238
6.291974584932998
6.32252520361733
6.341586119733259
6.334952411375516
6.3352619659846745
6.325625245139766
6.32427281462351
6.316108236079049
6.2939377253396565
6.295364311475131
6.330899401436383
6.353008024609702
6.360805340785301
6.358552769710118
6.356519546413361
6.35930981960053
6.363239774034602
6.377591166962109
6.365147927066254
6.368475994372525
6.3673789189648415
6.355085424476316
6.318162495297665
6.317628223320957
6.321674414490373
6.3204696905322955
6.337548280330318
6.350677229096413
6.351067097723725
6.30968823378287
6.291384862138882
6.298162470728008
6.321673697023011
6.303285010560468
6.293214687735285
6.290882370976761
6.362238253085208
6.395926373521971
6.393334946058087
6.391865456962763
6.382135436797278
6.3863360741273185
6.386134062455576
6.3748490469454
6.383418495985334
6.396690287566441
6.398872431256206
6.396729168141764
6.365581553766355
6.388878149013032
6.392133610092325
6.387281592645127
6.35972869503946
6.296109367775042
6.296109367775042
6.270228768377957
6.305545180607323
6.29277346140677
6.2967350741104084
6.336844313153181
6.4013279695702945
6.454328060190038
6.457848685481275
6.443609515955162
6.442786802697022
6.451575612266628
6.449364267676903
6.375754474590887
6.334856067743044
6.334602292254717
6.321981277304447
6.324945512364278
6.338551573673164
6.343919922690627
6.34790010635622
6.339952513207835
6.327601778983831
6.327601031278568
6.318210087947184
6.317768842730277
6.306046611144869
6.300910903662122
6.2665123083079
6.2643509785930185
6.29947130627886
6.349326201817929
6.350954596458024
6.350144911818535
6.393673950084152
6.398471289631026
6.3884931278774735
6.376615397354846
6.352577509441357
6.364335839821052
6.372364157875282
6.372715886971292
6.378216353367842
6.377878122164938
6.312855206457275
6.316333830316354
6.275412765784272
6.289713513412406
6.287030004851545
6.286598264857688
6.305562414371145
6.3072031811349785
6.301661470792898
6.324002229103419
6.327145484570048
6.3565669524813195
6.412680400462344
6.426329214327051
6.472996709746709
6.478862047459321
6.487320850086076
6.469493407725437
6.443955993154513
6.446434330156779
6.439262162552713
6.444469243395837
6.4465491727213164
6.450249386231203
6.438898339037047
6.427825110258716
6.437484732562214
6.442420854748077
6.440949310883939
6.429423044350589
6.432397752294133
6.426582212562416
6.4296590896781805
6.433426139801511
6.43061359890159
6.4290349002279505
6.413421267829189
6.383499353077632
6.377220680844382
6.375904099168339
6.383125661936019
6.398043263207014
6.370058514805151
6.312388876920563
6.266025046815992
6.189331953053382
6.184846104548876
6.313262627344533
6.353680903529817
6.401419623019693
6.461201601339749
6.471519187699287
6.462253178243063
6.4425398086910635
6.439276728349066
6.440545256004676
6.41468327612874
6.421604408454883
6.415878813039328
6.417621898857221
6.417040834254603
6.417804291167269
6.351382179502892
6.3291950712499805
6.308000767531986
6.314308423795087
6.315794459428177
6.3446943995544665
6.357343965880959
6.359913680639207
6.356423987186218
6.340392653890897
6.327266973280704
6.3472735613431555
6.383276837061989
6.402337177390765
6.418856010551847
6.420059904833757
6.391340226062193
6.369396282839002
6.3364480013624584
6.140103999909919
6.054406777241077
6.050825382550178
6.118436020689658
6.121644930031433
6.117414601310046
6.098153102173901
6.059754680243457
6.043428210736921
6.042296236378823
6.136872865729405
6.134747297019588
6.103273386820997
6.109877565931055
6.111996563708389
6.105949690756481
6.113818232152339
6.076290054660819
6.076388028527481
6.076267376408609
6.216982304501715
6.235291686044837
6.241663475707902
6.205237668663153
6.142717904253864
6.100647931676408
6.08187609144571
6.067274650716841
6.235861526859999
6.2849776393128405
6.306553685991683
6.332416032480812
6.343527179715419
6.350902005407933
6.34965685635196
6.349397488707307
6.349422868389205
6.360712153511911
6.39766744535557
6.407947351594828
6.416771374262787
6.406815206201906
6.418441667415835
6.422723385328432
6.410122705737436
6.405994428416485
6.387923798575071
6.377866877716108
6.384891037527831
6.383750684631511
6.38547612106877
6.336021597638391
6.321899308491523
6.307494350085314
6.307082334319418
6.293169973527577
6.2952952043653685
6.3189821060949445
6.326969365323822
6.214727958972838
6.182084173543971
6.144808674507339
5.966326573901842
5.886128676431801
5.881943324340981
5.9294981053264655
5.936198892882666
5.940208083364656
5.9252503720185645
5.906666029311854
5.878985953067149
5.878758301653634
5.9962342608390236
5.9940220812521625
5.99013226175098
5.989092295436151
5.987843204780186
5.979665512258186
5.9859155104532205
5.966279585086613
5.995190473295353
5.99256853118504
6.132192084268396
6.1195954196442
6.086927333374471
6.086927333374471
6.10721482596286
6.1472394987829775
6.111962633588748
6.061185983110008
6.082716240094472
6.126134397502354
6.144667546558336
6.064287590663859
6.060752102086113
6.079479566434076
6.027848326440125
5.982073261514599
5.985018398803072
6.18500735428832
6.180999183172002
6.174761661867353
6.175710985072252
6.208550745191869
6.2461626044321585
6.242957581458051
6.246040744261154
6.245346771152901
6.246530828649732
6.24088558253345
6.23095981372015
6.216432608403775
6.236315051083791
6.210116044363462
6.275359216696791
6.3130345705179165
6.3328637382827555
6.318898571272993
6.303479762703413
6.2861313935991
6.303066547519005
6.230349516975415
6.224981528180378
6.239527099214587
6.27744888677007
6.285963257284242
6.281128983885025
6.270324427623273
6.274129641265017
6.295183573526354
6.289967359287724
6.285961160694707
6.298273476579777
6.295716906164245
6.279795700015907
6.2616323766849815
6.257084555576583
6.256167200254224
6.2585532598697595
6.256661602800294
6.277348927674518
6.291887122239164
6.309521650071729
6.2808208123193605
6.276307495064584
6.2512776538010515
6.22904229120702
6.2076222986530665
6.237771130315383
6.219544115210355
6.198283679159572
6.146267230414994
6.131125660127065
6.121499531970987
6.1039352145209325
5.998441878621822
5.9920354267066305
6.017568692787835
5.978461115645315
5.944481781729351
5.953495307353508
6.135530498779605
6.1839630221864255
6.21232752467601
6.212931946155511
6.218087216924773
6.222551911059049
6.230416479606292
6.2278353873746894
6.222913890171015
6.221868728087421
6.206795532907878
6.1930902554705325
6.1787594652953395
6.162237901963586
6.182720848593898
6.248906031496953
6.2893107074040415
6.3089129958604895
6.272606177671269
6.270296354586636
6.206378739053318
6.192061349879433
6.179343512633645
6.1921463060679995
6.226033925204724
6.26840785955044
6.284467010713559
6.282429810445499
6.314253688453836
6.324249757518628
6.26222587010481
6.235744773433818
6.186488587392955
6.0997449443963845
6.117020042366275
6.120024365952331
6.113033885929783
6.076283567482848
6.202139571615214
6.2273580323034325
6.279349310371006
6.311169881667457
6.335363809086373
6.344957985649367
6.3539878168175425
6.344771169023056
6.322101653186727
6.293801182299896
6.305391013829333
6.348182851635128
6.349572282424476
6.334600397714282
6.345513449332289
6.347534758775105
6.343075384226296
6.312176873265695
6.263254707733281
6.262047091068489
6.27367390341959
6.223621138486494
6.169317322902436
6.09107620595229
6.0538521607589875
5.997401625991933
6.029035537967084
6.03109339005827
5.706276703429098
5.706276703429098
5.7149301823051815
6.0937254587638465
6.194264469855114
6.2400568999463815
6.248632419411119
6.220551989141473
6.212726951688004
6.181406362088178
6.183401863412055
6.295719768443383
6.323810327987058
6.348192646100179
6.353864861920471
6.356547313434468
6.372101805446446
6.357160961260492
6.354814441838988
6.339036002325729
6.356140492922378
6.34476332307127
6.331516993485167
6.305213411885965
6.414005352994039
6.404419227231363
6.36456975294615
6.358254759999032
6.326338310952455
6.245096872093871
6.266268540673451
6.265320978481448
6.268643396604624
6.232487363167938
6.353004413069809
6.369123543981214
6.395884577545165
6.410351990024792
6.403000067346148
6.390382858673532
6.3935461712239405
6.391676219237167
6.316409342039414
6.3076836553086055
6.259616374890186
6.162746127555172
6.160130270015407
6.192237079626532
6.245827035742727
6.2479505332587735
6.263531574107383
6.260205573815948
6.272020339644569
6.2703045349408315
6.2811658131229295
6.2608281886663715
6.268965218110739
6.2693357774385
6.301560669140312
6.318616019448723
6.329443054276667
6.336361881874258
6.333625391931038
6.351613243619612
6.35959544980317
6.475020908294943
6.4867930261255555
6.496138528625796
6.494286017317273
6.508602137237606
6.513214093242663
6.540609268920188
6.560568842523606
6.582450772350726
6.584326000749393
6.569216405956172
6.547490573433103
6.537271626214719
6.520232872833686
6.532864792870036
6.54937509389004
6.540555538288012
6.559426226178142
6.548030642926515
6.53223404401235
6.509566080551736
6.615940206779732
6.618399392169584
6.623565909059868
6.617965821699373
6.611937330389396
6.6042972317304365
6.599702721380446
6.595499998058771
6.586145259955305
6.5820248934897085
6.511269647456982
6.496802300531813
6.464221868237059
6.440743352720976
6.430765953654622
6.444204436859946
6.430617676122098
6.413425542218806
6.373587785422372
6.362335087657605
6.3593126746780575
6.398177982589924
6.396531050627301
6.393625990585549
6.333568196384258
6.273398160508614
6.216836614066898
6.168186570280028
6.138682392772835
6.168291762160351
6.18000974805595
6.072129521985094
6.0642937158575
6.045302868150685
6.074151186014489
6.0915956121097325
6.107058332350754
6.135982818154476
6.154084855240049
6.147536453304017
6.155404165742772
6.23501653029817
6.23839795341695
6.24528261656281
6.261694174492885
6.260683770240396
6.2186830867848295
6.194233566028132
6.199777053763605
6.164782876349116
6.170084337916496
6.180066472134603
6.075641014348918
6.080657647698158
6.092867756557743
6.071536607405939
6.046153654638559
6.055218160927763
6.181548079037668
6.17076295115835
6.16133177735479
6.151515880799221
6.1540252420225094
6.151625970011343
6.162891405659016
6.204317707635788
6.211433853741927
6.203965086858725
6.192625770834667
6.179816714732839
6.192028141565771
6.197734000352629
6.211723101921344
6.291949988947134
6.330995198584447
6.330219508567008
6.330219508567008
6.342883077376223
6.356514956361383
6.309343014085732
6.3168800132966
6.303983951020427
6.312785611381015
6.349210895982375
6.365875300182091
6.399413996528296
6.387668101264301
6.387157807814225
6.405607687056442
6.4576671188039185
6.47684739873436
6.488475316436243
6.491970420399211
6.490924370424137
6.498213125907812
6.488964633158713
6.478634340866653
6.471336384704511
6.471336384704511
6.470785156602538
6.470785156602538
6.469047538201505
6.469198979242086
6.453733906266821
6.395547952184391
6.366515993329682
6.353194064241365
6.38300563922887
6.3588748742655135
6.341008824502779
6.372327912261206
6.347028886614778
6.3324774702743944
6.3271314279198965
6.251899318492204
6.225340257282581
6.17129118078468
6.1312285565271685
6.141915677533713
6.117563891549597
6.110046317861608
6.094276751981566
6.088614680611568
6.075197357133064
6.078618126463383
6.063612579871671
6.073384656116086
6.105336890002227
6.105336890002227
6.105336890002227
6.105336890002227
6.105336890002227
6.116779147581186
6.109927373087041
6.164118047583214
6.211690803678439
6.230041714184197
6.224713529614585
6.140437222969142
6.125123275468284
6.16130435198327
6.14660829825097
6.108523933676586
6.110966659046058
6.1347827759995655
6.251342564376181
6.323267441449806
6.326237853421321
6.320448077755081
6.306983322979157
6.279585563199002
6.257606013485444
6.2342961620429795
6.132226021311067
6.242673398246403
6.2373565600268375
6.237076889446725
6.189738038485143
6.28656932717649
6.311630894380693
6.354243952223528
6.3794072621783116
6.435280991732057
6.433510779136232
6.479203310504695
6.476464939237393
6.464121011442231
6.475467138978488
6.502621009981621
6.530238872889844
6.5469256299070935
6.5134652721871396
6.52135306176475
6.524199446912318
6.52742854168477
6.542631072912617
6.532736898870756
6.479897611760289
6.414252763822822
6.4078420361060004
6.406000451747349
6.406000451747349
6.405320781610583
6.405614978589909
6.3653370244561716
6.309782969491946
6.288728039064583
6.343555559346173
6.364769863429404
6.34007167729289
6.3301020370276255
6.345097593038103
6.333157502140563
6.351611983523586
6.355925056490196
6.32330114677777
6.320492418192295
6.338141964599603
6.3247771951054945
6.3084542052033665
6.2397752090842555
6.248920534493712
6.257035430726387
6.2697231934702735
6.239968156266884
6.237959940595055
6.289760221858962
6.406996419223663
6.432519223178669
6.40488115484154
6.448233290746402
6.448500096508675
6.457507289053542
6.468439928148628
6.482765980763403
6.481517396354579
6.577235070256084
6.596778235931898
6.584533760786648
6.577265404505988
6.593787762921918
6.600629486107088
6.587296122709637
6.589074940829133
6.582360949790196
6.585573286743709
6.598045577099658
6.610825158440165
6.600325544456601
6.637307881271775
6.634873881174474
6.640153036262923
6.588612860102573
6.580235449135281
6.552674342320015
6.551817347031783
6.5672172049360364
6.595383062387851
6.592920277532458
6.5853600611771945
6.583880161937811
6.516987618572235
6.525127837303078
6.523180586886387
6.531161459331581
6.4913652825326755
6.501103538455167
6.46936739065987
6.449688038976004
6.485916594924142
6.509533871863916
6.536912069593628
6.541422925549375
6.5633869925753325
6.566539679979178
6.563208142729052
6.564951228965071
6.5587214165265015
6.519996633513588
6.540779163930287
6.508611518384481
6.485580581341699
6.482086930012602
6.4779430943561245
6.489967072862132
6.504415118524714
6.501652724190398
6.5487045506423796
6.549657650416705
6.608124944049429
6.612980193965692
6.628813716835152
6.610656354010734
6.670017998562978
6.661348636259564
6.65795582869625
6.665153474602956
6.659924333575387
6.657346642813745
6.655485053245031
6.658523807702597
6.649743583205253
6.614343314223841
6.608763794774764
6.607270368635763
6.604374910989137
6.59376602057887
6.597888541195735
6.59604095823448
6.577084665140065
6.56482112900864
6.5230399039845635
6.5311895228567565
6.544772319343329
6.537337486514652
6.529535656577172
6.51527741713337
6.51300193497131
6.491602301453823
6.492734003778853
6.439402902077202
6.4346312911359265
6.409971905557013
6.4223210073766825
6.213067282120862
6.209181910988319
6.204016974768849
6.155314705790173
6.156307623249075
6.332346075260389
6.370572858084568
6.377048906293235
6.405262169272528
6.435670250513342
6.441721319747439
6.430600293144815
6.429337911658801
6.415998301713419
6.400452770971756
6.406811126394984
6.374255937648508
6.353013480753766
6.320919678403614
6.306642098579953
6.271765735344662
6.273406544946755
6.271949067677187
6.252112547901091
6.238580621854013
6.283863366999124
6.2850833014240335
6.3264604326194425
6.329793939863936
6.343221879119161
6.306147493640193
6.340412429970132
6.311632819046394
6.315517356121133
6.334050049282306
6.355524965592372
6.320566816380773
6.294265519151339
6.269142595378424
6.234168864168692
6.262343106849756
6.298292440983303
6.330716106246888
6.346723501700707
6.329860155215289
6.3319089429240885
6.353706053748046
6.334428920660098
6.33468013842014
6.338258915408211
6.317919258826662
6.319629695421286
6.339687579911717
6.369885658322628
6.380004546823765
6.380004546823765
6.394482455023575
6.396996079808092
6.419558631683688
6.423171943786391
6.3987262002391825
6.412532974862345
6.2081162757723956
6.20764887889265
6.197922326919618
6.180413900052142
6.149643978784993
6.318858831061874
6.3511794705848725
6.336551098732742
6.373190106209963
6.399846489363061
6.3901991296495915
6.369165935585668
6.357060226652497
6.4530881014604216
6.4789370557369494
6.49963437558206
6.506655001461107
6.520103332999402
6.5283441548504575
6.529101227751816
6.527713266792323
6.514068779750139
6.4722891681457515
6.436437372229955
6.43595115182401
6.429470445877423
6.426860011225254
6.399294981354288
6.370541997123394
6.364449402244356
6.368164667226798
6.388767002033797
6.39812956176987
6.4134597953449735
6.433788784073764
6.464922646404931
6.439590507476163
6.427173538060048
6.440183940666347
6.408952348471796
6.386911019611503
6.384830226542135
6.3818253882231195
6.380489165576287
6.287683687464143
6.262385106236465
6.15963157187552
6.182237653789344
6.157013609638444
6.152029679476502
6.1731608487272265
6.255538532618402
6.2730546696956395
6.2484811605820765
6.246241074499081
6.335646185501813
6.347560925969862
6.351963154235429
6.369451039234261
6.371788143265152
6.429630248868262
6.434362044747927
6.415366700371058
6.393024281746682
6.367962484256381
6.349806387808371
6.305249329069115
6.307432317464623
6.306816954280977
6.293320312316696
6.326729483681316
6.337960170767028
6.321309184263431
6.336552742291204
6.318366564159141
6.2784082598287245
6.309294233510256
6.221846333326136
5.830359016116044
5.70393100023161
5.873673798477775
6.050354838754652
6.039825217514894
6.020799111142381
6.01832205926184
6.021144052874478
5.912243303632297
5.9505409955743165
5.951917491643499
5.944350594620642
5.985581387856649
6.165904920929056
6.266947360179947
6.3555387924491775
6.432167240629504
6.470710974710655
6.490723390397732
6.506638345361231
6.506045503464872
6.5299252357184265
6.528954797629624
6.507912826391425
6.5013065768875125
6.531682002121159
6.522518566849675
6.528034735816672
6.5520560016428515
6.536199043953958
6.555278265497104
6.578936140606062
6.584096184007189
6.574610609817305
6.579557943215899
6.590793559067698
6.584078755234621
6.572428984961157
6.567770702679502
6.567006537218797
6.565523962513128
6.5638422719616045
6.583415526908485
6.622406839910581
6.608769800696108
6.570252464451198
6.548031814766467
6.51424158287742
6.458103664846996
6.444828767514293
6.430934159613567
6.450357698179498
6.445951657073057
6.44120705581347
6.440883222042372
6.461748549820752
6.442028774593005
6.4475886701060245
6.441556452046572
6.37005130358784
6.370329586564791
6.254818693220538
5.852881941585651
5.737972941733691
5.905340400661333
6.0688792820800295
6.06106226392374
6.052541928637654
6.078305570116694
6.0805337276018605
6.0805337276018605
6.175043433683109
6.1750485132679325
6.134866611710263
6.1645224646207435
6.364818783625031
6.3815778451731795
6.396323294624471
6.426874925797533
6.458440432901702
6.449936769229845
6.442635313384678
6.42989334324933
6.404697913375525
6.405131717311764
6.404815096127253
6.3460880462650415
6.341754334229845
6.310351852543776
6.278262602702172
6.278262602702172
6.257449428101568
6.256276716033425
6.246721854544215
6.218779131051862
6.236349422618086
6.244769302017995
6.2614593689158475
6.297490482056467
6.216927636971228
6.2027586758053
6.290708867729501
6.266583933465945
6.26272059652501
6.271891332684253
6.313667744952309
6.300388954413914
6.294326028705839
6.155696359193089
6.15039038479614
6.131164703365244
6.222459572807129
6.243275063673355
6.254684984232541
6.255791482293069
6.265255790597277
6.279529554049528
6.298422340376956
6.29562605682778
6.302241335199586
6.310664012101685
6.310664012101685
6.330027550671321
6.330300709241695
6.347974182977517
6.434668753487917
6.450716444134068
6.45263285769125
6.444571226310546
6.429222946523725
6.415890977814415
6.42834668022656
6.256801652611594
6.259142783362853
6.242541345955346
6.255012576595918
6.243527236976445
6.3443946354543606
6.388620996214813
6.330700108863972
6.341084473744142
6.375368501180913
6.395467634793381
6.3847992963846805
6.406879637774903
6.418646096323494
6.408978788635738
6.437771455530515
6.447407084515225
6.446908760779117
6.4366342922100666
6.419981252465867
6.419981252465867
6.395364463121975
6.396323122392332
6.3953602545693515
6.3849222472924945
6.3814999461493915
6.38039071306221
6.341154738493795
6.370468368861463
6.356909066555289
6.34616059896029
6.397176928156758
6.4040695868303885
6.410458615572255
6.414440213229868
6.422398621295485
6.413984462898029
6.400155096028371
6.440318737953269
6.430908569485857
6.4221386629424195
6.40609974104343
6.41790292202024
6.3947424384960225
6.386631094110142
6.387624016799145
6.339544580378057
6.256894858912645
6.2677407449137705
6.274364235475822
6.2746615277296724
6.34223176842838
6.361337484602868
6.354019288961508
6.396525043850312
6.396525043850312
6.397219018568171
6.401281333372032
6.40810464936746
6.326994479030719
6.3248560610847155
6.3453333254533595
6.2905922059422705
6.355950244684023
6.363257685539887
6.351003878712947
6.3351549862414185
6.326600562759918
6.353657798553049
6.2973019817897455
6.327175413857675
6.334876581347467
6.329712310088047
6.353809381561185
6.3561258111591314
6.3555808595871275
6.393599724091933
6.449402541052248
6.489857240627245
6.487455742744732
6.513211692735137
6.517335548847692
6.511993380557096
6.514209865826371
6.5257077479044385
6.519579454697612
6.521384154758554
6.52000098301305
6.524986121482402


