Rainfall Prediction

6.420880684939911
6.42309506484566
6.38986191225448
6.381107843579108
6.2841650293938045
6.27483345853519
6.217420746961476
6.29976492246618
6.294836080904987
6.295045242140644
6.314176977863516
6.319106925626854
6.316218022444851
6.331831454956106
6.328397243477155
6.336999893771078
6.358539348317984
6.331116402123587
6.297310153808092
6.262572158987385
6.24666986245715
6.212894714434247
6.2276574727273895
6.21543539708569
6.237393857234481
6.286860360117074
6.301401457616086
6.287071661112196
6.29055917191388
6.308394899553369
6.308168803074488
6.309661725328114
6.282321547071196
6.276226698377587
6.282793384306993
6.311464204683767
6.281587942289298
6.291432891113762
6.276871449169925
6.263128718095334
6.290160225236735
6.255541031305483
6.356266904781299
6.387168232618603
6.420520156609209
6.418639825536642
6.438362242999973
6.444555881405142
6.45758644232165
6.45176026844122
6.440320185991262
6.439074510117662
6.429256065472656
6.408707259884755
6.374712634336552
6.3294499417375425
6.2814370416707765
6.278406598593267
6.2864407502527015
6.273686680293807
6.239615035710714
6.264288798013704
6.256573691910148
6.252371527781679
6.311021011516095
6.340011081254943
6.288708488746697
6.274015815670791
6.2497571893316515
6.309577874752371
6.313901260070431
6.327768772564246
6.350998876962197
6.319828515458174
6.329555408187643
6.296820307173922
6.291628277498813
6.272692190285957
6.260690626582305
6.248244523046935
6.248301074014747
6.284738857405518
6.3412330136086
6.4213704371382105
6.437649359055988
6.442627250770493
6.461650028013239
6.496465542190408
6.505383353252849
6.513169987588911
6.527904423464018
6.529481424041966
6.507276365389785
6.50568683475573
6.501108247222083
6.435190444186292
6.408614799095719
6.329524071247934
6.328231180262314
6.349086689357415
6.359108743829506
6.36476464041838
6.359596827186912
6.387012951174755
6.469150851803247
6.501736630286484
6.511076497867627
6.522726598271429
6.52912325016015
6.536507356392417
6.542793763643438
6.5574465332319845
6.526196058606449
6.47244839614124
6.43709449802441
6.447285074151102
6.436977169078292
6.450693698186071
6.449805890198428
6.4518841728751894
6.440599127215616
6.455252461769149
6.456397211199127
6.465718449004653
6.4701857303782395
6.469988278344442
6.481631287857688
6.480265641550604
6.483644507655404
6.492993514948951
6.491450860350086
6.571232990478256
6.572144713402142
6.568603736563706
6.550463867396925
6.4799049413892575
6.383142477249467
6.346236758944188
6.333462895143713
6.325375264129566
6.312426200526757
6.314404901533944
6.2672669524654046
6.273935862784152
6.285713646611851
6.316049766039681
6.332753522503256
6.331980260762716
6.283145522676798
6.289916019626664
6.285742398809166
6.302994650032781
6.285333967226888
6.2518426694385765
6.241268828077239
6.249808401425383
6.268133190231378
6.254058089633709
6.247386698323883
6.221203157659369
6.224458183187979
6.228499802459688
6.1740197195620015
6.1858911769448275
6.193530621920119
6.212856872572725
6.2465422115288
6.25900071029054
6.263584679022707
6.271963161147344
6.273022270697396
6.280583024500685
6.263753016624071
6.278764218464828
6.340825929053174
6.36919911832849
6.322269713779151
6.2953772803338275
6.298265799153202
6.298680251120969
6.286405347152851
6.2566733283089455
6.2032727044519325
6.195503689392903
6.260244885784352
6.235501838843834
6.244402199418472
6.330882531066643
6.3656554501914835
6.357630030715715
6.34459625701057
6.353162869200447
6.367117606590243
6.366032317682403
6.399221496308112
6.4275871946241505
6.427555358332516
6.407687444538024
6.379448337741057
6.362377213887531
6.358283964084737
6.36142032248462
6.3578408368605785
6.359568695310664
6.386674783331831
6.355864964242705
6.308522712399199
6.302190218208736
6.292766176057209
6.288670194628886
6.270621532993464
6.27114267287337
6.274047315166485
6.3119188274487845
6.308603516719597
6.280744925957766
6.27680514678
6.248138547608367
6.1835114443254815
6.148880307423211
6.196387598359643
6.210463518178506
6.2124901477727485
6.243773694020648
6.237952006841179
6.326470084427509
6.40451203877156
6.403432727859889
6.390259897897006
6.375446196665805
6.372926761523363
6.39890788297804
6.399954609696068
6.404995350749896
6.416314162731221
6.411250945903303
6.450950332955467
6.447287179668473
6.43347787231984
6.434440305027072
6.444348038048543
6.455532972848761
6.45276258279085
6.4659866399219625
6.430626855965899
6.4433873171319105
6.478199878619708
6.486855628484375
6.487926075760648
6.524861884050056
6.545063140927284
6.542057542939095
6.536686253930914
6.525145944280799
6.502870560371865
6.5181427106223655
6.492505868853682
6.425083814751097
6.436729195554711
6.450289617103477
6.460097472605957
6.457761834723018
6.434466849749285
6.428185539641856
6.406799024522895
6.430327909016954
6.4171977559407285
6.392785401669329
6.390155358626837
6.376405895401139
6.35335092620504
6.3387338155048285
6.300842467283519
6.299052698526865
6.242162578741827
6.211292834782597
6.105254279739476
6.0584021688284615
5.99168563537428
6.105776137417036
6.109250820113663
6.107476378412248
6.130354012175399
6.135496715176604
6.168532252811342
6.138837819091449
6.135559360747272
6.16967489103791
6.278131205601857
6.249976737891732
6.199390980869869
6.08116499399535
6.147836740594313
6.3130495096801305
6.363840012926054
6.405535439704996
6.4011393036802575
6.451905973049124
6.483979649961548
6.498251061624782
6.509796509241287
6.565321512797344
6.591980779970024
6.5954098535182535
6.6241088039407385
6.6339429740128635
6.647107770503962
6.652349599485749
6.654480274693164
6.655502559887561
6.637239273741145
6.63072847011999
6.628575198829707
6.630863122073558
6.652328278348668
6.665131807714326
6.670005229168355
6.663642930103114
6.652466284940512
6.612684389674711
6.635756786268611
6.637829309380511
6.64247906579533
6.646588880860615
6.610913972617349
6.603250184212948
6.5802250219845435
6.58698231894293
6.57005242478156
6.565115084658993
6.560819056831037
6.554654572971056
6.506062923555232
6.477795985986899
6.470319980206034
6.3789910702923756
6.366273650699049
6.361430234463855
6.369694949672235
6.37178708494307
6.376723978402448
6.385427854658513
6.38517104037339
6.396572781160429
6.443796970445285
6.417852083374504
6.4529186043648625
6.473371409389638
6.483633250123817
6.530048400967411
6.549208881078003
6.565096834553599
6.588789822115574
6.588478226507671
6.582748138205072
6.593578721352208
6.591707158620406
6.583315291914239
6.587111867193181
6.599834044927218
6.588426028362613
6.592093625595478
6.592553400518834
6.601518753737796
6.587631593868786
6.58874128176134
6.61635971839975
6.571706230688371
6.545174838776307
6.478420264188456
6.4783055144074755
6.530286232852851
6.537150189888202
6.5423512012582075
6.5554249085811644
6.61016568478837
6.681590752494498
6.705106714731606
6.70296895528752
6.706115984228099
6.690066521320091
6.678970421062096
6.6585580968838025
6.633054740029887
6.625520080316347
6.624170994269345
6.61472594109836
6.6163852928538756
6.6126570023668085
6.602286048920489
6.587852664048063
6.57944655212526
6.569957957980586
6.571356501538017
6.556657969636652
6.538234936269925
6.528337452688664
6.391748798983385
6.344287018639077
6.345834636450033
6.3415430268074555
6.264395442004768
6.201113658291697
6.197729960465451
6.211122924543446
6.216801220144223
6.275459701411818
6.235560272489417
6.207584559708443
6.177101693272517
6.158246757880433
6.156525157381508
6.177551978841328
6.201733241780001
6.17645414704366
6.182440050366034
6.1899385254189765
6.205682176584675
6.155681753359191
6.157850038449725
6.116057482397312
6.109924772893169
6.116749774233573
6.147845341697401
6.135545642451301
6.106371312997558
6.099407755617694
6.099787416651922
6.088286164616088
6.089738745640482
6.0932784075423125
6.122428331050741
6.121309873749254
6.125992152402465
6.156590405233838
6.1950386435004505
6.209943261035003
6.256474334060645
6.251859097730686
6.262472194702344
6.290688981029729
6.298019176882145
6.304082741447564
6.311533842516307
6.292085386689683
6.311902466433743
6.354121620754303
6.395502759587641
6.3530528629721905
6.361182215658669
6.36926114884153
6.374741882272345
6.382006789452738
6.360438679912022
6.295971899542642
6.296367913913291
6.357233122932392
6.356948357591668
6.364772443671467
6.442746474084338
6.479689364744117
6.493543002609016
6.501236211495035
6.504943434266203
6.472167640349184
6.466434362965168
6.503832816333528
6.538514532706783
6.517605802186057
6.520199811379587
6.51674371994514
6.501346602062685
6.482856244610409
6.458333643064194
6.461231790939615
6.46007725753849
6.4510094886151945
6.423740862443725
6.378456041416134
6.36352307203326
6.316925355757913
6.311355139203324
6.287468875317031
6.268368079724197
6.268848492271317
6.277642236256643
6.281924577260624
6.267590855720458
6.281615244960483
6.282384867336501
6.2507903037861645
6.234878655731433
6.2872965200205595
6.2992885535082275
6.298641678803124
6.26193039322853
6.276198183619365
6.390419638590645
6.443821460065433
6.480311362191691
6.48557184933005
6.481186707642842
6.4828369098019065
6.476022948262052
6.470922252635606
6.487439877993889
6.492155632261119
6.492555431496658
6.4990585857929455
6.51692842402004
6.5203948770276305
6.543276418081669
6.55507880409106
6.570901974413855
6.560743315266841
6.546437357899988
6.511104222021651
6.526327974045929
6.535915343644592
6.556594121440537
6.577461399941542
6.576438869846
6.554724501880766
6.503345178767218
6.497605709772002
6.515570384839277
6.513663412351184
6.518473476521364
6.486828527359333
6.446049446240502
6.462839584405456
6.476162867218929
6.511054174138393
6.516879855486536
6.5154259098758756
6.5306323564807265
6.539355974142663
6.567003526991266
6.58172558183777
6.585358229993277
6.5789003170981735
6.581030540963096
6.560213924686638
6.538947230458438
6.505921983327835
6.510342094157291
6.50116227063872
6.50033410963118
6.504869444409827
6.488120352304278
6.469141602752941
6.452977750138159
6.4674615617281335
6.483280952755955
6.4835652098154934
6.482164425025241
6.499141884886297
6.484656685407919
6.502413413023361
6.499121112760931
6.549715344706294
6.540614023399517
6.5275235047993645
6.521362673789276
6.512517090917693
6.546948787754896
6.554914454510772
6.545270113470261
6.516376484266615
6.50633730479489
6.497207338238664
6.49796167840174
6.508107984700799
6.5262225493114085
6.542898695385706
6.548213477051009
6.573440045450825
6.567399022090507
6.551605401006991
6.548117570815187
6.523928463774013
6.519922339053124
6.538344710246459
6.51729832026664
6.502136688678502
6.480780788023173
6.5050579205559975
6.496947382472767
6.444793175427507
6.434182841305339
6.401068720827209
6.381662036296273
6.411221458941859
6.406311038315262
6.400113787576848
6.403267646284983
6.394428314490246
6.386583243003962
6.425890448380107
6.456483724586955
6.464150446284098
6.490740918525349
6.487640224759154
6.478026598591559
6.451764424088012
6.412008023608341
6.406051274187323
6.300029458943989
6.278695462741345
6.2701639458284495
6.254969357796894
6.306067890162914
6.323854728522074
6.344720730695394
6.354270606436893
6.378170470081731
6.4279435429931295
6.385041185250132
6.4252083917524665
6.474198448030184
6.479456744435097
6.533598049711923
6.537786639779247
6.5599287978160765
6.563457294940065
6.562984761187085
6.552949670342031
6.546376197826103
6.544037471727545
6.526976258148768
6.5216574440244655
6.541913885242175
6.519511691552061
6.51703323454105
6.516279968845238
6.502927293884288
6.503499369195429
6.503342767392405
6.50379260390559
6.5078851413024426
6.504691654423314
6.497175800062233
6.417533873516193
6.415492825562831
6.207641190220627
6.109742784521773
6.235045344222436
6.302000425084671
6.310968587987122
6.301219700282322
6.256916893469803
6.25842140868837
6.252392402923085
6.256029273191957
6.240579266685443
6.234876054605304
6.2331368661370545
6.233169413080716
6.250556107529709
6.25398102958844
6.2610610615676725
6.2615820348104405
6.242535812475654
6.336900314250949
6.329497111303716
6.325543109690703
6.326655247233269
6.337039992997982
6.337204364242612
6.378724337047114
6.434598214055027
6.470992208716415
6.467909077111754
6.4714182380991145
6.369983322145399
6.3493776578609475
6.349683949718327
6.3562290203596845
6.3180431107393735
6.319905153194227
6.3579274559928765
6.346149323143608
6.312624796486196
6.249689695697005
6.25876932877772
6.270426474473511
6.271611220509528
6.277921213517101
6.283456007928945
6.315489016955934
6.290049944359787
6.294182492672745
6.2760105701369175
6.276361461924756
6.26097176261229
6.261553834199803
6.26055176219962
6.253615192027736
6.25652886036781
6.266306318152872
6.273610886999276
6.261770056214311
6.249943065750704
6.296904018796623
6.276027401663199
6.268445617739713
6.2105364418544715
6.2323392447784975
6.286973402925906
6.379719855719468
6.389690342679225
6.408496591366452
6.388088732860772
6.376764684413052
6.372586267961398
6.3986779287864275
6.3922062103498964
6.419995381407328
6.4442972079998135
6.478821194938382
6.465896188073972
6.467573504050677
6.453967883970264
6.444883911353416
6.443427016783479
6.486992194106698
6.484105517066767
6.484785378723886
6.485864378893351
6.497874971930341
6.503932983666139
6.529177337604567
6.589637351581501
6.616601157437606
6.612416297928598
6.61754720459823
6.6289174476736505
6.611586473806582
6.5878248636890975
6.5926895429065135
6.568637070774577
6.562532389316185
6.543318046110957
6.542702563728196
6.536059075440212
6.533223019384376
6.486254041053713
6.479982106007651
6.461711027005637
6.4391450835424235
6.384110326214818
6.346667896215907
6.296561761525379
6.356026152207211
6.409443158792123
6.461149694586018
6.431658970952197
6.449241349247973
6.482679069592038
6.482838633300621
6.502351174294751
6.516913348170747
6.540180340314784
6.5403142645096
6.537873012561949
6.529371027446269
6.507401873556043
6.475947274701789
6.471775246035686
6.498193381812714
6.502348390140719
6.5175985940716386
6.536398188859711
6.530888399084923
6.522042960228094
6.511062137553412
6.514033339463598
6.53737712266622
6.536386933592346
6.543471592986034
6.5450487434987705
6.549511312048131
6.53999080013971
6.547918655901389
6.5487899445276
6.538206756656504
6.512992730947824
6.49203582993662
6.4518950593663265
6.4486031862139175
6.446139465328444
6.452303315300427
6.441353454207886
6.410055940427361
6.376771386441256
6.332785270944251
6.34095604955899
6.3587238926144165
6.357818986340919
6.362964245210947
6.336879663492129
6.336544150382635
6.339751141195611
6.309107556257146
6.331591799397455
6.35419763394044
6.353290808152696
6.365335189373099
6.362997661002305
6.360954282912987
6.386030845772912
6.3777720423800375
6.371504879353951
6.352551827681367
6.360868397155756
6.345918853876728
6.362369149634585
6.376820211237942
6.364844207714291
6.423386906723813
6.4564276644958145
6.495070996313784
6.511170866501815
6.525268435350896
6.543792965143666
6.551563175748925
6.546840560126542
6.534006104050932
6.52396606724503
6.536661202015401
6.533010372928439
6.549367863696428
6.542180362346245
6.556485656685717
6.565254351358351
6.549041278945258
6.533552716002703
6.531365213151826
6.526208361748594
6.509291072811327
6.5172965419745115
6.516746593423896
6.516526959607606
6.509822781719729
6.510138599920702
6.518323802922321
6.533252731546816
6.531338522187695
6.546728347103914
6.5387310479354515
6.5153150078934345
6.512928630884959
6.5143846001585
6.507054108895641
6.511933243437118
6.486032980594175
6.495236291960677
6.495808132054009
6.5232268771430775
6.538095138689952
6.518056220684375
6.524236013778432
6.492925015982182
6.491984437012489
6.498540429548493
6.493075089842683
6.496037849204308
6.5077351575518705
6.520916668425419
6.541063100543321
6.569398830486734
6.592690435873633
6.587182450669197
6.608400729724059
6.61117324707063
6.597404427772816
6.59306087233754
6.572036028694903
6.580433415081115
6.560358203727975
6.554807876434317
6.585046795968341
6.570375012018849
6.573905777261642
6.594400749771284
6.616162983759749
6.616025452098294
6.613597522435893
6.617658801236745
6.603978414882161
6.598283100209876
6.590913326699913
6.584557493880285
6.581426566397549
6.576958438186052
6.568995010201221
6.561593121599613
6.564908319677477
6.558904740861554
6.5732865625360635
6.555100572790776
6.542721921045828
6.511310951708915
6.531099120639726
6.485667511197904
6.471811867961384
6.471182793360289
6.477416208529852
6.465060872703257
6.449429919973419
6.462388324522906
6.470126250700602
6.467320037253188
6.478699678388783
6.422643430381981
6.393000464092963
6.16722857597607
6.069935909665042
6.177197471131391
6.248557256393266
6.249156053601475
6.243599812829825
6.201291286828464
6.191237704575635
6.1972721428332305
6.210153966777434
6.214915694089177
6.219030166527175
6.226079264793075
6.2217328037295605
6.20872354327213
6.228704033554968
6.228968545180795
6.240449407486154
6.237182525642664
6.341077770589409
6.342209553666435
6.343909836421485
6.3457117696975365
6.356133783693842
6.346379122539538
6.376543373198053
6.43467262156368
6.462251684727758
6.4374660152809
6.4237962681013085
6.420994443923607
6.410470214110999
6.412945138836478
6.435275322315906
6.433602970876013
6.43090030061526
6.468376816455193
6.483643761604682
6.4893625747717865
6.478721434821489
6.462124071312744
6.453414989391927
6.450129629890476
6.437553374000107
6.456448287144559
6.521588091471682
6.484424126098603
6.469151666360131
6.4498807320861955
6.436285703671193
6.425990997026345
6.435507371103971
6.44607796555098
6.433883448204003
6.420098379266151
6.430421733819017
6.428863378709234
6.406819170240185
6.396458001847739
6.402443562007455
6.441421386882387
6.447853244028851
6.463373137012937
6.4783906242502685
6.467303676925198
6.481915013898745
6.4868632621248095
6.491532383689792
6.481713143955755
6.491069208801935
6.496398190703988
6.529631803469417
6.5368080037260095
6.54142702693059
6.5291609052745105
6.517131121592696
6.476119392179353
6.488155281199127
6.4878168736258734
6.498104370928048
6.517710632944795
6.526500882627466
6.521115411057691
6.508494130526088
6.508173273229758
6.513687485534708
6.503177795392051
6.4909127698650355
6.483186827809133
6.474195568039751
6.473358270560183
6.445350624840645
6.44386394063709
6.4378561176172555
6.42766330270143
6.4194794748110064
6.384384557918187
6.3797940200174175
6.347174233116079
6.350573865347227
6.326827544841744
6.318697961789914
6.255060207392937
6.268212854423907
6.244435726298263
6.241784523879336
6.20631270751594
6.120941823988371
6.067370695441305
6.109830919853658
6.198804227729647
6.195478456636709
6.152479819048716
6.152527920942652
6.2347190052772
6.27156376596242
6.289793396563349
6.329174841148318
6.347131658666905
6.353799586941737
6.360123696664643
6.344932364565644
6.338482258257917
6.327929139421003
6.30449868132642
6.307858330890943
6.3446220283635615
6.3656268609605124
6.3764068677257395
6.374359014951457
6.372231182543173
6.373839683829152
6.376550818302159
6.390213982464691
6.377820360849709
6.379829426598033
6.384743555542854
6.3838281417891665
6.3578431604144905
6.351654889798127
6.3526510243726815
6.343785971788991
6.3587121893462815
6.37069162939031
6.371185057026871
6.333959338425195
6.310884144021108
6.310576083745925
6.323363145508693
6.306046522889399
6.289341141998889
6.2758310246752576
6.342126598389188
6.375951672705467
6.365976670802017
6.377716441447327
6.368868248128593
6.320809490427045
6.330779559175663
6.313004683990615
6.394078667438266
6.4313506591684835
6.445227474079839
6.453503244649114
6.4322582617345105
6.446536159967383
6.456628854012698
6.447200539569684
6.434980911193051
6.399060940421229
6.40112844236205
6.366004716646214
6.3758839566921095
6.363516896058668
6.368513282134382
6.424490351680472
6.462590351467386
6.506374896293901
6.510192891695843
6.498527414346757
6.496648898094791
6.50447566627854
6.500375840281808
6.438681761616154
6.402360550766417
6.402028267998637
6.384890959757801
6.387750890583318
6.379218315838052
6.374360333686055
6.3795104058872845
6.37251906013227
6.358497368987035
6.355115932669156
6.341951322868558
6.336579069875227
6.330283324122736
6.325890159608133
6.29544546672821
6.277224893247433
6.304392506055782
6.357500707062946
6.368324187271014
6.380664036149324
6.423977922574409
6.421301191594183
6.410063594137757
6.418204669157131
6.3996144625398035
6.41249532317783
6.41558814619821
6.415995093654492
6.424127007999029
6.4250353570917245
6.354609032875178
6.345071988343854
6.3027497694849615
6.310786441103695
6.307910661858091
6.317826629600159
6.333919475726132
6.336557050780551
6.331118614093
6.3506858359763765
6.3550130823876705
6.385776920628318
6.4414873271103446
6.453809113686043
6.493326787250288
6.498114118830387
6.506667780161362
6.490390994391982
6.460509451683952
6.458958148294292
6.454213398404247
6.45826480869752
6.4641964910290275
6.47105085847246
6.451514590702231
6.426086817306446
6.435480044197134
6.445254909026584
6.443329013758834
6.427023260492808
6.429842697916094
6.409747810432283
6.421440051929995
6.422968000121341
6.427197344910196
6.424953807055831
6.411637540294835
6.396295757946985
6.3876878339211975
6.388980802274235
6.397203592379356
6.4153690504745144
6.383834183486532
6.326954685139868
6.279497996758153
6.214424534319437
6.207794108425489
6.336461432903928
6.376438457118776
6.425384219518311
6.483858473175329
6.493641921686234
6.483356615142266
6.468026568219852
6.449509507306397
6.43915169479328
6.42348576462822
6.412801440005611
6.411490782403475
6.414075019996215
6.40876002945655
6.408072647621339
6.379575701369005
6.359802161644307
6.350570360926302
6.358382737415651
6.365069808066391
6.389504719435061
6.39700599178053
6.400953044871576
6.405650552082501
6.39076783292491
6.372426888198275
6.394725270075334
6.411613503245131
6.424041543898345
6.433574269084844
6.437284640969574
6.404946581733815
6.379687640911564
6.346548841002802
6.14052444648895
6.049553407864
6.044781631450806
6.113188939306946
6.116650886563565
6.108218162227187
6.092433658990879
6.065624266209033
6.0460111418894
6.044537910219092
6.157011475192303
6.154969727566261
6.129446482272867
6.138578812177191
6.140899034793236
6.128966931251494
6.135884365730227
6.103688999727192
6.1054387886372075
6.105293846218345
6.250502791390153
6.271825981302422
6.28018118542192
6.23721801872626
6.207766581483144
6.188443304510661
6.1997688981633
6.18160097587781
6.27704510602689
6.3077828771987
6.302821048301879
6.296766898329244
6.304353079915307
6.31461864471187
6.311228240599131
6.3113808593928775
6.316670103330546
6.345027761202857
6.38608484557876
6.400697733821774
6.409975727257447
6.400188762760889
6.41844068761482
6.4193618600015
6.407553406123558
6.402094736843952
6.387038692209453
6.378623843167502
6.3849650595303205
6.3816220233974255
6.384094631163726
6.33104753540471
6.313039120882093
6.29513003336681
6.293736511654507
6.2705573348235975
6.268339263677883
6.277723045537169
6.285571202400129
6.208269879880749
6.193697905028958
6.184251128390093
6.1371864582422795
6.104710641803067
6.105048630088842
6.116542074701423
6.123093131035972
6.126282909367578
6.109384941351461
6.094312290681863
6.0771333861732675
6.076323718856377
6.119567089352718
6.107710035599307
6.103211778188428
6.101598373711163
6.102307583596164
6.099253573154135
6.09959635002618
6.084098274207599
6.1119675155744435
6.104763216487483
6.162223984888527
6.141525716909551
6.09286118204548
6.092180450080416
6.10032850663597
6.145613765757861
6.090873137764255
6.039781960568117
6.03666571376048
6.086523973194113
6.103200417940228
5.982050588171183
5.967668504307216
5.983709673931733
5.935348418531659
5.8861941584089905
5.886734561242013
6.083802106365839
6.079713424053311
6.061389151475411
6.059081908761691
6.119587384261797
6.165409158041598
6.157624911286617
6.159706199323637
6.158016470776235
6.15794785169029
6.153767760828134
6.154695578044767
6.140481298554212
6.168202626690401
6.185666555406057
6.254615850598779
6.2932651489407645
6.314029988728634
6.311315984943358
6.301902846579201
6.318468331589356
6.340137619890023
6.31483061133256
6.303871288781346
6.317770694883097
6.34215379218279
6.346440992357125
6.343732386048985
6.356589993321628
6.356417884850061
6.377966781093253
6.386077925555739
6.382196602155834
6.3981069077905115
6.392277583079272
6.374960068749163
6.364141629244833
6.362422128447763
6.363201048455496
6.366624108764377
6.365053796801991
6.383755473315314
6.390999177245309
6.406758019023186
6.377810346063828
6.365596927246094
6.338571094870013
6.315329790215647
6.292694597572052
6.321170798965267
6.313559746682016
6.314284241412698
6.292719002496984
6.269048979381166
6.255095901690416
6.237811439702636
6.174493189259765
6.1696153052573415
6.184921820626302
6.1586712634019
6.151003095756975
6.151932309076566
6.228015039325192
6.267774509500993
6.296543708938927
6.303843319503991
6.303196699412878
6.288493843857714
6.295936244060365
6.2916644106740005
6.28531079643384
6.283958810355532
6.270173101844342
6.263053726033881
6.250194620917077
6.229688484729147
6.242024361738087
6.274102876626579
6.2950898244104385
6.305015223263844
6.2674812118824645
6.246439034679322
6.180174746340051
6.151672859100519
6.141452136098281
6.156979330543832
6.188740745085377
6.217586638937411
6.230951096626061
6.23187795180828
6.252524266312756
6.254834549239715
6.160690452467774
6.170809546627052
6.121133893728875
6.037536301776784
6.052436588655509
6.058658317261251
6.060090421929574
6.024895520911395
6.1497625428071965
6.17411027993177
6.224560537557528
6.259415547908658
6.293256057912832
6.3066867255735035
6.319907803728922
6.314780482972529
6.318991606042262
6.317536493568702
6.343772191658516
6.369339392051941
6.370260351989044
6.360930959080973
6.371751171016099
6.372557330174258
6.3784314882218816
6.354846563787461
6.321038640385194
6.320231915443872
6.326830347627031
6.27539772282787
6.224403563610868
6.1660731981424615
6.132921300911502
6.0809052954909
6.099955696660002
6.099518697965542
5.861366638820634
5.866313772727053
5.872130856547356
6.137741546901423
6.214232427517398
6.248992801853516
6.246284682402337
6.195074490870935
6.1677622306584645
6.114691562984281
6.1118730582791265
6.261940034390393
6.291244025587872
6.326791340623056
6.377493099028263
6.3843108046668755
6.389940143708306
6.379983236507543
6.380826835340766
6.36108169327349
6.3802827447176265
6.364711635692734
6.350876210331762
6.329534901388513
6.444486514316988
6.443475195931786
6.421941250902254
6.422735054342326
6.414683859916678
6.386353297261398
6.396672437366134
6.399492733118164
6.403893012411568
6.391698332740463
6.439585334200761
6.442320521168316
6.442076353382599
6.443253450738401
6.4368563692318626
6.42633637344283
6.429572851541186
6.428149600152881
6.352500236689788
6.3372655630162456
6.273078784819981
6.092533601548767
6.044276316131277
6.06980094086667
6.140169873758466
6.139907108813469
6.148609263215481
6.1322857551682715
6.13116853144514
6.119501807584989
6.122686485887525
6.150869981922482
6.151706114254901
6.1399772576592
6.162361689363727
6.172528245086992
6.164697525363032
6.177830719645889
6.165784001406563
6.1748094862049765
6.172555382283585
6.373441835250442
6.392722147704096
6.410907853473578
6.420538594550786
6.441708268885074
6.450138438024831
6.495923842482087
6.517951307457224
6.551554265518556
6.552041385973623
6.543666232784592
6.529464136626087
6.519850979871214
6.503596836635083
6.525679030003905
6.541214401929252
6.544638054287133
6.5572861975428935
6.563521654976125
6.557354670658992
6.547248978888582
6.5876137334510165
6.590629966718761
6.596326681021797
6.588431536044196
6.5801695450565765
6.573111903077804
6.567211707809499
6.561823559171902
6.550300990758881
6.543325585895895
6.455975915243696
6.440342572003339
6.414261423738619
6.390316605870285
6.396215507263795
6.407346335983528
6.388792618844402
6.373017214168406
6.304753731029305
6.287662600329711
6.2852067975912105
6.329602174704301
6.3282179106962095
6.325739624749269
6.267271478227789
6.225545379741226
6.178930400942709
6.146482878774581
6.113524639088924
6.131766133951896
6.140480560689476
6.104748060254961
6.0967526509428644
6.078577417001425
6.0932882622189775
6.102936544087735
6.110613544984248
6.132016759104655
6.147089039136049
6.142257062445239
6.14778286276944
6.197818957815767
6.193214662988324
6.194349999282573
6.207044457861276
6.192585304452307
6.151315868925644
6.076238628859818
6.060985214562894
6.026999593248273
6.036231852893179
6.045494123905759
5.919019539675912
5.921231353508492
5.940438288614361
5.894782764169325
5.8904589096086335
5.909383058147502
6.0950609632415755
6.095018923828729
6.088329596949676
6.075129137562254
6.058170088741098
6.061646741531442
6.06943982474602
6.11487971167834
6.125067091458533
6.124261269209316
6.116089827302001
6.104473523883121
6.116600329634149
6.125279148477307
6.172590469357596
6.276598196013813
6.329855919778933
6.33511129582531
6.334424484600943
6.341911430008407
6.358876132881151
6.3236275874552215
6.3260681875620906
6.326700840073028
6.336859414570622
6.365532007906865
6.383747012301424
6.417422579990157
6.417709206597261
6.386167291507447
6.396034826954911
6.439392293792886
6.459048333081563
6.469050386031304
6.472778771347694
6.496273519014967
6.51371474804013
6.514387982663968
6.505746556652562
6.503644629833603
6.502608767051995
6.5015607015470325
6.50193485368696
6.500482957114836
6.498810417076026
6.476401562376013
6.423062252807946
6.384367166749072
6.364568433986313
6.409139011386671
6.400629538769751
6.377877428551735
6.3884323324089
6.381209864745541
6.358900123765132
6.339860776104359
6.288568922415962
6.261130609660107
6.2079809158892205
6.162471950114465
6.174205501538207
6.140398593138036
6.1356308651700555
6.140410973001112
6.141497504341534
6.129513286991111
6.128145056864781
6.123089277911518
6.127986560933594
6.141225902258466
6.136366083375127
6.136366083375127
6.143183318043951
6.143397617774812
6.147672776108778
6.136047072850804
6.160128928704839
6.176840743489562
6.184566427458505
6.177935126058456
6.075382792296399
6.053888317297976
6.0783460047740805
6.076505758941783
6.042427165780869
6.048580311248016
6.077293645985152
6.182336983319446
6.241307224706837
6.237166223623964
6.229113900860001
6.214655155128115
6.174919277698701
6.153065248754441
6.114392070068916
5.998719262651907
6.110250023880693
6.11216559924141
6.111332199910744
6.060518207666792
6.2034249463316256
6.235068752262613
6.291090259192378
6.319470648664218
6.363770772784593
6.364473495233132
6.403486420164509
6.414081820276467
6.41634574093734
6.436577489876636
6.474010888132418
6.501449178760899
6.518846164753828
6.499983575430083
6.509825640259255
6.506183221060423
6.509437037703495
6.527997489390864
6.521291736636443
6.490112254994191
6.447556934747666
6.47273321007569
6.472617270714692
6.472617270714692
6.47231857728509
6.472609457502857
6.45496232197513
6.4065825965887635
6.3842708820420935
6.387153352500373
6.4106334662942315
6.377869334852131
6.384706025266108
6.399798989953894
6.383430998865862
6.404482440832793
6.408921516810883
6.386606122777084
6.383026587413333
6.40017525933045
6.384582422290551
6.367233132014612
6.3272209357564035
6.347057584055937
6.352584548592412
6.366027066319747
6.3822569970976994
6.3838351138734515
6.42505334801876
6.471558151437777
6.474537724675261
6.438505184095654
6.511993335299472
6.511922860813044
6.5210772791478036
6.533138066576252
6.55151078100926
6.548525200985934
6.59266643073705
6.598675637918161
6.588427008088676
6.580766029913401
6.588691294593521
6.593447664275409
6.573309616436147
6.57292440209018
6.56597895396524
6.569987922726498
6.581988744391787
6.593180530895329
6.583603988846521
6.613697520828914
6.608669098878514
6.602477545845791
6.547562019752306
6.538877708583258
6.511532045916763
6.50354412862376
6.515214692928381
6.532899916467528
6.5504978483068665
6.546928032873005
6.544345167421615
6.443265846234884
6.4538584070753275
6.453316290917375
6.473910024884564
6.43699997034061
6.448548915447232
6.4518428680204805
6.451669840988631
6.4692764229114745
6.482036202387139
6.530256106200959
6.539719816866361
6.558548940651373
6.564369941880716
6.5473094500697275
6.54630662556582
6.538762466404267
6.502831936126275
6.514757317675689
6.491553573922926
6.467175699807029
6.467272286284003
6.468614744637218
6.47614787663011
6.482293521841658
6.475248357567321
6.520012452153531
6.5191504537666995
6.574655751051965
6.578597238947999
6.593709847650544
6.5740644713524095
6.634399474958829
6.624175344818105
6.615373805218941
6.613481087543187
6.606041984955723
6.595499336690911
6.587315779013301
6.59743100220965
6.594982151459404
6.5453611145860355
6.535583015663591
6.529297108490388
6.521775796820748
6.51600272778014
6.532895544397968
6.5380318067509995
6.513958819786031
6.5114288578347645
6.469522352840143
6.47820605174952
6.4998343027794245
6.493849452484703
6.489990379896001
6.477549235821224
6.48007838425214
6.464820655512411
6.472486486572626
6.425032081282239
6.419787721501557
6.396179668975244
6.403216216025886
6.196794947770511
6.189654826707406
6.190114501145619
6.171812302148636
6.172862561406313
6.342797791632138
6.381642213028313
6.388470223216469
6.413823228924327
6.443511086160358
6.4423885304144015
6.430912985137041
6.4297488888014405
6.431929737233792
6.404177290351044
6.4089788765294795
6.4114590509672915
6.377313585116316
6.352683637162211
6.351990999214484
6.295262961342533
6.29685240837812
6.294204102321722
6.28075938216639
6.27175613017862
6.288968013250592
6.278292676025429
6.273829938188446
6.273813938462936
6.2776835931108135
6.254413347741647
6.248004680023897
6.235526709744073
6.253415854801443
6.264014183893591
6.286458406626139
6.2522492805168755
6.231798392764434
6.212441555170662
6.198501195033767
6.242911059649137
6.295741182330904
6.325364880659899
6.341340066898923
6.321059034500348
6.323903568690663
6.351227076783319
6.321878545906058
6.323623291913872
6.324541378224394
6.301346447632397
6.303474766927704
6.328285080752756
6.365360503934962
6.375837178098743
6.374511775564819
6.398625752703743
6.406384848989033
6.453661869846903
6.461508481044308
6.452118426738962
6.4648026777125835
6.371835063561756
6.366974467930309
6.354918576574298
6.336142719556398
6.304209649304313
6.388378558410905
6.405942839286433
6.391876594993521
6.414989773979643
6.428636060281234
6.403387920879079
6.386684954581175
6.373754712564883
6.4538592938996855
6.4790445472463505
6.489429781768768
6.500414048374087
6.5187883038199566
6.527453935819411
6.528870980018446
6.52746641267906
6.505197286507564
6.439481039455523
6.383008983054255
6.3820632469698175
6.374595635594082
6.370765058199777
6.341227657180842
6.297441961588794
6.278763754798342
6.280600668871454
6.277024500517189
6.285928827193757
6.298293129689152
6.309418076434787
6.325812982774472
6.337353924414019
6.333338061783032
6.333569883414011
6.305553048480325
6.295436643659835
6.29803306701031
6.296567782569115
6.295704286308285
6.2066597863602215
6.178452689565192
6.107391133928902
6.118623262527131
6.069067242387975
6.0572335129664445
6.089045115653967
6.204589898756761
6.233592728221284
6.206931628753239
6.20684322506793
6.2755037487465914
6.2882123443613205
6.2881532923100725
6.294310407810151
6.293782043055774
6.3828685760365005
6.3891768287933415
6.36983186172934
6.348020733664032
6.331533170622844
6.3248204940075805
6.317325739219925
6.315877223969955
6.31354719123335
6.310222067847563
6.330093379158236
6.334029090260647
6.323561158828792
6.341689469514161
6.321787526445417
6.280124400163921
6.304270452524847
6.210068470953117
5.804602166612921
5.667259202586115
5.844221761240346
6.036522051172427
6.0250914665808155
6.00117854101459
5.997051515674832
5.997084875106821
5.914611500486379
5.961544763878368
5.965904150571098
5.96781862043628
6.0128720096206685
6.18746147965053
6.265685676092288
6.349466290090499
6.425125639575631
6.455622318467189
6.467780506703165
6.473063599755128
6.4735553857480905
6.503549457376673
6.503931590460822
6.4921217031825105
6.488889382766122
6.520507930729221
6.508077281012776
6.512232106310244
6.530768270893136
6.523168233916613
6.542897513999437
6.575921950394819
6.595832523854366
6.596811318808633
6.601038679581327
6.613252643857398
6.61106430436715
6.606333222351448
6.606048443102624
6.606056462296638
6.605524202861878
6.6064884088712175
6.627529758658014
6.669801735154504
6.656861797522766
6.632285344776768
6.619314035528347
6.594585226075697
6.557423943465732
6.549251659935171
6.542458658338598
6.56083181524882
6.555258937616866
6.549124688062592
6.5467330422498
6.568136460309285
6.54809340003969
6.555602347357679
6.557345424024474
6.509990704489964
6.508617197041184
6.442384843923488
6.2597002233789905
6.225976889930355
6.285015411324225
6.335776485664538
6.326054692217526
6.328927390485615
6.362896898409765
6.364726792407005
6.369034452746655
6.407368789244064
6.402888442790609
6.349463291368068
6.342456369856
6.419073357666647
6.420041535110576
6.420982466511839
6.425622866120921
6.4338987095523175
6.430998382479332
6.419195640601354
6.409653211034359
6.379510204911408
6.379726298196738
6.379181160345198
6.304163676612296
6.299318842455457
6.259934365555044
6.2197171306662895
6.210824956512657
6.189915719881372
6.17335201283088
6.1036972948490575
6.058564098760356
6.115929971029769
6.155621668138975
6.1906072878283815
6.227803693659663
6.161369225798263
6.144902155833879
6.247225763226958
6.235385334522107
6.2321156805377305
6.238435874870869
6.270220232304543
6.295564886611516
6.29472986860443
6.186991035406292
6.192440295808363
6.185842407507866
6.2519494464877505
6.271265762109567
6.281269699641109
6.278690963491147
6.288449126117783
6.300847406299769
6.313311332235519
6.309759924824194
6.311786921335093
6.315863716314729
6.315863716314729
6.329657879319627
6.328265537500985
6.342488839461783
6.414969518207999
6.42301230816872
6.420610825149217
6.394085616262867
6.3634785796259585
6.339550426149608
6.344553580636254
6.097772609732639
6.078905969324218
6.058269006704161
6.060032234846986
6.083658271692932
6.252772661466766
6.309989576658522
6.26490591477821
6.288580127479703
6.329583330078761
6.358130359829556
6.348025985239105
6.370718822320741
6.389814133588552
6.378820892315756
6.407428660212409
6.42996067207984
6.429408961245408
6.428347275532442
6.4259619668719195
6.426039971963288
6.417927394300717
6.428728653886244
6.432706796925896
6.423940498004539
6.4196747188583565
6.421692861340041
6.401139553803339
6.418383632296024
6.410805281346248
6.399861415008532
6.433142596658723
6.444155331730667
6.453810602366028
6.462340144800704
6.471050576132253
6.454219037955877
6.436891168135081
6.465451070824396
6.454260151689995
6.442658636394393
6.426432984744817
6.432633291397374
6.40415709759025
6.39141029633913
6.389180413436101
6.341372369938301
6.255458799851013
6.265298244064318
6.271042315415069
6.267742258492734
6.335751029065005
6.349788526642247
6.338977127664653
6.3815765925623165
6.381640095937681
6.38475550055272
6.391088282719586
6.403046831868864
6.35382964721074
6.351527151446951
6.373763107910244
6.341791690112347
6.408882951233519
6.426530642973667
6.411323945594152
6.388155080307731
6.380439244231924
6.397026042231999
6.365464337335638
6.396210643274586
6.398984086290193
6.386942752498648
6.413851715497798
6.408389794786094
6.4076009113491015
6.452177829285172
6.4971465787807405
6.525276601455733
6.527281461350223
6.554516046694942
6.558175059796015
6.55192838809314
6.555940350596578
6.568436778850245
6.561035215069682
6.562381170900847
6.560987688242402
6.56430846558851


