Rainfall Prediction

539.4492776317514
541.6233181344277
542.9050466738216
504.64430922543124
506.59935783428625
512.819808027143
507.8717735020648
521.7672297915506
498.0678651005946
498.79923650190227
502.6550873565424
511.2196317183128
502.70051636446067
503.1111719240811
519.6703046474241
532.562518773348
541.7154355162322
555.7760896862435
533.6518115989261
549.2937118183819
552.3828986044881
555.425701300229
565.2819932387786
565.3139133907223
565.0566358086392
568.785102988641
734.9339435038017
744.40040899249
743.509737614362
743.3806329664609
746.0313064971326
744.9674198087922
749.148061960016
661.3370556677186
587.7003729305515
587.0607289449314
583.093517141879
585.3797958255559
645.1683098263808
562.8426699387951
556.0646363419073
554.9234870627691
1338.2331314263288
558.007112965933
556.6595715093902
548.7859804722032
548.4274397161244
662.1946189590295
658.0185040419274
59.76994068860219
26.307473802988756
7.676772925735312
231.3211612659237
231.4204973797941
4.225754415543618
30.90167652541699
32.228547466066075
34.79349682352761
136.05585947589486
129.0398213247538
216.26653229205914
96.21009860372237
595.730598442116
526.8098781385731
476.3759407859313
438.051548496796
437.74777753463485
437.13878236245694
442.4580482917794
471.75617342689674
508.6407211383085
505.537143577458
504.249605747218
507.0027245125784
506.65354909304415
506.2341576752378
501.9667142517538
503.4885205121211
505.36484924277283
505.0841994517787
499.31823772846576
519.851779428593
500.0485334838587
497.65964692123714
505.99267483771763
499.33165910283435
612.1564825581403
537.5308046724826
533.3404125988146
535.9028029541731
535.9132018361894
536.6129455058616
545.2174386604496
544.5046836700672
548.4040627886862
552.2300466046119
556.5225819127085
560.5735772530219
560.5033962444852
574.0234646583888
577.6638394285646
508.5718149874919
509.324995877425
508.44155374249914
513.4145605149158
510.0622910427356
504.84471969924823
561.4800228390019
521.484591456555
523.8743116905634
525.3484451284729
594.5255966602356
502.6819222994022
513.2002161852375
511.7362347186325
521.4895395351274
502.638222698931
507.77027198503
501.268663596845
500.70752538152044
551.3440360804445
569.4743658435959
523.1913311079431
512.688568949937
510.7537600232981
508.54743989190126
507.7642624048644
500.6578115044378
492.62969552228003
492.5886147063758
496.1580004820149
495.437208770695
496.3139553552558
497.07459029257654
498.42346315714366
495.8735968430684
495.4410498832463
499.4439480967778
524.723075624667
841.5695328301164
837.1819971264235
837.2002570460346
844.0672294715306
511.6784930449148
848.2025278244395
505.13989042489357
516.0906237378986
521.9150271474508
518.585755262452
537.9778743865227
533.4008194877448
513.9777304234098
490.9705311779988
490.49947866728434
511.8976836362024
493.00663111821655
492.81838046049
491.684936224964
492.34168381432306
499.4899417944656
500.21807281749653
511.94730823321373
521.5266655212707
552.1657824126007
557.0073331287491
561.5122547601347
564.5650134055359
579.8751677453421
564.1185717682807
561.8228040105232
561.4275262482332
563.6143797363773
566.3203776673689
578.8828660205517
606.3612515427451
874.8863900662576
697.8023027003128
716.776061011807
745.9354091968827
617.2882110716944
631.3181539859429
979.6521736765075
589.7413426612743
592.2244513989002
579.2932898841296
583.4921954882662
583.489491207516
583.7871767610595
582.7333758972651
583.5810101181887
582.3923903598226
581.1469176951343
577.0152605733533
575.1403754731068
561.2464938197919
558.6148339706159
557.7989404320175
555.185793760078
537.7696112433415
538.3462454063318
557.8356595448547
568.7237637955046
575.517967023523
576.6209153543824
643.4866260192617
564.3697919840982
566.6591330431768
590.626580479161
582.3594419755451
580.0968139233253
570.9532283853076
538.517636388063
585.9387925598543
521.6038975661842
522.5692711437978
531.4332006974278
520.1855590079159
525.3069243532867
522.6701100121132
518.0240781383897
516.2928843620149
514.7300240609521
524.7078193955623
529.6090129718511
517.4411061760935
519.9120013878559
520.6333059361593
512.4622234727808
514.9161671174323
522.1541522374523
523.8917635978916
500.2460540018498
483.8594604078948
461.4746774349553
469.7058281882241
450.04644643893954
450.04644643893954
452.2968827728213
452.7020158544891
460.7633984562107
474.1927664152265
486.77111325830936
536.6731657374742
481.34464253779294
489.7243280523994
494.164830013425
510.7543773692061
541.1268714986603
547.2276008665029
548.2332160661192
544.4237636688557
545.0724523849482
537.7483247019002
622.6280351421639
532.0624700121977
2740.2933886807373
546.1485360807486
547.0940830885476
544.3456541968593
538.2773071786729
535.2111786769983
542.2429530154159
539.0125028873204
532.554934866305
534.4252614078428
1056.9225890242528
530.1943812062128
530.8445940846758
532.0079030582142
533.0135082291142
662.8002487952066
553.7322625219592
563.1685629332752
519.8287984186861
513.0023700527498
505.14833825089045
505.5431196881909
504.99818950506705
475.26405032884804
463.97461862072277
490.3248578928681
491.28268619124157
491.8150788189144
495.87884548824616
500.2165086283889
502.9290282747515
500.7595605422969
497.6727136620234
492.55532719298117
493.0143906027501
492.9567527642106
493.0403557186904
470.5978856313031
476.338634496118
474.8706807514445
501.9670020776391
472.24106373320217
464.17090716374287
461.88001814780705
469.44846836037186
462.58689083437764
460.70543665386276
465.67881529841907
466.28802228412604
468.09290611041354
484.33956232366296
480.6721689320247
490.7849045103305
490.1724813324345
478.02157081401447
476.51191180267267
442.6366459335008
442.6357002318145
445.4182491499477
496.71396278047564
483.52728660253814
481.2165929852017
499.8528488526974
522.0529128670565
498.03539921905724
543.517470236957
501.0990680751168
507.7989289054394
511.9033577816238
531.998798377505
508.40817884523796
504.877410247527
530.1768783519793
623.5665545622594
537.8229946532854
504.2527585875055
504.8255307778775
513.2185517352762
509.12027489360145
502.0103078846999
510.65795707971193
510.86362095540375
512.0787676159337
505.73086734728537
511.0087439085111
518.2007530931904
520.5400801179201
510.3816473324664
510.770656064704
570.0330255934755
488.3305638828027
494.29015916173876
494.4303585561155
472.09111649567296
468.5931459631539
469.0034274637697
469.30514493767384
464.04868325212294
462.8809970701225
468.29271596131565
469.805313881904
501.3703457926313
500.35733110226755
506.96529032504316
504.35775671960215
506.50733378814084
525.2132917554796
549.1068440465023
553.0593523111756
571.6682861391776
603.8335986630761


