Rainfall Prediction

532.6103719592483
532.7598047874271
540.2466240894564
531.0059497366511
536.8947665059967
530.7960539439599
534.0601194297021
535.7681420079065
534.049003500652
540.8123836969062
543.325824598658
541.8118854193932
541.4242946912477
541.0658102083859
536.6367974840681
510.10219410264347
496.0226180268207
485.8347010026211
474.37991176939363
0.0
0.0
462.4311638500944
466.21402635267646
501.68027925610716
497.40260386244086
488.71823717385007
487.62686942390445
465.9874756921806
479.9514083465763
441.23989351007
444.86576627853316
465.98678666991714
406.6942480676552
0.0
0.0
0.0
0.0
0.0
0.0
0.0
0.0
0.0
0.0
0.0
0.0
0.0
0.0
0.0
0.0
0.0
0.0
0.0
0.0
0.0
0.0
0.0
0.0
0.0
0.0
0.0
0.0
0.0
0.0
0.0
0.0
0.0
0.0
255.3545794122903
0.0
302.80798912143996
364.82711317390414
334.45296846035154
371.13645354714953
436.77558702708853
440.4299194746585
432.4127984021093
424.9210970830089
487.2210308432166
496.30335166932747
529.2171941114912
536.2036329689855
546.3612655600188
546.1154928657514
543.8081270769513
543.6291993984865
544.7196660839982
544.6646592752743
544.251425584695
543.996777096002
541.3605961245182
542.4119619362433
533.0699229514972
533.4556591735865
536.739405483138
534.2618989114155
534.1602474525097
535.8905611782205
536.1078962850079
536.165664463894
535.7605221015491
535.1850709313188
534.3479561359071
533.4919400763345
533.2313958494904
520.2190725460846
519.578844941584
517.4462010468771
519.2461366492283
490.72547985959346
483.26537541003285
368.32606400549685
396.7246161322603
0.0
0.0
392.52528866990616
413.00958382005774
417.35681817449716
422.04209920805096
409.4278466883706
471.1859930332048
474.3268081721453
466.073994814397
468.16336291148923
469.939366948328
469.52550744432546
467.50996027580436
467.671188416003
458.8446812942305
458.5426967919023
452.70189257972316
453.1007077515226
456.9394278934814
461.12176110129985
458.9892133723991
460.99701832876025
460.65183755260654
461.9064696247167
457.41399663191424
462.76777609547185
450.5269095372403
452.5128691884342
413.880757738122
0.0
317.9669047145804
0.0
0.0
0.0
0.0
0.0
0.0
0.0
0.0
0.0
0.0
0.0
0.0
0.0
0.0
0.0
0.0
0.0
0.0
0.0
0.0
0.0
0.0
0.0
448.9362555681264
0.0
0.0
0.0
0.0
512.8730383987756
512.579683543886
512.9329625570704
519.8432953382267
528.9357270274023
537.63642020166
538.772350689817
537.9345824855307
537.3231393985102
536.2458424960489
546.3064462277297
540.1988344478245
538.7858288418539
539.1454031247888
538.0693177254373
532.1573312415046
524.1633985250598
521.0843379897206
520.8387310955973
511.8876306748317
510.7865097687037
523.0810079056265
522.6714388027071
522.3728256661503
520.9572846354372
516.8158175314289
505.81573526172326
492.83244956562027
483.43458179471116
474.34662879918835
475.87459714596184
460.62792006438923
456.6046416295123
485.5461512586643
485.54728974143615
471.5797788782773
448.11921504372384
448.60693471798385
487.1122443898599
487.4512644713533
492.7048620227926
475.9003262024424
484.325027783226
493.83662173715794
502.83373270522276
508.0114422051314
506.8049716920064
517.7798142421286
520.2972896124907
518.328287426693
519.7480280625056
520.5564244525262
512.634082418712
512.5992542074845
514.479184154794
510.956927396601
515.4377377901355
513.9454579669648
509.912480954513
513.5792708575943
501.592913503795
502.4076118378825
507.5808662864868
508.1069469280778
490.65290442891904
480.3951119297194
480.2258704498753
480.90812478518745
479.2706546029601
427.2741412788808
421.10022848464456
419.9033640560826
393.0154444798802
0.0
0.0
0.0
0.0
0.0
0.0
0.0
0.0
0.0
0.0
0.0
0.0
0.0
0.0
0.0
0.0
0.0
0.0
0.0
0.0
0.0
0.0
0.0
0.0
403.2779454633434
439.60972348172163
476.3543592878654
491.16363797114775
488.7839462790742
490.5544033222352
490.53213725157076
495.8596212964238
502.3756015605176
501.5058901989809
486.98243701011074
477.91403962623656
472.6542110323072
474.75318503632917
359.13492851922655
0.0
0.0
0.0
0.0
443.17573421712177
469.8412404553743
478.6475417116285
479.28740753200447
461.95226384833114
436.08777285559944
0.0
0.0
0.0
449.84923356156617
0.0
436.5116396300466
0.0
457.5869576811059
0.0
484.4294977555381
472.4824560693946
358.9519854320379
353.5739966867192
266.73713932298807
0.0
405.81163059060833
436.40408757284615
431.13855708045327
447.57469558220305
448.0166541010161
452.50630660463554
457.1059474897706
0.0
330.40657309120724
381.058976207778
417.982397506852
461.9023798874215
443.38960810893565
467.51626133775267
508.2250616554267
499.8069416507474
496.1897444585558
493.4771681100181
494.24661444925704
499.0465620901041
499.15737301737596
493.4877742434287
482.1161328474147
507.9824388999899
514.961593538889
521.8427898521201
447.3031881535583
460.93564446111884
0.0
0.0
0.0
0.0
0.0
0.0
0.0
0.0
0.0
391.1706171177082
442.5395242967151
0.0
434.34186836466904
433.9001002412537
429.3020806628398
476.00644297572
0.0
0.0
551.5417884386627
553.583380289001
554.0736144562643
553.188847848055
557.2164541717763
558.4984114240631
558.4347010686158
558.0527240473306
557.0198523510617
558.0032306312258
557.7062909281949


