Rainfall Prediction

924.7552546730183
983.5132440324866
1034.5060230021013
1030.3637318553347
1063.935122794292
1083.8160919628285
1071.068806513287
1054.3274145924786
1057.288803784802
939.1250777434254
930.1940625274889
1006.2473372049111
1051.101702281869
1044.3703787195775
1035.8690479094962
1042.9619021753847
1175.3636829604914
1238.685593190603
1250.7685173485593
1276.3066496690888
1248.798534878202
1258.2402002498914
1203.8757265694835
1196.0846206824629
1185.5745563502912
1175.618125982738
1141.676890688436
1106.785046494573
1133.5250464418825
1051.0743249553364
1010.7014408262642
1002.2191723027613
938.752885997707
802.4551186053475
826.3900715637287
744.6156940383976
751.2024639946682
771.080315513136
774.7621821780914
772.1855735157582
762.4661867071104
759.1384367971392
715.2409529423016
676.8047580352782
647.9482340499541
630.5005339466326
611.3442845753659
579.6752347761985
549.7031331318402
547.9041530774532
509.01288357094995
482.68680447632175
468.8708410607204
455.2106945149693
469.94295985175273
462.4362504398152
474.55982174822987
457.8003545523013
448.310599803662
432.3809396101517
526.1371868893881
552.5615676709742
539.719696773102
506.7217014300096
437.2382493493691
468.31778765829944
469.0354604352692
454.54867785443594
366.9290415406346
425.22169719629363
412.6252877154028
453.8083124377139
454.01440010832846
457.17492456384537
459.01031826977544
466.1521088292223
464.8135569594541
464.0990021057575
479.3825363357189
520.7708726876726
545.0969218384206
560.2243703613473
559.987906911971
559.334719443111
613.8688394040282
637.3758908794073
643.6018229909876
634.4016090390912
632.5167703630481
649.928629936179
605.1985707549004
562.4621726472204
587.7125622443094
584.8630224689738
595.7533198224455
617.0756845912532
530.9834444035625
529.0852626790031
535.2889853864498
537.8790086067179
536.15736550733
520.5417515635148
497.2197135349316
499.8271550858165
502.5819493456313
502.38651264782675
494.6731188505895
495.8571660302644
502.5473514993679
515.3178169803409
477.1298498833876
449.2782148893372
469.26134963823694
469.7027227785544
468.56753043170926
408.37881902679646
457.55306990872765
455.1315763348754
490.8992816042108
515.510750834227
602.1679539240022
608.6546262594895
564.5984112562732
535.4425062339898
537.2814519460395
524.1216010675288
550.6442325961276
577.6263720588972
610.0292558507895
616.6436994981237
608.5645751025428
636.4658408483704
661.6802227326828
668.3386284813187
611.0123017062108
590.3137548923555
601.0065542026962
647.7926710487009
766.9616476752929
876.9146302555554
837.5124395701894
847.2605144514598
841.5302616849144
805.0400062193135
831.6791452144055
835.331291969204
845.7184692112567
819.3383897743458
814.0044307372935
806.6540883024599
823.0616557670356
759.3757072186891
750.5804007388263
767.1049486671285
764.2421053946689
780.5918824742876
947.5455845067083
945.1318945684116
866.8009426314445
797.1424830435922
794.7686888220969
866.6706249728092
798.5142445273823
864.6478549292656
855.8530820373485
911.8062153754036
914.2932797610156
911.669579606865
906.6074692322555
832.2148359363039
743.350978478166
743.7653234684294
731.2049188856888
755.7084109802645
755.7084109802645
716.8406497581115
729.6124092693491
716.1862155790529
712.3116276311968
708.3401178167505
638.3115356625697
629.0079859546489
666.680337600521
731.3854384564352
727.0704828002249
780.7087873001445
753.285011175799
713.1821664668162
699.4176772405934
715.4201472339274
650.9961299049776
656.2522539180966
628.7129895222295
620.9528107722662
582.9602840930802
583.4034843152295
456.5360297872485
462.79580272607205
458.47621310655103
421.4898821150858
436.3737431981586
449.4765895337934
590.1800082456799
590.576798785524
568.7988186504296
571.5282301939627
573.285276842075
597.7710293703307
642.2732621406469
665.422494964738
667.7934912957622
691.6543233473369
676.1873633081196
641.8801607850576
581.7595448385933
563.6602660391545
525.2696316696379
531.9388899079629
531.9388899079629
516.0410328544687
505.7942714853932
499.1638307507138
519.3114369463741
504.2303396816419
562.9358410478275
580.5033631142824
597.7000441607988
613.6814688636802
646.3944309768148
797.520812172006
898.7779094227003
882.288153663425
885.6765775291533
771.4284762600912
782.2029642072298
793.8286887013326
801.5453325470334
812.0002565255904
767.2069120906334
784.9123934821157
788.3345194846906
907.1836601383802
889.9522519895576
889.5557854306513
888.8223375351936
889.5633853693063
888.7861409550719
685.506119244255
872.8799105412228
888.4502846305755
1005.5421097062799
1006.8306875407741
1006.9553593300597
1025.0828417234045
1020.4587901586988
1011.1175035816825
1019.1156194220798
1003.4240048662627
996.5957172473823
956.1033363096778
814.9483623549945
673.3449941703041
671.056264158381
646.510092227734
641.2553228281888
663.1888833285599
691.2413082952082
700.1400857967785
686.4648349776863
663.4934144161567
632.4929790536039
611.5675369499953
487.188131191763
497.6703550398193
538.4170187769762
617.506164016782
636.2506950863199
631.282258233833
661.4435626393655
696.474789937229
773.4835968958203
701.8154337813661
700.6831228564453
701.1920607054036
644.3124215929217
641.0255756220326
598.120936167154
502.88415703600685
511.2860441551968
614.8016304844575
617.2266192433096
621.5584623829421
630.0367076751884
662.388462109643
663.4128764045195
662.8587658627398
646.8435253595501
618.3768469457605
587.254004582467
578.9243285348928
627.3385298139242
639.5559914570862
648.924286687978
688.3705415106064
773.765830531038
751.5624726670916
723.2345122485724
731.8540375308647
735.5038360253407
699.2641823960928
679.1795964269205
604.1609134440739
507.61698579211503
616.1818873500065
630.0327973556084
654.0787082871057
672.0312866554224
681.597887365165
702.125989749609
694.0925924930616
715.0967286909566
734.3374172607126
758.4351193509974
745.9088259784821
710.2573492625896
714.6517537961973
728.7497534634753
742.5390283648694
734.0745486329824
750.997822885688
782.5080625028077
744.090524568202
728.4891352883823
711.2106316534654
704.302623443466
622.6446183979091
611.948489198761
572.1360536357031
543.1873741659261
548.179556077806
553.5573570141174
525.7978693506946
529.3648266654745
524.0579794352024
484.9091587113619
472.47958969547045
456.752727933125
502.4940591566023
531.4115506114091
517.0489452968692
548.6706556111315
550.209243965312
552.305844708839
536.7377026778486
587.4324448742163
603.4073978345868
618.9718654333699
639.6878649967032
649.6454800981599
655.0865933894468
640.1612544599537
648.5489511121511
644.8380006266997
645.1260855577251
729.4507598721378
622.2788298874517
527.6366373546779


