Rainfall Prediction

881.5104423319331
1002.9178365784763
1002.6620637736263
1056.8320449197984
1395.3422752317167
1164.4435533013045
1232.3380582887744
1313.13616541498
1202.5788770346594
1109.446797286381
1018.2410998685758
1012.1450903652226
1137.727347122516
1184.2631401484425
1188.8901232411613
1169.8210915882892
1165.2426299148108
1180.978055411279
1092.4831983105207
1100.5056470797315
1117.0783715001257
1143.0188381380135
1129.2239593915676
1144.471110551635
1136.1506076082567
1222.114376378873
1254.055402544799
1274.9467940588324
1238.2183426710153
1209.2250346225185
1091.1689243857431
1093.15261783897
1118.4000401485523
1066.2068451797986
1015.1048716899326
995.6344740379245
944.3428963354917
944.5373937113343
887.6890098717657
831.5118300032332
922.5454545454545
945.9874283646539
1074.6794995323862
986.9392722765549
1046.7000215079622
1058.0732383374343
1059.8816232787087
1064.58475134506
1114.5683431080004
1119.7325069402436
1108.602175411603
1096.5691258159002
1033.5237306468075
934.985572160552
807.5957673238049
859.9947811792454
821.858733547365
791.6261895086459
766.5484374837582
780.8536638946277
785.2325260856408
786.1230545308655
853.8032163679409
843.6401387225343
851.6566736319032
1028.5337311913095
1244.617865588264
1201.5798444132288
1110.662831017532
1093.1695506408485
1093.5613219038325
986.1949132038167
954.5284911747765
923.279837722238
891.2316059296985
785.2015287879086
769.3907411076491
765.7737076298407
768.0468827258338
752.4451056393989
765.1530827821208
739.7205522530511
807.7010506221959
872.1704501983795
955.2675499425332
1007.2279816179986
994.3263682949645
1010.4427345164414
1019.3741961089889
1009.5323941322051
990.7863860323744
982.6589604946312
981.8621461330748
884.8128940848624
873.1169870871378
917.8169890193558
841.6742865750116
713.8897772252849
768.1981936989188
806.6610436320585
831.8906602554822
837.4054975549683
809.1832184108313
809.1832184108313
964.0025782872401
966.4216307853089
966.5507302301826
968.3581224584127
959.2514046171227
949.0666666666666
875.615038501761
823.2267413355352
812.1201095970825
766.4379545209451
715.7467076718763
619.0544412293148
574.9181160516237
561.6348063796491
479.4515110191737
466.1428571428571
494.2892722640496
624.8514553982714
634.2789746527404
674.3384998426127
726.4391083758197
710.6901782785816
682.696732073989
626.3891785970702
605.8105533625542
560.6958749638075
559.1129037919216
589.0207107424525
624.3595617243927
642.2861611066542
700.3754637270076
602.6171262831012
630.5516250318149
702.7469481188002
729.3875384849403
725.522378457433
819.2765259166008
1006.6167822109276
1032.5167399726226
1076.2257984459493
1135.3600752676095
1165.9414207689344
1143.9088355008246
1155.448274022592
1260.2642466497225
1256.7161927960153
1246.5474045044268
1238.295632450094
1194.377827551634
1207.2120548663975
1177.700722075816
1194.5852536615942
1227.6653285395435
1272.1699031191133
1271.1589897330946
1227.5119691382808
1289.7567450326023
1299.5013658687035
1239.2618916091703
1192.8811635642746
1173.5821308563
1196.4098927346963
1188.5004517288387
1179.8029821885484
1102.63823253323
1090.0574135623383
1116.645999942739
1025.7727272727273
845.3895515263985
817.5111426245913
774.545148964597
936.551137366847
943.8275822270028
953.2576766940708
958.4702698150825
907.9840451375698
1035.740802834943
1041.6305956264205
1021.0835151528275
1084.7168631531226
1086.911464153787
1090.6536332845885
1013.240462283858
982.0097703486057
923.5004647586092
894.8839817322826
888.2718391825633
812.799067045326
763.2293945914662
767.7527126389374
767.946513272182
776.6209056732467
696.0900496837467
689.2528534832143
678.9621525333474
692.2973938262342
670.446654116459
643.9282365057699
641.0555555555555
641.7620332172185
642.0101441971857
647.6746206575269
423.64702410079104
373.0915011242992
345.360954324367
329.6286455708636
295.7061593890506
165.62440679314585
165.86985256782185
168.589844300173
140.8729661887817
170.5496078798215
180.74972347541478
439.8674269084647
141.33194901762903
218.15668942578648
229.0505804522809
227.1800391472721
335.8325245836005
345.8949547286342
342.30362207804393
341.3957669611657
331.9725679536384
600.1054124405505
610.3852659033075
669.4432226525118
656.5934058240656
665.4813006210742
668.1919984401067
668.9362370787738
666.7396141325204
669.6453630838888
663.7111037296306
662.6116468203884
688.9619646306908
721.1480328870039
722.9291572088695
717.4666666666667
719.3495655644318
719.4827509960742
717.6825291435377
708.6814198808559
684.3784248716146
700.5804215444421
840.2921984709668
846.6809579449036
761.1710123776409
748.6032004905289
761.4644974146049
642.0227175112475
674.3573659503536
916.1048830663614
1020.0503964581992
1027.9695314200148
749.2401601794307
736.9215057943841
724.6028514093375
786.1961233345705
783.8704309989114
779.457356804262
779.6101819382927
793.0689869871014
786.9168517895705
792.4757444449154
790.8980645495742
778.5454545454545
746.762174100754
747.6960502950601
741.2028881242836
778.379476574237
778.2381435235694
781.8141443715668
826.6613989058554
855.8658717259354
874.4549153583985
792.8855438727983
922.8587182179854
923.7550849376073
924.6514516572294
915.6877844610095
917.0713499097039
872.0289238995756
622.2726299184873
518.1194819781656
510.5899582012481
558.3537011957961
527.1936885769014
504.4619014708958
445.427977895049
442.4120095612745
442.3811627782425
441.6058329364098
427.18013376623156
426.7742277113365
422.7349099818931
420.3579544153077
417.5629914017329
416.93038561563856
412.4494893467489
425.2016201508105
424.03494335736326
429.0023662859763
427.09561890369736
486.8937582894067
522.8794687639042
491.66360574456917
594.6098771672571
484.9237172855339
508.1763260428772
534.1042786094866
537.2602197476832
542.7243431574399
549.9919781445346
672.4770058634979
675.4938299950475
750.5767554366608
735.8981810213852
734.442615155087
707.245572998109
958.6054591573255
959.7933520752734
961.617940471412
961.8870799442293
962.0999403146745
964.6612711449347
964.6612711449347
1055.1817546261407
1054.6664581054338
1054.5289187084145
1086.3767539903408
1072.3008622946734
1126.9717224798535
1280.9981272505333
1324.95180497602
1219.3648212722942
1153.5633163865411
1179.0741111552236
1031.8917496670263
1012.0910686588813
987.4556999457722
959.9843521638707
940.1642748388595
930.1413127495799
918.6320264858884
806.045919165767
807.7691108320857
741.0736892403505
712.5925925925926
739.5034881649008
739.9048416021146
494.6263544248285
506.8824430692444
510.69283464232683
550.9789963256376
566.5600652557763
562.0347034618259
562.3199679585039
486.53087790573915
487.64134887087437
486.36035104094543
455.78330182001514
476.4736152551267


