Rainfall Prediction

551.6511643075381
530.7840950965332
512.4191268256468
511.5200318002076
506.3548482361525
504.43691242260707
495.63864645939293
492.2410731669835
499.0350632316104
559.5474753431988
537.4773200554499
550.4426393505867
553.5755158561121
553.5755158561121
555.9726541159737
536.9206720135456
457.0853654721658
357.29649940329955
243.2298897301771
210.04415165402435
110.3583190685234
82.9669615697148
62.893088765748516
62.893088765748516
69.38547648431123
82.49642587309323
78.52449381964146
78.90439311036502
78.48421845676064
71.47900188143397
69.94748070733708
0.0
0.0
0.0
0.0
0.0
0.0
0.0
0.0
0.0
0.0
0.0
0.0
0.0
22.670383273422544
196.133697515584
271.57722242009993
299.868832029441
299.868832029441
286.27859354737086
263.26566108624127
282.0554844428581
328.6280727152001
328.6280727152001
328.6280727152001
328.6280727152001
328.6280727152001
328.6280727152001
258.3201751561659
258.3201751561659
248.40097695436583
248.40097695436583
248.40097695436583
263.2062589127718
272.6057487275945
186.69489149553522
139.69435904275912
139.12618286370565
176.85512850722267
189.51807109802422
311.5389996903119
574.5720258536148
381.1072383215119
601.549814673223
395.42150217413564
0.0
247.05980664278843
182.8548159438156
174.32178545407623
235.86098210832614
384.9017484021988
580.3886240784202
630.3986177333423
630.7179287116711
662.6489211139178
665.6899773250163
680.8952813640813
699.1416948188029
712.8265379947171
717.8306365809324
717.8306365809324
86.0796665511574
93.0796665511574
83.69255782499556
69.76054861411649
738.6623425062108
736.3696720168448
736.3696720168448
736.3696720168448
713.2310744904348
704.9337109830701
543.9669486062928
373.0499823696889
384.66538922517987
341.52274699857264
341.52274699857264
388.1843524885787
433.1335448923214
455.019115978461
453.73786300272866
730.6951436110867
341.9758854074805
0.0
0.0
0.0
0.0
0.0
0.0
0.0
0.0
115.7712901682202
115.7712901682202
50.63567435842589
52.624648748435845
38.51019573909616
36.4605957941568
36.4605957941568
31.09948781563253
69.50853378152289
73.55168243059009
566.8796432421909
566.8796432421909
14.82065939240647
546.7972500690844
520.8903908559528
385.92509021979174
386.05671300768785
332.0765711462009
278.0893940089547
250.86986252862812
250.86986252862812
250.86986252862812
243.39614435170296
203.346389301211
242.3110601878924
573.5276762455474
573.5276762455474
530.2301910925972
644.9690461968615
614.6605129814592
1253.908898087374
1565.2476139896244
1576.3624096843896
1681.9530968777854
1977.23855246591
2472.2366187187017
1320.0712561845817
1072.9475873552717
1061.9874584689878
1067.0676297259574
982.1446249002408
415.7881968952238
510.9522324984189
505.2499281208719
503.54843601228276
513.5074165104803
517.1835512270526
498.1500572841031
496.32921362562365
493.9693664939305
547.096453103213
592.2567674684296
585.529153470664
1037.3479188874312
1690.4938873379706
1820.510810770873
1523.6559552987928
1485.2607238367816
1485.2607238367816
1358.0819374731577
1358.0819374731577
1351.4752594583156
1391.1153465991608
1387.812004288243
1422.497113474934
1572.7995976847906
1584.300409508869
1658.6271149977529
1738.386958746819
1741.371370025267
1938.3322969437174
2115.2609886872633
2353.7356416440493
2031.8423285427564
723.1362958047644
747.8775527537891
1003.9660971478688
851.790687361899
945.8290317582725
832.4591426935956
2186.1442932049317
2489.1790460296993
2435.4261574216207
2661.700091010088
2150.1265279072804
984.3304713889742
742.3644393947018
749.06016249659
771.8336847314522
771.8336847314522
702.4089677176587
719.2192320623271
961.2902100536712
914.2204680885042
914.2204680885042
846.9782669453824
641.8923311043991
483.8019657300396
483.96132790540895
487.16006429394236
490.2424890486144
396.2300566549975
709.1004895690158
564.2214902595605
676.5113638501409
941.0839835215697
941.0839835215697
932.5808507881508
925.7783482115804
943.0956780607219
1046.7943475285865
1098.6439044653034
1046.7943475285865
1062.766659940432
1130.9063901486406
1034.7024361795977
1123.5535295949394
1204.0275721630019
1205.2529137603199
1205.2529137603199
1357.8387074071736
1329.4598567834942
1784.2619774050204
1452.4862610046112
2206.9970179264556
1800.6198960546465
2371.369515405835
2327.3614130197884
2317.3614130197884
2225.1303285961662
7801.722262411309
7953.571398942942
7376.045611862086
3051.2134639147066
2953.371511618476
3389.267245803635
2715.9083196631937
2788.703730586797
2614.296288865611
2614.296288865611
2579.6927135054357
2233.6575860889666
2060.6405213060693
2060.6405213060693
1881.037621825119
1662.6071059802653
1436.670205540833
752.5337713408684
646.7895794297674
623.0754295234145
610.8710554358531
437.5868234584167
428.519600118984
202.7748209245088
95.61336109131311
0.0
0.0
0.0
0.0
5.195171715448602
2.080775020168211
2.080775020168211
2.080775020168211
8.309633338738827
8.769639656697315
8.769639656697315
8.769639656697315
34.09214591004859
16.882570332506283
43.68212052927176
63.88094115252541
63.93068803990231
105.97547158113106
177.03300460125357
178.37390323507435
232.74150126171833
437.7398149658005
594.4145140933381
633.0577996804483
693.1405939323565
870.1529800925966
891.9280152105359
936.8325069311143
949.4658671754989
929.7976726344282
997.5384293246183
1041.1121150138288
1022.4888004646668
1055.2346403745692
928.0373501171014
884.6483040417941
893.3650607506565
893.511641539022
1044.287353135458
1210.5453217353147
1298.0051646282782
1223.541551134364
421.33406824052423
614.5025561772354
575.5349386069565
633.3775413872711
684.3741000119267
593.4615402735449
539.2999542563261
431.63603901013926
394.4311037354924
385.88811907039457
176.97005607014586
1107.1291361283006
1111.2786804386553
1079.465531905785
979.8769498834195
179.9518999603843
213.85414477908847
234.4953599537834
542.241783343895
614.6391227537054
761.3668638403657
796.5765406827329
816.9724921880445
895.6796413397983
969.2093242071414
1018.9506502043324
1023.8072984028967
918.4236926433159
844.3121570539073
994.9871028301019
1426.287362367543
1737.5268640938623
1614.2229532030715
1187.8162700161415
721.8573269103265
629.7940096410529
762.1683534028384
733.2736339692692
792.201292644714
803.0813802049956
407.3037401787715
403.58490150639796
338.83370710298175
288.8399224313309
266.29380070389396
210.65560761106263
330.6384897884624
325.787223839368
278.6131674685127


