Rainfall Prediction

546.21895393945
539.2606812824486
577.9135669526006
632.3050826982067
632.5163039684405
633.548100693913
630.6346584465882
630.5765108814506
664.9246563930191
659.4665055860655
652.3295325932389
561.5322700407676
608.9639381659028
607.9900300596835
648.9000535428962
646.3251471143566
613.7305343154071
615.2422844063276
618.9072723437257
479.42761319663543
406.1008026140819
319.18206877018065
119.28712072094018
0.0
0.0
108.33801329404523
108.10587130974673
106.44068524339197
104.75699710963328
100.02527708699043
95.34906326655941
95.20104672732788
153.52660962727114
153.9984268988831
156.20303551811145
154.27066216815763
153.4061451326807
147.64324032059608
151.06347077192245
146.8282412389656
144.86643505505572
164.834474989521
291.6940725441377
296.4412532803887
300.4720111510687
301.13059453509646
346.2759349851686
371.2632014849092
527.4080483332522
561.68334095221
715.3902410492962
715.3424935421544
717.1091513063963
718.2971571157666
713.4165258836208
714.2312177242255
728.5475449590391
728.6102135621626
731.421921183571
748.129181133107
748.1056032400387
748.0376330617225
748.6493646665676
688.7833227396787
687.8545620456248
695.0676389060145
695.2950282374848
695.3306158833816
695.3955372644477
690.4928411239082
690.6971412531664
665.0530463726421
662.0002455361367
542.0515825900308
534.9067388691475
530.4699760952749
493.8180110900994
431.2976468815306
421.4547332980132
337.44022730350713
155.22386238734632
231.23489150696855
252.50052147159573
251.48480176557655
291.92180214260685
292.83618095681095
256.2595685106445
271.65015694400256
281.7780515938083
278.62768776270093
266.35054517320503
268.66725771973665
271.89277208947885
280.674750959976
280.52177954553804
287.02625061510236
274.7657987941467
273.27194673426527
273.9975320204934
273.28134521741487
276.6542968090265
292.64445472264384
291.3806811824318
291.45588631842463
301.9692148163997
346.2495088358972
347.89327359988476
347.81492721192205
347.8399554555515
333.0561821889383
262.61039033600235
224.0356607129947
214.74477377639076
219.55603841037876
218.91713175967487
183.2937780703696
184.03734944192192
192.42616741923263
1605.885684509878
181.7947231192408
168.25720138062653
276.8927050886259
391.15354045125594
340.30663532097657
240.53023127348746
249.30988330195092
260.88744942278595
260.4000395265001
0.0
169.66544409376036
260.0794122878545
253.0244518471669
204.16201982455152
178.0443924177667
240.63083856678267
259.6933280436582
298.4665922602795
426.9647595596398
492.0779079979563
492.00367923232415
494.9065630205978
524.8894248655872
527.9037066614294
519.7358838771731
564.8522921963978
638.7638463893115
710.5253233375048
710.4456424231477
702.5825226604784
702.4889676818647
702.810447409332
837.4860934278659
746.2054679383313
723.1800212968462
723.2551367737851
723.6103201872709
718.6638481531351
688.9273000597789
689.0034085989021
689.0990616165748
689.0435639896177
687.9865947697272
688.9276209996603
689.6533818272586
712.2954330471081
689.1962123064076
672.4359267857814
572.6287650121142
503.13111144181823
426.16988830755287
479.4622542604774
483.17505554740944
411.02184921866433
459.35101406208656
462.36174894274114
415.6068073380393
396.7009129489757
322.7925813282409
268.1898684388652
284.6490226283256
293.9177059742233
314.38765547899357
246.9278075860012
246.43623929054345
294.0539013465322
365.0356868187493
381.9859016963044
394.09164518558083
393.77307525066607
417.4120319834401
424.7391935203281
425.0640536682938
425.2121619890571
425.4184753198717
424.92403067759136
424.80413695309437
425.06748074078706
425.39273934867106
425.50788588212055
479.1315017525711
479.00623634074725
382.4960083082382
376.1061729860129
402.27849403688896
416.9636825990896
358.057583619616
356.98595059736186
355.94401570639707
355.06857556605036
360.2967471462404
346.4529550986895
337.553305240644
36.031665155358155
293.9284396259575
280.4567121303804
236.87520639984314
154.63725746884597
176.69553466608446
173.4933993767306
172.89313652718727
151.71489377146673
265.9372810132983
254.3644459517594
352.61758832130687
425.48265257478823
433.8284600447632
433.5969334844433
433.19884685586754
432.7300090108866
432.860029482775
434.37853308895876
554.0233763796924
598.9507692591815
600.7378559792919
563.50160328612
613.3161017101709
613.6603593232463
648.9119171467916
762.0973316687148
803.2803902813531
845.2251443248281
899.4741066904176
891.0539043052567
901.492259195367
898.7716329449505
898.9692079554666
899.7746804489715
899.540083508351
867.974524892206
858.4937268881602
857.344611318303
857.6672671011484
735.8514333834121
691.2364947772409
727.7838693463638
660.6823878816932
677.0835018830329
676.8137798919591
676.6943487568258
676.6912864200275
676.678496800138
676.5532557901703
621.4805188148416
578.2705011624516
577.051300120174
572.8984778273596
517.5296680448807
517.4014871947375
432.1263760569084
535.3620469331549
425.94096594218826
446.2401335120075
368.49651093487665
850.8702808337824
904.0937517375891
786.032124656491
805.7304081697206
800.7781134118179
825.7614498350498
828.2726846949346
825.4316893186735
826.7663212028002
827.1015604912302
836.7094016709306
882.0328691003215
742.3755938713991
732.8440223710103
732.9022540758805
753.8413124496823
798.5579649572089
801.5513901635619
825.5020929720686
918.9098389804203
878.3527448538075
874.7808561065302
876.9506935950692
872.9512836977786
927.6834224887588
983.8238139123468
991.8576869064224
852.4185057254961
924.3953652384021
924.4759100514937
939.7439298605743
509.0063126107153
512.2807803658131
513.5535037516147
613.8415163454175
684.9227834323078
851.1598235179428
780.7947573717244
815.7713162568078
815.9124099416596
856.8100825401709
1076.2965607508927
1182.2838877295512
1233.3440227696742
1233.3481631448371
1224.2158479073896
1204.1242087457113
1160.0400265494104
1285.0083794874427
1284.9796774022848
1302.9944345837557
1279.0504534403963
1278.9587377729604
1288.812530610784
1242.7328611203031
1345.5570760411333
1345.5538492113837
1297.5056968675647
1264.2542282079328
1259.179685777058
1266.1169533921764
1253.8825481067513
1245.8498416548096
1302.8302502540237
1348.8377865024072
1251.852675664022
1166.4656376784765
1100.5104449041678
1066.2357991516658
1031.1547495143889
1030.1563174094376
1021.896739220115
769.8677834067635
716.7197593397306
665.9494686023467
665.9494686023467
665.4409556750186
718.4091895879393
723.9997489259422
609.5860805395355
650.5189496754253
544.6462939054009
555.9576575048629
655.5408180397347
645.5124873348511
637.8493907402387
534.86174805272
531.930366028752
531.3071620535958
533.4777020867008
460.1033517454981
453.3565711686382
431.4299276685775


