Rainfall Prediction

558.2065711672024
328.7722101010331
346.60126898912085
335.29806286307667
305.05407928209917
306.181963385209
278.01006620141834
269.78571946920187
254.50384127961988
607.019768838949
618.3259475798097
1055.777590564448
1024.7337328767123
594.979759830465
605.7413028475149
1039.1822386679
915.8816568047337
564.8010050251256
356.06464646464644
346.80687563195147
263.6078048780488
274.0576171875
298.40647118301314
126.67818840773194
204.5471064555898
420.5968109339408
433.962441314554
448.7842669845054
271.72856289062497
606.7300150829562
619.2378787878788
433.38942195777315
994.4805491990846
983.6308539944905
1628.7887931034484
1617.8369098712446
1330.2173913043478
1294.0141342756183
1995.3972602739725
2400.978056426332
1391.7096774193546
1031.7248677248676
534.3832689066737
540.645584381457
429.50709042617416
407.26479773569804
448.8548523529447
423.9536898401535
475.5706389381779
426.4005469495532
473.1645232573984
405.3139607027676
365.354996411834
325.33876000799995
761.0386427898209
290.6159957624614
276.63694938402347
276.39129898017416
323.2812914543433
231.58923649469403
321.46105614953115
317.91435299966327
332.02786854385135
353.5533936795328
293.5268109492943
299.8403063809654
195.670167552
322.5981053619127
290.715359319134
205.188067076985
121.64014325408513
187.49881000320005
439.7769516728624
1188.1846153846154
1825.0972762645915
1922.3076923076922
1768.0
1722.2254098360656
1638.97265625
1900.2663551401868
2132.8878923766815
2817.677966101695
2819.1532846715327
3587.7333333333336
4965.320833333333
7658.379888268157
8067.587209302326
8072.431034482759
7636.0317460317465
8632.112359550561
10202.324324324323
10293.101351351352
10156.27027027027
9482.047297297297
8426.20945945946
9158.939597315435
12479.476510067114
13822.34899328859
14252.97902097902
13985.352112676057
16367.549295774648
15572.711267605633
14854.197183098593
17773.38028169014
16436.87323943662
14367.54929577465
13758.256578947368
14101.388157894737
14272.953947368424
15804.625
14683.374149659865
12267.080745341615
10435.148387096775
12736.654867256639
12866.076923076922
9610.3738317757
10250.07476635514
10598.242990654206
12012.515463917523
16147.095890410958
16992.246575342466
11985.346153846154
11463.576923076924
11529.778846153846
7482.395209580839
6064.174528301886
5254.266666666666
5100.4
4968.817777777778
4943.885462555067
6415.665198237885
4140.932862190813
1914.8353819241981
1585.6393595055754
2410.9836065573772
1217.9508629944062
1629.2931664046932
2006.3788192282213
3555.754189944134
3527.5614525139667
2079.7484431173116
2202.2450496593947
4329.003154574133
4324.525806451613
4410.112903225807
5137.6032258064515
5511.209302325581
2017.9567333693888
5091.249169435216
4874.930232558139
2352.564138741917
2231.8096313881206
4361.11111111111
4443.972222222222
3134.395833333333
7236.4
12286.883248730966
9938.829710144928
7560.446308724832
9056.712074303407
10840.560747663552
8717.910447761195
4607.013311148086
3119.5494505494507
3083.656894679696
3092.2573609596507
1215.3509439786912
1599.6449732557217
1714.1878044871198
1583.667037648659
1923.626937992099
2063.75169408703
2006.0551831721564
1956.4791864015767
3692.4074030931192
3818.134987776625
6616.771681415929
6414.148365465214
2867.9017720903394
2753.2118156306055
2916.710947137233
2481.9675355968475
2877.9072805308397
2954.2067570434638
3011.311708245794
2997.261301851524
2648.6727263685607
2648.4038826418864
2339.694181215829
2372.259874230104
3442.7794722605513
1251.98232822287
2897.6814726459647
2813.894241674003
7233.314516129032
7058.440438871474
6999.868421052632
6868.2099697885205
6932.511210762332
7393.036565977742
2769.528899255953
6165.0
4462.901033973412
2770.3288266577183
1744.3112509019138
746.3571679349375
578.090676631175
625.2262308505244
1802.7969924812028
2157.710021321962
2232.4392324093815
2943.967517401392
3667.085846867749
4525.475638051044
5545.1140350877195
6037.974683544304
5786.75
5368.734375
5415.0
5676.975
6138.671875
5590.629921259842
9176.64596273292
7606.68449197861
9188.119658119658
7712.754158964881
8079.375
8397.5
8626.212550607288
11242.850409836065
9137.5546875
8777.648093841643
8392.314002828854
10150.197183098591
10363.43661971831
10482.079225352112
10453.850328947368
8487.41054313099
7218.605504587155
4095.2799999999997
5276.92
1659.9961978126596
1683.1633402067964
1373.7071771025692
1437.1011308298052
1724.7603487070967
2936.0155428751495
5658.696035242291
5631.700440528635
5609.436123348018
2733.681954828567
1618.3746488539064
1714.595858677164
1413.5874983611693
1316.749136067132
1211.4698375794442
1039.9752547795447
2591.8249027237352
978.6123204986428
1381.723384642051
700.3675889875346
850.6574003336948
812.4959846200722
831.6173186724611
1765.2528301886794
1090.5292640825905
662.5768875246665
586.556329178633
630.428007164084
1650.3294509151415
2709.8030634573306
2534.5733041575495
4209.45306122449
3875.2844036697247
3732.2247706422013
1909.8440366972477
524.0123966942149
555.1859504132232
585.3265306122448
324.1065372421355
423.1294802921474
491.426947786136
828.7272727272727
403.4051593496083
351.5578350278317
240.75796706614244
183.4148960264008
191.40031058891321
91.66374224377712
178.83116883116884
178.83116883116884
179.27272727272725
91.16439977630735
113.21499549531258
117.07810096153845
148.70929364645855
171.990254640174
127.36130413025518
135.2144282189176
123.62556639097807
232.84828993147724
236.36678403327318
236.36678403327318
225.58871890643104
240.72151253516648
257.4651060341376
258.3700202903521
334.0471921347774
274.7366272157839
271.26574035237365
338.03583048224976
408.7669864183881
504.21922230468476
386.17041912838226
834.1070643402682
809.1811350881309
864.4894328298511
837.4501203416313
786.2002543284067
944.9143060138097
941.9089465648856
811.4380025052368
808.157793295734
1074.8796306982235
1103.9699441268954
1087.8054384382128
936.0665076269337
1517.5587077773675
1469.773193249598
2303.1401289094683
2381.333010904649
1610.5229072036864
2448.6280790022074
4409.52131147541
4456.853333333333
5139.647405660377
4924.188679245282
5149.874556213018
5145.443902439024
7712.3475
10117.186813186814
9251.8125
7859.268929503916
8009.980707395499
7196.100313479625
6363.66768292683
7065.224489795919
8254.051948051949
9313.71505376344
7648.547945205479
7502.593607305935
8151.1506849315065
8233.150684931506
8274.90410958904
8484.986301369863
10028.408839779006
9645.770491803278
10651.335227272728
12233.257142857143
13653.234285714285
13707.84
13099.5
12820.914772727272
10587.289772727274
9048.778409090908
8312.041884816754


