Rainfall Prediction

498.98455239078197
483.87137919275705
403.4673031985069
353.8494561194406
408.4098812732491
294.9768298595255
384.5017004673827
393.80039439931556
452.48714075109586
528.0801279929087
552.8990781135439
1128.186688447186
991.7961040010649
875.4381315747985
716.5106611764791
681.3902987742401
635.8961298389083
238.31470340554185
275.26135464028914
322.9298296044945
336.7733428049499
290.04006271963044
324.79575473536545
381.9585234879504
393.462747215836
402.0384574285781
459.2606489240699
468.77666147144043
389.25431689289695
319.4264461154701
199.36776779158282
0.0
0.0
0.0
11.165708009487332
0.0
0.0
0.0
0.0
0.0
89.90646279389648
137.0325136699592
217.84814085894547
277.1536971623774
423.7805777959218
582.7172326349375
604.3614693320236
623.5072496719906
650.1713616985196
667.7874069166963
664.5493884230306
673.6624425753058
138.82552741735662
592.1867351985566
530.231615820855
241.90365116155363
0.0
97.87311979385476
123.25187676994722
210.96213122285957
307.46781240126916
381.5092352766767
406.6555361142699
333.240717386753
315.0085416324593
315.01084735075875
350.2275123273176
331.4571434229963
342.4534636264461
483.96255768633927
435.66715205477465
301.1864401505759
125.12543315869453
198.34773980894525
106.80142358865555
0.0
215.776777386851
227.82582835484862
211.08080892588833
196.90456068374527
199.56520908217556
183.7290668843038
164.31572706451527
233.83107981879363
226.77638458192774
219.53253991148603
568.3600430151796
546.3441357715144
292.907441962855
246.76396839661535
168.27595117394918
110.51099893510901
111.92836076578607
84.14553827495371
0.0
0.0
0.0
0.0
0.0
0.0
0.0
0.0
0.0
0.0
0.0
0.0
0.0
0.0
0.0
0.0
0.0
0.0
0.0
0.0
0.0
0.0
0.0
0.0
0.0
0.0
0.0
0.0
0.0
0.0
0.0
0.0
0.0
0.0
0.0
0.0
0.0
0.0
0.0
0.0
0.0
0.0
0.0
0.0
0.0
0.0
0.0
0.0
0.0
0.0
0.0
0.0
0.0
0.0
0.0
0.0
0.0
0.0
0.0
0.0
0.0
0.0
0.0
0.0
0.0
0.0
0.0
39.192501381817976
8.033062981268984
295.1333632007068
176.84830175818877
456.735576431302
602.2066498273371
664.2066498273371
658.8151109948827
866.4749171055921
1011.8019254655524
822.8662972197569
761.2437126183713
1005.323096007176
1132.1865572333527
1226.3427460275077
1439.3450226183913
1073.4373977995435
1485.9643571882962
1512.7939053679988
1493.4272598496293
955.2543924426096
931.4225259322035
977.7198284904322
838.800152668879
676.9843860834776
726.2867919933125
877.5645828571086
829.1631931395132
827.7698262302683
1244.6809108771467
857.6117362705593
767.0042313918618
848.6269689661746
478.935316342274
553.29173018743
244.67841091181265
314.431404125405
281.4632812412407
421.57610736808397
991.2706291340829
1042.1817979720481
1160.9983811575564
1228.3887458695135
1123.9618414970948
842.4106801520486
1362.0096509573752
1151.2068845532885
1428.786964941736
1063.4273014419875
1628.1336096201208
1646.6537845027074
1691.5458069785325
1889.2236451764575
1928.0866370325866
1971.1768313401456
1818.7679061051465
1794.2242400406415
1524.8213273625506
1564.979722383582
1717.0966830486484
1710.060938852821
1711.1513140515456
1715.9382075820838
1715.1251669966703
1773.1319763884158
1778.3374340262599
1658.8555919169178
1495.9670867064094
1517.028136893166
1405.078442504724
1203.019888907222
1065.652208757747
1059.5868352625127
1054.8128409775593
1059.4179910465114
808.2506658227898
1076.7080475628593
742.0355561961824
709.2198368078552
866.5694847402755
708.3706560083051
543.8716517006967
439.77936816199383
267.9670769137278
472.29412153481957
560.2546596905481
613.9626324917642
654.8822178856328
875.0453773088818
951.7237188843562
140.74202566329177
150.5816967271059
271.39145450037876
85.89889794567682
32.060377749719265
462.92041752688607
398.66523105744113
241.90825946812697
171.4065004248477
37.584107455931246
0.0
0.0
0.0
84.25219611867209
507.01451291459625
605.1178684429021
599.5113649770667
530.8796914362523
523.3356818998485
534.424058215348
541.5462020586049
575.8768681988366
412.90768846821436
382.46135142401056
415.68339718481144
219.14662920691092
76.25308028967771
304.81395341280637
319.09454684054873
619.3626436944585
481.1626506659798
634.3951966116223
681.0620375863753
986.3995878920445
1260.9513207164732
1590.6147212895694
1770.4799081795431
1551.5273086389966
1621.2548910960784
1648.001583055212
1623.1772468104564
1661.7670233101226
1669.6077005788347
1769.1911572361846
1955.250392695059
1737.7871449780916
1650.4333470745505
1662.875203770853
1702.9178324278894
1644.4967776178498
1757.4771754683798
1781.783657874237
1779.8228310576249
1803.0422177567716
1841.705120938665
1826.8393566628092
1770.3097342137985
2041.1062050245696
1821.1739439781963
1329.3266299451427
1113.649621661125
1241.8478725510445
1238.704808008904
1171.5920372332776
1045.920970518351
885.3814654297619
561.0713374726884
451.40260974152346
636.9498414513586
675.6884875578323
894.3433943827529
988.9682393173421
917.1808264442813
983.0639099319377
1063.5059841756793
904.0349879421569
939.104649150672
844.4910430879165
578.9817352693931
576.6950919665912
447.53145746912287
505.92175624055096
751.0220892285179
731.8991755310699
706.5358564273356
660.7180336658075
661.324248614196
659.8571007161827
678.5703979117088
678.7518292925267
676.0564627574961
628.4929453476415
686.6012280534646
661.157630950094
601.276249605525
441.38658067136464
336.1262940369605
295.86177726590864
285.96149558089166
148.16797900929583
190.60484099309565
136.21145260248431
0.0
0.0
0.0
0.0
0.0
0.0
0.0
0.0
53.31458804899711
239.08330497232754
288.2032902356489
300.0175385750453
343.066657795682


