Rainfall Prediction

509.44500707361914
469.0987475858712
467.18200949137196
445.869136880432
421.839283578592
423.17982865886074
418.3204371586586
409.25317529615796
400.10178308265057
372.8435908414931
376.56087276703715
376.0138673344529
365.8440771834854
372.3577093731417
371.43491353183555
392.0286695127284
483.4231292238184
301.35804394400384
508.979646675653
412.5548641486615
339.63085590007745
256.3522853266552
53.33789503808271
26.754024114941814
27.78149713771206
39.369753518777586
49.26606890219125
49.26606890219125
50.20504843126712
34.06172898037364
21.380890142918837
21.435087970018806
77.5630040648098
78.59029748335601
109.03727785256989
70.60611301130962
69.19920113091774
57.5625734591211
73.75053619629509
33.22569213131311
99.07055762779389
21.317236851666337
271.71972639983454
287.24466974682866
300.97963479500027
236.38013894523834
303.2783878597344
344.47895430444987
381.35748712609035
457.1445493901399
630.5838483327911
554.257505646957
554.7760046135983
575.3919848403858
579.129188846548
715.5840158412095
698.7021437192875
679.5537044003518
657.9812402509663
738.1177999479166
706.8810854591518
737.0906707184752
736.2694459149012
688.7217921026271
270.5471549643459
627.3615047404353
586.7127932947297
587.3292051840815
541.4975255301279
522.5855371869818
630.5994619097031
600.9560304841675
619.5553328228871
483.3309368882826
399.5823863843658
395.8892133014484
442.3732913370143
419.1796997123896
339.13649132102097
311.12794285883626
234.1330580270113
29.14536644608816
202.2194944923968
202.2350695989278
76.60418548489389
77.0024013491855
66.93093036393788
8.097823467160708
34.410108169423836
28.46697480562355
195.89101827784577
180.33287642523894
179.7648790625841
227.8902898893491
3.8398417378919305
7.154202597823769
205.58839690965885
206.02617400867155
205.8021501747988
0.0
24.00957202346933
155.6733151282755
161.27774155818534
187.90041022818318
232.39853006425443
39.57822676031449
9.998136803963064
222.7918140700687
210.68796713150044
171.86101656453582
107.13743011932394
33.31321107887301
94.2397070795119
60.366000925461876
54.37667307626508
65.66934273352737
15.626932699546074
32.732088418505555
13.284427768204367
12.249008712928813
35.00287735627599
148.4729583127605
65.84319581950732
66.59124212673606
45.294968098113344
155.28515886884324
183.9758398773302
186.74157695103955
167.01330225440483
93.93417302797297
56.10431177635826
38.66781306220028
170.63462353275827
12.00102117596856
25.910366870918295
208.56944670812237
317.6700454923082
412.2195323150564
466.1728866847086
447.64233623499854
449.014033125501
505.71165094328876
495.62586060007266
337.2485998157631
524.4396661198326
608.5169228522349
495.7860764333419
517.0144430912512
457.5425094991806
476.30222768762997
461.31781500286957
645.9537026639837
553.2615224004552
651.8155054342593
628.5314505675501
590.3730975667254
625.5877391126666
647.8085542098966
682.9870680481982
663.9011046657102
650.604295820046
640.3825577177868
542.8097375740413
544.4828159179738
541.5808499492562
540.5638485196868
518.5425001438813
401.5425001438813
375.4022804441325
245.62545045179957
400.1345602079272
384.41172330399087
345.34684869326776
88.77554370839613
180.8218794130783
372.7988282224531
241.90544092566086
225.96214907423388
232.04747581135183
90.5540898509447
125.14545884103211
214.35874206549187
179.2202016496048
175.5488875020203
87.12514425496676
282.51696449801847
341.8730590135886
5.490198083735095
4.6383862714505995
89.50155068541164
23.18594084660839
16.017753762754978
326.24370636511134
366.18231854195574
364.04028657303735
363.8458201126369
357.92974154537865
355.0108540374182
349.8510442498668
351.82798307892347
351.78226978249756
307.7458840599397
296.4987614224652
132.80515921401906
325.22124733367264
326.7326099025395
327.5200840405675
321.70448040384866
247.5946818668387
257.4495357854314
214.87430228490854
304.2078180317277
154.53243129907924
204.7830582778513
145.4612542715046
7.041145289917324
75.3604112737223
109.07953780139277
120.36220513433459
114.46086285725865
103.48142502815723
190.90079956221842
104.1257252739203
356.59657433179865
425.54987295835565
79.89956213299433
79.9159731892936
404.7598042890899
433.6841291541136
404.0305287948448
433.76321154205345
237.0569240805121
592.2903998760374
348.7360702276484
231.35919650687765
396.06022472341533
394.83749864193464
470.45864096258185
676.9144974209951
757.6330283877982
769.4272048260995
875.9183907229803
750.4158234762384
846.2378346210821
691.4033047088498
680.7289048431188
641.60776031616
641.1893025869913
577.2217018318889
555.1849774818232
554.8965081229703
557.6310727454448
689.013080329952
511.90555036103143
481.9654505900764
418.0954324757453
548.3724628434472
535.9781629490982
536.3997738898904
536.2333888299914
541.7009276357778
599.6846338053499
522.1172117713277
436.74825075442214
437.1288595565848
471.50550786523587
419.92058848046577
364.4597617523628
288.36227220008146
399.5117722160306
313.6499381936028
388.6951456341143
300.2964699734696
755.572437081696
700.1639979740871
759.0739306893798
750.5181478721199
805.597566590721
775.5435924109743
783.070384584202
809.9897484489002
825.6698288783145
826.2941536578695
817.7412990852554
824.9282857928232
743.1967031377504
738.0442540826803
656.8595281826183
751.8167922968125
765.0105069758656
768.6633388587019
800.368899910057
921.5309847977715
787.3602452312896
780.4213506776912
843.0807111135771
725.8079558233876
778.9657195573168
868.7032626698262
837.0284718058431
714.3198139193161
620.2180252703113
719.791459014488
775.5453110699091
33.27230026074358
376.0619384345962
348.9630193837861
146.49900196635377
280.1055748946568
510.89756793454546
584.8151728988486
637.3669253742826
635.6529064294128
561.9109215705295
939.5181310474319
778.9897250286888
826.0774553655817
809.2949694982069
772.6113726604035
1067.8723054726095
960.4215047469474
717.1649224521223
1160.9382838984195
711.5332871982712
706.1419188001541
1158.538459456951
731.9689242016666
894.6776495191841
1002.5576572973127
996.5730949081101
1014.5984954963599
983.9945007415524
802.4358013987053
1249.236223567273
1184.9167324293314
1204.6279665359134
1231.6172148182497
1245.5605979815423
1170.8924484870347
1159.790144557911
1076.8690858284272
1045.2088432976766
1027.7385239791167
1028.7455157225268
1021.8406396907018
723.7471691585422
712.5870425248465
558.2739036260798
169.82581340846002
252.0534278257993
429.49991167049484
461.6904138186902
234.38014661824627
563.529499293602
542.3074631681254
530.5963516126608
340.1644101244341
320.43506164924594
304.4776351097646
208.6533185422669
229.6221378811784
240.58918945801372
290.46335321712036
479.9244756133465
490.86502928409436
436.53714982491374


