Rainfall Prediction

570.6036360608144
559.5212598077244
555.664061805319
503.8784517392151
478.97787836262614
470.09166321689156
471.6315609124074
470.22944463223155
471.5690478438019
470.039229025011
473.9071030147844
483.9818799083876
454.3737851373504
448.4729074099677
422.73070475931524
443.33198324175027
373.45878331932016
387.3516141720039
451.2913659489073
390.6399260727203
423.1275691479265
440.92348881908987
328.149975304104
322.5470751691126
338.0576800767096
318.74712486478546
338.7698590144614
327.6273975957822
322.48754908094236
284.6239591006213
275.68795785039265
305.9447357224606
293.39709461385945
254.80813862304316
253.8188499960178
290.5741898048281
295.9634060439047
306.2460451964589
317.093792331663
301.5970290946487
315.2927594492312
329.41580623519155
446.9881524451803
621.0922394549433
710.276699440716
694.3974715118584
732.4887507350387
723.9218646962541
868.7427817817744
791.5224189580955
784.1061946110185
810.0191478424169
778.118307338672
801.170466318621
943.163928684703
1204.302561496364
1329.1091333100942
1319.09002921878
1306.7434080427702
1304.4127882720022
1311.273206032098
1356.9035424906974
1391.4279501001065
1399.9382235712026
1421.0302253719997
1391.446174891864
1354.5148241270308
1340.2819278854222
1346.6774502955618
1356.1729423803863
1340.6503185868444
1322.7759832523618
1323.4258540332753
1215.8451418183076
1062.513745024223
948.6509297554767
968.7063873413981
1016.5235682612393
1014.3772593455744
814.5209103643974
828.7969252480426
861.5909797636018
848.2317816635441
828.7989431072953
842.1480982732658
693.6864145590102
447.795945105643
317.55037169990715
321.023495168775
306.819907797803
311.72107005318924
308.2890091372364
274.34588768576936
234.3357537169974
221.4377619168555
248.3041911401823
269.07024934872186
261.1637200686989
260.29785819402
260.27946240968936
275.4357864477197
248.85155759510585
243.99280160575347
254.66592249289405
233.9600543762576
261.4998960150042
243.9562895699803
222.19256498991578
169.2383624266246
175.61531157280862
166.14552384031342
185.40460870869998
154.88520977669444
139.97120077497
172.92522535762185
282.481129092851
316.01415263719326
292.99032684414817
288.2565189605423
289.33322133884514
322.49031551092344
328.52073233006314
300.17357007929724
289.49093154522717
499.20301588252374
601.3541509350669
588.3564642310788
594.2096834919474
648.5318917709973
678.1589782024539
720.4105850494134
732.1931912892627
728.7854739335332
710.4841326824303
758.0151150729162
778.0831280660329
813.4843491614024
956.2448083750085
926.1431810506722
999.1535220709841
1113.9419894985535
1168.345676927579
1142.0505251818508
1148.1283899984792
1129.7457251003216
1115.7004967447945
1017.6502825836102
964.4353504292059
963.9323296301532
966.2254628500788
927.5093174883656
961.3847868403303
923.9485731361458
934.1735317584253
938.6713454778107
749.9269843180358
614.4224005238275
824.1269938945478
941.460458725556
854.6156768700739
848.7905004554309
995.1631340889035
931.9887872253723
1163.361728871222
1192.5546062059852
1178.270411432342
1174.4830461465674
1384.8354218879413
1242.6703479889234
1261.3764890985653
1215.7044540509294
1169.7073645751318
1246.9553250216957
1478.8030161567542
1604.888762883131
1710.493370749915
1833.2137776336963
1926.6817849015736
1920.5505005623584
1935.1025098521682
2012.24899354491
2029.967531932992
2084.1885289316597
2161.8665374776883
2395.8280550227387
2380.8486819089635
2406.3690902275603
2413.828323736358
2240.949382585599
2086.0868094508924
2077.6962533774986
2087.9789862171265
1959.8204551071021
1993.7831792303439
1844.4902482051832
1800.813141884517
1801.5165036233723
1904.4385855744563
1733.2259239877096
1796.5613718739103
1822.8187730701125
1770.1008299427767
1655.6871911733988
1587.28662496806
1342.611474523016
1254.4540503825685
1208.1728475137654
1060.6519484791297
960.2230778124778
941.6392548865222
931.5022982949973
930.0530835350893
935.5004617531049
931.3337825152878
871.0588920514685
621.1700790882971
600.5288187917256
603.4908716719705
632.0636474690882
641.325239149657
621.8099501578035
600.9744056354743
643.0935911713299
610.077159486125
602.290056127482
484.3543986893475
514.2716248642267
493.51693737465126
363.8569084011174
375.22464204861325
328.9063325093259
305.3741280171859
282.8326159639357
310.6725410667117
293.69563675695804
271.56804443498754
251.7708291749962
356.11253811435614
378.60177312816944
518.5794641921937
499.35386720433075
565.9603636930284
519.4918906666003
713.2788540986132
695.1247449708459
689.6753503535094
664.9610741447607
652.7047759317628
690.8977587842772
683.7207152417254
650.5537419869999
678.062830431634
674.1466980405648
667.1994090280602
721.72346607341
742.3127587001496
764.9353883392865
761.0873063257558
769.0600387167559
753.3892031579952
724.2437715538491
737.7169774225199
716.917516060393
775.3723706385334
724.7453499736118
739.5841121867024
728.5775649966597
755.8181363523154
672.74080128134
627.490106076513
491.18609706013785
489.2122806224208
440.75944486573235
406.36272442133827
217.12894055690293
153.28097798690442
157.4607947672841
159.5853216696196
184.118478037888
344.20240741257254
434.15745103498455
461.7789514162673
524.5060044125221
661.2368421683103
731.4306821674984
663.2837682266298
669.4240902980796
756.2809754759741
755.2822643724772
769.3337414912414
781.1762341328005
770.6827942192643
791.9718064085426
768.9488320348795
784.8087159280992
810.8354023167885
752.690420813666
802.6586620774649
768.7771502653272
776.4154175527204
749.5704564755065
777.1024618716293
797.2865632751945
756.0968564178501
753.8322140977758
755.878471857212
778.5021228926677
798.2812949067228
899.6039920243808
1130.6437501545552
938.4617050414221
843.7103227833577
978.4414347670106
918.9832041682488
824.5519905533199
849.2755490869594
803.570220590137
777.8579819082145
705.5539249002923
688.9580144890319
691.54540532653
679.2335102645108
713.1349734926857
748.7347829034171
767.666608287331
746.0770974372915
773.9237956524601
764.720310521094
779.4901548964085
748.3165118972552
765.7590784395728
817.7779422634729
916.8049034731298
968.2437104887885
966.5860135437784
1060.218399190367
1053.4700810202185
1052.84362857
1027.146618380482
934.8878457329599
751.7579734511863
746.7378316969597
702.9869368617498
686.8462564188627
752.2691416312898
794.5091043369218
708.7119869713946
737.8858836556276
739.2776784957881
717.1410126552687
875.9352581377581
879.4411855042398
923.0799273523088
982.4420556441813
1059.9008263154728
1048.0539322060783
1055.7778739816013
1124.1867868312825
1205.112518783298
1275.6023848119805
1289.45691289216
1274.9801796717086
1254.1406901358262
1126.5300186786972
1109.8760156678184
1132.2537882541997


