Rainfall Prediction

763.5201102939778
795.5201102939778
822.6250353378423
708.1954469538167
728.3866342666598
700.4476632339696
640.5961736264446
626.4825794755844
592.6461847637124
668.7828767680803
712.5663269997019
714.1835931288493
745.0966713522939
892.352943106219
1083.9814921977854
1156.372523209074
1316.4349151283664
1164.9312509986503
1272.523638401873
1601.5424690609664
1697.6359037655018
2056.8632111090756
2189.636748044387
2218.868955377072
2161.5252425147432
2186.956764908188
2163.971616713155
2308.7992007783637
2419.543764472855
2457.3982525606775
2473.6460640994496
2794.631446531881
2545.070461781628
2486.848098731364
2430.1911508448893
2478.152335450297
2436.7353767743402
2363.606442991363
2509.1627644902555
2611.4671672539002
2430.7982129901943
2432.9635178761323
2408.6560504760796
2300.774731915249
2033.551687616612
1755.2137382684273
1702.3447598322807
1626.1283476302224
1541.713385603773
683.2798979784553
639.1808958275894
600.0164810423437
612.338674181065
279.0723163802728
153.14581565215678
114.47219054702943
113.17007835710979
114.8887824700917
104.64282364331737
98.97057550292607
104.21734310225516
105.76763422127902
101.76763422127902
161.76763422127902
249.76763422127902
250.01219330881975
250.22668877499197
250.22668877499197
250.22668877499197
250.22668877499197
250.29446918070022
248.47471191587417
248.47471191587417
249.7383865041171
233.5713744339486
232.97626984849427
254.21951811795887
256.376107582514
264.376107582514
267.1663783151692
277.1663783151692
341.9583152331272
732.3735464897914
1023.9897948556636
1094.6209831245728
1172.4148737476407
1235.4312667664021
1580.3621460256377
2086.611924974713
2449.1508980207827
2471.497126341863
2504.5201102939777
2511.9651021178815
2401.4741302385683
2344.108567533594
2289.4973683481517
2267.2863616701475
2263.9545219516717
2276.9545219516717
2297.698993277254
2263.541190146943
2241.903757089444
2251.9363267792814
2327.928525816438
2201.8452368032085
2116.219518117959
2190.37856687124
2137.37856687124
2177.0294032886923
2386.0294032886923
2488.8015151297764
2479.8390544332547
2333.8390544332547
1935.5337735076594
1725.0713830755049
1670.2452529743946
1557.2452529743946
1499.2452529743946
1399.2452529743946
1184.2452529743946
954.2452529743945
1035.5325994545701
1314.074023338383
1308.3666562565054
1295.9528091794948
1303.6754378372798
1244.3761075825141
1282.3761075825141
1334.65268628058
1463.8961246217527
1625.2402064892824
1645.5527267879434
1694.4767985741632
1675.8998886412874
1559.6577599058862
1597.6577599058862
1681.6577599058862
1670.1277173056956
1823.1277173056956
1777.3556371690947
1597.3556371690947
1374.6736688497547
1419.322004603461
1540.322004603461
1540.2344855372473
1004.4345494804537
1233.1916017074177
1463.1916017074177
1511.1916017074177
1517.3818119165458
949.3818119165459
1843.3818119165458
1587.3818119165458
1513.3368792319848
1380.765967643581
1354.9241552663086
1381.3511280746354
1176.1811400601798
1124.4009874092665
1044.6097007786332
985.6371854605716
1075.6298997533872
1075.7243970883044
894.7368032170269
943.4487226558156
802.4505067776091
798.5050801417229
792.5579038534479
756.8724749318501
751.6898140621696
765.2660640547732
745.1350566662951
758.6146589867927
787.0442339221328
669.5790481610036
670.2171224787197
688.4227658628155
689.2374241638857
656.2374241638857
599.4020299860448
534.4741302385684
535.7213595499958
458.34313619501853
466.34313619501853
352.0
362.8187996428785
393.8257569495584
414.76605857119876
354.7074417675062
354.9583152331272
354.6445169982864
400.946778377222
362.946778377222
380.946778377222
380.946778377222
380.946778377222
364.80861865255775
356.8739001512008
351.7411310053621
351.8705435991297
352.2204817035021
341.02626874725297
360.8998997994986
596.0372260402149
589.5559526545073
608.7420699521764
619.4732503974828
619.4650406320565
617.5293342040457
617.1715275581895
621.5458703779942
638.0998753115268
637.8497176903426
637.2173431022552
617.2173431022552
627.5253530032642
573.2565782966318
510.5808937493144
452.3095162123553
443.60601043544625
442.5808937493144
483.2767142944341
428.4965751817893
481.7695526217005
469.7695526217005
469.7695526217005
477.7695526217005
482.6173040933696
490.66533331199935
498.66533331199935
553.6653333119993
553.6653333119993
553.6653333119993
536.0788655293195
548.3015123084467
576.0803694300902
610.0944739819828
687.3630833845389
729.841775856849
744.841775856849
950.841775856849
912.0405183549043
247.77381679180428
287.7323840752631
280.9806660966182
627.2366711830141
615.9191565477577
674.0150250005389
673.4598483272946
592.3430709408802
546.6571591454232
546.2345354421402
496.5070315779178
492.0951038411013
839.7989488559991
899.9952679546702
1174.6502166092826
1299.3460452760344
1929.6012727362079
2126.4120166585317
2174.172270630791
2065.2855805656263
2089.486323700579
2068.5068549375633
1563.5392240873718
1534.5511871154931
944.8361984012481
932.25877898554
818.9949318355215
773.4867627111734
892.4980398904978
829.9315482756115
820.6210807651202
1442.8482342715508
1387.1144536998825
1301.5144979765373
912.5903104507755
1031.7858891480794
1268.9508680960196
1328.0304685382998
1455.8975012750404
1529.5707595571341
1544.330320285214
1564.5897278450173
1565.7842567766386
591.9648679127725
528.6311376740376
544.2241101264384
437.8189971066589
208.064140488396
50.33450959219165
113.4448348670092
517.5075882412771
621.2424708315499
1009.3412570532789
1080.9515750810842
1165.1770064027037
1532.1612048707327
1464.3245927164203
1354.6129745502817
1334.965292994341
994.8610853896525
1012.8542691498702
1032.9348457534147
1185.5152816928544
1128.0810066366207
1177.6736495313646
1212.051632717934
1093.233605069918
799.6578310977025
739.1624225493947
707.9267413453802
650.075989122382
627.2251961939604
428.44156983610355
428.67799975992034
453.6496684153226
360.6147717043275
303.73113226137065
328.17591647527297
338.25229276569286
288.88470443409363
272.8708112691178
0.0
0.0
514.8510515453765
516.8510515453765
503.85105154537655
187.85105154537655
301.85105154537655
408.85105154537655
740.5253530032642
93.75341603502912
323.0766180733016
364.20539800561613
240.54408496927743
292.615586010758
903.3906971412903
1011.1812684170862
1112.9442186038393
1134.612156611197
1130.581547983374
1168.0756932232111
986.4454840723281
991.09537876124
1178.2463731086698
1215.890915334261
1249.9601966460307
1453.064847799878
1568.299974384294
1615.3206487214566
2011.0
2178.4474968323134
2125.074409183759
1956.2863616701475
1873.8196748283247
1809.0192272145598
1790.2111099288265
1843.2111099288265
1665.2111099288265
1562.2111099288265
1560.2111099288265
1358.2111099288265
1245.2111099288265
1070.2111099288265
1265.2111099288265


