Rainfall Prediction

575.371856363133
550.9226411722451
528.408964257907
500.300307312902
502.0024473254635
502.40367944587626
494.97341466656883
483.41546500611827
478.5910652062923
486.55626997553054
488.0064732048464
490.40305006947784
456.0942979012573
455.84449726501174
455.6301965772083
455.57374394253713
417.10627040639713
429.68358863803803
80.91062577880876
391.08758747443983
195.94429681349067
221.62667333800985
90.65823055152492
82.05005074757688
82.90987912784966
91.79051062313911
100.42965701997916
104.20188093634015
111.81589632537744
78.66702767248346
71.1267775241983
70.33761505816456
88.759918609171
52.85726792015823
34.58540178830658
94.45754459345153
92.53204500014955
89.90390554137511
99.4125924133754
78.1966676729308
130.0411417366935
76.1991343872109
215.1942479005407
278.24196501677346
332.15594768138055
308.25203443103914
312.2692540877317
321.4319564862707
474.3244246724845
440.4254936317168
501.7430944953419
509.77190533799774
477.90205599424337
489.001967747185
229.17490448124903
516.3712277021629
248.41068657627574
250.17748257962066
248.7243650014124
247.6278810213132
136.96243877837094
246.16174829957018
278.2021914320758
260.3208767852102
243.16492245455183
361.94624807719157
359.78366685586707
360.40442717465805
313.0379601708806
294.3580222254228
558.6275706871685
383.7202260552715
523.8969127183805
229.3331610109204
216.79624581850922
521.4663980194964
246.1656653358719
326.36925906554615
335.98574537030265
121.25920946181525
384.8596067787825
272.9199426507225
244.52303379089074
276.81452442612573
246.8272899019165
575.1003721345606
417.93146746537565
339.40561304577994
336.9090935331035
335.0532041992749
343.0524390808425
360.51600221639643
339.931231813363
352.2185441630248
358.55555744166685
381.3546411343409
348.8392468038211
354.60141300646876
361.13659355830913
374.1157761029486
363.51862250650953
278.75197742745155
262.62191751891186
231.12144303413805
227.3200696127295
216.89152325880943
216.96616788652702
227.40212761370728
202.03952054309627
194.8692037766732
175.8002835332358
156.19868513744638
129.79908254292764
130.61393908851127
140.13195022735883
171.85441863953116
190.77948718506377
187.2430764498748
163.40536107440067
151.8613278986506
150.05201619428018
216.83774478620765
228.54348546467583
228.48166375292772
169.27935580487363
222.0876874842101
233.39169247989093
236.40624971043124
262.56350768075515
272.9052127919806
139.66594079252658
151.1003863587247
151.17778445858204
159.76915627856954
204.77526326948177
293.3995110307195
345.5881505141134
480.6318235764269
98.59518710259073
255.29191678137812
362.4936192050079
370.50172969406344
372.4854180199106
397.53611507389155
386.06306703816585
566.3567788374224
533.1856402085059
513.3483615603513
466.96378599195464
468.0947550660427
457.8744151516875
554.4923507786564
519.1191172694449
487.1587356261143
476.071881044647
746.2889938320802
686.1313819161759
194.3887275262761
366.9182354527289
258.7511172197353
185.03721417509985
572.7204204025974
531.221660619102
161.34422303403727
235.2821296319978
188.93924686060336
189.0511239355294
398.3779988723932
255.82477627211466
243.4222684043196
129.45843324581958
521.7143012265449
100.71500477470373
542.8127735352539
397.29331484211906
387.1309448640204
491.28325462226286
470.77671880671954
471.0990995953272
509.45018865136683
527.2767412617775
547.1919821650099
503.0521576679831
522.4555711654023
206.91207960129157
661.1962412164455
669.4300711740576
689.0847704059446
629.809662334862
605.1086231138207
578.4538810243738
575.2690383636993
467.70230237873926
487.0638715502332
442.24919772713173
419.82194465457343
417.2020047269934
463.65251129026007
356.09666441133646
383.7087438908454
396.2926866355764
332.5465624776691
298.3234290972558
259.55638194855413
242.46715274106256
405.97145908492104
407.51752078378325
338.5425430286042
281.6598019867935
284.14386421068804
269.5739469020486
273.06287435066577
143.55453084911755
160.71256209191733
78.42516438038126
354.0032618933244
281.1031230190781
52.49747637566807
30.944949318754716
30.834983077613334
22.72469562742971
133.49856078324885
407.359235273334
525.9381987280982
597.701677827334
497.5121549987215
502.8412890921218
479.1121446055467
403.035902126731
390.5402623757873
354.7896101278335
366.72946839424174
380.6583796046058
381.02615475074356
371.7810453840947
370.3471135078936
355.54261056604406
405.6840003013062
458.77970916652197
580.8280127329642
605.6444302996335
665.6719186415304
626.9465591291537
787.0935005193456
743.2099607750221
741.1430307090949
743.4799541334011
744.1021238825178
732.5176977369367
731.068427372436
731.6443697700975
736.6424936873407
676.0020762125915
658.2696664615769
683.1879420039658
659.7441991293056
666.0384517423073
663.3868277473169
665.8130174166275
662.3719703809054
653.8334619807358
102.23841540603682
165.52290962520794
159.80175107401675
169.3738262283658
223.5405941833212
218.4017681910605
218.78087418213707
143.20348482719893
81.56919947587875
538.4834478734205
503.58514487612734
409.8596752754697
565.3282266075496
292.5935070602866
289.20286976426866
291.00490139260876
292.8980531173994
293.6385090648694
235.71841794477018
357.2553152980037
377.5800114550279
129.84964212602776
337.18409061586976
196.87120067125267
403.5500793421787
396.77984588959737
155.60025610553706
243.76420767021554
250.08996169596247
251.680400507083
260.36889911335487
468.6808686634998
330.97471560859105
324.91657033046414
156.20886961899788
441.7219356522447
292.28093264479133
253.73967515361417
175.18455683738094
737.1391546638059
770.6790885840239
762.5248465345861
772.9848964284453
547.0941478530509
545.5389708769974
547.369369009024
620.2948013431534
704.6101342817792
425.8901399535098
262.9780520952053
86.21688017775617
309.3197479592405
794.7355272713099
859.6472769105854
896.2644994927656
905.746167505331
890.4305539773283
833.7751159213494
833.6309512177049
819.4805588255516
866.5347112667874
876.9554657775655
913.9043842494335
911.5966735321354
935.5959058524701
932.0278300924797
957.9719966229029
1048.6274507095075
1076.6900193753781
1087.131172021887
1115.2712465391953
1191.3317375928114
1261.4239062586387
1257.4352784774226
1344.1191824573705
1940.2416623252448
1972.8465647498556
1935.70002727592
1912.0409815520966
1475.8417126374013
1434.982989321075
1334.7453392772288
1329.6716825947706
1259.5183181321386
959.155709862094
840.0784735424223
817.771352184454
820.8844066627335
818.8654746156374
902.1731419111032
898.4031355880521
824.1934657657752
887.5831918478813
862.9094506613395
863.0536478276982
28.47323617993922
222.0101495812231
346.685838283239
436.2587275567282
451.8665936602763
445.3649465290831
459.8668808592027
466.834667058174
456.36101041232547
468.8816378327112


