Rainfall Prediction

785.0749170029759
814.7586078315821
807.0666143027083
757.606479693154
727.9200295750572
689.7063305777818
631.1438404869673
664.8650738508626
613.3782143392525
683.3889433603536
780.6889995899223
763.761318282667
735.1945643595288
699.3518600302428
663.2768203516985
675.8971923101453
545.3686527464429
514.455523076371
575.5153400586397
0.0
0.0
0.0
0.0
580.4145610957239
827.4863483452293
784.3629851386098
628.0949611866513
577.2532703035114
260.70385020415233
0.0
0.0
0.0
0.0
428.2832068932312
534.1259460747062
574.6465612830931
620.8955349375447
650.8928291100466
617.9621808637146
671.1089503483138
660.0339782532632
633.1715329294703
655.5918611501002
674.3796813291693
686.553495018581
710.2228892259366
680.833472901929
681.1229865748369
618.5688535744214
557.7272593815562
547.687655463808
528.3838531907261
268.12113503277976
0.0
0.0
0.0
0.0
0.0
0.0
0.0
0.0
0.0
0.0
0.0
0.0
0.0
0.0
0.0
0.0
0.0
0.0
0.0
0.0
0.0
0.0
0.0
0.0
0.0
0.0
0.0
0.0
0.0
0.0
0.0
0.0
0.0
0.0
0.0
0.0
0.0
0.0
0.0
0.0
0.0
0.0
0.0
0.0
0.0
0.0
0.0
0.0
0.0
0.0
0.0
0.0
0.0
0.0
0.0
0.0
0.0
0.0
0.0
0.0
0.0
0.0
0.0
0.0
0.0
0.0
0.0
0.0
0.0
0.0
0.0
0.0
0.0
0.0
0.0
0.0
0.0
0.0
0.0
0.0
0.0
0.0
0.0
0.0
0.0
0.0
0.0
0.0
0.0
0.0
0.0
0.0
0.0
0.0
0.0
0.0
0.0
0.0
0.0
0.0
0.0
0.0
0.0
0.0
431.7077169238477
521.9210447396309
490.057664898013
354.43247526869345
452.78667446167293
445.0175973406308
429.0692754984468
425.3072919227319
424.5510515908506
349.7484584299971
0.0
0.0
463.40133254750396
572.5228759139635
602.466577632118
617.4297984487513
634.9223717573524
586.8126195030832
568.8743535219846
624.8416494267459
661.0214840011262
626.9262505026584
657.651391899216
677.7403157682348
693.9805181899029
628.8327423590935
617.5851155582426
510.72906523236355
500.9690916000214
529.2660979950338
554.3915257237024
458.7707103589359
453.6027180155423
447.471542204902
468.80102787553705
434.1347800087372
443.9644512497199
437.6770007451417
437.6770007451417
434.3229068474252
448.74836736097546
541.7482978871702
558.5085116562609
518.1789748550781
432.43118702797756
406.91160495080015
544.5031336719417
516.4245732330577
526.8735297704826
552.9807964110297
534.8036533290126
516.4917460744196
563.3471317679464
536.5876076162793
477.2933841504529
468.06701645332805
464.9841024344136
444.65443765883975
473.2301811649471
235.99454894421308
209.206399619752
0.0
0.0
0.0
0.0
0.0
0.0
0.0
378.6930843625827
341.45804845801655
496.05008367383886
499.509862543984
518.1278074659815
544.3412069988514
551.8123354846554
557.8680406818031
603.2043288369617
560.0247173448201
708.9453318458143
705.6128061733599
682.7924643064912
674.5058339173864
671.2498188482292
564.0283517960776
565.764038118488
795.9057158722013
771.1908064073405
790.6006846379257
799.7420856976677
791.7398357370249
761.9650710922956
753.690293248438
749.6911281180347
718.7033242273947
718.7033242273947
707.045544527927
710.6426287177674
810.7866550075867
796.4902579432817
736.7547197642137
801.7659983888436
784.3954503083635
819.0449692017934
768.1808342621655
698.2140087203643
688.1804907527566
688.5200603983501
827.5507034017357
768.3977221977426
654.1845173892517
655.2734598749589
705.3262840541958
727.7032987336244
727.5112322733498
719.9187599036065
719.165232231126
510.9237160680977
509.2367218381661
522.3535382875149
468.7874507610297
458.01460632689447
405.42364377234554
401.96388494196617
386.0432723999519
0.0
0.0
0.0
0.0
0.0
0.0
0.0
0.0
0.0
0.0
0.0
0.0
0.0
0.0
0.0
0.0
0.0
0.0
0.0
465.593671901111
660.1001406585291
683.7873177144359
699.336109250019
722.1161984992947
800.7591436888915
614.2129417487687
700.6015552445032
687.6044682972366
774.6741172921678
771.4449232634449
807.7885631990436
950.0876285980163
958.055921429836
1081.569590652802
1124.798312156582
1146.4833451249963
1224.9570592763546
1234.5693319665254
1229.3680973765263
1294.8973751236883
1313.1689322950856
1323.8131246975854
1298.6610039588008
1291.943306377106
1149.3735601096664
1113.6591648314143
1105.6132890736078
1076.7740544574676
1089.899894762497
1068.551699887737
961.190516438379
887.3994584229127
873.7751992549564
842.5110080698715
775.8762508054796
706.8284095041391
807.5418430059516
794.0090919630566
865.2423567273873
860.6359460559748
860.2121689675583
838.4424329199062
843.3041458335472
817.247821852626
772.9970504011883
786.0095428931628
788.3084033761037
776.1113680747422
760.5505923686379
755.322512502091
803.9385624179512
783.7801802652259
748.9425523093078
487.92066027594336
517.2763312392964
497.61695920390235
490.84493138523897
505.48177955844545
593.4475028924371
617.1244021710954
622.1887598197824
734.4636305635366
816.956475018557
843.4150472964769
961.3103484351917


