Rainfall Prediction

636.1539744241945
537.3619102390053
292.9990158643013
294.65085825542724
318.35643941502633
315.8292824957879
347.07387573158866
355.91656484802036
385.5970558000815
505.6931521942856
678.8360984083125
920.4284766832798
1007.5685030110162
1222.1919924008064
1263.1099378368142
1529.8589412597764
1532.0824146990092
1405.6985620615744
1451.4533268461146
1627.4517428745717
1624.7394685412519
1598.5192473076454
1706.4084743804149
1519.1745915828124
1588.765466496431
1653.363738706783
1707.1713988422828
1690.2667395992169
1683.8533186347909
1807.1496568893322
1809.9727147583417
1835.9840736368692
1951.717732336028
2024.4747503128488
2125.9162478120065
2129.4934740200774
2415.762428462435
2449.276224241401
2565.6183942410594
2551.6510589176396
2549.8966207130316
2420.5268262412064
2292.5626202543085
2210.539240040716
2000.1494648093123
1999.4881964534084
1759.8252972994333
1680.3023602790242
1678.506132074559
1687.9325102088847
1688.0080098165809
1744.6076421684156
1756.7826591028852
1617.9082518093296
1544.9082518093296
1360.1132273498256
1119.959817897469
1133.7664008645925
1108.1852666475988
1003.6139293010564
960.4905869804884
963.470991305443
938.9810157528033
746.3349962793849
591.8837983996559
477.8568628890363
482.27250525155637
263.26460064222823
253.40063811306786
154.69565867510494
181.91131340664185
298.7706034306883
547.5746837730331
714.7373277539142
639.9380555241283
635.022885511722
589.2180049199333
683.4038290681463
687.1541335916202
588.3436883228503
544.8159163752139
431.7758367457527
167.4726923621855
207.71574781696847
259.44388425298143
347.2504038459723
658.7740219451538
652.5432340313848
598.0976097774703
582.6072666325722
845.557013513189
769.7802857984627
593.0049778470586
630.1554601640645
609.3936495055862
0.0
577.2251062637563
453.36708894796607
767.961483240864
778.4983052614316
762.9382372240964
164.4364386584998
61.94551555912358
372.936592545356
248.18081073223834
189.86000424611342
178.03927346069509
165.17930979842157
164.90803482126336
123.30300424084896
168.64659294466185
147.17264697735772
93.42278488152888
53.73126963252736
21.54258560955904
151.37535046347477
138.49163685963856
139.9461854621615
98.43276014883419
145.3584305129477
178.0
120.19618212627219
106.6998136352077
105.6720492096042
148.0
121.92876190246913
122.72078849203163
120.3682151158617
121.99478531199219
114.14507864420608
110.8177780427236
112.87297383344476
114.28708075021686
115.19903845387881
115.5827636765743
90.7843260484418
116.89388161270752
124.64626540316036
116.68454897673416
121.78394279480024
95.61150820522167
113.35730532474423
125.0411238485834
108.96899832212765
90.47783586419712
82.0818782679038
77.5848891815532
0.0
0.0
0.0
0.0
0.0
0.0
0.0
0.0
0.0
0.0
0.0
0.0
0.0
30.226491520847276
28.650676957749795
80.8740452086727
87.37122581334188
15.313942293079151
34.40184351082047
103.20064834179595
99.12543177922612
95.05904228825261
89.33046054623952
197.04791460740196
7.233879751676739
0.0
0.0
247.7391391183921
190.0492937155925
229.92149228972806
256.4454861502882
237.20852559038886
235.4957237641617
245.0029004693582
259.2376639156819
264.16178370536454
238.1794190983881
238.12599719155367
236.38459764508477
184.27935637519803
161.10963107465642
227.26224154872182
245.18098042858233
265.749854625611
264.10434468984874
277.07985382693374
482.72561031721045
581.7868781977609
765.4353622119174
774.0284768168602
775.0840395441726
760.1504314172325
710.4287389767716
704.7225138169456
688.6495334292053
544.956505036179
625.4403483878109
620.2078419423625
816.2002508496856
1021.3138846344874
1216.0013723968723
1268.8405509324916
1316.7952489280885
1315.7952489280885
1446.379883527623
1064.7783863282373
1055.0655868094393
1282.5661392051454
1295.681684713815
1207.8848720240328
1335.9207170748077
1373.2703560465748
1070.5299143484494
1064.174989980248
1279.453485016383
1092.9962367311048
1050.318774547004
784.8161557748409
489.0933231038553
503.29280667783826
509.60368826627507
505.109659643963
508.13950294088056
473.4244313684177
473.4244313684177
422.484022699825
530.3082727678451
488.0795529124028
471.58934785787704
561.3737516813727
561.3737516813727
487.5742481368496
441.13860545714965
388.8985074424872
388.8985074424872
297.10232160240366
360.6791533388756
431.0
286.8070549904681
265.0696981005821
268.2375274962124
312.7524012954276
314.7524012954276
361.954517353132
301.3668653508131
482.2238228880394
401.4955619605976
436.79449541236215
412.301848248278
620.0527035139844
535.2259696404901
446.4794514995311
369.33839836763974
383.77395926603896
466.7399693370268
508.6261060604626
471.1386984423391
448.0181287413727
772.0532210801372
751.0245912403143
785.1108300600547
781.449637528938
898.1950054865489
1014.94037344416
1095.9403734441598
1309.5974391887844
1631.9050781258313
1668.1891984302226
1521.4064960551455
1898.0980869311406
1752.9529550609413
1777.560670758708
1564.8130796297567
1318.3184901761379
1286.5931520418999
1456.3358532598681
1482.6934382264894
1511.9347578062598
1448.388052819485
1440.166671003303
1233.2936305150333
1299.545785437797
1336.9362242265654
1421.9253523913605
1561.2002555000133
1499.207674583064
1462.0676254734485
1630.153709180849
1487.1510259458792
1432.6511235807448
835.263012245598
825.4224239033204
904.7693101057553
824.0864305918394
846.5049896513653
765.5049896513653
548.4738538118409
216.03301475710646
277.73074103401376
334.675333843707
264.566196285216
340.56619628521605
271.05255409040467
207.90437989769896
222.56475606915885
309.0576244853195
270.77694225709945
341.4374113351487
437.0072130724989
443.61320235195274
637.8937280050042
642.9776803733727
781.1007032925888
772.5668836699126
729.6438842875014
661.0371048329962
661.0371048329962
661.0371048329962
686.791797229087
795.0935806382893
882.7205211879672
1113.758969228069
1145.7514547298101
1179.4870070408201
1104.8214689035008
1184.4274178400817
1075.249249916291
1014.9271489348994
1051.1496690067008
1051.1496690067008
1495.245782174958
1496.0898600732219
1847.8329552317605
1874.6134651172238
1871.9901635114502
1816.6196993188487
1763.6837850596576
1758.6020883824044
1678.9888404387707
1625.5389858496433
1670.5803570525045
1561.3238784915602
1473.955720579686
1251.213464359208
1117.542146849869
1191.2708845756968
1140.537551647991
1101.524539135506
962.7888268512204
382.2113596343968
152.2789412679648
648.5891236875036
165.64462256014576
391.4464289366731
497.97527429284105
563.2802596291559
568.1151019816396
577.0735666707174
580.8935318123065


