Rainfall Prediction

1127.0
1119.0
1106.0
1050.0
1413.9472150286979
1461.8944300573958
1440.8416450860936
1577.7888601147915
1493.7888601147915
1597.7360751434894
1500.7360751434894
1486.7360751434894
1485.7360751434894
1503.7360751434894
1523.7360751434894
1523.7360751434894
1425.7888601147915
1468.7888601147915
1520.8944300573958
1279.9472150286979
1263.9472150286979
1243.9472150286979
1100.9472150286979
634.0
602.0
1373.9472150286979
549.0
519.0
535.0
468.0
417.0
1016.9472150286979
802.8944300573958
584.8944300573958
604.0
537.0527849713021
573.0527849713021
512.9472150286979
517.9472150286979
519.9472150286979
519.9472150286979
519.9472150286979
519.9472150286979
526.3167098278127
517.9472150286979
524.3167098278127
515.2111398852085
513.0527849713021
517.0
556.0
556.0
448.0527849713022
570.0
574.0
388.0527849713022
708.0
389.0527849713022
474.0527849713022
493.0527849713022
418.05278497130206
425.1055699426042
630.0527849713021
645.0527849713021
481.0527849713022
344.10556994260423
513.0527849713021
449.0527849713022
652.0
652.0
652.0
652.0
394.0527849713022
420.0527849713022
471.0527849713022
500.0527849713022
406.3694947991148
394.1113988520847
391.9472150286978
391.9472150286978
425.15835491390635
391.9472150286978
391.9472150286978
391.9472150286978
391.9472150286978
498.6862046269275
555.2639248565106
512.9472150286979
514.9472150286979
528.475064741719
577.2111398852085
543.9472150286979
514.1055699426042
556.0527849713021
505.0527849713022
736.0
492.0527849713022
356.9472150286978
356.9472150286978
356.9472150286978
356.9472150286978
359.9472150286978
393.0527849713022
406.0527849713022
413.0527849713022
413.0527849713022
413.0527849713022
370.0527849713022
444.0527849713022
446.0527849713022
500.0527849713022
384.10556994260435
475.0
471.0
471.0
471.0
294.10556994260435
373.0
311.0
400.9472150286978
444.9472150286978
563.6832901721873
576.524935258281
484.68329017218696
477.46923583223696
476.9472150286978
476.9472150286978
486.0
507.0
507.0
533.0
533.0
632.0
632.0
626.0
627.0
627.0
627.0
693.0
693.0
693.0
693.0
693.0
693.0
693.0
693.0
765.0
866.0
871.0
893.0
972.0
1100.0
1106.0
1096.0
1008.0
947.0
947.0
947.0
940.0
919.0
1062.0
1073.0
1164.0
1100.0
1129.0
1129.0
1151.0
1151.0
1151.0
1151.0
1151.0
1158.0
1160.0
1160.0
1160.0
1160.0
1160.0
1088.0
958.0
953.0
931.0
852.0
724.0
716.0
716.0
716.0
716.0
716.0
716.0
462.0
462.0
555.9472150286979
555.9472150286979
517.9472150286979
517.9472150286979
516.9472150286979
516.9472150286979
348.9472150286978
355.9472150286978
355.9472150286978
291.9472150286978
291.9472150286978
306.9472150286978
466.9472150286978
466.9472150286978
466.9472150286978
470.9472150286978
472.9472150286978
317.0
484.89443005739577
447.0
468.0
468.0
471.0
471.0
494.0
494.0
420.2111398852087
417.10556994260435
417.10556994260435
467.0527849713022
482.0527849713022
482.0527849713022
432.10556994260435
397.9501294834391
480.0527849713022
483.0527849713022
483.0527849713022
491.05278497130206
479.05278497130206
1225.0
1237.0
1237.0
1237.0
1199.0
1196.0
689.0527849713021
735.0527849713021
718.0527849713021
866.0527849713021
689.1055699426042
582.1055699426042
647.1055699426042
657.1055699426042
654.1055699426042
1118.0527849713021
1134.0527849713021
1060.0527849713021
828.0527849713021
764.0527849713021
802.0527849713021
1002.0527849713021
1046.0527849713021
1047.0527849713021
1216.0527849713021
1199.0527849713021
882.0527849713021
1101.0527849713021
896.0527849713021
822.0527849713021
819.0527849713021
704.0527849713021
692.0527849713021
692.0527849713021
598.0527849713021
601.0527849713021
599.0527849713021
558.0527849713021
738.0527849713021
756.0527849713021
581.0527849713021
614.0527849713021
604.0527849713021
333.5336786225016
318.9472150286978
359.9472150286978
454.2639248565105
621.1055699426042
503.0527849713022
517.0527849713021
989.0
951.0
770.0
718.0
717.0
717.0
717.0
689.0
689.0
720.0
722.0
634.0
634.0
727.0
762.0
762.0
762.0
799.0
730.0
526.0
525.0
512.0
511.0
507.0
523.0
531.0
518.0
385.0
406.0
423.0
394.0
519.0
627.0
708.0
804.0
858.0
1013.0
1046.0
1134.0
1138.0
1108.0
1034.0
1034.0
1035.0
944.0
909.0
909.0
924.0
888.0
888.0
890.0
891.0
893.0
893.0
930.0
915.0
848.0
850.0
849.0
832.0
820.0
821.0
722.0
754.0
702.0
612.0
559.0
410.0
388.0
693.9472150286979
649.9472150286979
332.0
347.0
377.0
480.0
495.0
577.0
717.0
809.0
883.0
884.0
882.0
883.0
887.0
889.0
852.0
851.0
901.0


