Rainfall Prediction

1624.2122973110895
1624.1523166256534
1609.6253399401387
1610.0186426493606
1610.024811801332
1608.0041564871315
1611.5700888542742
1612.5700789119621
1616.6009496662223
1615.0122820056924
1624.6192289471946
1293.1876211244316
1161.0609314976791
1009.4531182508829
883.6501302553079
809.8779841662229
669.9906060952567
652.281829038483
647.6891559573965
384.48215869826277
376.08933709505015
268.8493102991341
348.31515554890433
491.7063415720687
715.3053420889877
733.6902076371945
749.6043702461387
795.4384724123664
796.2285547392726
797.0258146337673
799.1264300708143
799.1069803692394
878.9878286656559
930.3523200950722
934.2883209609532
935.537891213132
938.0170788399096
938.5381201891089
939.8800379050078
937.1024067391672
1044.7938838644375
1082.3758247082503
1148.110664326421
1187.8919475222272
1284.581639728725
1485.1575665659618
1485.1575665659618
1491.0866270517135
1485.225149488807
1477.3437462469274
1474.4734013852483
1475.1916075897407
1475.205506770653
1273.3071051871273
1109.5730988377431
883.5839153407563
1082.9719908080212
1602.7282173066883
1676.6764181539954
1709.9565062434058
1746.0996337145205
1745.586857065113
1745.073066017777
1654.9529664853508
1345.7732407919405
1589.9377675781602
1589.9362124455527
1590.0100276295234
1588.955625655502
1343.1869373629033
1343.1117838264215
1245.4200676237706
1198.9452520651523
1117.160643453533
1067.1509121294782
961.2343464844787
740.1737694501685
743.7387852795835
758.4444362419873
765.6406346185992
802.9437942117711
802.8746293520555
801.6531529248805
800.8698908491399
800.9010596218397
803.9052962064446
802.665287128181
588.2555197283036
320.07702662886584
223.77632291831605
198.59939157908772
171.3777070366046
207.80625034805513
211.11739501104654
209.51944823577145
209.49487268151114
209.40071330386974
210.92419909537912
207.48494702561402
205.1598384441797
217.00375915543037
223.4642036618668
207.16408628289102
217.70457901922407
286.7107101968653
311.9715087448027
314.1236648374211
357.695339429221
352.6184403284557
331.97429992125956
368.41885898341457
350.5430796059578
353.5536674664348
360.1300965869072
367.8403110077613
368.6824219783402
376.31823395496343
369.30740805244545
380.51304891881676
385.9154146685147
380.8669160841312
378.34066368418587
378.84906590232737
340.59326872065105
337.97498283283863
339.5395466468184
339.61842636937445
343.37727777852024
398.409094566735
466.88502676146874
466.8870346862241
454.01659831283894
448.88432608775327
452.83257025959375
445.16293352418734
373.57320983107616
351.6491024449948
348.50046746114856
300.2751039112515
299.1474588126292
297.5809647960074
253.44389142554297
234.6304847628719
238.5003549546724
232.88468056003546
225.689945146036
224.8375633566305
214.3207510248801
214.3207510248801
203.19639577285437
196.40628158433006
193.6419838343653
341.4588100004155
482.7783118427823
524.3231593416408
540.5954730749852
573.0211043734585
737.7724888662967
805.1125171383123
782.7172664810206
714.4455456412556
714.6011678199254
711.6083885502818
709.5504041967177
706.0580535740485
702.6853383955552
701.7537319550156
697.9191465396129
729.2669237529801
761.5426056019606
777.3587530900149
792.4826936821421
821.9735181895006
841.2471129966765
836.7936104531922
839.0924931137009
841.6978593729957
890.5762604202091
891.6111192602308
1091.2541079621583
1332.2889343205716
1394.2237708100206
1394.2237708100206
1350.0551546601796
1208.915307349129
1416.8523276204314
1426.2869338974356
1482.9800905288594
1315.5703349947214
1287.8876621651168
1256.9307792891573
1257.6685650650008
1257.5946763399968
1253.2279678034101
1253.1445083265219
1253.141949340018
1253.1412508131127
1251.8543875671867
1250.7631864999764
1220.1835931658645
1189.3500737463592
1174.6193138341143
1155.4543114895785
1125.756116094683
1107.3945697775455
1107.4856075121506
1107.9540643444766
1106.0790243728707
1056.7624228977431
1225.8627364800047
1024.6339554009235
780.2366757978959
723.1818202262132
739.1974418882548
625.6962433149174
637.8851944679755
397.7010426304237
366.94636198503486
301.4271818266971
304.1694865868164
284.0749864469065
280.6913351080085
280.17489481538416
280.0043102178048
290.1262811046773
433.60778140681873
436.01256403996763
632.669986765156
655.9593796794925
703.0850174112722
700.8812441417735
727.3545394140652
748.2055352128832
748.0366464472015
756.3351045044274
758.3222901271906
766.0917879610745
774.7336415788417
799.4796794324977
800.6029989932942
645.4608216042293
685.773398681539
1298.3608986803945
1300.341151608934
1289.7452262019438
1289.7452262019438
1283.0684954545084
1281.6322808992304
1285.188245778309
1352.627392398586
1370.540509925021
1357.0099407410648
1364.1300723944644
1364.3380250070063
1363.7191074761067
1354.8923767684566
1194.321874064111
1191.962044543308
983.5999969493752
959.2360149446332
917.1511406172283
928.345864067672
909.9609347220105
910.9140905712239
1282.7203396036296
1279.7467389762735
1325.339513904968
1329.6358738446206
1323.9913223512985
1298.861405740645
1297.8143239127644
1319.6716496033137
1324.6013002202644
716.0525385713576
717.3338150614633
771.4962903552388
814.973031903039
810.4807099643856
810.6191211057854
821.6385557799766
745.2951607766036
725.7491093364479
726.1342365895955
718.616856096673
718.6235594049135
720.2768547002075
720.2768547002075
721.8858444536024
750.961292365816
781.2595341824488
782.1469290726615
776.1872639731989
769.4222705430069
762.9183770976477
739.6553006412527
376.247026793395
370.4511650338965
343.04422500605637
370.24424561693667
465.2463929744488
1003.6278886459964
1233.7301438690934
1217.4577902223682
1238.0805502356586
1253.2327354611077
1368.432023002508
1315.6533319169653
1282.4119552031752
1284.8908352114245
1284.8140816900384
1271.003899254039
1280.4302153815622
1286.8876782581597
1304.1685366784213
1490.0488759712932
1490.0395539090828
1502.1508892768254
1615.6930735125775
1661.323143344476
1638.910386460881
1637.9707299597849
1724.9153158074528
1749.8554268352207
2001.5754411949852
1999.8416623574028
1999.4151670579104
2001.7358768642675
2061.831696975453
2052.8563647481533
2035.071553665613
1926.6872144782292
1377.1891296396125
1194.6616973901187
1190.0634314702831
1132.2636963108223
1112.9995108415849
995.8474188625918
998.1555496865542
992.2685346121685
995.6717754518032
1000.1785507133267
1005.7779195561427
998.6847572642417
1170.4924116032366
1155.9757620417474
1022.5376959559472
1042.803688758831
1032.9319623992433
931.0660688724919
887.4036320065577
880.4799798237141
854.1106203844676
767.8205977974476
757.6045983149315
560.7507499380725
591.3535847830472
599.4548329833798
606.0618409186682
606.0501319909613
761.0290288420381
827.052921515603
837.5806473855371
1099.572386310551
1161.7756982406283
1170.8155149994136
1244.3937114885482


