Rainfall Prediction

581.4710383670857
600.3140364356443
595.7830518278906
623.011557630505
629.2740834837242
593.361748532361
645.6125623950317
626.2970164665035
654.8201289994779
668.8348089476549
628.6610876825825
599.3204906057833
576.1603403490598
577.3894057269322
560.8568809200498
590.402774344054
504.75248372699855
452.7658222902321
400.9573005743535
381.1781583303446
303.1723641023335
298.0548414349507
262.8741102895523
241.74270351674866
259.7454475103666
253.1695470647192
244.9809412239468
228.4406066209545
158.67459893058776
158.94899455077825
168.34442119397235
144.39543836735706
159.15516116791397
167.23020319479687
163.43769468645917
197.59307053352958
200.29288337202524
202.0872869772473
164.4768808766911
196.23461199605055
194.85711904182236
231.37726017104683
356.26049655286613
506.2269861373566
570.5431533989575
644.7689389616297
651.1730030219755
644.8665717359634
737.4121926389809
682.0500972159073
695.9447013221429
669.7502664658764
657.9307450779979
670.2740068909989
780.0726537429765
932.0449132019631
1017.445136672056
1019.0966230943499
1023.8315008019978
1042.3258572608324
1041.984363540747
1081.6179759111976
1079.5332921379775
1136.5473521240935
1138.4174661034572
1100.0069622007259
1002.1455928856062
1005.9366705695346
1058.1491424471246
1060.3198110244864
1100.3435898167363
1145.0123993579277
1113.4853503677446
1026.4634383561838
848.0421238951693
785.7451918773002
778.4848605561755
762.940641580499
806.4024166889143
651.2356169546395
690.1027985601861
778.42299506073
870.188776083345
890.9643610758527
877.289396323171
789.3378113842348
636.5202623284385
561.3492933400221
601.3487266879382
580.0657243561576
551.3445019499751
581.6729407608503
540.3406165012176
515.234941384319
470.3933065073311
466.81884121724454
495.21259757267933
452.14037366168816
485.3291513189098
443.96752340825407
449.423116707233
363.09721158400583
320.28836028181377
325.6834855144093
299.19200634331963
315.4071883157142
306.11005197468484
328.34678285477577
297.69297258198975
289.86142903609897
338.9764963884163
256.2068862634361
187.89732596969264
164.65050785532276
174.01950427228908
221.57629887938646
267.3086182946901
274.87980589359984
251.07523672910298
265.1340844040009
282.04929824870743
277.30520612282265
278.18053391552513
300.7284417116362
427.6034086190787
449.9319575483423
438.30476067150755
427.03538413616496
512.9566781876939
523.4520756122994
647.563082583069
641.3039413702683
581.8103707941059
594.7439719077723
623.0454065483308
657.9836157494094
664.192264529924
708.435734826843
692.2531221487573
700.3201415364198
782.3760985874829
784.8763579726008
773.7797681761152
785.9122033554078
770.13048545669
861.797328018635
807.1179853771927
747.2628657134917
784.5209432553836
787.6234289759547
783.9535605222235
741.1022500027602
756.2826521813287
749.6522494065646
687.9143290596985
672.5186651356213
592.8271357931687
692.5914504622657
756.7893794806539
715.5504276341303
701.9159674619484
670.1907365713871
677.9809267655831
821.0994073691251
863.5912715040009
891.2208021530162
885.844214353668
985.2343041245057
920.7137903338341
865.2742190239137
904.5194868495333
936.1161562816633
985.9740822631012
1144.4005685907
1443.9684776690165
1557.35061264565
1588.2892658758808
1635.586378278227
1692.875926584215
1641.1480560194068
1675.8101290270577
1678.4668276896568
1713.5491026712434
1785.7640094636138
1955.8593021234747
2046.8212764518955
2049.1978213529305
2015.2288045701257
1947.657434433219
1867.9576609075975
1844.985351827463
1902.0015238997703
1874.562304520086
1851.0468678739423
1699.620449214763
1702.515018500999
1617.1324351747767
1729.8670796347078
1605.103895139757
1565.6643639763836
1615.1873308207378
1556.4809359416925
1527.9798172895762
1477.6267120438042
1291.0770743451287
1038.3736985129758
935.8516642547539
802.5891101458715
753.773153006292
766.153127826572
713.5181639285885
754.2408752504222
805.8171917420597
834.3678693534976
801.5320808148183
655.2887642717841
575.4954488011792
542.1446682408123
520.1574941740804
507.6314731608635
560.9849860361032
559.2839020409945
669.8307441334885
564.5979020913026
641.8399195311258
629.2539536630954
631.9128418208461
679.907399765689
614.6958615319817
558.067695114767
575.0480329807249
622.5669998630603
611.7362878942292
572.6229121094921
609.7414964266792
581.2791487497607
551.2272651279009
609.9207608071522
608.7027467960962
700.4639247412285
784.3120035706035
826.0593941707214
921.8438414178555
1014.0398452477544
1064.9759317444502
1024.375436557684
1066.0835340033852
1036.216521985913
1023.9162917833526
1051.258170424294
1019.3004716897801
1043.7067484577392
980.0664154608808
857.1933283051417
838.9435041194774
820.9671911127693
699.1778365182689
700.6020803783164
690.5239844378376
685.8311334477753
651.6128006175636
640.1900349567079
604.4195413089467
634.0204404255505
626.6701270804381
592.4022543980657
609.9869764932582
566.4493910125781
572.3507831841267
525.7824127451457
451.80426418404375
450.62155111717703
410.44727294411626
311.9559376750346
167.7594738311657
94.86651119521201
96.23697627968745
49.718350121950536
109.87362167308291
218.08272467123098
227.72893874298086
262.1645988656516
280.1266194771659
372.88077459695216
405.7550022916986
393.45447176006167
353.0040621382588
411.7850389375172
453.93101263720615
453.1920802751703
407.8999509003315
452.77681001992966
436.47171030915064
494.0665842404368
459.1238974013901
481.2166252456186
556.084964874836
615.7596699919995
624.079087377547
653.1869875214485
721.1874250811505
735.5105186380908
722.5137531779246
708.0426873064649
715.4465930852382
768.041803680471
765.2161861371928
792.2667521392885
877.5890176480633
987.232516862123
853.4141413751042
818.0591628720306
921.9966978276053
941.1073339272991
965.1824670459006
995.4119875018458
1018.8334942019403
1034.9751994435585
953.3532438650573
1018.1406769161094
1031.0605675028303
1046.640284927276
1039.306360212552
1057.4631238819652
1052.0063861196036
1119.3120977315693
1082.7944306543307
959.1843612706673
973.4233952801385
999.9357479247773
978.5708168475215
966.0709403787342
1071.802300949976
1097.5067494725488
1151.438307682718
1331.1854724447978
1333.1592916191446
1358.831826063397
1340.2729705491215
1339.664958906786
1185.321668099757
1190.320778262002
1110.054007395995
1068.0148224453137
1093.0791588604786
1030.1043178342588
996.6926688830978
969.348218276594
1003.8451432805131
914.774293136574
953.2166092856058
970.2171731311755
954.6689646899342
957.6039625061899
1033.6917596196408
1023.0855535859988
1003.795637575462
1045.4876656173103
1108.2913436604072
1042.9199787217094
1013.18693133255
1010.5359241291046
997.6122608415081
900.7357969605359
858.579178412961
882.0736289092138


