Rainfall Prediction

574.6819627799803
556.7346697966012
532.5542861696347
494.43312218811263
486.83569397447667
484.8610948724211
489.36368174070594
479.7593790561813
483.1316196875423
492.9740842145535
494.1613485449024
496.5783924798508
452.1357709261265
451.0299665508853
447.5198839031354
444.53324568700623
371.3636065289116
373.69642965825085
417.1402163604106
352.8444704436984
310.66505037448195
319.67323148940244
239.7227285519628
244.0237865085299
242.8996143700861
244.18615330842385
245.47377023125347
240.67744799587146
236.4135455558897
209.94541884913767
207.62011921728723
208.17843111504789
207.1688321908102
181.4928093298089
189.1190536296583
219.0603611201941
218.28909307506487
218.46367801975305
218.99342271813657
231.43628246143754
228.36482773768853
265.2130263503668
359.8833798739671
496.474109688547
557.2281698764854
586.3071766710863
594.3944665524032
603.3277058395649
700.2246669175393
637.5601891171734
637.1152761892607
644.2329601352661
615.8048187280332
625.2537596660414
716.3504497061452
889.5449933555259
961.9247824998465
968.244811741953
975.1496761124553
971.4364481280667
982.8680013239617
1013.6765485305442
1022.4939210689375
1033.3295803910682
1036.2538169888674
1014.4045051917211
970.4457112339303
972.682131696181
980.2053937458712
976.8152722054695
996.4348151896503
1035.6580591532606
995.8013039817799
960.4900668799053
827.6330395004013
770.7752012485595
741.7998011132239
756.8177127838885
753.966095670757
647.0582423576247
681.3724166598062
733.1471331753875
735.6700136617916
748.2223245520978
740.3338760055304
628.1143086659737
419.02106052670433
307.4479920758759
305.0658114251861
306.30861862587557
308.5080194220437
310.6859853688751
252.14539588121227
229.85303235183613
226.16687802473933
250.13682226447995
247.48508227588147
248.1262595108531
248.60670347218337
248.9560354188631
247.99410541200712
236.42059027526213
225.49676099535412
206.7484252103786
203.03355358712616
203.03355358712616
205.69238334373588
202.32277237319735
146.51703628031092
133.63833580664735
133.5701070303711
129.49282852726088
95.78738154135075
95.61625586910404
117.71511090040248
215.6400103263383
260.36152944979034
245.87611669437254
256.25795219864085
254.64386863762476
261.04541674368
258.59660061260524
252.29492992081927
250.92704046837378
404.1284110231283
465.88769020378226
464.61452228074023
467.1498578096812
522.8513729491805
542.0082871917516
638.9535302819451
650.9233965131896
665.7582787483703
668.9794134910884
717.4319446247729
725.0791899410657
739.1120686911769
817.591259721817
805.1254435077901
850.1404016045269
940.0097323052004
955.5741105508656
973.8662140304713
992.2755346816216
1001.4860627993315
1056.1461546076848
986.9204131860399
921.7435540686632
938.7412652043848
917.067276700079
918.9564182010147
936.1563959461209
915.9999223431944
880.8189355273738
878.9705781707218
737.8824630896884
656.0950746163014
795.7617067643957
900.7137766601909
848.8704835376467
835.7655486217749
844.0739311481492
847.0936008403846
942.3065734813806
965.0100573727229
949.9482922337305
949.9688783648423
1078.4714264347156
994.1761257627367
1009.0645671638114
1009.0681915316945
990.7568297319096
1045.634134735993
1293.838038956533
1487.7779705133612
1575.9662676683513
1614.7848168129767
1671.7597985446039
1672.0186308389762
1656.6310879976547
1675.6750873227174
1679.6467131532665
1733.379742926242
1778.9030702637547
1954.0836116035498
1996.889116544469
1997.5762670984475
1999.2159795129319
1875.6277633226855
1781.1349926678995
1812.7832064802842
1816.3146256651708
1754.6856630457532
1741.932332605586
1681.5677243825662
1653.197223519098
1651.3080235347377
1722.2906669174995
1587.469756182576
1624.4799419855144
1631.4883278225325
1595.067263818526
1525.4966046255054
1462.9885163970864
1254.526917382788
1070.3999867472128
975.9188524751399
883.2266690200659
819.5727717417205
821.2439728497469
814.6750673861296
833.827333804191
876.0100974155532
873.5846076764656
820.7368416461014
609.9342356132114
590.206769478241
585.7557405190244
584.2124838380178
582.6334805182371
574.4574319892356
557.6212664851795
605.6467333385276
632.9241758310343
648.8670584336103
554.3569230375779
559.8416430447508
542.1937597931185
412.44329555359036
400.48655946743725
353.63048019447103
318.344264038213
315.74995217223903
316.8680907485917
321.13017529498364
296.2781376508945
279.1305848408878
335.8274734861685
365.22046613055556
501.9480704122446
525.1484579929662
577.1705649690211
540.9098005082107
741.0358579889563
704.0224772749953
705.7177798651923
709.5855753903646
704.8531208787848
703.3449563798082
710.9775626382678
711.250031133631
712.941841123765
705.0335998168363
670.2020514102117
722.350875857103
731.8598117080385
709.2072868384421
706.951040427876
710.2217842053769
707.1046104925538
691.9627553115085
671.6550615517539
662.347847332666
660.9125019685791
658.2289894446142
645.3946270964678
643.7962889117873
643.9430144601486
609.4194277563412
586.7390924252037
477.3748786899557
447.141393417202
386.42639718499504
359.30171859674226
121.41745783481196
106.88994036383511
104.43888165647888
98.83195186603209
111.53290536737333
265.35355004025104
317.07062843200436
328.30595913042896
374.2443400728794
451.35371707409087
494.24459319927763
468.025668598644
467.91061483872966
528.4619226620524
525.516475157578
525.4572083061029
527.1556854912578
526.5374317094661
544.1866919870272
572.6151003374422
572.2414098371121
592.1561019593761
645.6935553528045
680.13248665471
686.7185583704279
698.0859215048861
725.4375868936504
727.4768311869667
728.4427087330258
732.9281231161236
731.4625692925983
742.0437479146907
749.572407906273
773.2561316035097
855.5911671349261
980.280062864273
849.0625334539199
802.4387125243428
891.9660974418623
874.7683514619695
821.3514094863385
814.483245705636
800.2199380594026
776.6851580643798
711.1949427296548
725.3910446556569
728.3559152039454
732.4603400893227
748.3780292479244
783.3963442216486
782.0764708574043
792.0148485053367
783.6225885721606
764.0846806042533
767.5367195830428
768.2113284412411
786.5259439286882
827.8861176240127
941.0571231508076
992.8740451822362
995.4918061042943
1120.8025853365161
1201.4971134716875
1208.1233289799804
1179.6948063536736
1101.6885249531013
887.2399584975203
878.6185428882633
855.6096031099802
791.6005622190789
863.9745720865037
854.0217250986502
780.3363338255258
780.2144832664627
780.0901178722669
762.0128526584267
846.7304622601832
882.037028610194
898.0827376378605
962.80894206489
1028.4775475066524
1026.4871602928733
1018.2385516476061
1067.0359095650342
1134.595576831428
1128.3130053348184
1125.0417331110784
1106.4781589059626
1073.6400179472566
955.9340812917937
938.3380032688285
939.0936209930936


