Rainfall Prediction

1500.3392015141785
1521.8121323515277
1702.9498743710662
1721.9230199429887
1664.7148893324238
1651.309044912421
1592.2907858705985
1633.7954915950233
1559.0108682813093
1663.9591666595745
1520.3541618817942
1226.9861084308932
1065.051678092668
1029.0185121722127
1030.9814751264641
1025.7768556779918
1028.3058928759317
980.7386337537059
707.8309518948453
602.0
567.6457513110646
1055.0640499692493
955.633307652784
927.6053091109146
1110.3768616431369
1067.6320112359526
772.1516738055805
938.0312195418815
1066.8394846967485
1025.9128784747793
962.2353840616713
968.6977156035922
1050.2602916254693
1027.6643191323985
946.1494416796099
975.3907194296653
1003.431676725155
1081.0499376557634
992.1864140562386
982.3072757526625
971.672315572906
1162.1330383466388
1618.153393661244
1778.6303434416004
1793.227829907617
2000.778691508109
2094.878564445547
2176.985711369072
2386.3954312071846
2718.276925690687
2963.1024295920342
2992.469165057621
2525.41655614481
2481.4077454226835
2533.6920185064455
2395.981475126464
2390.112698372208
2391.8969025133565
2136.0576284415906
1942.3805019840015
2054.2800139664787
2185.2452529743946
2238.5566956773123
2185.966091951222
2187.509998667022
2216.124355652982
2239.628738838328
2197.264337522474
2153.7279220613577
2120.463663928974
2113.3009433885936
1956.6991773247094
1895.103672189407
1707.0881590977792
1673.2493781056044
1784.8840987267251
1679.1098792654702
1622.325449820554
1563.8121323515277
1353.953463189829
1256.7114593033295
1018.2562051276084
955.2782730020052
931.0428309358705
931.734255586866
924.2716095192283
989.4065861769801
999.2782730020052
1011.4528663539045
977.0454232837166
938.3316666249979
821.563490998189
565.2788205960996
511.38749456993816
446.0
422.0
482.5498344352707
406.0
414.0
455.22497216032184
577.6155281280883
712.7697286480094
849.4957624075053
1048.984371183439
1077.8785644455472
1075.78719262151
989.7923600977759
1115.0142828000232
1179.7094152699297
1230.4334883062606
1265.110883423452
1220.4429253066558
1213.49561369755
1138.1453929352992
1069.8806130178211
1026.956480566498
959.8997487421324
879.0
761.9654967159205
701.2488094968134
788.3548937575157
945.3882694814033
962.6802692767363
1053.9188298839495
1034.3868107973205
1021.6089876295297
1076.3318042491699
1008.3977400408558
1027.1524549650505
1077.8646171823336
1042.2845575287547
964.3728281124772
841.4618397253124
737.6124969497314
491.2873015219859
492.9736659610103
657.2280828791714
852.5465734053884
726.824227601599
609.8881944173156
534.0
530.0
508.0
396.0
552.0
654.2694276695846
706.8743420870379
786.1755640373177
812.570385790781
934.1151297144012
1002.6141857899217
1123.0151480384384
1112.1467421579277
1190.9857113690719
1324.9871773792358
1356.0512483795333
1314.589892258425
1345.7943294825416
1363.8973006775534
1363.8973006775534
1315.301436004411
1306.1051177665154
1299.6828873628335
1695.9317652729776
1753.8039299623952
1814.7179211617606
1747.076024134033
1596.9203825119955
1360.9871773792358
1223.4118624192515
1331.9729630946722
1272.511192160232
1248.060550509633
1245.0151480384384
1324.1662826400502
1201.3882694814033
1212.543620591175
1223.3687742827162
1156.2061637330205
1143.2763633939717
1017.4355957741627
1018.3707055437449
963.3622914957372
908.3288280059379
792.0
727.0
709.0
818.0
728.0
734.0
734.0
731.0
945.0
1006.0
632.2693221990232
661.0
645.0
670.0
656.0
643.6373699895098
683.0
590.0
718.0
761.0
756.0
750.0
839.2664991614216
816.1107702762748
729.1554944214035
750.6918060129541
730.0554700852678
815.3628526529282
707.7605394920267
365.4068951855292
340.26433752247374
99.0
79.0
103.0
0.0
0.0
0.0
0.0
0.0
0.0
0.0
0.0
0.0
0.0
0.0
0.0
0.0
0.0
0.0
0.0
0.0
0.0
0.0
87.0
118.0
137.0
80.0
134.0
136.0
173.0
405.0
495.0
747.8327505756259
788.0
788.4408454680245
916.0
1040.0
1256.5306852353742
1205.2489669245083
1214.859064644148
1207.1714158842908
1300.7756535350481
1272.3405790253616
1389.8044115262064
1421.5430821141545
1475.1927595879688
1300.4841740447994
1134.86335345031
958.4948974278318
962.576411454889
915.8997487421324
1012.0
1000.343879744639
1001.0185121722126
806.2946881279123
1016.8998567332303
1020.3128871660192
1219.4845649599943
1300.4608248832558
1836.4974226119286
1886.8434948556228
2029.5363949069006
2018.6487663492258
2067.764160585988
1992.5592421687159
1800.4264068711927
1776.816663263917
1631.9714169000915
1631.9141805001923
1596.3016516106934
1560.733263305245
1458.5465734053882
1402.0739727413618
1401.0554985169374
1335.6515106767613
1082.0
1039.0
1188.4913767461894
1437.7020598456375
1474.288975694324
1508.827660925679
1473.2089730686544
1609.2866339541865
1536.748949561287
1522.4788059459675
1560.893768406797
1325.4764045897475
1202.7332005306814
1123.106735979666
814.0
389.0905365064094
549.4941852602046
463.6524758424985
488.67333200053304
496.6287388383278
570.7616630392937
772.0
636.360679774998
516.2065556157337
425.0
708.1494416796099
818.8596057893121
882.3861278752584
900.2665880502051
914.1032644217105
899.0
1076.0
1101.0
1105.0
1154.0
1169.0
1087.0
1068.0
932.0
1022.0
1024.0
1056.0
987.0
1136.0
918.0
1054.0
874.0
773.7768556779918
706.9089023002066
598.3707055437449
403.0
303.0
183.0
309.0
398.0
646.7846096908265
674.113344387496
588.7840487520903
503.0
486.0
437.0
478.0
560.0
716.4390889145858
851.1151297144012
782.3515913237718
807.5538646783613
980.0
907.0
1058.0
1033.0
1076.1091887160046
1077.288975694324
1093.9061122670876
1073.3687742827162
1208.0
1186.0


