Rainfall Prediction

578.1711880583
545.4812358964256
522.0349463770988
494.36285746773524
484.5545391298933
474.11496090800796
476.4892888887109
472.7279816680542
491.10692913593937
483.4457009114607
496.7318567337668
492.52275723573416
464.3411871537455
457.5631070918329
456.2981481443903
456.2981481443903
417.63507819664795
441.549586550759
516.6099624654637
395.51847860905184
354.22860841195745
333.7621575850906
156.3412911986945
134.9614910916598
125.6436025062217
148.39669555671304
138.9006990416164
148.58927658206593
146.06938525200363
136.6354369238651
118.06417378378707
122.0960182217812
166.81476703093654
157.4093703048859
164.26581403610714
172.72537215082545
177.6614678706199
175.16005063199364
177.9168226407751
170.2070415326991
186.74092895849122
193.97419781501569
351.63081144142416
422.0508198775843
459.7227907523532
455.8211197971665
494.7512012063187
503.4931594495365
1201.1143225919623
1171.074183547667
1317.7568045871133
1297.7003049909722
1190.8774286271184
1459.0791436582952
1518.4325945069274
1439.7491083028992
1580.3316248899318
1702.5381586264036
1706.8317730774477
1728.1983456147389
1739.4920540773173
1011.9826373942283
1024.9534340947512
988.2790419570315
978.9252875681968
971.8873519071531
954.2463851620467
967.8891375172154
946.2032690519086
964.2216681725246
1524.9750234996031
1596.1907683793643
1574.4488466172966
767.4234101595686
692.0097335207392
667.5975265295892
658.5778615125886
639.7986481082141
640.8578113277807
523.322688465733
527.7444806350014
408.7731417271001
411.65711420799687
412.908939832239
443.9534023508902
398.33090471182817
292.32440115361806
242.89809410346817
243.38236653594856
238.62792911486795
231.31053940700033
235.31325601851256
207.9223200438615
211.87207490063838
206.28971154461726
221.3171631366568
213.9469674354396
206.3380312210431
209.6549492985144
214.5400722499104
210.22367308956126
214.84072487281833
214.15059536224953
217.0714081355969
211.75996948013577
216.63948541441601
215.5151928050359
204.03430671804662
187.52073614381703
168.84192564832864
152.27356554429676
128.70053795637054
107.8689018343684
117.79962894601701
117.05553537466224
135.8936431862519
155.43074902771997
139.73605942608148
140.66272920910194
122.8702959990483
128.5256131963195
203.07768161377697
226.32217559438448
213.2500747066318
279.6078602658688
323.78834207418805
345.3142939624186
338.3179256216974
365.5814108640907
378.3064007309865
378.0375994897984
382.26354337987107
366.03847742440297
371.58069249446004
369.8694828776697
404.88060545749494
498.09554251154964
677.7665775007197
782.6170213716267
800.437343015406
766.6594577857591
862.9755696161872
800.3385998934357
743.4567327460908
835.0462498259607
868.7387602580994
966.3658020979811
882.4145950766901
905.0207748753351
853.430149209137
853.430149209137
902.8851270359403
840.632387350497
882.2753150236833
975.0844114157449
720.0349127574307
670.4477335894186
904.5581350781774
887.1000607033455
847.8274456007139
848.1989855847621
882.7017980647064
893.2262059496753
880.8677356067637
904.8569436787799
889.8423009418674
879.0619552734652
854.0661566495899
752.123902797934
693.5709719480301
758.20187935952
746.5152426022944
764.4204204726258
820.61947111267
849.227167257822
838.5522343464515
788.3742051763985
722.9892280564936
730.747201875809
740.7289428931571
770.577958899018
783.8155661689217
720.9559625898464
743.1707205872815
854.0351134123595
939.3743418258159
957.7037045622504
965.7995821675325
937.761316523228
943.8405588349547
944.4669215259806
950.822914540941
923.3632457443034
909.2629445933916
894.7841347256799
890.1960931382084
894.0212215999608
898.8199107843686
846.1249491989806
871.784534718079
863.3327155770547
751.4726944650646
726.3465748764681
1113.1844050369673
1071.6108453190795
1041.6641069181035
1017.1583023975513
978.3122747486801
926.65743418844
963.2433426697601
550.7674126628333
567.0641878543912
564.979701162906
481.22581528121424
445.40017978374175
355.4923449385332
287.38838516168084
291.03079399614586
284.4030443593255
288.81601235508003
258.10752910907655
369.6056293479159
399.16684079144426
478.470726153818
537.1317354438373
536.2691857044764
518.6184262542456
547.8875335226248
473.76763807007495
377.04207395315734
346.54694505069847
398.00113981552875
506.84913270419224
512.335865497702
549.4592832076805
491.33161901534606
550.3082363512993
422.59289449552574
489.2087426456366
1392.5186201791867
1343.2156064878075
1405.4113935280466
1366.1006889527237
1518.5038514935395
1477.7401746300047
1461.449984503171
1441.964836436327
1650.7033924412578
1599.8785792683975
1364.800896541088
1363.0397587516932
1313.9530796971442
1250.9098711549689
1229.7396359155566
1259.7705980867981
1225.2125486429811
1294.050476312683
1181.4132513748932
1166.9431458846027
1216.7376343078317
1153.5064758796336
1140.2874354537967
1022.1396201434119
1135.379663549075
1130.9579166197345
1112.0968540582776
1038.8226794232596
1036.4477493528727
895.9771592318721
919.9397394544852
777.0418386602855
826.4829691010291
708.2463250551425
1248.7092549879967
1109.8607478751112
1106.4970245587356
1127.705641074209
1135.381293504641
1149.3463793408755
1346.0534303698964
1395.6738873836964
1416.9730012713871
1479.0387661799657
1545.5644488358741
1605.2119193618378
1448.1326118991883
1433.9539813319109
1477.592427735753
1499.6754995573476
1564.6277585770947
1589.3187465099
1344.0721155362862
1465.8457930551954
1416.206578136647
1372.8397661151505
1425.373812047188
1681.167316173985
1665.6269426240326
1668.5143144900214
1378.105528602695
1489.0409502017146
1584.9471038935033
1391.430163213716
1391.7056711799808
550.6621047965949
538.2869939491189
540.320261347552
631.3147984717248
697.240779431298
1477.1386265981125
1387.0132750443333
1406.2379614325268
1418.994668975904
1445.7913251392786
1818.616110697772
1967.3870531210264
2039.2452037235435
2037.5712435832022
1972.945428841132
1941.4511051356858
1886.6700179247805
2054.7900764728124
2062.7053743121005
2108.9903736004944
2093.535644731784
2085.324619804866
2072.468486838611
1865.9353680912345
2239.5014729500967
2260.2925332864434
1941.388236365996
1952.7087329851074
2323.653378438283
2292.438681977902
2285.6917387737503
2273.164385144696
2462.1880420071398
2306.4590413993947
2253.509751783287
2198.075976408322
1972.1945091688463
1885.3322615212796
1861.5264900671332
1809.4385194652277
1898.6835985152695
763.8760575310824
711.1590539276784
689.041403627696
683.6751226980941
684.0474206862388
764.8104827541131
785.821058117219
738.1839426804675
806.8854806761314
771.5241633847708
752.5540307048572
831.7837782322824
847.5623247435345
871.4245934919641
823.7017789729294
832.1642713035683
812.4023987970052
823.8281519141378
759.2064356477708
1270.5235099207048
1268.0851877452217


