Rainfall Prediction

1559.0
1514.0
1584.0
1589.0
1589.0
1563.0
1609.0
1622.0
1675.0
1654.0
1439.0
1235.703710503308
1076.2602906737868
915.6033788976121
786.6852363082485
713.7107053202554
558.673755591205
521.2062996031988
491.12637093803147
201.07081277268162
186.9903835834381
63.990383583438096
153.34718830785908
304.78438644813
517.9034236117292
515.8961955427826
523.6149680263569
565.0744311764505
564.1201924312329
563.8230867822872
563.0637519904578
562.7668492846244
644.7232020956069
698.8751325124164
693.050817185305
690.6142633107376
689.0174455817033
694.0554659241665
692.5844047702884
695.4846294497581
809.2039456904708
864.8063728367575
966.0542235322382
1021.1331922025895
1123.183980955202
1327.6756069715275
1325.3579252547524
1333.5734673143697
1339.1415063625714
1348.1686184644188
1344.9177283504166
1344.1220714341673
1344.3396321332807
1139.9785557922519
977.0979144189342
772.9436399258958
1003.7504109689262
1287.965939238408
1371.3473810774951
1384.0697323443417
1415.9493321043433
1417.994166354873
1432.6010560287968
1348.0212555836204
1296.4084076370978
1379.8511084349077
1377.0
1380.0
1342.0
1328.0312805773287
1341.937621595791
1195.4306824274977
1148.5266386542055
1061.2949240336504
1005.2705582086877
895.5461223378612
655.0774278990505
645.7547783050021
660.5646090137585
647.6619097563137
684.6274289424288
685.5561473039871
686.5975219142381
686.3055262666649
686.7518667100001
682.7258918022548
676.9516330689601
453.95163306896006
166.95163306896006
39.71544142133211
18.009301755808245
0.0
15.220878539779491
16.467574979141133
17.53127086328371
21.29792366503525
19.897738604184717
13.253598326480223
17.256122179457677
20.881412123062262
54.90831653093743
63.40985445445801
62.753014941703576
70.3619488771439
158.85968716723212
191.72879731534624
198.86469994838797
267.0514972000467
283.79630443714484
315.85762548813403
482.0
431.0
457.0
395.33712170138483
300.8729376352622
377.76461593832863
342.7639320225002
493.0
404.287684822792
302.15491005814033
321.97224362268
610.0
364.08392021690037
341.44256147569797
330.0835271328311
289.9319235092861
257.56232440953767
253.84664663417098
317.0171507295214
382.7881332934464
380.7250590774546
351.03135304941696
338.75048505793785
331.71906698537003
318.97693880933616
229.44290889551198
192.49135237964384
187.373552306809
131.89209398531693
131.62072877159176
128.51131666347112
78.14967131490106
58.149671314901056
48.55478640873811
55.592771247423904
62.92792728462871
60.21941503108536
56.26199721319205
54.95500314846623
66.74526572804942
81.16662593491071
82.92005277034784
247.66478293471835
386.1106368758372
438.764534689161
450.5700075744517
476.11600061412884
651.674898877288
719.0286496954228
696.4934699981068
626.4934699981068
627.040154466704
620.6706119246752
624.7345427430066
636.6550799477232
646.8632818371105
651.0527791310949
668.675903342865
689.6312452989138
702.0477562266477
717.6403359400741
703.0477447017939
732.6382590436599
750.6382590436599
761.1584191489533
755.0882910868825
749.5350457216783
797.4456923528768
783.3739627459195
984.1913870549758
1210.8638759982066
1269.6473395878363
1269.6473395878363
1220.4495364957322
1074.3289718978524
1277.9540071839492
1263.3299389999247
1330.4885871435065
1157.0872340066755
1129.8996410742054
1098.215984409031
1098.1111779689538
1098.4733469522914
1107.498379315954
1107.4701890509132
1106.3745683737227
1108.688437504885
1114.2065724904767
1115.9376260283693
1087.870540598924
1065.847296535392
1050.847296535392
1050.019661137063
1021.118731371161
1002.4466432743894
1002.3351762347804
1001.0541348821292
1004.7561499906182
953.9466886957135
1132.0472536845211
931.1445962240955
711.7060059871316
637.1006776694776
612.4573721856923
494.5024154520776
478.0923753176975
224.20014536850033
229.71851152946198
115.58580401135283
112.82618219445234
48.239200365228456
40.04342611293309
39.32904437237191
38.195589765543986
31.433003621787933
189.18828104496424
186.29262552801194
395.21181193214477
417.5034012283801
467.47759096333584
467.47759096333584
495.47759096333584
519.5040078879481
520.4670275810839
511.58638341464047
512.1318717656403
519.6862888408784
510.91423371838533
530.8816552587475
529.7966709849557
348.6344661704732
391.6344661704732
1033.6344661704734
1037.8646928104752
1053.0461097662774
1055.7296611314146
1074.7546631444343
1077.561937192096
1083.1144712648688
1179.0328260497918
1199.464428972009
1219.4603117251772
1233.7706507474545
1234.8382276305285
1250.6912900637888
1261.0777924201022
1111.4012690558081
1117.8072603434196
909.0404990140516
884.0404990140516
817.6841434797728
799.6872151908226
757.1488222686513
755.1565392761084
1137.0286093015675
1155.2981642735463
1204.9208272338635
1211.5427924373926
1222.950498934681
1208.0924507262346
1214.2342296363554
1266.1151011339264
1274.2222222497162
652.2222222497163
642.8722128222398
663.5913040540673
702.7885493941425
696.949149145816
699.1273160832486
678.3815507356161
596.8179483933665
579.2228954159664
581.0808933055155
571.8345602695998
572.0450076969906
557.137264366707
558.7465933094594
555.4085019018089
584.7780656658927
591.535344184193
591.1929427934549
599.3844875874383
609.9166131244538
620.157543334286
599.4916825255339
226.1823823979084
237.67344501129932
216.01039230782098
250.84224944213673
386.6599624019544
1004.0839202169004
1161.9450654184752
1168.7767216075952
1142.1173061237841
1164.4791358800762
1289.8398021447958
1439.2723789645906
1384.5053197510586
1287.9464797217888
1222.1941563985013
1253.0
1237.3818239574916
1192.0452643469052
1185.9575479066298
1372.7999176766202
1372.476214311595
1386.724638124884
1501.3147553420358
1541.6579097816839
1519.7321013085664
1550.3148605843946
1622.5550320827497
1645.8248702394378
1906.3220196739837
1911.6951611868415
1908.0741448215667
1892.3750187890303
1938.2518640612766
1920.741961168732
1902.7803820418146
1792.3257520103173
1218.5292175060727
1054.2465409604442
1024.7979789727601
976.7392333268011
937.1512680784833
817.0854728993544
812.6814439455661
806.8488006702138
802.181229790041
796.611872258321
790.5856442148466
797.6424223538302
986.9370597283803
984.8051195835997
849.7525621336086
853.2901155655076
837.2632345603361
729.6865005904336
685.5679500312358
678.0306292093753
650.1699713032802
573.9956203294939
560.9054128754225
351.0318455303608
374.4516695299567
367.37876032404375
360.7068275079469
360.78596029277276
518.262608633022
583.3455294619855
591.5984557687614
866.9929823968191
931.7969093165926
958.9991502367595
1032.807483149724


