Rainfall Prediction

1188.0298929554403
1166.7465866979032
1192.1370275264424
1249.0979856463105
1299.2228410860148
1341.9551912219786
1327.5380882754307
1315.8596274546346
1329.6986547967058
1319.5727562349034
1276.1481007895782
1268.1189504383494
1239.622407680403
81.0659552107399
246.9287633620556
428.8832756513209
1098.9203218922773
1003.0447123989068
829.6537729712115
699.0143955567328
542.1540790123195
486.7064306377613
453.2215507746261
428.3135201274633
443.70269146979143
444.3082526246963
450.6434573200502
456.96221449043986
445.8931309317578
440.4311597597532
414.30062372087497
401.2066154761034
406.2098274560386
403.4900828839326
421.386614615575
386.3458419143408
347.42001938384726
341.2054721510671
336.20778968129343
358.2354032479181
307.0969027212824
400.2070792611747
400.8484769102487
433.05470422905995
417.4509188338123
450.10513161026233
468.6698963632424
475.9668534238812
473.34043740918105
452.01585757887466
449.89247107854055
445.66162190677227
463.67874673275634
455.22113577946465
461.7048118677606
449.8712369005468
413.69395180721955
365.4668547816648
384.29300929995696
383.95899187443985
406.4604720529457
429.7762780645356
426.4264157244613
397.23613308603865
349.9280116913953
326.8740811587837
332.4376294073754
323.7771988615007
322.8125662261889
326.8865717556608
348.87286331948656
413.3722387178022
368.96882535101827
437.72556615420683
426.89800506102324
427.76450242260404
413.6332242256167
455.4394860777686
469.9311535894111
461.56810671100004
530.7392090738098
605.5804789031114
636.3445760236582
635.6667878950617
651.0146435423025
648.3130622804443
634.1732081221695
662.2594858559293
641.5855384027401
658.0335983187142
715.359069891435
712.5171775808151
700.723877150176
733.6375555907554
216.4756969360838
331.15745444663185
406.58296585019554
492.957375489871
551.3577030533891
140.0913868773343
142.02135032964313
487.26380523337275
367.61933093443974
375.06685762108316
333.51379703848875
338.813183380445
387.1782755566172
424.75450542262485
257.6886589012982
271.11288568182744
182.2329475939865
93.13933957078406
85.68474019112111
48.58521674289099
71.81135771033914
144.9991041006728
139.86083271034835
107.01811118602726
116.07895967830447
79.50519032841291
145.65672403836976
123.09490792993763
159.2518111572826
181.17373125493663
85.43178998420451
385.2206088218758
382.2563756814472
408.6348160648382
410.2630798397851
345.71695745003984
451.7381451062924
410.4878209008922
419.97459572279996
432.68695677714544
430.1157062804632
403.0062003112633
395.5683415799459
402.3740592507481
392.2664910491336
434.78829417801876
483.6971514835248
485.72726678030773
532.945081397712
530.5424018758437
514.8811183687898
612.8471917579568
616.2323587591021
607.755174790364
624.3050009706083
618.925716301447
632.0558747963383
601.907829642317
661.4038379723833
681.6527387168223
740.5975114741773
801.5403229510263
786.3990543254438
797.0307089496243
766.9241871918251
783.8780463702027
791.561467435586
658.4988142852162
677.8711126913374
668.8546667559367
649.123590297862
651.6250961938617
651.0075370678468
654.6543273218513
643.2168211508501
641.1000731109083
620.0726340929056
573.1557443170138
571.7900685077907
606.07335062541
214.68504730096782
282.24751719184843
86.96783006998875
668.5450280216863
668.5450280216863
644.6034323471811
644.1378217518638
642.2082781965628
650.9505823949297
524.8792021166314
495.31377409583047
264.956258197318
68.84547788186026
104.68066736903732
158.28377593706915
181.9317996307165
211.76476761016983
194.57035935948065
214.28290756187903
214.84449817329033
213.4700553436939
215.9844664700286
216.33023862081183
86.00234746905215
85.62012859697046
127.15615667528141
159.7236295526102
159.04286831200497
27.234862897580243
58.438469367046544
193.22112132205348
205.9891317028496
164.80933131610752
163.45732876769077
207.14591957400805
172.01480539295216
210.64713534648516
274.5402828007596
304.0440790307723
307.40965752049124
309.79397918238203
291.0786295160223
197.28142440531278
72.9539810100454
67.68360622812409
455.730975054772
461.5829509716656
489.60951979418076
156.0734703633338
609.8847418316093
635.3798171960698
282.1963747080655
210.98727220615743
144.41147255213804
96.8450480093909
100.1970645205489
263.41479765838267
296.7896499950048
255.37645202507943
275.27521004519053
333.5724297738072
242.22122992811865
245.60159380958592
270.84055995985534
294.77356835231126
339.491615595352
612.2999363860333
591.135797678425
127.58248039401282
298.71612614686774
425.72755167760386
198.79243785168902
245.7497121206708
247.91734907376696
263.01591237131794
485.5873397438037
452.32870555999835
423.1373244054477
268.8271105987186
379.9521211232636
356.1201780381334
566.0159556955538
511.218355852428
553.0957188604402
497.4133985162188
398.94086509150907
405.31059278572906
303.0467296730275
262.86350320138155
265.1839105482665
253.27407592189292
110.62528966911205
99.08829427366227
106.07064836887334
135.61566269982234
136.30044912096344
215.46632516926798
730.2538350237629
723.6541264598854
631.6631533978605
580.4403968628842
423.35321558525436
402.7287588431459
348.3044612181332
469.97629036653916
460.3496942056737
444.38027399299244
414.39387720547165
411.5135323321464
357.5133044743294
371.12112380021557
328.7284422464818
324.7284422464818
294.008841112402
287.85833945490964
289.1256065962232
147.60637822858678
131.9144394619937
140.74794331177344
154.7154216181195
123.7435298473587
157.65618418767008
314.56422614241234
290.5968980950554
309.13209247194754
46.96484587658912
214.70087810491015
235.60044889850064
382.75751538551725
402.0222862180245
402.40247928152615
270.66715390265244
257.0138769965462
482.3873818435517
478.26073692815964
391.5105216860239
413.762150922672
361.24917582318056
364.8456260067054
442.2851412426727
528.9726583210283
563.242060544176
103.07685566622332
940.6005935968934
994.3621819719982
1001.227518884985
1029.2476809334592
65.89362598624747
151.2362022036792
1095.272010741308
1066.1174820360488
332.66964199787657
288.25708727588227
923.0462686916876
895.7417068967227
905.3914655135426
853.9196115947371
814.8492850975285
809.9907448867651
730.369522185782
704.1875338970726
210.69676652748237
140.31487586627446
404.83971566124075
484.72448562457714
517.4263663365233
521.9729915039429
517.4801842277602
568.3207512140993
555.2501746768314
438.3559358589517
351.1583224787775
341.8088273670058
577.8576835904954
549.944775242401
520.8345171150204
488.5834848794803
473.63814075991667
443.7683657807512
436.4154008111022
450.6658798631675
447.2653211976074
347.3783956395919
209.36650913918763
600.5019091230283
572.3546305495179
701.2743302598012
722.4967638058782
771.4935965107929
708.509823352019
729.8464438527949
732.5010260534956


