Rainfall Prediction

1615.6910027042877
1662.6985473607037
1566.3347239750303
1654.6273002866599
1648.0239223138458
1585.2971643856931
1601.4931336476704
1621.5016583240636
1619.2783177691008
1684.1736993415548
1450.119116887967
1292.1881847981676
1140.0045610689758
988.7645653379726
892.8697967188139
791.6063162771769
720.6231239426244
677.6441036822682
941.7905380992565
377.81489227187575
418.4792942740245
426.3413125125784
387.36616666241684
538.6778400913264
861.940583891889
816.3236065394491
774.859966565294
814.499120467745
832.7716141023221
885.9310005469508
684.5990812376577
866.5057798626124
953.6167636699756
896.1261432451001
846.4519975860501
1014.0272994216026
996.1154982984465
1038.197135363151
1025.2514155081967
932.4726360874206
1131.17144027736
1235.018305380217
1140.521597622692
1183.4021772543533
1638.7829362122604
1486.9037814139238
1578.5872536006423
1610.747985752873
1641.1187295469797
1892.0324582681135
1558.056795957204
1516.8076366386056
1544.2300825779778
1281.162535724679
1462.1019822734988
1948.9812641697988
1849.678721635125
2110.6624487899107
1850.540554998082
1774.4841636516962
1837.9438473775338
1773.8314958722247
1734.3711863587018
1665.4758794650584
1733.5286863785077
1667.3366000816086
1722.1181544974477
1731.3146383008084
1757.2522794189329
1780.1074623883997
1775.2747933993899
1674.5712349465305
1562.0862953782455
1406.2812638351138
1506.1787676712452
1649.5959134596283
1357.4683699399457
1301.7085947109126
1255.1036034041254
1406.2919419692184
1373.5779911135432
1163.6252427922868
1127.4299047429529
1113.9705532328514
1138.527449274583
775.2610016896185
943.5193173573708
694.0655603453845
425.56095758808414
152.81644862855157
147.61159491959592
280.5551019579543
139.05585686474328
224.00423851759552
112.67762124489404
136.73847189941898
125.36328158547899
125.273969643116
146.7718948770152
144.31921761976628
208.70376097688984
224.70990749665958
135.75067410850082
236.07585006092833
337.82753702563514
337.9562638330915
259.9164133161115
370.9805135439377
366.88882809493714
292.6145392111434
434.8841733253865
372.41091503060846
386.80178948417154
335.50443220750094
376.98833821249536
485.5206226801331
500.95052760832357
511.2343037667596
383.94801597126906
450.26206388480085
409.61212060876517
337.10098317441225
398.76773120119697
443.35120627244385
335.1399366794742
658.38421298265
693.926161683208
642.5335282291583
644.6011995594497
828.2071623497345
769.5091827636339
855.431229512988
848.8119884917248
888.0723984702943
868.6480023789966
844.5087177535144
384.6592729406046
1082.117655436281
903.8311662628735
625.75829448286
343.2957580723156
325.8115237487997
188.8899919873913
224.22425698608427
289.53216213107083
254.8124885352434
372.87431755759485
432.65447207566444
451.22898353202083
328.5188856379376
271.1776325074028
412.9585180988475
388.9181695252191
560.6287872626792
540.513208872439
770.4723723142693
974.1347817546978
981.1638327799811
962.8480982060898
1013.798921186741
972.6352951781687
847.6281829311245
887.1469806355092
1541.7119380722272
1447.213431982948
1449.679485767048
1360.7904879117746
915.8868396386897
920.9678457153199
949.9373697122318
1078.9692177835927
1275.1378622692487
1216.6175114834748
1000.2972641650895
819.6015975272893
2294.8537263184694
2251.711262865061
2220.66152075267
2206.1018447571855
2420.3705438209968
2764.247738028692
2830.7035248122465
2780.4023730153413
2703.8433194112176
2597.4402468013695
2863.168523142796
3052.7841512074983
3068.2109650495786
2860.216939178661
2849.6267092042112
2836.0971826234077
2849.696870140365
2848.725863905559
2752.126617138409
2718.3075989872113
2756.3133062704037
2740.3165575800267
2715.7620756819724
2660.063126965614
2544.6957408087437
2455.271853413662
2349.4625952508236
2258.3047199628118
2268.12947155438
2258.848887977896
2254.6233176662295
1115.4953901911288
1280.1504261364323
1324.6901349858188
1485.8876070509975
1230.6928537524757
1010.2225844264482
996.6473606982466
765.5446999224488
680.5885661338064
1042.8316672430353
708.4278439672005
506.35434463547836
681.9128891460301
253.0630077057938
432.1025359825878
468.15397996083135
439.2397678215839
499.27562869080367
165.6531531429263
461.82321034460927
461.3122905161499
691.8006054937122
634.4866566021785
696.260893464521
669.4610702605793
680.5006582359041
736.8508380111039
757.4287672164605
707.0166160393691
651.0966437017144
695.837360523017
690.7787842900142
735.2270889425383
914.8498942128344
907.5321806019484
907.3288337276048
1207.372307495294
1303.7421512164015
1292.4300009863568
1401.4297235938393
1755.8102175816325
1779.873940772086
1576.6438981966398
1448.657880432179
1367.3345932635837
1880.9206655327407
1724.8984445684573
1767.0666934769074
1585.5536060181507
1415.0408809972903
1763.2627651836538
1728.0581112188815
1592.401386182461
1566.6210206900364
952.3938113608438
1219.6716953094538
1247.558764571334
1206.018604694179
1495.3417262697326
1291.4415268614935
1776.2196563970128
1786.1700068135399
1697.0248614164375
1794.134055596072
1454.091260893706
1300.2122358182594
1384.0082073856443
919.5467799064909
683.5563489357662
750.5744531143575
807.1551421013978
763.6724670382912
813.9072567227973
813.1722600173637
915.4552808378901
894.7727260306211
825.9872800800456
876.3884885480744
666.301870001779
828.0836990759948
796.3716476270125
856.3571299286932
922.0292660689526
1076.3302949115628
1147.2298465308058
1154.9837517318115
1296.1373150481827
1246.6031610493042
1084.336209352818
510.3204510302389
341.9143757446042
435.06302372908306
458.5190767591296
754.3127380907023
1077.261874264118
1546.4988106757971
1402.0982872902466
1558.0229593377767
1845.1285081376345
1935.4720163403904
1609.0624706754386
1626.4729545716436
1616.4422176520916
1459.5194428493014
1435.6833741942542
1725.021682081429
1696.441525681274
1793.7016482774936
1600.8168622382636
1729.0861331143992
1813.507113586221
1978.6765018249764
2209.8413072617714
1599.296500413323
2025.5323429299813
2257.7510045626295
2238.1654495298944
2427.017382170344
2356.495387856513
2308.1554278110516
2452.281845066153
2601.1542503620503
2067.6912021619155
2046.0561999495635
1916.8952810788642
1912.2347671863051
1339.4220296759877
1562.8697925442534
1407.498313648192
1259.3446953208984
1142.779079572877
1130.3839211533955
1053.629532033973
1223.3383487261099
988.8651240938956
1109.6707072785198
1507.3762884282246
1190.9390110162503
1473.067733704997
1023.733360243582
1243.9030473842456
1224.8758882031696
1119.5133166262651
1048.2190045451887
847.6784692529113
1485.9923282868517
1212.8831005022494
1295.9057001713331
987.9502849110173
1184.0323724812831
708.5410142369307
726.7331721647673
522.3071388380027
1751.2175211373767
1699.8725001243788
1668.4913051125434
1876.7676280471724
1957.70755356398
1807.1344153899536
1884.1286376274243


