Rainfall Prediction

605.5172065647198
572.627551707826
535.0408022964701
500.0198563312389
480.6252087939274
480.6252087939274
480.6252087939274
480.6252087939274
480.6252087939274
480.6252087939274
480.6252087939274
480.6252087939274
461.1915486598536
461.1915486598536
461.1915486598536
461.1915486598536
373.4094193087102
414.18848687520386
464.6836302301891
407.3275129915272
402.28212661158216
443.9727430733241
326.5887881157424
338.0970725381146
338.0970725381146
323.9290776723958
72.37784458445827
133.37784458445827
54.566410495432514
285.851043939587
304.45148347163257
304.45148347163257
304.45148347163257
266.33247502831955
44.90924042860961
111.20314893283023
110.20314893283023
82.20314893283023
330.20314893283023
330.20314893283023
333.41338486561955
355.980654771269
55.87315287512078
206.84613333469082
271.8593896345362
232.98044293044464
161.98044293044464
143.70066795876883
196.4215825061779
111.23810044463798
102.0328966264585
127.40435468859661
112.9298426659526
122.6002293378825
229.02928745289637
465.53687040126545
584.4835918603901
584.4835918603901
494.4835918603902
535.7134617475866
548.7134617475866
481.3254775090448
497.83781899015025
545.4963528084571
545.4963528084571
537.2627687537332
427.28853974688786
449.28853974688786
475.28853974688786
568.2885397468879
572.2885397468879
647.0405171753213
635.9747401907987
527.9753900779095
415.1556557591863
318.4008989145665
369.5958596943783
496.91923679560256
498.0633313242776
438.6636314113029
427.05209009233613
462.03893195274907
374.65264048836127
295.7123531903679
304.1771962033679
130.74489997217634
446.90187070804365
310.2838504652933
301.28866448190604
301.28866448190604
330.20314893283023
330.20314893283023
259.4398319046363
233.14693003224238
240.41980365617178
246.0378954417986
246.0378954417986
246.0378954417986
246.0378954417986
246.0378954417986
246.0378954417986
246.0378954417986
246.0378954417986
234.4571129177241
233.14693003224238
233.14693003224238
233.14693003224238
234.15509037696773
191.5619058194265
182.8122418385845
182.8122418385845
182.8122418385845
162.83127527910386
162.83127527910386
168.41822573765617
277.86601689677724
324.55657314482664
294.00772686305805
301.28866448190604
301.28866448190604
301.28866448190604
301.28866448190604
301.28866448190604
313.63672926987283
532.141286838522
58.56384717460976
52.644693810591136
49.56384717460976
139.0200490514364
170.20223728047142
202.84385602752155
176.74899139146862
205.74899139146862
261.7489913914686
317.8958957169224
354.50079210663597
403.50079210663597
147.756340401063
487.0097525678139
103.31208419361508
588.0306975308388
585.0306975308388
585.0306975308388
133.03069753083875
622.0306975308388
546.8960464087648
464.3704401154451
379.19434798003635
367.27493298037064
196.9327886360297
196.9327886360297
196.9327886360297
196.9327886360297
183.9327886360297
140.42990449068802
777.2818191267329
672.214627728997
823.4043546885966
968.7282665005417
920.0897018709479
856.0549340882936
986.9440299909473
120.67522178261544
332.940353460453
378.1401844421562
332.47608145102254
362.9702059375619
644.5552780954628
523.1022263615702
553.639755446369
554.4772368453471
614.0525127197131
75.07719662653166
357.99015313390373
398.15459207442996
495.4063691737952
141.79534845647748
200.01343841887524
248.01343841887524
326.9509761624863
432.5883924000812
121.32625493228677
670.8559917570378
754.1336729985064
697.6159772307652
736.231427109828
425.2277916406285
678.3474410776374
408.76042038575787
963.9704578474925
931.9704578474925
928.9704578474925
751.7277164676282
642.7277164676282
530.3850503661243
424.0246720202065
411.0246720202065
529.0525299922015
332.96900837879986
374.1107235254034
388.9983868564937
371.99327443285824
295.41505052043345
1610.4840267805623
1423.572083391776
1317.187397974636
1211.2795602928318
1050.2888353473227
963.2802028617466
963.2802028617466
957.6568618727273
968.7282665005417
968.7282665005417
978.6752217826154
885.4572964316508
626.7704970305825
645.0873788796844
639.8461333346906
638.7641426933465
638.7641426933465
638.7641426933465
638.7641426933465
638.7641426933465
627.2416246822904
627.2416246822904
506.22954960057854
506.22954960057854
506.22954960057854
399.7683745288534
377.9244130189996
329.68957768457244
290.52546458851145
290.52546458851145
290.52546458851145
302.58715868250886
285.08078145577144
263.201031528701
322.56735655265743
347.22835555255284
501.33069591543017
494.08545507857275
556.6646036244133
494.08545507857275
93.65928437358275
682.9541388534676
674.3005796742856
674.3005796742856
674.3005796742856
674.3005796742856
683.1940857311477
683.1940857311477
683.1940857311477
683.1940857311477
683.1940857311477
761.7723095706732
768.3475991013466
768.3475991013466
768.3475991013466
768.3475991013466
767.8958957169224
777.2818191267329
777.2818191267329
777.2818191267329
777.2818191267329
777.2818191267329
771.6592843735828
771.6592843735828
771.6592843735828
690.166077785462
667.8533065548237
515.3713343947283
496.4035516173201
446.90187070804365
443.9727430733241
178.38539046781156
178.38539046781156
178.38539046781156
178.38539046781156
178.38539046781156
364.40688617019384
437.8735447547299
469.0776193207813
520.756203014443
667.6613175173421
736.2416226304651
704.0637889568828
690.1624540903023
792.7108613974132
814.2137546098652
814.2137546098652
814.2137546098652
814.2137546098652
814.2137546098652
814.2137546098652
814.2137546098652
814.2137546098652
814.2137546098652
814.2137546098652
814.2137546098652
814.2137546098652
814.2137546098652
814.2137546098652
814.2137546098652
814.2137546098652
814.2137546098652
814.2137546098652
814.2137546098652
821.3713346014164
914.0951304732966
1133.709846882194
965.7563404010631
901.3181586790076
988.321614971804
940.7777913229543
840.1163366226748
840.8681318360036
812.0328966264585
776.5056158647553
697.4663270674921
707.6045812671804
707.6045812671804
707.6045812671804
723.473956012036
798.6557685520371
790.607464035953
790.607464035953
790.607464035953
790.607464035953
790.607464035953
790.607464035953
779.551682119685
871.5916771731452
955.0292874528964
1018.6903799470788
964.9569259724394
1113.1292614095933
1077.5126135984804
1077.5126135984804
1071.508794825111
965.7563404010631
735.1163240232845
731.8469975983886
769.9429446876499
672.9037283273243
789.2531764058751
806.0471791758831
724.7931872792161
731.8469975983886
731.8469975983886
754.857168575348
858.663631411303
904.5945360199325
955.9574698904676
1037.0795400280979
1105.620124744842
1097.521466889116
1105.620124744842
253.3589632361451
309.53590110995253
410.78685271263635
412.42507995672884
431.9264671881821
410.55812266066334
304.9022385547594
258.72647815920794
212.77929744128494


