Rainfall Prediction

906.5548466096416
945.1848102833532
1023.8659789579353
1149.3930498554264
1239.3991721270513
1257.2495689222637
1248.3617806361056
1300.7588127871766
1205.7018041192116
1124.9619990773433
1079.199188516875
1036.363668207311
1015.5367674440021
951.6948045334535
1038.1347269908524
1088.9956309035256
1033.0348280165597
957.242940659688
1079.8322806602832
1056.5987844140457
867.8256523977075
914.2131212169206
919.8370213516536
847.0073711806538
742.0073711806538
727.1425884130956
720.0739431804764
724.523428969733
679.6367701307684
601.652961725202
681.2274252401486
673.4244737810432
496.425603228237
426.8208297572199
332.1419122382014
285.23906180480316
265.3562818207234
231.09721630978532
164.39254386447544
157.2668899638913
2.1295994986526097
0.0
0.0
0.0
0.0
22.78957601554645
0.0
0.0
30.660043260077437
0.0
0.0
0.0
0.0
0.0
0.0
0.0
0.0
0.0
0.0
0.0
0.0
3.1528726279615924
202.922311451006
0.0
0.0
127.66780096984712
0.0
2.4942484608563333
0.0
0.0
21.453431387325132
55.36403953049304
126.91455374123632
129.1412360633071
129.72413346291765
0.0
10.974765089191699
98.18525581682886
80.13668103352796
558.4605129222005
558.2662137889969
578.1852558168288
567.792778695537
542.4650679519796
546.0402076418204
547.0039455980684
472.0234513237899
474.85140732399896
483.01000913704735
513.6604223220833
469.9032962385877
0.0
197.91948783302135
13.78483532417627
14.26726902589715
153.6000995228306
67.58503737559082
0.0
1.1164249226184495
48.28127593623674
25.093040342012102
32.62329844184589
29.429564032239313
17.669123817455812
189.60209854533358
135.0326433324657
189.47000204376465
224.23044225854815
165.3498469585624
0.0
2.0880320399334096
0.0
3.8586003101716813
0.0
0.0
7.559847172896298
20.091420381514993
0.0
0.0
13.552542735426186
0.0
2.3091040953248694
0.0
147.52509363834395
124.47613979303719
101.0881062502271
0.0
318.04728917669587
341.46827063197014
289.39119151468685
258.4235747035541
252.77591092620906
248.96633120452776
238.61011612698798
204.4605129222005
85.63018657630641
81.53303700970466
37.383433804917196
0.0
7.043410321811045
0.0
348.86210010305064
0.0
0.0
0.0
1.1095290493341352
0.0
7.433360938006665
0.0
0.0
0.0
0.0
0.0
0.0
0.0
0.0
0.0
113.15034612286536
43.1827293117326
0.0
197.66791242114448
0.0
0.0
0.0
0.0
41.60758962189173
72.70473918849348
0.0
0.0
0.0
207.72480963781197
208.44111864777636
159.82516188440425
160.34329290628028
134.18525581682886
115.0117033078381
81.6392966358647
1.1535488028558873
404.05639923625415
397.12504446887345
431.6639221149623
327.6639221149623
327.6639221149623
270.3847861547058
270.66004326007743
270.95149195988273
272.50588502551085
329.05639923625415
221.10885287443983
234.707941868484
259.837474623953
278.19756855637763
283.13668103352796
347.1528726279616
344.1528726279616
313.9747650891917
378.49677496595257
3.6263077214215897
36.78822366575785
42.52915815481983
52.933948015660484
162.09586395999676
163.128247148864
0.0
0.0
83.6977023617319
0.0
0.0
40.08931764653843
102.15739815556083
488.0317442549767
428.7810011774052
490.5414413921887
490.50905820332144
491.62627821924167
480.1891051695338
438.1891051695338
446.1891051695338
406.4286649547503
405.47611029085726
405.926346465302
338.16590625051845
340.99623259641254
306.10625962616
225.8666998409435
251.3458194113765
180.0448073797134
159.2581589663389
22.303419618351867
22.17000800799802
22.41288192450243
22.41288192450243
67.93376235406946
161.45464278363647
49.93376235406946
216.9755232132035
176.17332213928594
227.93376235406944
210.7847238728789
233.2342096621356
128.43200858821808
0.0
0.0
3.3996253993508248
0.0
0.0
0.0
0.0
26.718448985944647
0.0
0.0
0.0
0.0
0.0
0.0
0.0
0.0
0.0
0.0
0.0
0.0
0.0
0.0
0.0
0.0
0.0
0.0
0.0
70.28184065983368
50.909998711457206
0.0
0.0
5.023154210901524
0.0
0.0
0.0
290.1556220356526
169.74401825064507
125.46876114527339
138.4630766683004
61.3548552606411
22.81778323664045
78.0411514274233
128.9635075865431
31.740139395760224
503.68275166578957
480.21639810720495
475.19433637420724
468.34006072410983
461.9840313081611
444.8388716818555
471.25985313712977
461.3446899641827
421.39326474748356
488.9141451770506
745.9559060361846
129.45453133233912
307.9754117619061
485.1314498288545
553.891890043638
232.6940911175556
378.13144982885456
161.41277047320506
0.0
53.16658242541274
218.16658242541274
152.51266944749779
28.706589518695424
217.54742298205014
0.0
249.3262394753613
83.59656248894794
57.69646146324068
0.0
417.56361457648376
0.0
288.4596510857151
107.80148019090947
5.008656787258701
38.18563487883472
151.09861336768773
173.44470038977275
0.9790230060824143
11.807655181185694
0.0
0.0
604.4198072999667
286.0242094478017
102.70112794431716
105.94068772953365
67.33771988060465
600.9421220284397
542.4212415988727
524.4896934310773
282.2952086362826
226.56327275548156
162.06645308141523
161.30544814303477
163.08652353073367
164.18755195222028
137.68561252477784
166.24388444529083
166.53533314509608
166.972506194804
167.45825402781279
229.2996522147644
229.4129933757998
0.0
8.453134274436707
0.0
170.98802161434332
171.58711060838752
294.54128523277757
248.97864394407657
289.00078762619165
266.28560806342114
264.30179965785476
317.55698631390794
320.2655376141027
409.2655376141027
443.2655376141027
451.6742063298282
451.6580147353946
441.65801473539454
441.22472054057147
440.83612227416444


