Rainfall Prediction

985.2357347058118
1129.249308168927
1171.9214990774767
1221.25754859489
1299.4652746418428
1374.5108220745299
1398.6493484787386
1356.0014749254515
1340.6341782902598
1282.799672591165
1273.7079728100944
1266.180081978863
1209.093875594447
1237.4598983401443
1219.984016288738
1181.6915841284476
1131.7371602982735
1098.2690927090682
1051.2169138669717
833.4170624603266
773.37183812187
691.8323496339268
545.7371162015646
275.47050658827345
0.0
0.0
0.0
0.0
0.0
0.0
0.0
0.0
0.0
0.0
0.0
0.0
0.0
0.0
0.0
0.0
0.0
0.0
0.0
0.0
0.0
0.0
0.0
0.0
0.0
0.0
0.0
0.0
0.0
0.0
0.0
0.0
392.1249800765057
68.4324484437025
558.2794998923031
628.0398076555339
706.2829670778254
802.5822057254485
877.6076974050188
854.122275268886
803.4411169921946
794.6695301559675
786.5816331242536
778.0595154356309
778.3345880567076
482.907960841663
537.9924509963953
541.7557330747853
389.3469411089695
529.2004997615945
670.7459418686628
638.818801605937
655.758866290213
716.0226455396213
717.5040047043245
672.055050442805
674.6712897147409
673.658667278912
669.7118783476966
568.2305869979193
520.7686626516614
269.2805228753094
0.0
0.0
0.0
0.0
0.0
0.0
0.0
0.0
0.0
0.0
0.0
0.0
197.8534811419804
254.2951041605009
376.19276973381614
393.68642343875666
396.23225512317896
420.7671565129579
450.05999600053326
487.86473535192107
450.4508852250154
405.47503005733904
227.89251852572957
0.0
69.02173570694958
104.09610943738484
217.54999425419436
321.4965007585619
388.6849624052878
422.4038352098617
435.2998966230063
422.0947760870774
417.65057165051263
394.0980317773256
377.809475794348
362.31340024901095
341.9912279576773
374.83863194713535
440.28075517025707
493.5930567645833
491.1444439575304
517.943727002113
550.0481598628786
460.0391287705862
432.7239304683761
388.0064432454698
400.1112345335982
438.95443954925435
458.75483648676664
468.48692617830864
419.4496394085946
572.1138384948906
533.9241519167306
664.9131838513011
823.4407280409426
826.3728704752192
882.3246899866315
891.7414421965714
861.7302855550291
782.5726803307153
596.5802544503129
0.0
0.0
0.0
0.0
0.0
0.0
0.0
0.0
0.0
0.0
0.0
0.0
0.0
200.0
532.7363325323325
472.2499338274173
737.02985014177
722.8443815926081
693.6036332084774
725.0655142812958
973.7299420270489
851.6196334044912
897.2491292835006
794.7829892492667
646.5168211268752
721.1990016632026
839.2023082503066
905.9996856011568
970.7781977894691
1078.3680924090338
654.0149559064196
802.7531235458928
812.241143073042
829.7520458497291
600.8128993781987
675.3914396431657
639.8922562125749
480.6789037746535
525.1340153715139
513.6730655504343
523.7858073195828
399.2163518113099
731.3957550146474
731.3957550146474
722.1217600359038
673.0461630978992
630.2295011381705
388.7420526805087
915.5137495562501
915.0610085573544
957.6796424655673
843.3342522239956
876.1474312096132
889.4321408119773
863.9000166616974
812.4851714810457
738.2123468632611
503.8729676783276
372.4110632083854
0.0
0.0
0.0
0.0
0.0
338.29129459683116
529.9820751685853
555.3376252665462
511.7245352726406
225.95796069180656
368.0842294910229
363.2850120772945
411.1569043564756
389.7948178208633
390.7838277104108
483.0217386412334
525.7727646046341
563.4208018878962
576.9991334482228
522.5227267784627
517.4842992787318
512.911370763316
434.001747464267
431.8933023351718
502.9990059632325
494.04453240573366
501.2983143797713
501.2983143797713
485.24014673149213
466.89827585888554
482.69141280946775
507.2149445747828
530.0782961035096
580.180144437915
590.6724980901007
600.4737798456599
540.1944094490427
623.727411800162
592.2499472351179
577.3317936853989
576.4555490235132
564.6060573532665
619.832235366958
608.3715969701412
679.2407526054367
698.0143265005382
727.488831529392
692.7856811453308
733.0688917148237
748.7856836238257
802.4661986650902
803.1849102168193
737.9444423532167
734.7149106966592
757.8172602943272
690.0014492738403
731.4752217266146
740.9939271006207
740.9939271006207
663.7431732228965
840.8995183730336
829.5336039004086
798.6238163240563
791.8888810938059
624.6511026164926
620.5674822289676
552.7965267618819
551.7680672166522
286.2306762036522
362.16846908586615
567.7746031657281
520.6995294793342
274.7471564912001
348.84810448101905
287.869762218959
0.0
0.0
0.0
0.0
0.0
0.0
0.0
0.0
383.4396953889881
366.6033278626914
287.76726707532254
0.0
0.0
0.0
0.0
179.5828499606797
0.0
0.0
154.88382743204662
0.0
425.07646370976596
549.925449492929
597.1808771218315
597.1808771218315
597.1808771218315
586.7384425789741
604.3045589766803
711.5743109472123
787.5358284740178
719.5452821166236
678.1674544180146
586.3472147250895
590.7764445538764
557.4217764495478
552.1512220366168
550.3804845860772
655.563416723362
650.058191792726
652.4406628840771
653.2911181608688
689.8513651286669
703.852843441286
578.486530315708
579.1027927516775
590.1128003609967
563.210184079828
538.693775807782
526.2223220183911
527.1679154531303
515.0968005564814
518.2665381183917
546.2153527594949
698.7451590340189
678.0372276303016
722.1251690349164
732.9738815678875
636.7448468578289
557.6190455857834
479.06575749055577
0.0
0.0
0.0
0.0
0.0
0.0
0.0
0.0
0.0
0.0
0.0
0.0
0.0
0.0
517.5326076683477
515.1310512869517
329.18080138428485
417.1210855375211
555.607775323564
612.7642287209658
781.0435327176073
823.5478128196322
877.0216644986599
859.6452756806146
923.6815482633665
933.7653072366995


