Rainfall Prediction

1582.060510715558
1576.6156911008547
1609.92285510784
1699.2188678368557
1620.8605999556248
1653.2854458622949
1673.0615558559086
1661.4330401191241
1679.9325498391468
1640.8385788881303
1397.2222222222222
1295.6705396853176
1194.080073796132
1033.0461871195273
1007.8885625600828
1019.9429316247765
645.7554032570641
707.0458689121524
772.530318377217
342.5996956076789
335.7082194928825
174.01724137931035
321.33326852493883
432.3813243728853
679.5287450257786
704.2467485021567
694.0974898920192
722.7190669429916
721.0932274491132
759.0438018111757
726.9525290073714
725.373583248286
967.2535481300515
966.455156046072
855.0
978.0540070691737
966.5675486803019
993.8337632219844
1083.5057180964727
979.826972266049
1205.8438498016474
1180.9368934678143
1409.2279175748263
1254.7823206214834
1591.9126436002978
1466.63354368939
1453.2498279421886
1485.259831272614
1763.7023966266647
2170.1037200566043
1765.8974497119034
1474.0303892482711
1675.2494846785505
1335.4443642597566
1358.9185529889821
1022.1816761054366
1248.801423404868
1397.928607247345
1430.4987341031544
1865.542143002694
1769.5809948143826
1897.1587883826605
1811.4696862902306
1482.183905190895
1697.7566234341562
1594.4308635377197
2064.2078552697667
1470.7401169778193
1468.3185571439262
1520.619394624561
1502.892764958281
1345.9023096556064
1269.1642859505696
1124.2358970805574
1282.656306438877
1230.436066328271
851.8502423724362
845.411105220792
865.9313856009936
783.1177124876643
970.8224260571191
1341.004438921566
973.1674857732258
1114.8958420290176
1128.1548906205248
877.4659999631521
811.3439309878602
558.5867643579971
334.396162341436
308.36680914028284
140.07367409941858
105.67479063008216
140.82640540570767
242.08872266899323
143.88059826547183
161.70090466619268
192.7195320039765
171.31898681663296
171.83288515900273
125.04700410699701
151.68274766663708
151.2317880794702
201.43923955977849
189.83834062613005
304.07764858382166
293.9657735119615
307.86959747487566
340.8347022766722
431.1733562652738
301.2302984981385
702.7941672419122
367.4015773528421
377.484446312434
370.39806997266913
418.84104679404453
442.4301788872407
380.8541683771783
383.0198629506055
395.82755323647865
385.6137256861863
414.377136920514
398.54018429402436
392.91852962714273
389.16604942909873
314.30903633703554
308.8900421011907
308.8900421011907
307.4863616141939
460.6986200578777
458.87557937386043
444.07095853477415
559.6383569279423
552.1511804299001
519.7807640899279
520.697435853493
367.965688061413
344.3044295441018
325.9442809042105
292.0835758699368
271.1779783065144
293.41638870922475
208.24416658310372
198.61803474415333
198.17540754158836
167.4093800967218
197.23999144728162
202.77922602949297
195.75521149432836
202.12566996307805
241.91681460303172
308.85285716192516
182.99996181023297
422.31898235054143
520.3943140346566
724.7190083076896
746.2923440188669
815.560369937016
884.2008780635847
952.123777711834
923.5835367807467
853.3230545348378
852.7048928999947
866.0875974503078
874.0867869045949
891.2246392585338
1202.0508630467148
697.8075522187024
719.8319415019326
740.9647258123738
758.9905370573273
770.1228031055987
773.5156639736198
1048.7703192089593
1066.7556221350467
831.3498792620157
1070.4837736625693
1045.3572957755962
1093.1500097057785
1086.956799454503
1292.3678152103585
1496.8430463128336
1538.710253166673
1529.4942388780805
1482.2836285994954
1357.6014686530077
1554.5957643016473
1564.1274775549018
1637.767707581389
1474.0142185873885
1448.176897056781
1416.680416725518
1415.9472563158681
1417.0276411003795
1429.5279166382848
1421.2431120035367
1394.8832909590583
1380.5604002088205
1376.164038525919
1362.106729765831
1349.0053980750843
1346.6024738277865
1330.4500366567906
1352.436392035457
1323.564531813386
1305.567686839917
1284.4432115993477
1279.3913454487445
1338.4598112435067
1442.2904983082817
1654.589867993484
1026.6055282250225
1022.5875246684648
720.8756537108469
721.144256299643
644.8245540192593
684.3372556357921
383.2940505311838
334.36809630756824
243.6520090837509
241.30209710116708
198.85009119752834
207.475278122705
211.96621715886573
210.63282742917087
247.99041533348588
466.64436106805687
426.8351059036558
698.8579382849914
751.4487604720482
826.5773041361304
623.239165329053
681.5565862874987
939.8799464939007
835.5056740966247
941.5373926490103
783.0403258641887
924.5706364912738
831.5874766416089
759.8912328401104
748.3140972892687
651.7857153210421
574.0017421602787
1415.6284792525976
1378.680315900939
1278.5401603351843
1260.6788542398106
1224.4746732026144
1402.7860170882018
1247.2997661243955
1402.0397194188113
1399.39646646004
1500.6074197714834
1615.2507829854458
1561.9939460039866
1687.9493941479732
1463.2725601109782
1378.460009366157
1392.5865649115647
1023.4312879297892
1094.38471157075
1029.1800868842427
1029.1800868842427
1015.0624492781935
1015.5396569816105
1429.5360376133324
1510.660381532115
1547.663459814836
1553.5263478721683
1455.8905490987163
1497.7787109969167
1372.0140750735623
1743.3780123477513
1466.8256899868593
695.3021582733813
796.6603261251963
823.7790150742626
860.1312485733365
1007.7291728971256
993.7318594553742
940.3740538433317
759.7872929120332
821.0262786692944
694.6374356805527
733.2690331010145
1268.229999285258
777.5421469010699
690.1339393946256
692.7831671662404
698.9169054441261
718.7688022284123
940.5632593720602
761.1458212147463
874.0917808514698
720.5558669702988
798.9699616106112
381.26650598207186
327.54000356918823
319.8464493712402
310.05384202465063
598.5283808703491
1034.5751120610628
1446.5976422286305
1387.8450989886567
1399.8412327830583
1413.993220299613
1552.8940840674545
1562.9475443514052
1532.0446378294657
1541.1068568299372
1292.9853322587837
1307.266925140061
1292.2654620241715
1303.4862616007836
1301.8247531656707
1795.1222001099318
1795.1222001099318
1610.5680652793055
1615.0620528944087
1955.2990739293664
1928.0899749142193
1706.1793374233691
1722.1112328946526
2070.023618185537
2283.6167381266687
2242.935939570493
2242.935939570493
2243.6123003099474
3193.9928116818373
2026.983173076923
2276.5370356210933
2137.866024780683
1578.3444250026716
1271.3207681830086
1243.2248052989244
1276.5511989280812
1392.545314343175
987.7318052122447
947.2513199577613
943.0803174105803
1180.1608721353182
1077.2122427028605
1008.7835938284297
1072.578385216809
1223.667174362317
1277.2269895923425
1197.403765674932
1192.4505265746843
1180.918997780586
913.153882142296
924.3727397291007
1011.419949419753
920.4205979602245
909.9676157066077
877.0532099254938
549.6734423273239
541.9107626162536
571.9179427153803
571.440111482689
571.440111482689
823.6032176123505
870.1105058203958
873.2550134504277
1062.1581464901976
1378.7205636549884
2037.0270090833333
1485.0925235295474


