Rainfall Prediction

597.2139026703246
569.9991011365817
539.7048647715573
490.36546744782004
480.94483157734453
480.4470789824778
481.29971597606163
478.1827905041288
478.6985062677092
483.42113221660486
492.9731085107197
498.70497904397547
447.3759568480977
447.6357689206403
445.3915080915799
445.2988155651618
388.839834466329
409.35959325748536
483.6322254989374
415.1583852211189
406.12730316248724
433.74532915191594
331.844233452309
338.7272668751727
339.3334438978889
341.569206572048
344.83350753095186
343.1771098961407
338.0749612438615
302.0749612438615
299.239660876006
299.8152656889307
297.9717867747762
263.18342560095425
267.61648916980755
310.5521140538686
309.35334952800054
308.4137575372588
311.50210490652023
314.50164291088873
327.9370490561246
329.7391824932914
441.606995536822
597.1200869654359
685.6561543352342
694.4465021087757
694.1559216148569
701.7170489358205
32.428700004329244
765.0802040817688
773.7012819018505
789.4883097076964
748.4227254225071
761.5722671154334
56.43213652961413
360.03203654140475
485.73419712733767
455.2196398939442
494.64982939496383
535.7154591215594
496.12541490864885
506.28105162119755
512.8885870965328
518.110616454443
513.138038587872
501.34918187508197
432.1324117526524
457.15561614706667
475.2300602681812
506.1037890284565
546.3707856242429
529.2088121620735
532.4922057112907
412.4922057112907
260.99709922893715
151.04213843990055
141.55277126415842
184.55277126415842
220.24888032357
24.42661384914709
803.2212229868281
30.128755162366815
119.8871301351387
168.46019671671274
161.98244307877417
12.061926598705782
401.3004910580508
284.71079774688525
281.9481060378456
287.4508643559905
290.69160961131433
287.58820860192475
233.3501165756461
214.94043201050934
213.34208496917708
232.58202362203542
231.24045698639816
229.92111653795598
230.0171896374092
230.0171896374092
232.70645771085825
235.83927770728272
236.06760327481143
221.56704889449603
220.56704889449603
220.56704889449603
220.11317090388528
216.19083858988128
173.46767801507772
165.46767801507772
164.97333311153565
164.88865913812518
146.20171575842875
145.84782632403807
160.820477790166
259.5127375908353
307.8329150445125
284.5127375908353
296.4898135089976
297.30453176146375
294.08393948752934
288.3911464321126
288.3911464321126
286.4798468959107
483.5229642506048
572.2146290750007
574.9429862723254
577.0960961155578
649.5536534116873
679.6014577843122
702.4713889148481
728.6879394001646
744.7402628355866
746.1184624841057
772.0063719840566
804.5831605428505
808.0212084890928
948.2832995584944
949.6451275456483
1028.0851499693085
1155.1427295158599
1155.7987593694975
1156.6857730856639
1158.359463099634
1158.3287112915912
1134.41206608434
1039.3667579226114
993.5559551168086
983.5468883546732
973.8623743726923
973.001407147978
972.7644720553369
975.0660197101373
975.7267754045167
974.6830223975666
771.6684289655482
671.2369042567009
843.20317715313
977.7720327601354
906.4341871055435
877.9143223461796
995.9413219910044
972.5470564397193
1163.6056547981766
1202.2125633034566
1177.2410582167108
1179.2003972820132
1393.6067823631624
1253.1187288042597
1264.6223839256359
1230.3893401587493
1190.7524116207
1273.0662902793292
1501.2572303072327
1604.992176969222
1694.992176969222
47.60670570475054
216.30617992388648
328.91883075541796
387.15627403867984
524.4921415383228
544.650140319625
613.0772137399294
829.2636020109778
1163.6128971368082
1177.4176997188406
1126.5578076271474
1122.6291923903602
959.1509068059386
836.0930203255305
742.391471533583
832.8828269393814
546.5136468467056
587.242466527782
366.5396902014829
355.19628628699365
390.92438096091246
474.43248653235014
261.2850564268185
132.6965243991733
209.45799452369988
204.69701591596595
344.96273980707883
306.73078307283254
96.86405295969439
1255.5337361358042
1166.2331537949256
1031.2849128445018
940.8311195928733
941.8396591651637
935.2243901361053
954.3339100519374
954.9896377640445
959.878512482353
890.9034429006791
636.6885130002128
639.0872358900341
635.2479980791409
626.4216310954722
626.4216310954722
627.9682424507579
626.5635590759849
626.5635590759849
620.0547992531328
619.9678849101996
511.4123905585745
514.2943455920922
513.3752721454388
385.18355518864166
379.93966738555537
326.3960742161899
292.9186588118131
290.84475121671653
290.84475121671653
292.2165146099182
275.4682822763979
262.25649593828194
319.8765454863644
342.2777801823682
474.1738067583964
488.5312972789901
534.9949511270298
476.525516505963
715.7947274422756
642.7539982677603
642.7856539694624
642.3757139180257
636.9681393176279
635.3071491797391
643.7008587809777
648.704477072489
646.7138447201995
651.3157468645613
656.5941904950579
722.3646926777687
759.305331648379
759.4604746133124
764.8422836382309
765.0456412585459
764.0456412585459
743.0456412585459
740.1676788721602
740.1676788721602
741.3610752778256
746.1642849037529
747.0574588308012
749.14681482915
750.6574963049045
692.338310570864
664.0138876264139
526.013887626414
511.5709499509387
441.96022644737644
442.2949762683319
192.58141686880325
194.50758079730102
196.62603788411872
206.1937621893763
205.49525861286784
385.37561963019033
460.2060559086116
476.4165357547271
547.4059258013223
665.4672149211997
751.1559998003335
707.0546102069211
702.1051661943114
787.5718442541514
785.6080778453139
785.427118579262
785.9297713976878
785.9297713976878
785.9297713976878
786.9746364588191
785.9297713976878
781.5702595667049
779.1950068391707
776.594082895486
774.6416275714078
774.6416275714078
774.6416275714078
774.6416275714078
774.0815933913702
773.8386252201897
773.1052949940097
773.2645136591947
773.0527831860215
800.1833807684702
889.3165913237718
1093.348722025936
915.6577010984387
845.6147144717099
962.516292836217
908.5607565460396
810.6500371121067
794.1397404171483
773.0508411354058
743.6003239979717
662.8231313081793
666.7164009905221
666.7164009905221
665.9231923668968
680.9231923668968
724.9649245503058
725.2680558922177
727.2806385803322
727.0492493698878
728.301029482041
730.9326922785772
730.99846354717
753.8158756111015
811.3158843539602
18.792358596382428
22.301082649395767
952.7473430631757
89.30650472639218
184.25427402777984
126.47738477257394
102.69543344478984
18.395847607034398
718.855332084254
721.3432183345892
720.1995410783006
657.0691522465022
772.8168166665812
805.3308458883083
737.5776851380992
740.4941410274205
739.6084133854769
735.7971743401669
851.6789137229731
904.8557197747429
938.0734520627475
1031.0175633092379
1107.7132434566788
1108.038676258584
1110.4056646518425
1174.8634942363897
1271.354684123589
1314.2872283707284
1322.9074213650053
1304.6797686744894
1281.167172490145
1178.3256098765878
1159.979116047892
1167.670080639389


