Rainfall Prediction

940.5454657326691
961.6310803731221
1021.1735922713835
1114.5076767207818
1290.429380146268
1315.1244032916711
1302.6346777651065
1283.0949779405987
1220.1320801973623
1123.3115039221668
1039.3806891796382
1036.989157146872
1031.6301718838304
1014.256401893771
1040.127901734342
1185.939422000045
1010.4991223517072
1059.0425124079238
1200.016588300897
1035.8390838632788
945.1398005054522
951.3426107332311
913.1163649054504
898.3779354652632
787.9067559818607
764.9426759029889
761.5623988919399
744.256225748487
704.1458591833448
711.03438296239
692.7368380202695
682.1066124363919
571.4390313330256
477.57575946755065
415.4351493769739
309.7688592503517
295.9054622009305
236.17497055167527
283.44827550985457
248.58264961663866
232.80948203544892
272.68300640463326
218.49906529987646
238.1777844643916
257.1261618977841
194.8820338067871
143.6829466535767
114.06193383925539
24.783003333127418
0.0
0.0
0.0
0.0
0.0
0.0
0.0
0.0
0.0
0.0
0.0
0.0
27.058584899980538
208.1960256607453
212.82740545161127
268.34986171908986
389.5520209336839
543.6911147779076
529.0219036768362
524.2414769694407
552.4013815864437
549.6089911689141
540.5205070953759
525.2331119154564
507.1039045956213
563.213701332001
554.5821239464569
497.15547787417836
521.2623315914768
553.1437427031094
553.0471933438406
543.0655607495173
543.9277693895356
609.07403138077
554.734702895909
495.056190788497
599.8616290126363
543.385747186748
504.6433557521883
543.861698920093
525.000196370311
505.8713967492225
589.3107758209857
805.1318818345187
752.1448423371995
667.3699597356397
809.2734300039529
761.7325260321159
639.8278561864504
686.5119731520449
708.1526367032558
769.310282447773
683.4408251010475
697.4753546953305
695.2202558884114
869.8039884988765
775.0413830317882
887.7275812079413
908.7083084758997
980.8677068387501
954.9607674902621
992.658205112735
1018.1015460751438
1023.686098611348
1020.9026114119447
1047.5784456224903
1173.3821024635865
1332.8679645824702
1316.7367658117803
1325.9286816307533
1367.697368171419
1379.2035070518616
1441.5229135273655
1391.2023108302956
1150.3092054773947
1058.5564009647958
956.8904499911491
835.888540418885
729.1647855232172
765.8038986175399
719.1919201939933
654.9568979032836
673.2659357236502
620.1282458199202
668.0467027892184
681.6174757933751
589.3483684008208
558.0816607765073
460.66428751134237
440.37541791336827
454.6976268933096
333.85700778294324
364.71499808340025
362.0450979628163
351.63995493722706
420.3861107398994
328.124594734717
247.4529472007508
389.6580595966754
327.95015347695806
346.50778860514686
469.6904929643989
413.8770549176512
402.88627967673267
395.6453023138591
435.1285551359474
404.64511092770044
427.1959891802626
540.4505907176076
521.5157943300745
548.6894207325076
498.5963176909379
523.5769286533656
516.4330869635497
577.5673476999034
631.0544017143546
699.3574932803699
747.9617114055055
727.6776169253149
696.7696127316385
681.618821099642
702.0135776289507
687.3648124813312
680.8808895534467
705.5127201063218
714.5997008642328
667.3230631625065
669.4495408823179
606.535236000073
390.3782643568817
369.29082940621004
481.4880481089414
351.87472301689763
397.7581338853916
208.43449126858835
268.26457546432744
262.6070155175775
276.84966559480966
319.0488262009174
247.58445260885122
245.34189872247245
238.8682658886553
275.4580337410216
257.1653353077076
313.1011962051362
333.64968340374986
263.44669697840214
356.4827470720779
431.3246019836854
386.1378788736878
379.6255604538294
379.6255604538294
405.0007390569383
413.3698415783603
409.8597644884075
436.81771377155644
459.46221920416457
412.49641978385694
451.14370050776836
451.6448125544264
497.006095529694
482.82531107258217
405.9520958932438
498.0694774552331
495.8125003313171
484.76493415858073
536.2757301097521
502.8503796379856
442.02808290488923
470.7409071571151
509.21181888131105
428.8429482829497
372.3675041849906
363.25442576719917
348.94323803872
225.76127213148186
280.1321151825924
260.74875726531275
162.39430940013142
74.01560612461986
0.0
62.2047291088605
4.996894782076396
127.5877766854928
110.0113265694286
82.40938321304513
210.3517849561195
183.46419898913922
225.53898433217225
206.073046436794
166.1564481740175
115.79884054454169
173.22739426364308
194.88548361248309
145.3421208675931
309.9863921460139
391.0865527252336
391.2368587455976
434.0122060563006
422.7005856144723
500.32125919002664
471.0971380630312
495.7183248442202
564.1658573593752
552.0738994533283
967.7092036005499
917.6401893071786
1058.3288918540354
1070.264749372404
1038.8564579794179
1051.7157737844639
1016.248102232737
1081.813124248541
1075.0421901751056
998.9094060280224
996.3841851058132
928.6258312681476
871.3373447587232
863.5043915714674
900.4287539616415
985.7677328786149
1022.9246358153713
1012.6623474812276
1003.5739297803501
1066.45141227233
1089.286642991913
975.872298550925
792.1185978049311
792.387006569143
838.566299274226
838.5298005957485
762.346423997383
798.8358497449651
875.40606165678
906.1808842081889
883.8020209395291
521.4894736626961
573.3081625000762
512.1999326543416
455.38234952476466
490.6976023495766
552.899232984361
491.3317630188846
450.64400108544163
481.14082371071856
539.0894498324212
770.5368819074482
1080.6653598375515
1274.2790495696304
1321.4951064590398
1343.6236459143204
1646.177231338327
1735.372065738427
1743.3518685393578
1948.442809729445
2053.73041529386
1987.1414490770503
1935.0513735319446
1986.1333099355934
2000.6259126771092
1890.9621340325843
1912.241364041489
1963.8268527040948
1963.5191982365463
1904.6261543358273
1869.011443492458
1884.7772698894269
1861.1055933004636
1812.6480876650608
1827.1796127809534
1863.5918677626196
1815.0807053569472
1849.4818835537972
1799.660169970515
1785.993956064778
1858.9291073887177
1741.5156399114442
1526.5718300649044
1205.9993757967773
1062.7602247620582
1047.4068405661055
1029.602554545819
610.5605558640224
505.9906153762196
561.956251302968
322.97820709332836
142.1389477017209
221.33877952698322
132.0322730869408
191.71535128592922
149.106507553793
270.1663735184211
215.2674447169379
163.22698451091227
97.11126170702326
236.52712449449572
245.0632566549759
225.41551173096187
153.65790910341823
125.51380602346774
157.12062382980253
165.36777991688913
143.1979748162071
256.0673740917307
292.748032139097
330.13872323234716
305.87303764216506
259.1167824952903
279.99241610273936
253.3942762580984
333.8662506526133
391.82210135531875
398.5300885050425
394.89004338354147
420.7687130957173
398.03194323380177
421.775952616454


