Rainfall Prediction

924.0356500047778
957.5082094406274
1030.7183343205688
1108.3578276265807
1252.0914114191012
1275.0903147028978
1261.2290124424485
1270.9445560251133
1236.9112148009306
1159.3264053090738
1063.409940432827
1041.861304143491
1035.590583568128
980.3964642825888
999.6967284649463
1079.8743770188694
985.1792933232333
1045.174195512103
1135.1054093570058
975.1201474474302
883.204182057315
911.4365325944888
905.3829471498407
877.5256279134804
753.726392403618
686.2644346154536
723.298655790989
726.3857834370889
689.0978743693325
658.440196632498
634.6160717948984
686.152322163709
486.61180548479973
411.3912988704427
390.8652101254311
253.34405237011237
263.54274137487954
197.87267731407542
257.3392695815895
223.04734536279955
223.01490163424162
272.7355595439527
251.88539154380237
238.1957116962071
233.52800546729966
209.75782310022913
134.68047403692125
131.71913410277122
65.8212298908258
0.0
0.0
0.0
0.0
0.0
0.0
0.0
0.0
0.0
14.694520254903217
18.877977816515575
6.84784691407955
29.67395846414283
189.30422880969232
229.58455786616548
39.336577976776915
183.6670257744483
9.912723832372283
34.474305802417035
42.131281671049855
18.915191746584288
34.478272332618104
0.0
0.0
224.11064381890398
189.26623361519572
195.58558495712523
161.68034355057875
47.1888318854263
40.10476853160098
0.0
0.0
0.0
0.0
543.3767875824262
0.0
0.0
0.0
0.0
0.0
511.97141147981506
506.1738018633708
569.7198516572364
145.48246480946344
0.0
0.0
28.93920764997367
0.0
677.8193833607054
692.3888413529801
757.7588614385581
735.4621626830285
752.5016723940586
720.6075667796098
744.6235067639283
0.0
0.0
0.0
74.05511305441458
190.6085725413385
309.9489914544194
375.68990323086126
384.9216200252904
341.9997015122649
301.9997015122649
376.0159602429909
488.29839199577003
608.7566947656792
0.0
0.0
0.0
191.62058269629162
0.0
31.834731982157628
71.43668770300735
105.11459200399969
46.53238287049467
369.04822534362967
207.2690128251768
279.3825550612475
0.0
0.0
80.90563542636092
51.76656143167554
14.97659069578426
28.76677444773349
225.10542499374677
241.55868863100568
158.58381066930173
88.1949724200609
0.0
362.2922630597467
366.9461522871079
335.0331744853159
361.2857796108258
379.2857796108241
353.8189008149593
262.790839952551
350.31691015196856
359.6742474602761
356.52538828511405
499.3298958906944
433.69352159895203
461.41038952897304
415.17715182780586
414.5808803146131
454.74202945683595
411.0134188426161
511.46706614513585
560.7038148133173
523.2128158334588
515.7658291233508
573.2905724298214
572.8136620325655
611.9454574200128
636.4289394159305
649.4444709178316
664.68959324469
712.9271976777894
0.0
0.0
0.0
145.971794660712
120.70482815710598
274.292390920251
244.3993133808042
276.1126148568902
240.61690645183228
204.5126377803294
0.0
1.3466687049244825
0.8371511795310767
0.0
0.0
38.316934705943936
22.2144940798496
0.0
0.0
0.0
0.0
0.0
0.0
0.0
0.0
0.0
0.0
0.0
0.0
0.0
0.0
0.0
0.0
0.0
0.0
0.0
0.0
0.0
0.0
0.0
34.02754125342454
0.0
0.0
167.80729815464866
102.80729815464912
186.21769285700023
130.40927927119472
142.82596446115667
132.7285736898822
180.8585276068153
58.174655462339636
36.126360627705786
14.079604129747231
430.4134559921512
374.1706222514552
391.1902093040709
263.3191027887678
248.64413026761792
272.0405559592149
174.1183614565496
70.11836145654996
86.81722609175024
37.2118831892692
56.36165547230984
123.2931341871608
145.37304694132604
132.34347739373368
244.64707770765875
236.85947765535875
214.74593521040904
255.3872926323145
267.8964991068811
204.89649910688206
215.92132619096242
189.14662874679175
151.9748952098351
291.974895209834
405.58844600248943
442.8630384769285
485.8224833218475
459.80656123476825
553.6913501790247
532.1360761943638
589.2543359046322
613.8502676173755
576.8634752909701
140.60486788480767
163.09834823969135
138.24026486472454
132.0169349931022
108.31769720591285
148.8166914768716
61.28822847338555
213.86277268855602
124.4201606297191
43.781888214894224
50.01262575999581
62.97543341038563
875.5147084244217
866.0886428245649
922.7390372561046
971.8824611986582
0.0
0.0
0.0
0.0
18.37843446113351
911.5118825733852
855.5043925212987
788.3438557213914
877.3985158438193
818.7696841419445
0.0
30.370239780961093
57.882249784601505
226.85192445763755
295.44806066500064
17.729543355072046
52.52536111860408
52.09831289603048
98.31783230829048
76.90401191571104
100.9130080648122
157.53378942887142
72.37106181379926
10.41491471983133
50.17656022018989
113.4125070828205
221.24911630895406
0.0
0.0
180.95307377277192
90.38648546570448
311.240960909724
44.331351353885395
43.84409158127965
120.97385677918575
93.78432797620563
145.90123507598247
119.33976764270243
181.3973955291179
71.62823505816391
546.6457778225349
568.9494557684301
536.2847103616992
364.03856222532664
299.7502491130987
326.99858653005714
280.9942959486962
227.77018424162605
91.36014188142775
107.23103433496692
79.49263339143572
0.0
0.0
0.0
0.0
780.288339657216
687.6487715673658
428.75098511998283
329.16851897273557
327.16851897273557
302.2689860653452
0.0
0.0
0.0
352.45069343127915
223.6255654570567
200.8811460819031
199.81227157500655
211.28888996414057
205.49529531553117
225.78940952908445
200.91381887671994
191.37968266450767
179.5319139265896
220.1242114262912
252.22153334291818
226.460417056038
282.4772705068377
208.321414508641
226.4287245729526
198.98491155837374
223.6458237693625
255.7597390835109
303.30371532984407
292.0399970548833
235.4023928394535
0.0
0.0
0.0
0.0
429.74122318865625
434.05690833123566
370.5513654221768
423.7482465064588
341.22351835490605
355.4470422648644


