Rainfall Prediction

1417.611708892487
1551.5694384357284
1622.837646307806
1770.9697619930628
1794.9182147857346
1752.6757235481462
1745.8140153260103
1745.9925210451797
1746.5384619755712
1670.2851941436625
1365.0886844797371
1110.0886844797371
907.0886844797371
740.0886844797371
610.0886844797373
517.0886844797373
278.08868447973725
99.08868447973725
0.0
0.0
0.0
0.0
0.0
0.0
0.0
0.0
0.0
0.0
0.0
0.0
0.0
0.0
0.0
0.0
0.0
0.0
0.0
37.08868447973725
37.08868447973725
88.08868447973725
297.08868447973725
741.0886844797371
1067.479125021821
1251.678729723396
1360.8832318066334
1624.0752211684542
1651.0317815620995
1655.2005923747581
1696.7341192515198
1678.0108626695594
1655.1974039563663
1617.787351899407
1651.2515183430737
1447.1004573870944
1342.6937444035775
1131.310651371668
1341.0614832290264
1599.274226164655
1682.9636505716883
1737.5472387050654
1788.4832081840934
1788.4890954843459
1788.489936527239
1709.6648517664037
1657.791730023653
1622.8595428221247
1603.8595428221247
1609.8017049561108
1622.7494488317975
1627.7749686805687
1674.7248741626104
1668.995583625789
1539.9797513128644
1533.915458642743
1409.9490838128286
1292.592697944047
1005.5226331170379
981.5226331170379
1004.6516470002562
994.813886035373
1112.6022148896923
1247.3810842296934
1321.1309714476488
1329.9204020054106
1347.979524416081
1349.9293452046113
1356.6185740013225
1156.370186424282
906.8947790326553
777.0886844797371
721.0886844797371
704.0886844797373
734.0886844797371
676.0886844797371
625.0886844797371
607.0886844797371
607.0886844797371
607.0886844797371
605.0886844797371
590.0886844797371
554.0886844797371
398.0886844797372
280.0886844797372
286.0886844797372
340.0886844797372
370.0886844797372
411.0886844797372
488.0886844797372
501.0886844797372
477.0886844797372
537.0886844797371
455.0886844797372
354.0886844797372
321.0886844797372
329.0886844797372
317.0886844797372
345.0886844797372
354.0886844797372
356.0886844797372
333.0886844797372
384.0886844797372
415.0886844797372
381.0886844797372
351.0886844797372
409.0886844797372
437.0886844797372
358.0886844797372
341.0886844797372
395.0886844797372
469.0886844797372
699.0886844797371
413.0886844797372
95.0886844797372
76.0886844797372
59.088684479737196
0.0
0.0
0.0
0.0
0.0
0.0
0.0
0.0
0.0
0.0
0.0
0.0
0.0
0.0
0.0
0.0
0.0
0.0
0.0
0.0
0.0
0.0
162.08868447973725
265.08868447973725
282.08868447973725
165.08868447973725
0.0
264.08868447973725
630.0886844797373
612.0886844797373
604.0886844797373
588.0886844797373
581.0886844797373
651.0886844797373
679.0886844797373
818.0886844797373
710.0886844797373
740.0886844797373
1010.0886844797373
1391.0886844797374
1468.0886844797374
1396.0886844797374
1502.0886844797374
1565.0886844797374
1728.9151139076139
1980.1628743552524
2037.9140060602474
2061.8648901466913
2099.1544480492366
2001.7268722027347
2294.2174896868146
2303.249661268584
2356.979748524941
2188.024459494619
2147.259601859835
2144.0822859840882
2210.612399461377
2270.7306646172206
2251.739342119504
2093.5041562166243
2110.0684185962127
2116.2769519136446
2132.425316289692
2138.060006821977
1934.0886844797371
1864.0886844797371
1819.0886844797371
1921.0886844797371
1891.0886844797371
1682.0886844797371
1261.0886844797371
1148.0886844797371
1011.0886844797371
824.0886844797371
997.0886844797371
582.0886844797371
327.08868447973725
408.08868447973725
380.08868447973725
262.08868447973725
222.08868447973725
0.0
0.0
0.0
0.0
0.0
0.0
0.0
0.0
0.0
211.08868447973714
138.08868447973714
358.08868447973725
379.08868447973725
436.08868447973725
648.0886844797373
748.0886844797373
765.0886844797373
779.0886844797373
818.0886844797373
761.0886844797373
809.0886844797373
827.0886844797373
987.0886844797373
1131.0886844797374
1028.0886844797374
1322.4349783425912
2091.892644331634
1997.9853494663014
2154.280368623389
2143.750029628689
2186.967182702007
2184.01387342317
2188.6950291136745
2247.0797203869743
2162.962321714537
2205.849654112741
2071.2141092997763
1753.6429175075427
1728.8623228784406
1393.0886844797371
1108.0886844797371
925.0886844797371
708.0886844797373
683.0886844797373
627.0886844797373
567.0886844797373
509.08868447973725
471.08868447973725
684.0886844797371
565.0886844797371
521.0886844797371
462.08868447973714
462.08868447973714
439.08868447973714
446.08868447973714
406.08868447973714
391.08868447973714
0.0
0.0
0.0
0.0
0.0
0.0
0.0
0.0
0.0
0.0
0.0
0.0
0.0
0.0
0.0
0.0
0.0
0.0
0.0
0.0
0.0
0.0
0.0
0.0
0.0
49.08868447973714
195.0886844797372
866.0886844797373
1097.0886844797371
1082.0886844797371
1109.0886844797371
1162.0886844797371
1344.0886844797371
1332.0886844797371
1323.0886844797371
1756.05999266747
1693.2708467105413
1664.6421055329306
1683.5795133455995
1753.6552263749047
1849.7849685383862
2157.6416928984772
2217.9669776171845
2296.9349269217746
2457.150895485934
2498.4100071479324
2542.4584941826433
2569.59943485077
2685.439073559737
2727.3057716651233
2958.8488201653545
2976.505096304074
3010.518553227861
2966.472975541609
2876.4173254551106
2862.427042883365
2847.4415727092182
2713.491717264006
2082.2784295958427
2030.0010314321225
2018.0585694727847
1964.8219551040065
2142.1244774730203
2031.0576545430029
2082.4424560295847
2076.5240442258464
2077.6273409291434
2075.0685348718066
1989.802550250898
2050.953811530763
1875.0886844797371
1754.0886844797371
1452.0886844797374
1310.0886844797371
1263.0886844797374
1186.0886844797374
1019.0886844797373
882.0886844797373
829.0886844797373
519.0886844797373
75.08868447973725
0.0
0.0
0.0
0.0
0.0
0.0
0.0
0.0
0.0
0.0
0.0
0.0


