Rainfall Prediction

1231.6162996004107
1217.6446586662137
1187.9456668386447
1144.2005458689025
1168.6141859552015
1274.157851850679
1482.2413320841133
1303.2413320841133
1233.5321322842062
1354.252089334139
1300.1313575956979
1206.1313575956979
1138.1875879624777
1122.7399893827167
1098.5250183811077
1015.9839316934009
965.6863240620867
979.4306206650074
1053.4306206650074
1001.8608194072054
1044.5657626514198
1076.3362369848012
976.0128751657057
983.6968506124904
988.4629621195847
993.7840205722093
996.9578247242792
1020.1079436317502
1064.9876323099395
1133.7422972059035
1162.0381360511622
1168.0319672078513
1265.1251656621755
1240.9158129778962
1245.8788402339164
1261.1589613742053
1156.4649748891409
951.1352190370119
953.5109015063239
952.5068596003892
900.5964558450478
1030.438816961728
1180.5358388810575
1266.50122603986
1355.8761844243727
1364.787936763409
1359.1676196456174
1478.9492089821654
1678.9492089821654
1625.0033384479343
1714.132998508946
1801.9950091491585
1759.0683892381348
1770.962609989558
1973.6236386583157
2348.493464719731
2504.2380398870805
2512.062404482026
2489.655640515893
2468.7957020401045
2363.375697408491
2399.9281948731104
2424.1898073229154
2477.1375608411004
2553.416008533304
2618.978201135812
2653.5995690866894
2674.181051861831
2705.6636251584987
2699.864350226895
2687.7522200641483
2602.8705525855776
2471.0566946883046
2304.4663052635974
2155.8662722625936
2067.9783917147356
2090.978391714736
2207.0901997946385
2089.275861646087
1957.3333455655713
2021.9022448397916
1945.4255891794933
1814.9751666815025
1835.091492603037
1820.820124338191
1615.8976506322288
1271.9750737254194
1113.4374678869565
1103.8282972836882
1102.7532649677921
1072.6280022117244
1072.6280022117244
1008.6280022117244
978.8976506322288
834.8976506322288
770.5124368611014
697.8471660529093
598.8471660529093
577.9274144087223
549.5250183811074
549.2551341793078
548.7113914223925
548.3550561517795
532.1594801764031
527.6718312573164
518.2362437860791
514.6077481608121
482.6077481608121
366.5154612072536
357.7924637510673
264.36126047633275
167.73950559646735
139.23356973794654
146.55190682649243
174.2131653099801
269.64963658736326
311.25816688903615
287.1051722389541
295.16992618069156
292.39377820948346
314.4264807923282
319.84333921560085
323.4830609711021
340.4830609711021
741.4830609711021
872.4830609711021
913.4830609711021
1047.2747875840441
1250.765857008004
1286.5014191435898
1304.9508023379815
1324.9508023379815
1325.3746802037615
1326.726083129018
1352.726083129018
1387.7914757769977
1390.3398643537523
1528.8529991620453
1533.6769219407604
1609.6769219407604
1734.2375469928863
1737.2375469928863
1738.157851850679
1758.157851850679
1749.157851850679
1708.0990122522314
1619.97051462375
1580.7187310967313
1570.5412183267663
1560.9893411068226
1565.0873622606632
1546.4231508007738
1543.8213000689168
1585.7477393060485
1829.9077530601803
1540.9077530601803
1431.9676704509038
1697.9676704509038
1796.6074466692294
1597.3672600664265
1616.9144146314363
1766.216110100562
1751.7622642766594
1960.7622642766594
1997.7622642766594
1973.7622642766594
2086.0404182960806
2303.0318047397604
2211.3257056982957
2283.1128725359667
2249.1128725359667
2280.1128725359667
2366.1128725359667
2595.3978486048427
2681.3978486048427
2773.3978486048427
2914.075067956824
3138.978201135812
3271.103998262667
3337.4489505228353
3377.3457512418668
3384.9373205404486
3477.9960585968956
3617.4524609733567
3828.5280193318163
3572.063102765773
3463.063102765773
3444.367010899562
3120.367010899562
2888.467854932329
2886.467854932329
2833.467854932329
2665.99997646116
2663.365426281114
2562.551371928451
2524.7431675948205
2522.763602350729
2507.0654320100725
2313.0654320100725
2316.0654320100725
2271.0654320100725
2229.0654320100725
2070.0654320100725
1982.4065183344874
1772.7532649677921
1678.7532649677921
1607.3756974084913
1473.4499604731839
1290.3093912211234
1381.1810338858759
1334.9341496727434
1352.200999762029
1470.7924637510673
1446.5661793677302
1363.821998092025
1108.6718312573164
1101.431211916248
1095.431211916248
1086.0350655125071
1194.69341306268
1194.5952632608535
1202.5952632608535
1202.5952632608535
1213.5952632608535
1242.3705182465337
1136.3949927031738
1186.7645095881871
1209.2747875840441
1091.6932359081707
1091.6932359081707
1044.1794487866389
1013.3224013662164
1014.2593721282667
1014.2593721282667
1012.8623790387763
996.5035596543129
986.2593721282667
1032.6266909414971
1046.491512647498
1151.5778254013055
936.2184825696471
985.2184825696471
965.2184825696471
1102.9940585637157
1030.7514146643314
984.5514029958374
984.6455465897927
986.4003869850847
986.4003869850847
1045.4003869850847
935.7918013354225
948.7918013354225
973.7918013354225
990.7918013354225
1061.1507909802094
1153.240090341993
1153.3559252930893
1124.1898073229154
1192.3262972632942
1280.3262972632942
1256.3262972632942
1254.05239402864
1253.9750737254194
1253.4569581931726
1253.4569581931726
1268.6228886933802
1264.9866453628908
1264.8816057594456
1198.0609076060111
1168.8478300186168
1016.3606554647228
1061.9750737254196
991.9750737254195
952.9750737254195
712.4595023194662
754.4711460833219
746.5354253630098
751.2995356487434
757.8816057594456
939.5652657157929
959.6280022117244
977.040826331449
1035.4072426489238
1117.6503154049437
1188.6503154049437
1122.5488368153735
1022.4746946495541
1105.7424944296845
1087.9604035374168
995.5900966546147
891.5900966546147
890.8213091609961
898.4018665294725
898.4018665294725
976.4018665294725
1006.4018665294725
991.3800077574098
1071.3800077574097
1070.498088737701
1070.5250183811074
1071.6709452037944
1067.9905219523466
1004.9905219523466
1004.9905219523466
1004.9905219523466
977.9905219523466
1117.9905219523466
1256.9905219523466
1362.3398643537523
1601.4902580955743
1419.9537277161976
1412.218482569647
1534.71788176208
1502.2593721282665
1435.794308501515
1421.794308501515
1764.0276771694614
1767.0276771694614
1781.0276771694614
1796.0276771694614
1811.0276771694614
1813.1440976470199
1828.231279259131
1866.9619071999898
1868.9619071999898
1790.9619071999898
1760.9619071999898
1760.0611088201922
1680.0611088201922
1680.0611088201922
1714.9121841388155
1815.6905741118417
1985.369908732757
2026.4975400980784
2059.3363703545465
2158.3363703545465
2223.3363703545465
2082.502476912665
1945.0854582027207
1835.1576870672077
1675.1576870672077
1674.1576870672077
1622.4202228991721
1547.4673759987036
1707.349427708163
1754.2869792047643
1687.2869792047643
1329.170531391347
1373.240425308712
1276.240425308712
1379.240425308712
1448.240425308712
1492.1652092413947
1574.1192807392367
1644.5982147456793
1643.5982147456793
1702.0898082841559
1985.3341337672052
2396.089808284156
2606.089808284156
2678.1632079746946
2688.1632079746946
2988.1632079746946
2912.3514976626066
2947.52373584031
3132.8775847332895


