Rainfall Prediction

540.1381794242758
543.8451072627704
566.5508027455272
637.4668827750402
649.1009714814845
637.1559013816661
621.0824799577557
627.7846420600487
643.1205971284567
646.6611265017518
616.1737597012375
600.1196282903112
606.1680810448125
603.6708820457129
603.1426574750755
627.6909927804074
635.6962194216113
647.1334517661942
611.2369551354471
574.6007782261031
564.1721651503841
555.0343940936849
536.8003453856311
489.1400910705586
428.3904516212396
384.18586793995416
367.3035305490062
352.6806987373861
305.73417086353214
281.67061621200406
291.7036520405049
235.62788836634172
173.09039524667725
152.00147891168896
137.04114529506168
142.78152026814607
161.35486334075838
156.3169172484942
154.00950902648177
155.48857037784285
134.2602958203995
163.6958073850821
197.47735071776165
209.45488074078713
215.8264097012683
202.11916275851317
167.57035344228393
158.41997442713966
116.37346250194256
145.88734873300896
154.2649070485584
148.66030106778837
152.56491677794043
145.6391511776308
139.66851860365443
159.70499590379794
170.6515343219284
175.25069305813454
165.23238236900553
198.54417423334007
192.1081905874911
196.58824145241005
241.17142065279634
270.3131876400119
314.8973582045928
352.70801978779775
362.5675657827135
368.2265937300241
375.62045445860775
388.5860973930299
403.86814227068123
418.8167060269823
387.7914521694316
380.4472087947671
358.029538242897
356.27335385385436
332.940970393265
309.5149593154325
311.52575208373935
302.03511647582286
303.7432667011137
335.37190261074187
337.83143221463587
330.10903228658435
337.4770392123093
343.0465102188261
355.30730326659364
358.20073999408487
350.03184210547226
354.2331969542832
341.49732856057
354.03025246337967
408.9511046312192
381.3971475461064
369.1089939175942
375.7597847003432
365.1441829699478
348.1702512906295
353.5220381587262
360.51811759538475
347.05089127824175
318.48937982557015
297.4126354612257
299.00207878083467
318.4178601049293
320.2588761658342
332.62543262657044
353.8758377337157
368.8075629539915
380.6751068419994
393.8798081121172
384.241927971989
369.72660264511205
368.4627863700545
392.67279307246605
412.6502516523626
443.70725010944955
447.77493297019384
431.6711404853616
420.44647036935623
438.4197300620983
485.8819285415974
492.4935244096742
438.75144677956297
441.0233520292172
432.24119075419384
405.9615528198968
371.35443226961763
378.32547218204434
387.6513679658999
443.341637801022
463.49196455329167
465.4817476897492
435.27903103353304
437.00077689793187
405.0118034713257
404.7770018856369
375.79899236653836
356.5677401136791
333.0704505483305
297.77646231690517
294.4740992383415
273.14732324479354
236.37181380519817
242.76405608498044
287.62701223252014
253.27355700386917
270.17253411746856
312.56284432403123
307.77382481949314
335.0909523060114
318.68386976156586
282.6683425565787
282.33573024278184
263.87066030971135
236.6944340124392
283.5783443963573
262.9852495151822
309.1009800865101
273.4178910206272
294.5552647636026
263.76137020759506
272.60411759375245
293.56379819493526
296.04028220692373
382.9912515444528
390.6718548516502
389.6096785941192
395.06607859531874
388.3019783823184
407.4444669768617
441.6595066247678
362.15243351796926
495.5571776530921
604.1305331618455
432.8490654331792
540.8998124134223
476.2888671626543
419.9598625021549
435.71688646559306
436.4226276919062
357.63707959837245
456.1353682360916
488.95856445305185
504.05341607183556
654.0102181670264
829.528434562755
550.5538524624666
512.1691113050163
479.20834113466407
660.6654778167294
752.9299267684995
793.039457595704
602.4584752453881
765.2315554404219
684.0411617466978
688.9260206178465
637.5221660869913
690.9919539915094
628.2635956967607
625.6974602634064
618.8713103510254
621.3599870874415
615.3105770907097
550.029904403106
433.87993318733226
410.6434683526546
412.3324320927519
401.3248115696146
428.8450073513085
401.7231437750435
362.38690767721937
346.5056184857434
367.45861434284
340.09855014013715
326.8020549628905
335.9252939407616
363.5866577864045
337.1667286477654
346.0285452206828
279.9846421240304
257.0883671507951
301.9833348407475
295.38787669083837
270.6582310955468
286.7167002164927
282.3254564787883
325.8771120941156
300.3797607880561
300.65955043034194
314.78244882826414
329.03842252238246
332.6520839853756
343.974934779107
354.3248016769344
342.55897541876215
336.17239112287143
361.89637837743396
296.95129446740617
331.4549593195481
321.3800316671736
347.49746383100666
399.6365179297199
399.0439311828658
461.9782079242347
472.7526118244873
437.27333643450834
424.37386777790255
507.38229357000193
564.7256670136624
586.4472099362698
575.9946649761256
570.2930832734284
542.2845925747824
685.1611044351527
655.10495917659
485.5540619714891
459.32974777498606
528.2033621909444
529.3602244147835
521.7218282101197
519.1049657382724
506.30458608277706
492.84584121286866
474.0298420506457
349.0113914923734
321.9574268181102
343.2131997302024
350.58933807717455
325.8141194906765
306.620783455037
374.0104850133889
368.54977344361106
316.76707304686977
335.189093309694
287.8994759661253
268.0837997219246
260.7565002541519
296.0921067855718
263.72418982753726
252.3785698929319
262.25679868246743
284.04731715191
306.76995450941615
302.6891946464742
194.60406845323797
204.37313175681345
218.68172040691036
213.28473667506555
233.99671174291018
239.89513506846836
262.4808683444265
295.7743537707942
308.85627000442065
294.70753384969095
348.7571342876443
459.0561914570451
563.313425683774
602.7509758775814
740.6949825475645
796.5530691290627
750.4562916340215
695.0996729898694
706.2274984248901
699.9477231717805
682.8808929004125
700.8461682052742
722.7051515718975
721.9857765156167
661.2709622892985
643.2938603699199
659.7014072858208
647.4845453294972
641.686788960469
628.3901046652613
642.9779000262367
642.9588324700486
644.4449801569614
621.8474116929132
517.6527461479433
593.9016839833771
601.8333763411378
606.9811749601106
608.6947721458333
597.5352957146713
599.6006110205593
486.5159946019769
534.822294846936
508.0182260082525
506.0626542421648
465.0316238671235
384.1308288013244
405.3624964855126
365.6054985274679
400.6260929136671
511.6989840137039
615.505832342166
632.9914898781827
667.3692259997455
674.9256899032745
681.4423301825157
689.2553854766707
694.7259093832764
703.5794202429557
714.6867288304545
675.3571026175757
605.653437047417
537.7465391034636
467.29575176763706
426.9720537210229
386.06476666253275
427.0372726355302
433.4774507347983
461.1785627800932
466.511578119622
460.51722936331976
494.55469934585625
487.58582406937813
519.4282353517107
463.0972184625755
441.56849150383977
375.89945507714964
366.35059348358476
366.2650518755457
345.873816671921
317.91547951238414


