Rainfall Prediction

1626.868275511229
1638.2228209542573
1617.7975774754732
1590.969269542077
1651.1353989760266
1798.65767014737
1763.1466576821401
1643.5213616967822
1552.4470750564078
1354.3994143526138
1303.2462175765759
1271.618014510934
1158.8507185720564
1146.0914096110364
1108.0914096110364
1026.0914096110364
1042.0914096110364
1036.0914096110364
891.0914096110364
466.09140961103645
362.09140961103645
301.09140961103645
237.09140961103643
201.09140961103643
122.3648921967788
159.14583200175767
269.29635049552655
336.91228802320967
284.69623998892195
261.61852813351305
181.45423041945628
326.9073152309726
377.73299158409566
272.280089041281
272.2537209469753
209.8867571988832
42.125125989263864
17.864394632576012
20.778437348261566
56.82824973509487
45.04171061257544
28.225349850670447
0.0
0.0
0.0
0.0
0.0
0.0
0.0
0.0
0.0
0.0
0.0
0.0
0.0
35.435003641203004
0.0
0.0
0.0
0.0
0.0
93.18090756970598
84.25792554002817
9.905643364778129
109.45032113364076
91.57061766884428
121.06363459174256
130.86509838562205
83.79207082532423
67.58301612760357
19.411556295937856
63.59216849352183
0.0
0.0
0.0
0.0
0.0
0.0
0.0
0.0
0.0
0.0
0.0
0.0
0.0
0.0
0.0
0.0
0.0
0.0
0.0
0.0
0.0
0.0
0.0
0.0
0.0
0.0
0.0
0.0
0.0
0.0
0.0
0.0
0.0
0.0
0.0
0.0
0.0
0.0
0.0
0.0
0.0
0.0
0.0
0.0
0.0
110.09140961103643
278.09140961103645
371.58506438500217
364.7153911941483
181.8822900814464
135.95858814242217
191.46648733262097
135.6748673744815
143.26253310381304
138.87135412245084
275.65852579438626
264.4387775453066
144.97146113025542
106.06512181646022
0.0
0.0
0.0
0.0
0.0
0.0
0.0
0.0
0.0
0.0
0.0
0.0
0.0
0.0
0.0
0.0
0.0
0.0
0.0
0.0
0.0
0.0
0.0
0.0
0.0
0.0
0.0
0.0
0.0
0.0
0.0
39.396018610482336
38.27053198830039
83.55871823379616
59.98276346240827
83.55871823379616
107.02785101892576
89.14269789015503
154.05194725220227
137.72279424665822
30.653972516821955
148.59728670850438
49.428371951121825
28.89808237460067
0.0
0.0
0.0
0.0
0.0
0.0
0.0
0.0
0.0
0.0
0.0
0.0
0.0
0.0
0.0
0.0
0.0
0.0
0.0
0.0
0.0
0.0
0.0
0.0
0.0
0.0
0.0
0.0
0.0
0.0
0.0
0.0
0.0
0.0
0.0
0.0
0.0
0.0
0.0
0.0
0.0
0.0
0.0
0.0
0.0
0.0
0.0
0.0
18.091409611036433
0.0
20.091409611036433
76.09140961103643
166.70235998792498
199.09916898296316
256.53887899534647
432.6120388226856
370.1992291405412
376.18369861176376
248.96164034661308
256.3090486005597
203.65632069430822
299.57767317975384
265.79181240865427
235.06315849325532
230.16818456732085
175.24783046212798
131.80472122306188
0.0
0.0
0.0
0.0
0.0
0.0
0.0
0.0
0.0
0.0
0.0
0.0
0.0
12.975496443698795
120.60255557727821
131.33702782987993
116.0370514495288
136.56415549088678
201.21922931604647
113.13158076953889
225.24421727009747
226.32265352105495
380.8006152307885
374.4832397944384
514.6132808066676
495.3358387006792
485.1773606107124
516.4629331568019
511.6175854944048
530.0397361762589
547.7867588002524
643.3814460856296
558.1373928159132
333.2226813384467
347.09907083317955
151.24390965287424
156.04189035681662
312.63386866678024
0.0
0.0
0.0
0.0
0.0
0.0
0.0
0.0
0.0
0.0
0.0
0.0
0.0
0.0
0.0
0.0
0.0
0.0
0.0
0.0
0.0
0.0
0.0
0.0
0.0
0.0
0.0
0.0
0.0
0.0
0.0
0.0
0.0
0.0
0.0
0.0
0.0
90.26237926333866
198.36772803175626
239.8083554087313
256.483953459545
299.51640895774136
212.09176298105717
67.38820836630288
0.0
0.0
0.0
0.0
0.0
0.0
0.0
0.0
0.0
0.0
0.0
0.0
0.0
0.0
0.0
0.0
0.0
0.0
0.0
0.0
0.0
0.0
0.0
0.0
0.0
0.0
0.0
0.0
0.0
0.0
0.0
0.0
0.0
0.0
0.0
0.0
0.0
0.0
20.026170133386984
0.0
0.0
0.0


