Rainfall Prediction

6.477954672866891
6.472210730701277
6.46055766746243
6.464823173250409
6.417917620758584
6.409370215837656
6.379990691673332
6.410012512122343
6.400838213369903
6.395699527929824
6.404441833868989
6.409617111951519
6.408628534973595
6.4318115474153865
6.434052747935022
6.444322973966141
6.464556167294379
6.459520480654152
6.46248006890971
6.469160794100404
6.468781545670087
6.4843823302010435
6.507815013871831
6.515674448673416
6.526877482605646
6.552538973370033
6.544999063624321
6.516957080654196
6.510078731105603
6.52066360990832
6.5211335350050454
6.525863510517334
6.529579588400654
6.533612746041708
6.544293898866334
6.5529607597421
6.552534249918088
6.550430055843538
6.529911873268501
6.514757063183733
6.515760002883948
6.5108867708225375
6.513824008361
6.509303963788922
6.521113163256507
6.502528013752173
6.499675542328392
6.506756317309085
6.511403172160326
6.502870238047238
6.491477980331297
6.49237806368429
6.4882016553479716
6.469129196364185
6.426372830899643
6.379844829511766
6.341363649433569
6.332544138989238
6.3327262857793
6.319773945419309
6.282800524283678
6.291400879978806
6.290541480573996
6.285358975810189
6.34936914900762
6.376064699403518
6.346086284516818
6.33960201884857
6.319633316412103
6.368922720060748
6.371286452899426
6.370015015315412
6.369185298275735
6.365997721577099
6.358201186795658
6.334600112126163
6.332897385415148
6.32646047137902
6.316764517072282
6.31363206815864
6.314066577621587
6.317500148356872
6.337014063337685
6.403737280829683
6.414368082539205
6.417561607200621
6.43412047598744
6.459154424422733
6.474184240929464
6.487089692802295
6.50487596368252
6.51164632101752
6.501615407165604
6.493657209164747
6.489602353226534
6.438409654259609
6.41765936199247
6.33732909278621
6.330727461773067
6.318397812560293
6.366922719915808
6.371145642737746
6.3778070953535995
6.403207007533625
6.447419876432508
6.474119278416039
6.475084589580453
6.477540031928852
6.477540031928852
6.487295307771376
6.490281430866337
6.50482624471257
6.50521081956809
6.502167855349823
6.493765602532555
6.512841528243909
6.513965805198366
6.521822353978674
6.5389504245073695
6.550693111832352
6.544903918422839
6.531600285027265
6.53993350537438
6.563422843035273
6.561459666798733
6.561150778130367
6.57134098967354
6.573901715015638
6.582479779329619
6.582428278826448
6.582865054751652
6.578221207075613
6.5770342005831495
6.5800921110531405
6.571020357289592
6.5409222702819445
6.508711767641943
6.491928116438281
6.489391058019486
6.489716238577042
6.483609545609214
6.483112397487423
6.44771713073677
6.452310282368149
6.468252025209068
6.479139499066812
6.461398710427602
6.459991239369504
6.439013494756237
6.429001481178807
6.427868691497336
6.4323064120322915
6.431494419370532
6.410159069875277
6.399622722874106
6.4028840625987735
6.405140632666068
6.39607528579627
6.388355018110295
6.360976339388982
6.361277833327391
6.3673856651964975
6.364695584138762
6.366994461460462
6.3664005326889725
6.389701487805848
6.4158160632304195
6.423273487995537
6.426200743644047
6.4283150721107365
6.42782809632739
6.423379829279278
6.408581131670183
6.415422698837778
6.4234866069634595
6.407255871651785
6.3837143299319905
6.37777874430528
6.377542753873891
6.377082254490665
6.372656430774018
6.344056887539253
6.318954461104919
6.304881049587681
6.3330224908455595
6.292380932819743
6.294638708335036
6.336943693573266
6.3269413358939754
6.299625393826175
6.260342499547447
6.260675850676911
6.286817784630167
6.276000291471499
6.298340318861641
6.318743589145678
6.342322140230001
6.356222421559849
6.339739885656329
6.327430006358541
6.323629289932738
6.32400029154728
6.3195284526527455
6.323174346973517
6.358637717469632
6.3538372748707275
6.357495038299792
6.366713123973337
6.358384359413579
6.356694820475536
6.3402453031039485
6.337827526689634
6.339230712387584
6.348925423442482
6.3461814289515655
6.325123731026625
6.3270358415718
6.32003047498625
6.293260090396588
6.273523920839976
6.296167630383281
6.3013934477386115
6.313924534289492
6.297728121220313
6.30574479581824
6.340605390804717
6.3637187929825405
6.35355131415489
6.317097616281368
6.277034489672625
6.258608963477755
6.27254308820025
6.272419741446269
6.276607879439226
6.290421146288371
6.266437367993862
6.32148287112917
6.321671297775273
6.315691961120103
6.3051861715432125
6.311617554399731
6.292089915258073
6.2891969329258215
6.284078232321523
6.267006170429333
6.26188888604069
6.282389418854703
6.282907129238589
6.282907129238589
6.319611190733562
6.336145251398649
6.336925703875902
6.335934911816608
6.331580107035614
6.33101448173316
6.351732451548276
6.355084512167603
6.341707087044868
6.349687324314441
6.364231801220006
6.373459955952329
6.373763928073286
6.371187482016925
6.371558483631467
6.36204355802609
6.36154299012213
6.3577250076987735
6.3343604565995
6.329716320288835
6.2967800236041835
6.279031149705707
6.272122842060547
6.262570236514101
6.262135471178579
6.248183407065372
6.22616550193848
6.227014051104277
6.2324859209496655
6.226458856740244
6.227304436381123
6.24987868305373
6.260188410979666
6.288688380820539
6.2939141981758695
6.3109354538767946
6.3000703092246555
6.272729270484426
6.315192683464222
6.388090888216372
6.369048325798754
6.304483300113898
6.148237277327249
6.241508033064763
6.399752835311054
6.4189941001596615
6.465842038207128
6.456241539686529
6.45380749696977
6.453909256498067
6.456877130590675
6.458684548389019
6.4794842683175595
6.491478348640757
6.494433088606108
6.508885214152294
6.521131437972132
6.5271483360548626
6.527934942202861
6.523926352906447
6.5252537114203655
6.525050131625896
6.505999704752533
6.495335479875807
6.517744609426208
6.525394042523253
6.5279357579627195
6.530134259693638
6.53182625688074
6.560984889940906
6.554760858834655
6.561794374009962
6.562096166304472
6.563287091770163
6.564189761568382
6.543308691264588
6.539382205112087
6.516267483499908
6.529049857326522
6.530175568905371
6.523496289075814
6.522711047571754
6.5212506972582425
6.5012939015476725
6.480047020034496
6.47573934235986
6.4313975365986344
6.40668620088854
6.399558705804845
6.399329373481815
6.396413040412517
6.402970611336829
6.406532306180592
6.406256869217607
6.410907670341756
6.428358322105538
6.418445300925468
6.4441559122607615
6.455982535042414
6.468174692785886
6.474893464017734
6.474860998202141
6.488924067099265
6.511460480669795
6.51342077889284
6.509705171271619
6.511071984114313
6.511217891861813
6.498007276275077
6.507776524170254
6.5162738907840545
6.518825540994536
6.522824467174697
6.525232896246232
6.532088965045274
6.536199397839708
6.530908285888062
6.56085377313154
6.558931808416059
6.558931808416059
6.559195972660302
6.544159767321352
6.547154856253895
6.548225643861155
6.548364515343495
6.547974722615089
6.546986729039778
6.549547379773507
6.557610441551577
6.5399347975751265
6.5472082787495784
6.531203678200377
6.549416727995263
6.536602328989279
6.505086244715568
6.4963624807402205
6.495344610207067
6.506834124971086
6.506971241046324
6.505853264384241
6.481482466431637
6.467200337574308
6.462052898931337
6.460296761401608
6.460023684107014
6.452104475187264
6.443581117347055
6.43238222519185
6.3027284227573075
6.261020607587463
6.262137967349279
6.258526551706614
6.175509512277005
6.163354669765843
6.174140460290134
6.183086077219669
6.189377985298069
6.287285679565649
6.305578566510615
6.340221855122339
6.348624967450567
6.355700990219255
6.371212359614658
6.37720014544357
6.399131335739471
6.399004176574057
6.399004176574057
6.398928025917128
6.386870085425396
6.369305188574993
6.3699073888310185
6.375559935297531
6.379108474924135
6.388051307407348
6.410171599098348
6.409370893620137
6.403964159824559
6.386762518417555
6.3878255228103615
6.344152065620914
6.338663635292901
6.339991524719858
6.353499270183076
6.362205781987374
6.372150806990353
6.386488416416565
6.40659356796804
6.421448577198531
6.458237744608276
6.444964971989877
6.4590253031572376
6.486409475963281
6.477617344929854
6.508614770814874
6.515513392876624
6.522872342701463
6.52494017759599
6.5395384617702135
6.568564805779065
6.576950080460402
6.590741706005375
6.593512436204181
6.605518965091065
6.618107934779918
6.616381131192277
6.603127363700445
6.603099194607478
6.596235280474623
6.5937181083997505
6.5972316639249495
6.596997858901978
6.597036469015612
6.600626513191683
6.610092811011208
6.611105860601144
6.587625277075224
6.5839663793530026
6.591252798474331
6.596394053293052
6.577336218609359
6.5776201082847034
6.57514124773701
6.56216843250046
6.547064540277178
6.518676248619978
6.521712697214657
6.5099781661226235
6.508424862888049
6.500910184159254
6.477261857488278
6.468239723120538
6.443285460215035
6.444519977014467
6.42019249702367
6.394054855444603
6.388708776328448
6.386733554278506
6.387149171571323
6.383943870382184
6.397330800382372
6.409719049581395
6.414505489201061
6.4140824735015745
6.414042615737399
6.414006101137454
6.403218665062683
6.334072773247846
6.335444785516749
6.370042792938373
6.366382805925705
6.389453296334852
6.396691199941263
6.398938461067864
6.395895190222262
6.3774150455609
6.357296768298768
6.372058236872123
6.3788867429596685
6.379241965145319
6.38791884883862
6.404336273388408
6.407356574841363
6.396984155767633
6.404536503979431
6.40566157818654
6.403999063874325
6.395960569443197
6.385936946200893
6.393022886219515
6.395001819411396
6.404695200373466
6.413941419862873
6.419375767252406
6.417908838035384
6.403422164692097
6.415605963769046
6.427117417032035
6.426113714761317
6.445263504132233
6.463822045928664
6.491971557523345
6.513024457974252
6.531023538648311
6.552919508228282
6.566126076920084
6.571088814887592
6.578641371580139
6.594553006902528
6.594708154582294
6.602504498387445
6.615897207183725
6.624226071001429
6.626626071030757
6.6326592721926
6.628950072754048
6.625308507002571
6.627635781043965
6.630528226409071
6.632169034068067
6.635749078688164
6.643473869026012
6.637885819924252
6.622785401665851
6.629526644283054
6.644808218546743
6.646646922571405
6.64502610855388
6.639280600614926
6.641339771151074
6.637603004257093
6.63395537315546
6.618339844566778
6.61241089418216
6.596806645520764
6.596802587415173
6.587954454197859
6.588426950771201
6.590898602589991
6.583200461987192
6.581589032089917
6.575424952634959
6.559587670027691
6.538806058374453
6.537131066135665
6.529050710005
6.525353358868093
6.5262971062694355
6.530455706869317
6.524804692434831
6.5156212949812105
6.522570492659419
6.510023079574348
6.51026307621565
6.514596388353718
6.504915340926022
6.485976406883629
6.464306029388983
6.473284765745165
6.467565900149644
6.429909933232384
6.425914122305145
6.412381394909305
6.414355041091644
6.428237350221465
6.426586335793857
6.422612311359082
6.42263640434469
6.417161116809382
6.412563740252597
6.434995482622383
6.448576008756143
6.4581492925681125
6.467581276629845
6.466149558874022
6.466565207652446
6.4660825773614
6.462908761225883
6.459631630632948
6.4392776060795525
6.429213997454266
6.402015644164016
6.387787449429
6.39503837984469
6.419019520280833
6.437036507234678
6.444510637852443
6.45028022342099
6.433227299750845
6.408432062010368
6.420973358733692
6.428792191371098
6.429777297365522
6.43275945050292
6.43475441255727
6.438766094439371
6.438766094439371
6.450059260224116
6.438906503920601
6.438912326192531
6.4439180975756685
6.444953269073904
6.435378355645675
6.4548540183425285
6.446559001275729
6.442757986820714
6.443421041123366
6.4375516376264645
6.435341679807539
6.433070378604411
6.433534870795718
6.433567998074116
6.430852856061134
6.4269619829014815
6.397610966486429
6.373950216565536
6.2888611943862545
6.249652931224962
6.311281150677143
6.337284505135959
6.345368827249141
6.340633947867158
6.332837658506293
6.341318828457968
6.346980163462341
6.355970425377595
6.362667664000221
6.362667664000221
6.358174795012399
6.357647353725373
6.364897677929918
6.36308730469567
6.369393015019235
6.3860230579881065
6.3739610242474685
6.423741837802045
6.425057238589803
6.423681838573583
6.421228115602883
6.427739322363054
6.428993987119915
6.4472842148448395
6.475882164291827
6.492276788788653
6.4834709663605565
6.481445442136462
6.476148981953043
6.483427907925998
6.470777396711938
6.469376894463039
6.466938123177962
6.472115205730968
6.483688551016982
6.46162676391168
6.454225007264828
6.410130999840563
6.388492709709761
6.409860128896804
6.411318035964303
6.412960972215521
6.419648861723466
6.443739809004183
6.452193958598495
6.469151000469001
6.469339931430792
6.470209517129183
6.470028082131774
6.470396488508888
6.463696423611072
6.461868951981504
6.458982893931159
6.455013565854925
6.451569363885463
6.4428681594015575
6.435744563806695
6.435744563806695
6.421010605284504
6.414751552243445
6.320458667279486
6.286128244085408
6.332072595445659
6.373038895047375
6.36951017944517
6.372909607718993
6.33625206647391
6.319848177244937
6.3195068619617984
6.33143263810158
6.313296759253081
6.339416842158777
6.339234044872702
6.3352771434182955
6.324841186612931
6.316069145508102
6.291799358387543
6.267793778577405
6.2666235207801435
6.284467521416172
6.27949527900863
6.279385966384121
6.272623618053564
6.281989389962181
6.282687549712039
6.307797211462493
6.366635384126388
6.388049570964226
6.400584821251066
6.374943237688234
6.369408372221111
6.260137352768757
6.211755940818698
6.2703820851170775
6.297056215464627
6.298186294749952
6.299355262815727
6.28743747935491
6.28730381844181
6.286624264171582
6.269750458771586
6.270107684160491
6.248311680350667
6.247452134625078
6.242617780103291
6.243417499292231
6.233540985697486
6.263556062763978
6.297073838605899
6.325473654749539
6.355453439219567
6.359535631628388
6.379988507979091
6.385843342147984
6.403082590029731
6.4194941938751136
6.452835209357113
6.472304594960724
6.484801644208595
6.481608342330581
6.483274958435758
6.481998139781524
6.481105436032937
6.500146379896366
6.51235729115469
6.522105855782024
6.533403172626768
6.557132364844163
6.56080057008814
6.567683577647899
6.568429225445001
6.5801716180823515
6.579075582886302
6.5795196588219165
6.583838920597561
6.587019527920297
6.597517864129809
6.59748187009129
6.597932682723338
6.587904209433411
6.574583192483388
6.568861632682058
6.56952266528717
6.555570029063054
6.550542154622054
6.540763765993068
6.5261758851393665
6.500488406202416
6.485689597877294
6.477694541284961
6.484515082135474
6.475126407059956
6.478246781975077
6.4824968003847925
6.464176547419143
6.450876785051536
6.450438728293291
6.42750283955445
6.427514822787353
6.438284703690744
6.431804291777336
6.430568102059597
6.416538713351077
6.415747925553319
6.429921328251702
6.424337023212141
6.423496908441213
6.3945114068681645
6.401622576852967
6.410765651352847
6.4336106065794025
6.4478105497800655
6.441458057386341
6.471411894228334
6.489725011726297
6.499608747462206
6.512858162767035
6.532380219116105
6.534639389467
6.535449892368478
6.5305384091395915
6.52366939977275
6.520572792470971
6.517201228216411
6.513581604889638
6.514539214343065
6.503374834648502
6.501113934476747
6.503307871262466
6.477626675202298
6.4678009579102556
6.461303557512872
6.4622801167697475
6.445568803512177
6.453744683342579
6.4503519805244505
6.4477677924965295
6.430105765598632
6.397447277353786
6.351018749592515
6.380548602308689
6.396558868677296
6.418856525237741
6.387985000748866
6.368543586111819
6.390287032876591
6.420869815388569
6.440762927646366
6.446378125129442
6.446893931171785
6.447984439596367
6.450740807220491
6.460485096091805
6.482502367379203
6.50818307619805
6.5188480441162024
6.522198966212435
6.525625699968334
6.523451854460195
6.5242939750476285
6.527687686155224
6.539224161413007
6.539515906905443
6.552929247404242
6.552634657723452
6.543593891948616
6.541850746022813
6.544894331665977
6.544977805377462
6.544376148727639
6.556501970015004
6.5487551163648146
6.5545809536408814
6.540266375384938
6.5369525665177495
6.569319705395025
6.564492964237148
6.556661864048781
6.5555190670238215
6.546608282093878
6.5379905305343895
6.539343501849043
6.542476574168786
6.544690289685474
6.543065254038783
6.5374094833753755
6.535846361198116
6.534179272181726
6.536241152674253
6.536658404974325
6.526992775945545
6.529142283204572
6.5256445541277195
6.534016041114457
6.522053272264166
6.516594748384736
6.513482186150231
6.521692118222218
6.509475388810495
6.504092982250112
6.504210160110704
6.510374155534205
6.484474691835394
6.460646627438425
6.471859505914562
6.478351842476273
6.496593249325692
6.507810387458489
6.523330399529344
6.522290872794523
6.538904746444162
6.539851811541229
6.538391191976436
6.534557425419537
6.529217078695148
6.523700889194409
6.5192485320878655
6.514803811396118
6.52419075373367
6.532007702356885
6.54267257317321
6.549432375247612
6.5615635489658395
6.557632152180601
6.548048890428825
6.560520891290981
6.560928933107883
6.565574502738974
6.576090465309067
6.586145548493385
6.58819730884091
6.591966124902724
6.614687058975289
6.615744686765773
6.611728937745577
6.60936653573559
6.606529774984292
6.591774579161141
6.5781020359717015
6.567819909035485
6.570416216153297
6.559032294512367
6.558372415738558
6.558991927365829
6.5623189820122025
6.561698899704188
6.563001350653282
6.562742746863764
6.558720943609265
6.546376107510067
6.52804635205559
6.518114076393045
6.509279025346393
6.4870869134374125
6.49700208113974
6.522715213151255
6.5091312355330295
6.507318938081182
6.5004476915035525
6.485888686467099
6.486566941294045
6.491993284155431
6.496643248178911
6.479479905242783
6.469541030526201
6.477539279264796
6.469551652181488
6.462480010051539
6.467830308569104
6.458841450766954
6.485689152245984
6.490613662220454
6.501128809568916
6.501122009676257
6.497056565244744
6.498568707150001
6.497599959860123
6.497312483035186
6.497040578599091
6.504624669044722
6.504606305988675
6.515731459732687
6.514910253821851
6.524812823048466
6.519971814389234
6.510300132570988
6.502781715307769
6.502588201229175
6.505344105359276
6.509006091347949
6.516216185331976
6.501433512266232
6.4969668433931105
6.488951581149481
6.49090480107516
6.49650275922402
6.490770313493931
6.484141508120819
6.483524468679537
6.478131102697151
6.4770666706591165
6.448150028761968
6.448722629768579
6.453355464672383
6.455143613636798
6.452192769546464
6.444723112632563
6.445587744805302
6.443865108715368
6.445398074460847
6.443340552912195
6.440071179968446
6.424575449211531
6.433215990718159
6.414464491799777
6.416648403916059
6.413332793305317
6.403874957423546
6.396434943168024
6.384899687954102
6.403515489020183
6.395480875544741
6.395480875544741
6.393177830019251
6.421404032928169
6.431238914673186
6.421410596968731
6.417859145676383
6.419829941980533
6.418999260851798
6.42101183534293
6.411243915509747
6.411122109573208
6.401773959746695
6.373174060139998
6.364075496880464
6.376214425818145
6.377674575499839
6.37545828515162
6.373174345558827
6.372242148092253
6.368104454979722
6.369237362975602
6.372060564170065
6.366137531680291
6.367539821027231
6.374321168855936
6.379199816682818
6.355510617345356
6.33406289288817
6.319371640387291
6.315749156163818
6.328292811549439
6.336714996470965
6.336714996470965
6.326853194529635
6.301472534582311
6.31508021295603
6.3621061430030394
6.36645982492815
6.3580235893433725
6.355087627946549
6.416825773228312
6.43929201092698
6.4406207087520695
6.444811795784917
6.443727558087044
6.443172394932249
6.449771069479131
6.449665378392457
6.454811945416491
6.4590248738076985
6.459455087404759
6.460918045277548
6.455465766729535
6.466227029224042
6.46938709928977
6.465557395979384
6.446448798009621
6.4034659575587
6.40317055729219
6.404368394979295
6.423762617873411
6.417343099757795
6.418022969768831
6.418275220442247
6.4366110334158995
6.454831419835795
6.449861308138571
6.429209276519776
6.4219295209742775
6.41996442615309
6.416316355183748
6.341729306547284
6.313118349495623
6.315603403630824
6.299388859769623
6.296380659956223
6.296284400027119
6.282579553582472
6.282421565012569
6.272304516047836
6.270362189016705
6.272945615632104
6.263851166662065
6.25238429230664
6.261892170237791
6.248196478732471
6.210471677232242
6.191723034627677
6.197365230684543
6.197365230684543
6.189038457714023
6.211930109407852
6.224112683868863
6.223730080339365
6.222247060510957
6.243540657291668
6.245274637290914
6.2535303196934375
6.258457166077082
6.258457166077082
6.260118948693541
6.259982268320266
6.218771215217048
6.20320410926887
6.164964065011786
6.171908932241005
6.171327340068327
6.1987383011283
6.22104893306512
6.22121264879028
6.210884113773594
6.2295951348980125
6.232755734270633
6.245010028468795
6.2837453149263975
6.279565307607571
6.321437503315574
6.326280780525343
6.331449771931593
6.308350693328778
6.308350693328778
6.315158842345328
6.314444852969636
6.362101249954492
6.382752434421136
6.388985184445353
6.380904304019996
6.390047188525335
6.404269209154975
6.4139087498180345
6.4139087498180345
6.4084859072406735
6.408781324747448
6.408102861361665
6.4302374513647464
6.432271799387578
6.439887821284678
6.440004257434073
6.428858308853822
6.429989714447837
6.430031582321101
6.434754933844127
6.448843227509814
6.44892238444825
6.443529010352247
6.413284022486181
6.394356105336446
6.364081223277154
6.366132275861254
6.42657196631765
6.446567455633481
6.467780629189915
6.497262947624848
6.493684768080622
6.477322300703348
6.465845479731451
6.463069295539874
6.459964782124975
6.456751566274738
6.46321897843279
6.45894383992498
6.460677857219537
6.472691178420731
6.476814053111976
6.462197945198894
6.441983060460269
6.434843803100508
6.431270958973207
6.433530233669906
6.452283699980795
6.447347174036107
6.449721508313855
6.443373728416869
6.4271176621487704
6.426836686141709
6.426095320176331
6.443812576629552
6.4497992739499965
6.4494237344022896
6.456710445722797
6.443225468231866
6.432643738917058
6.41647265934057
6.329745399816645
6.2948898565940645
6.2948898565940645
6.313746777244
6.313915977910218
6.317121513675495
6.291574896315484
6.27576133087266
6.26726598049234
6.266102139962731
6.306901612173414
6.303681799931923
6.253491148162121
6.256190035563694
6.248202179659785
6.250211963819299
6.25369361617498
6.229527431617839
6.222585996045462
6.219951627344216
6.282943081774629
6.284520723306745
6.283429384195934
6.283476357713636
6.280572645242838
6.273587081732568
6.268180895294082
6.245128169228302
6.323687382223351
6.344628171775549
6.3552700464233975
6.350492568388446
6.353644104566204
6.353644104566204
6.355625483001057
6.355812668784305
6.356273396726644
6.348133378570148
6.367546682254394
6.368966832347212
6.376314224410676
6.364670830214157
6.371715592982832
6.357422448259761
6.343765509080345
6.338955956139874
6.323044385030627
6.310708452389715
6.3074232392230165
6.306469212956607
6.306191905694371
6.287266669787243
6.286347634210641
6.285815736399011
6.280002138059881
6.239207499644477
6.214699529886292
6.236692125544041
6.244168414259514
6.261888209770653
6.271957073170919
6.27790324351945
6.237692865969076
6.207469773171059
6.21121314273232
6.236351802376099
6.24402836239649
6.24248491682081
6.2375001730010045
6.234385440353084
6.231203759082083
6.231445430911709
6.279204515840045
6.289299235652781
6.287902207471049
6.286915245934338
6.2842145454065115
6.2799194616999525
6.285032054470221
6.283972952415146
6.291785368063394
6.293671062528237
6.356799216300679
6.358376857832795
6.359260003340597
6.359260003340597
6.368384123690302
6.377499789928202
6.3522832996654035
6.328037555399116
6.319756154933566
6.308476799075795
6.287261040396033
6.139453915908858
6.1005953534812205
6.10766606543236
6.115792422014529
6.095291780865805
6.09956315710645
6.190226654272816
6.16981433996183
6.155455420142765
6.163776884513574
6.230432614491398
6.238980500222134
6.2345697229396695
6.2380006023024235
6.238353076060503
6.23524513737954
6.236408908221442
6.225193352053804
6.22891234186833
6.252792268446441
6.314470466736635
6.345706477509589
6.363836653710896
6.372865971703379
6.37736694175472
6.367365420804314
6.371248449983248
6.377757743229672
6.3677512703387595
6.374039455126887
6.383486442494078
6.4009475279700645
6.400712204537906
6.39676451960294
6.3933964136456245
6.392827867715555
6.402668637498801
6.392428121946285
6.390535216643016
6.390535216643016
6.383855589352643
6.367783293707265
6.334134229624571
6.332764464878175
6.326594565517622
6.324508103131758
6.321815934055649
6.334533285144628
6.344877335260643
6.359559930074726
6.3197287448594235
6.291783012040828
6.278611881240874
6.270225070200077
6.260090877384865
6.266003349883224
6.260023056771095
6.270226406889157
6.24746463297083
6.192461931157945
6.186657644386857
6.171142810575333
6.135200113567365
6.134648958073885
6.14660621549624
6.119907534973672
6.108358258822248
6.098928234366944
6.181945635954582
6.203139783658766
6.223569716398519
6.230647113748326
6.237843107120925
6.250888140239892
6.252112846168782
6.253590005387272
6.253590005387272
6.253590005387272
6.249621433024938
6.2451983814586045
6.2300224288541655
6.2285825345413866
6.236422105407926
6.266709223097517
6.286504470034213
6.295533788026695
6.278928745564418
6.272327400748265
6.150372070233528
6.119672505617921
6.102447460513126
6.111455131295784
6.1630550194141005
6.1491018886668565
6.165249204550171
6.178127895347151
6.189131999560603
6.187515410619208
6.190826439778174
6.283633983483995
6.2827487527465955
6.243064775278114
6.243723833995128
6.2458462467292915
6.25496673041472
6.2389878065499955
6.29381138057918
6.3049434668234134
6.328015516506509
6.336039210259775
6.330836589799922
6.330836589799922
6.331195098686662
6.338446687834441
6.362710305051232
6.367833294016924
6.38434136208458
6.403994986421558
6.4051015014122505
6.402849868851344
6.408527792111617
6.408032186580188
6.410961489414733
6.406414663307741
6.394737537939937
6.390186504416578
6.392902459339031
6.357088507194123
6.3013347998564315
6.285590771515809
6.242457333765049
6.17736132977617
6.186496061802016
6.187337048676238
5.907643640408635
5.902094005941315
5.905936524014537
6.247024445016097
6.341200411342589
6.384909499198727
6.405459801504305
6.416777273753558
6.433891643820623
6.436382015794304
6.435613717814897
6.443972879792151
6.429341415055218
6.419661519969415
6.421320385944606
6.420938447320456
6.424867179065647
6.417464466955043
6.417357591675355
6.403530258780182
6.396800223134609
6.37297747725604
6.366733009253284
6.358243344099044
6.412928362090634
6.414005953032332
6.378193539232315
6.375132675212656
6.373773950417325
6.35458598886953
6.367394732720302
6.3685616145377075
6.3685616145377075
6.3570425344542265
6.409483252143737
6.411709653759866
6.4172388182296025
6.417726136778854
6.41032491652533
6.39552332415338
6.395446470652482
6.393272679802679
6.340512676137443
6.343925047980291
6.310106118519105
6.329441708159742
6.367532344955878
6.40832263580201
6.415435233889003
6.416036476220308
6.42546756125369
6.423954809212155
6.432681368842561
6.436842960669446
6.438699150264236
6.399734275419716
6.400636193611548
6.379649727109154
6.388660546502026
6.378718874089177
6.34536889493358
6.356932488096536
6.358029833163185
6.368625946770188
6.355625210662349
6.432932883516507
6.451899409799737
6.485817614323584
6.505471037147502
6.506005494556758
6.505314448337877
6.502926285258466
6.509445027731008
6.509291145697329
6.510166309627822
6.521341593606554
6.511180733788438
6.5011818188063835
6.479013828317706
6.500096087102566
6.516806763159272
6.519135722631561
6.537918533651023
6.5373778126673985
6.533882359126177
6.528031770106647
6.577643763598061
6.577344363505544
6.579319779642149
6.576688780321293
6.573876383008963
6.570251501258938
6.565846575428006
6.563074020551836
6.557336778075799
6.554148856924218
6.5208417485782775
6.509092574540542
6.4879271985278875
6.45846839498939
6.459628966803035
6.46765718611557
6.471538603453177
6.464988861391459
6.471019746426482
6.466085962652511
6.457612427768111
6.461824903236608
6.460746180373022
6.458688078858275
6.412067701819161
6.350183722040851
6.289660790637512
6.273418669314649
6.23584535400121
6.253503596060847
6.244489359393796
6.273259216467546
6.269714393829233
6.262860851276324
6.2782351039637385
6.287700715150121
6.294714482406873
6.3144832956561405
6.322237815031656
6.31638840636738
6.322839234596766
6.3766373310645506
6.383429813350982
6.37854501120467
6.392240893119179
6.391666192474723
6.375464335868944
6.394616468997842
6.411159453624594
6.401482483111339
6.410257504855246
6.410836159038828
6.386712676367045
6.39070500160458
6.3893752013844045
6.394701145067776
6.395709951162814
6.396076771821901
6.379778032522321
6.375886424218503
6.368004013761553
6.367594524153233
6.30615745044995
6.2984243328642355
6.304415907564253
6.348564844146866
6.369183599438751
6.374767004237871
6.373337820825139
6.3738929976942655
6.379206075519629
6.381182863277154
6.396426209451801
6.4148378205044985
6.422731224513621
6.407179376153029
6.406534349302355
6.410590413925506
6.400468469066649
6.3828883984010325
6.386303153568834
6.3775694189575205
6.373911598969961
6.385423323677557
6.391043378306501
6.407750843374986
6.409408469547733
6.4091768442955654
6.408665545536253
6.46804679817598
6.493185170798778
6.502898517019203
6.504955116226819
6.506531830449415
6.525402978056624
6.5271656949086765
6.515868425499054
6.503921726271335
6.499512569773335
6.4966636194256875
6.4941944855706835
6.493376019942206
6.493008762282892
6.465871863114465
6.442420478153148
6.4343872331318
6.43702564404731
6.441359726661574
6.436441842866207
6.432009703900748
6.434174262898123
6.427584058950213
6.412331441482282
6.420390150782356
6.413028124961137
6.399395994600706
6.379465689691763
6.354583309374989
6.357709545374821
6.357709545374821
6.353968640743472
6.329903109621574
6.322458585696776
6.313680744570551
6.3123283950113755
6.295444858109007
6.287944558301893
6.299561305191872
6.299561305191872
6.299561305191872
6.299561305191872
6.299561305191872
6.3048743830172365
6.30181640475411
6.327169956192073
6.338709981592825
6.346334119317143
6.3429801261435195
6.316784466258611
6.297271436149012
6.312855814301959
6.321435026655017
6.290551284078521
6.291237359291623
6.307685808660241
6.329316864062671
6.369513603769342
6.365003817823281
6.352033837537412
6.345929151100045
6.345929151100045
6.3286145628956785
6.315264957448443
6.266027514701336
6.305405049393855
6.286863399941099
6.272221586583451
6.253758581416967
6.276295851017626
6.279392714446959
6.28146208323537
6.284517440250598
6.34373262271221
6.349647873580222
6.398738480214778
6.431199058164101
6.456927022984152
6.474015492381289
6.4783981207527175
6.488873319716943
6.497323906890746
6.500686111712961
6.492043431765582
6.494687582734338
6.495035304583458
6.492838192440177
6.487156816042193
6.463137572062255
6.455295961133804
6.488482007828646
6.487741733474607
6.487741733474607
6.487490738714047
6.487778275035227
6.472570272770692
6.44938229033076
6.442788998067526
6.46913683833018
6.479021414088248
6.471277013082082
6.468960474824646
6.477616730413844
6.47644286792819
6.480077591951498
6.481137778277499
6.459215966544435
6.449749189791378
6.445350568476545
6.4318925309522665
6.42715455400918
6.403871958079158
6.4223160078666055
6.411847219406731
6.424380253258811
6.4131817294162285
6.4150612508868345
6.433047332767316
6.4867960824788495
6.487542786796368
6.44129727166793
6.3619689110590185
6.360807888850199
6.368297440522813
6.374713525893573
6.380507053693126
6.358792850086082
6.391667499556808
6.393161800770454
6.39583478401131
6.392381714907075
6.399080961964266
6.402177825393599
6.400423884636478
6.401856012122937
6.398759925072165
6.401283310806942
6.398289138375546
6.403495028316056
6.397284551016496
6.409790092262561
6.407886956476995
6.379851269121522
6.303454180436754
6.2989022585478605
6.279506059686911
6.265073963729762
6.290443504164225
6.3741371339232336
6.437254255151679
6.4504935990438135
6.441895125617883
6.4465932155586625
6.454097451171197
6.451461453735014
6.444382313176233
6.420826418930674
6.419712240821076
6.451737602544114
6.454822487664863
6.471454581596507
6.482572274251536
6.497304989744802
6.498632218276343
6.50977779361498
6.515975432308036
6.516254489272383
6.517292323007904
6.518989336663943
6.502108467699703
6.512692607614163
6.51525780941219
6.505869166697108
6.510127646652485
6.516613088370322
6.523179456703847
6.526868368376344
6.525614764205971
6.545092723747631
6.531065750758388
6.545097724701708
6.542808865769105
6.547640407856742
6.537785281728639
6.5581305686952325
6.552834836294839
6.554147683193191
6.560469666777058
6.560453951706689
6.540579456299356
6.528647637912245
6.5575698456710585
6.565712881014855
6.549949425695898
6.548089924359202
6.560425516545786
6.553313164077853
6.561995086866551
6.562732407010695
6.5584715031560865
6.553093003021587
6.557040615817106
6.523863999348469
6.52926194435476
6.525670047843457
6.519783209130043
6.522121508102526
6.546624195991179
6.554445476154568
6.549257109895608
6.5661936319235465
6.5502649873208485
6.549101738092638
6.541508383984175
6.5568829338711865
6.470828590910335
6.479298019160626
6.4827651631548076
6.467214711191804
6.468473509405566
6.548003455061311
6.566776320277628
6.563958147735084
6.573837839897822
6.586894148733762
6.595593164127086
6.585941905566759
6.5852140935313255
6.575585703671762
6.574553984891297
6.574553984891297
6.554542957131513
6.545779590691456
6.533265975737384
6.524233492016306
6.522573421338706
6.5192415224697395
6.514050250894554
6.491620676774448
6.47813628861255
6.492438177244719
6.478389241887305
6.493451710564123
6.494880680351073
6.497268646411709
6.473916954789551
6.4902053859523985
6.469064835162753
6.4439938013266955
6.4225730559005925
6.428248279436516
6.406809174334725
6.386047255494283
6.345722639395688
6.311480637080726
6.304375359821215
6.303150161468662
6.312186450440922
6.32627851862617
6.298760088301011
6.2991646199642854
6.2991646199642854
6.258008410462448
6.256284541066824
6.23396233110144
6.204022160511611
6.204022160511611
6.204022160511611
6.204405603902831
6.195929420720512
6.189427948745898
6.240034068177418
6.251399060168417
6.328733781056496
6.3316686909561355
6.330598013078523
6.3257932224562445
6.271896438478176
6.262278174053051
6.258908259681815
6.248111683172542
6.234484756432162
6.310946847288568
6.323981132692936
6.314921086191648
6.324648118664054
6.341760373559801
6.344347089452139
6.346972958451502
6.339138773784363
6.4229428662936145
6.436645377077784
6.473014144832143
6.478293282228707
6.481488038693447
6.4861353480639625
6.485508345803316
6.485627125016498
6.4891277670948195
6.494139054742968
6.496308959573158
6.496693964862312
6.484501093918485
6.479808520235105
6.437845821548239
6.434056632289876
6.424303349124392
6.427005606730228
6.320338462053327
6.325648618188069
6.332550947047514
6.341607305696192
6.354694465511708
6.435002340546442
6.450121610912417
6.459660879454283
6.463918963501743
6.472615395432881
6.483100328707253
6.476283948229778
6.478418477453496
6.444052049893548
6.435253526265561
6.347356584419986
6.363351848904747
6.366114336803692
6.363814143612698
6.363996137436251
6.363881326700561
6.360500270835763
6.354338887547976
6.351225802771496
6.433070821262944
6.442268935470597
6.444240421158584
6.452126118326543
6.454026388876024
6.44735426510004
6.440274279984468
6.431751675415758
6.420265400009165
6.406328453275163
6.406249041483637
6.401347299168862
6.386406257393588
6.379368578966471
6.3852183388634085
6.39686678283598
6.391438278270625
6.3823509089115
6.378679108623418
6.364907532367451
6.331777927518531
6.340949451337101
6.3016878553297975
6.12178934134754
6.067677625735852
6.1488667778958686
6.228121137869002
6.228239917082184
6.222874170970458
6.223158792032766
6.225328696862956
6.113792656769542
6.102892695526865
6.109805560728063
6.118040421664434
6.134547236291313
6.229214994873856
6.341105514214705
6.385365448255763
6.416337771452522
6.438619302407991
6.451935539004983
6.430514639848963
6.430885053789979
6.433960332810869
6.423085027355311
6.425687745355502
6.424605007136962
6.428982103144264
6.430846981403146
6.434373644440596
6.457566672399062
6.464919996702733
6.480245395741203
6.486107067156965
6.494554243228968
6.493840805860355
6.493699681379521
6.500018964241953
6.501303635194323
6.501704045957387
6.501373534950682
6.5012817323236956
6.497988318787796
6.494442135618206
6.491708966272412
6.508834142846251
6.503132190755936
6.481379688824366
6.4745126344311
6.464285736025541
6.44212661636075
6.429461096663766
6.427912206114147
6.447767094822723
6.448050649969733
6.441826885192929
6.433421716383993
6.437827025422477
6.430656604629292
6.431356384736082
6.428970561503484
6.388886116925567
6.383511580316119
6.327926080919569
6.161804265106717
6.1260736253996315
6.203451883814585
6.280091435123174
6.277447183633905
6.270175256345546
6.294516838792467
6.290557874143152
6.289813634423391
6.330768398392342
6.3320777708096045
6.33185842847473
6.342282176154696
6.42928298189503
6.422235197660564
6.424661986116789
6.427116749206208
6.422637372507539
6.414021624164315
6.404330063300328
6.3909484668410315
6.388235967624572
6.388433218302519
6.388287649027236
6.3784012661784315
6.373819668124758
6.36756840999616
6.352267528495927
6.326879154039117
6.317291995663865
6.265561775985509
6.08380288244889
5.998004839565959
6.045503399175442
6.128661718804084
6.115662121426418
6.1203033701331275
6.002467017757526
6.002617286617387
6.021853047181356
6.066568308582795
6.066744344797504
6.072801723471225
6.121632984657113
6.241794196108075
6.2484422525657095
6.090698434975898
6.122264531584176
6.138068075894676
6.223860377657243
6.226971087689611
6.230733118098562
6.231397434802555
6.236054789543118
6.248085470400595
6.257186967322241
6.2575632712956
6.2606194738900545
6.264515545980608
6.264515545980608
6.2792613048878545
6.279918636129891
6.2976463188701555
6.388453286496717
6.413805888780317
6.4183196743729445
6.434937262686651
6.445194506913499
6.449992859920831
6.456739388224875
6.441621480077822
6.440003485594387
6.4328432295071565
6.450285089443414
6.4745788979517105
6.461278139196159
6.468576840983629
6.448512305730551
6.4418538871518685
6.434714324021246
6.446045773793722
6.447270024126378
6.457581638757258
6.457062375330741
6.4522531966089804
6.469850935782684
6.486969462592623
6.487063262080431
6.486314737665709
6.483452078760234
6.483452078760234
6.476354523188382
6.477066165043144
6.476137232428492
6.464758108402891
6.4596655611120894
6.458252039091432
6.445740237223603
6.458866032946128
6.452651959364763
6.446671051235304
6.476878490182826
6.48325915065868
6.49040968108052
6.479345375301266
6.4512033440924785
6.454032207858291
6.454055230281302
6.4566491742974605
6.446958684639392
6.453277930783443
6.436936497691586
6.449450535997867
6.443689730429173
6.44733598930575
6.447532732338795
6.421218995665091
6.371112875927559
6.379671559725188
6.3735847268694386
6.364257201632001
6.39457900367345
6.390530466457722
6.385974357121155
6.405194893205579
6.405194893205579
6.407434742145973
6.407264626600702
6.388358981540025
6.365475780142965
6.359181786327904
6.364113152144293
6.352632241960126
6.377486671771527
6.377696203852907
6.375924500877768
6.381241534408844
6.372538168371684
6.380300747494401
6.374719319147226
6.379894345267505
6.375252365170114
6.376877310914127
6.371910570189627
6.363564553226292
6.359131495675355
6.391422260128893
6.430552688516357
6.4557597858434175
6.4449327580879086
6.463616150214051
6.468014027725015
6.467057376461724
6.465425831714684
6.466868589550764
6.462384834645301
6.463598313981955
6.462439259038379
6.46401907499554


