Rainfall Prediction

1683.568844426808
1692.568844426808
1520.8246701720632
1575.935607552111
1657.176441462091
1645.4260251803137
1666.6566061369872
1666.6566061369872
1659.6209055661716
1562.1779125879868
1413.42174524773
1250.554341700028
1091.9379894433107
938.0333741253405
816.7328179905626
798.7395422838089
580.3469411044088
609.489484138278
756.7642449893647
313.02346743756766
178.866851132065
126.79268911568875
158.1563972377387
286.8458443221574
422.69092037208884
385.74035125529144
413.4363396474323
499.65315303550165
488.55190736605687
477.8173025035993
599.0316960145813
742.369089330479
668.7044219122763
707.6395102516199
658.8314383722837
658.568844426808
633.6531530355016
561.1548016401989
548.1548016401989
526.1548016401989
669.7652440035778
580.0580320685735
479.1512310760829
559.1196929398916
727.5801584864729
896.8080853255752
831.85294883389
827.3362518809694
755.9916363625582
410.9085903889636
403.9085903889636
455.65660613698725
435.1555411549232
319.87283043273254
270.6835547763558
315.6835547763558
490.9709687931726
673.565444638456
709.7691614884553
741.1276308148006
770.7929486000531
884.4763547517937
1110.6132902996833
1088.510915656006
1291.7574481907598
1361.5565245497107
1410.8080853255753
1416.8080853255753
1431.3339311960674
1386.7500340703805
1398.1660680656191
1294.9085903889636
1288.8893525024969
1092.4385544751053
878.7967848062792
683.3008952343769
450.2894219086104
502.4018323978705
536.633173380438
347.6323956837273
395.81583848311107
431.15739988577695
383.26640708056414
366.36542268376456
352.5243634948275
232.11602726278397
4.815838483111065
0.0
0.0
0.0
0.0
0.0
0.0
0.0
0.0
0.0
0.0
0.0
0.0
0.0
0.0
0.0
0.0
0.0
0.0
0.0
26.855885710459916
67.45842482423427
0.0
11.32280395133671
77.07411544955994
211.87521993605935
179.37477570158296
189.53564430035226
203.09500444520222
454.6575399502507
614.8075698745299
781.6545570813785
991.0749024440959
1072.0749024440959
1048.4300058568988
1061.3954233694687
1027.6883242270233
608.657376768131
672.0316960145813
746.849664735061
628.8929615724026
596.3985863857604
714.9798978946691
792.9891309248037
781.1815819311873
785.8246701720632
790.6435843841588
790.6435843841588
793.1655896051392
627.6854460669554
579.019023968108
678.1923870427563
543.2570596173132
613.9085903889636
688.3312087905678
615.2042205299506
608.8868409751158
608.2524701336026
548.1822088844593
473.73493352925357
274.8145641095505
281.69841651151523
254.5990555462938
113.06711019512386
172.9710092199955
134.43927562433782
356.975109562283
508.3247888760593
535.7832631615903
316.97965820082914
234.9085903889636
716.1410233046256
916.9825631303254
808.3726920041014
752.9285823953572
921.2565721999506
965.0582172523262
1153.1200341997949
1264.0219347764596
1209.175089550385
1218.4512289731379
1375.3726920041013
1299.9085903889636
1384.4479824031332
1426.7370175137098
1408.317990210403
1635.2020871985715
1898.0810950455684
1920.8858513647995
1986.7065493600962
2111.510915656006
2252.9626050162615
2052.1115314064346
2313.3385249333896
2598.3795009425476
2559.175089550385
2731.9085903889636
2753.067110195124
2794.3580801317466
3158.93797675489
3139.8529775595784
3207.834414424636
2723.628635535633
2575.4232920333097
2589.033312609814
2605.7227657445474
2476.758213502162
2445.66912988099
2331.47839547894
2258.9085903889636
2347.753822967629
2514.2861487153955
2293.0258331575874
2282.7825982629756
2243.3768860909
2180.657539950251
1949.7288653500489
1860.603355237216
1612.8173025035994
1534.029580712322
1471.4222233733587
1368.9085903889636
1208.0743412770667
1441.5897361368322
1203.80756987453
940.3441861631263
952.7411448890906
1027.6932000797901
855.9408316873294
525.6849792235948
256.30089523437687
29.970968793172688
0.0
0.0
0.0
0.0
0.0
0.0
0.0
0.0
0.0
0.0
0.0
0.0
0.0
0.0
0.0
1.5543417000282034
6.713084203728442
52.83679361923913
116.3807263439632
127.9085903889636
188.58566864099492
338.7996366734828
102.7825982629754
200.47635475179368
815.5649982166713
947.5365263991607
788.1571858502506
879.9085903889636
716.2538254488211
724.9085903889636
752.3488968978742
738.1967961164081
729.9085903889636
501.18870027824414
520.7114679378793
489.7825982629754
917.4327650852237
942.5275404275859
841.2359694420525
835.9085903889636
601.1535883873621
616.6242237721647
545.6406411965324
567.6406411965324
607.1047428116703
539.0153263686295
1034.9085903889636
872.2487250273318
800.9796582008291
805.9398099308451
590.8700717857794
578.7559097065553
495.0511571705747
362.2252151793191
348.1535883873621
0.0
0.0
0.0
0.0
0.0
0.0
0.49159563322200484
0.0
0.0
18.267489332504283
177.76121214858517
253.1196929398916
0.0
0.0
0.0
0.0
0.0
0.0
0.0
0.0
0.0
0.0
0.0
0.0
0.0
0.0
54.76231127271694
921.5138994998783
1180.312969601053
1211.1072745425342
1409.8460087961353
1506.9085903889636
1605.560414609644
1639.370668022118
1655.6856780289602
1985.2396405101565
2145.3431398694174
1759.5897361368322
1935.1446583664633
2164.783427203307
2326.5740915402157
2398.174082289807
2388.319472728669
2377.6674271952434
2574.276682866442
2558.877309811635
2619.551697281053
2403.2751906543044
2455.225215179319
2513.0746008774804
2770.293755196098
2755.281112307186
2683.9085903889636
2472.1474493172113
2348.9913529192618
2226.190598248417
2217.215866141626
2261.212725084614
1425.3117146263965
1113.2144832648955
1201.0428590797076
744.1822088844593
715.543782477512
570.2660350551755
525.1446583664634
533.7041124029121
362.8249656767766
146.3228039513367
145.3228039513367
0.0
0.0
0.0
0.0
0.0
0.0
0.0
0.0
0.0
0.0
0.0
0.0
0.0
66.75300059267556
51.222298887948455
79.03169601458126
202.01947381241553
470.9709687931727
588.4670283677431
689.5227761788854
951.0855049252034
874.9085903889636
736.5459603784734
767.616794321463


