Rainfall Prediction

593.8727941091661
487.12854520020875
330.11134502911017
289.8149903457256
329.8149903457256
252.8972361634564
230.97085011274453
227.97085011274453
358.75648965184837
539.7158525234756
619.1975314636054
920.4713364609556
1061.767895131109
645.0604462522883
592.0604462522883
263.2143555445282
713.1928668134615
499.8456911323749
123.64322198811826
1001.135851485279
918.6563338823867
856.0
895.135851485279
720.135851485279
663.8260738074756
528.009769178896
487.4082582655959
443.65556239751095
344.45166004060957
461.5266996583158
8.190696853394968
0.0
88.34092638715957
0.0
761.5703197197865
756.6684236965226
442.2713750790117
542.7567887306602
411.15958801507173
385.250302826429
385.7540779275437
388.64092073821377
307.10691749110174
308.0353990221812
502.09434522076776
499.09434522076776
600.214932805237
488.82906238888904
517.7435598713795
400.2038374821715
402.6878360215856
460.5363876350906
441.6917111253821
480.2989147629566
532.3941111042975
506.47623012569073
232.97561066286545
34.54595634398916
0.0
0.0
0.0
26.996688759874758
178.55261223099976
0.0
0.0
0.0
0.0
0.0
38.32756614801394
194.9062041788747
193.0
414.89916345066456
866.6620758861632
808.3338469443212
711.9697551179138
764.3642896984436
901.5129906349487
1023.2465175010407
1019.0
1099.1378348501662
1233.8040178771619
822.3918785895185
661.49403821231
776.6532656882362
739.6532656882362
661.6600604742878
980.783442639088
1411.3182914604479
1442.829552029637
1356.0167655631994
1730.385847212564
1226.2203221519674
1226.2203221519674
800.5513722731602
599.2066228791246
615.803331527989
552.6295539909239
397.2164427594563
76.0
11.247377590316866
0.0
45.24388104407269
0.0
0.0
0.0
0.0
0.0
0.0
0.0
0.0
0.0
0.0
0.0
0.0
0.0
0.0
0.0
0.0
0.0
0.0
0.0
0.0
0.0
0.0
0.0
0.0
0.0
0.0
0.0
0.0
0.0
0.0
0.0
0.0
0.0
0.0
0.0
0.0
0.0
0.0
0.0
0.0
0.0
0.0
0.0
0.0
0.0
0.0
0.0
0.0
0.0
0.0
0.0
0.0
0.0
0.0
0.0
0.0
0.0
0.0
0.0
0.0
0.0
0.0
0.0
0.0
0.0
0.0
0.0
0.0
163.59779917052637
19.180388409441562
0.0
184.55516380587048
453.5551638058705
540.7615689764605
814.2320894191483
740.0974811751163
871.2810835200644
888.2810835200644
840.5831724581485
758.6563145999496
802.8171329847526
814.188596057335
778.4416859691455
564.4416859691455
645.3300231629746
851.2151077426229
891.2390860542381
933.6830199715662
858.925042107509
739.374637890956
722.0754136990447
978.403821617291
1098.4028112563155
1051.6373955518077
809.3355191315572
872.1191801838836
778.5888333663256
1036.5622966565597
1141.6421690645284
1485.620999227555
1593.7693160498152
2013.7500923873001
2004.7500923873001
1729.692421399754
1930.5386320996308
2004.7925269031787
2163.6554931837027
2277.430871236276
2278.430871236276
2237.2124859066384
2265.2124859066384
2254.2124859066384
2338.4054794655844
2325.758336914342
2234.690476420116
2274.356107880111
2184.356107880111
1940.0217393401058
1873.0217393401058
1812.4043861312412
2099.5054179696394
2036.655223651177
1465.9252702162162
1391.8118660154796
1494.4516600406096
1512.3364083745514
1562.799452269464
1531.6412271062625
1447.0355743730593
832.5822759975749
715.1579259907501
953.0139861849766
1239.0069930924883
1160.0069930924883
1309.108127857489
1270.7600959232768
888.6428175629362
760.0
724.0
551.2666799946694
368.7824078519656
298.0888901082485
92.9592724181818
11.247222184117234
0.0
0.0
0.0
0.0
0.0
0.0
0.0
0.0
0.0
0.0
0.0
0.0
0.0
0.0
0.0
0.0
0.0
0.0
0.0
0.0
0.0
0.0
0.0
0.0
0.0
0.0
41.64553146503246
370.3497773736981
342.3497773736981
295.3497773736981
99.97857197519073
236.97857197519073
206.3831522525398
433.3831522525398
955.5682938617251
381.4041725473631
786.6911320132816
1184.5386475926955
1786.8783917014218
1692.3004992869874
1669.0366349922006
1531.3766792459624
1211.726920210453
2122.0598234524214
2074.0598234524214
1889.0598234524214
972.3369915306472
1338.891327687098
1158.2606590748637
1670.0129685420507
1242.22411421162
1034.664353748047
988.2105992632395
931.2105992632395
754.1052996316198
784.8420505525703
865.8420505525703
581.5120081039539
844.5375475973302
912.5375475973302
900.6533325713415
922.0
926.0
739.0
683.0
550.0
1001.4080955942457
839.9177927898962
873.3033959195815
992.3735395497492
679.9370156831185
1167.4941266950927
1056.2542346448618
1363.6897105055002
1363.345868599015
1472.345868599015
1513.7641021738916
1473.7641021738916
1435.510351734066
1213.7641021738916
1421.4568281409233
1606.9596438524293
2152.596875004335
2474.7840914912244
1737.0289261137664
1787.0289261137664
1792.0289261137664
1793.0289261137664
1829.0
1870.266373729216
1870.266373729216
1903.8646050675848
1919.295094076866
2310.0
2384.485118016276
2365.28574404142
2444.784152017678
2476.536553801612
2502.3417363340527
2406.2430131472347
2285.067879831583
2324.4960567893413
2221.32728121099
2144.2824361961266
686.4567593481529
749.241893804589
325.4432452176403
410.4364881523841
471.4364881523841
702.3912785877885
322.69527150440797
266.20552767308743
0.0
0.0
521.1961123382181
612.0710218030383
591.5380234801952
910.005025157352
899.005025157352
579.0323010896129


