Rainfall Prediction

490.517189098603
493.88848093314806
493.88848093314806
414.60840147771466
411.03237468347794
406.1098961544577
404.4047386045359
404.4047386045359
392.98207809039036
393.35168152635003
393.35168152635003
381.5929017153357
364.36974908101405
347.7462901620702
320.6168806307978
303.4713236503266
284.400869186647
231.2560714504585
207.36162411634305
174.2036879600337
182.67387593047613
155.79819281658294
170.0152817604418
190.92233706588496
198.40811330686853
200.71556969432126
200.52213579546057
203.26803234971155
189.73219374576314
184.86895022519667
172.0048015612009
90.74376105102354
76.97419504809208
79.16476321627384
77.13439360348119
46.28879227137701
53.27470727117557
58.28474259616703
60.042465145057236
60.042465145057236
102.49026352813586
117.92289107005594
134.73681028813286
139.0157866851325
170.59512079002556
188.7005457811173
198.08664299034913
203.39854704958347
214.7183923409707
218.28552130405643
218.7423564333639
210.37904166457338
210.37904166457338
204.37085268431403
199.30358788173552
201.79854616784718
224.83106731574412
280.5204418163356
287.04143175339453
316.798640744012
343.31983637541117
350.306915598878
350.306915598878
345.7580216242266
341.8284003419883
342.2836138162994
351.33668108040297
343.68761938137123
339.7464750413257
339.01241626140484
339.5754395896943
309.9010539283522
295.77005860263114
279.92840942418565
286.0204652173204
255.26822835331106
249.92643653284637
257.3556696893876
254.449515957526
254.5464143466062
263.3388433776051
284.3933008774922
295.68296789187
314.8271868963781
314.265576483095
327.9836950057579
348.07052109240925
312.5857726720953
235.43228367201021
199.52545040402666
178.611406306566
158.55552333382045
170.86503310902253
173.92350601636167
178.11695594375345
181.5857878773979
193.91624857773678
189.05833286892803
190.065308475657
193.73415577133875
214.4921432668007
240.20866172882523
241.24555902849846
247.13350312798522
273.64102900334535
273.3823071858044
272.30452845193827
272.29544430247404
267.38767311703646
268.6632509764845
281.2360589014509
279.5048623999826
264.5521711640778
255.02548002904996
241.77507976309624
253.20351955537572
241.2000414314171
206.8867707055196
205.65455741817664
203.66751026395616
203.66751026395616
201.49507589896157
218.75896082804078
246.3538817374414
244.11843384531858
239.68591325782373
234.97270129458755
218.6830684393472
232.8585061852669
243.75646810153037
241.2142871761847
253.1319956292524
225.2819821780393
244.71404759751235
243.03177182744125
229.5332922652814
223.76956565084197
229.52395105590344
217.8080179768085
214.49241811107728
218.3052373968211
200.20018960230692
185.09887983912137
183.86530175005987
183.71685365298904
179.09543336001883
174.08083096862694
170.84771899581395
176.06564144989326
176.6008160855909
185.5070592881032
185.5070592881032
226.04948759446194
264.6122853601727
267.57471174248803
272.9844005788187
293.37399438811786
323.46382202531095
333.5489869303034
323.7948171414328
313.8934337352081
308.5090747152749
297.0609030833479
336.5085369892889
319.6348837215663
353.8013223323445
362.7870425184817
369.58622798095143
370.7727593124997
384.7915650232769
390.0637419080157
382.832168784388
440.7960130024059
462.0361418413961
470.89220609555355
473.2087163074263
492.10433313012095
495.8088279492388
495.8088279492388
520.6427864105221
547.9921729544434
547.3382200576366
549.551761479151
544.9446311028495
516.1147104808722
517.0462020336303
512.6644225697954
557.1455563410358
548.1505905544584
545.6346656939454
538.7705754439693
535.851003541647
529.1884361710241
510.94324730992616
459.05515942177396
459.05515942177396
413.6745493398536
444.071986052384
439.77772680685445
460.5620535484036
480.24979590246875
488.13847230501875
498.71621407602146
469.39920700560964
446.77249680342476
444.3199302604024
443.00634296529546
436.8478010879491
425.24685108635697
448.1541331883906
452.8195720434142
421.74195626384983
421.3339960170796
446.06223231090524
435.0749938907906
421.26084661968537
359.3523558708274
363.73138512857645
306.814532412352
304.0756011947145
299.5928769674474
299.0125972731808
299.79308665523564
300.01221872422303
301.34707949621617
356.8333828950198
356.8333828950198
417.0816959193783
392.0983528889686
410.8164855237105
390.12366757646845
362.0191040409758
350.86954625015613
339.39508130794167
336.37533903358064
337.5660519217342
338.590655867341
348.0393851335119
334.5387333254182
334.5387333254182
306.73049629796236
283.6126140210179
342.89162526917283
329.07883259909164
282.6986511103399
262.02772494961846
284.77424917714757
294.9691282480665
291.2337205821873
331.173033459043
326.3048425263961
294.54589692257014
298.36995134565996
300.0515846772752
299.20803122751624
305.616574912509
301.5481709097138
312.5598716709425
274.12886456183037
272.26532904066823
248.49595350615866
251.8796525075989
249.00126514180866
249.04870127903192
277.63187305199835
348.5383081374753
367.01892113663723
358.4360966425356
345.36288577433265
340.3817457329444
340.3817457329444
341.78249163965313
341.97854645315
290.8009818524215
284.66261119981425
290.10961077363874
294.6309120865249
277.3921426626457
312.3931503901909
324.1804855571107
327.60827278298103
314.0795721678265
314.0795721678265
310.66488334303307
352.7081306799789
392.0432775093884
429.253667851238
447.614708758816
441.46111632476516
443.1091140208422
443.1091140208422
443.1091140208422
445.18107954844805
446.2473830629168
441.8907810267065
368.1336590344811
296.4539835745595
280.3866218223337
286.28482365532113
307.2456028850537
408.3035962686946
446.7049909166236
463.0045456521169
467.41996563796863
503.9569707922387
537.4233515938527
535.6859835733092
537.0347459735232
535.5272981724651
499.5984448615764
486.73340860435405
447.36193438103635
445.94061244196763
450.8214723857872
464.5619525710856
443.11817811246937
409.98241644924855
347.67159387686195
307.8873635842858
340.3318347838921
343.6580238431369
348.0582969875402
364.57579963235713
380.32984731943304
398.6032778435343
417.05285689794664
403.6448383803875
406.7769301175225
420.58510880838793
419.3175798350898
413.1791772703273
370.67540443567367
347.2094471033541
333.87027297876995
327.134214731767
299.3786934317493
261.5035343301613
252.06466171353185
243.9037045657097
218.6382992318538
217.21210033195746
217.21210033195746
208.9591494031799
218.49431046299216
215.58239681766398
238.14089528211954
248.63368634038304
248.91978197451084
255.86324447309164
261.73411889536777
247.4842602006429
292.11504174852
285.30552214870005
286.1057132911656
257.6950478050602
247.37909363225756
230.0015273342832
217.1500926980323
217.67908274545886
214.26398475974324
219.2790559457376
220.18651660439266
235.94048220996325
246.74275640724468
248.89334456658997
261.5050692791809


