Rainfall Prediction

6.4819140044744366
6.476925093694914
6.487812937589084
6.515138943746753
6.519926935478913
6.523387335921611
6.513752526951366
6.483938386783698
6.4624271127385935
6.463526787877382
6.484421820433614
6.48984074772828
6.477282833432525
6.527659531644301
6.518567337792627
6.535044592577032
6.557982534656226
6.539283486639533
6.514608327884899
6.481030782329623
6.465468180526369
6.411406413373514
6.399106474043064
6.3849045154359905
6.387580319629316
6.390064278490211
6.363680112175147
6.324365258776577
6.314009872307361
6.315079715472866
6.31538491650566
6.32207899986338
6.325902965897171
6.332446434636577
6.328912042644903
6.344175516783074
6.336663487479565
6.3295846641609455
6.331599177905979
6.3086657468248974
6.331319633724398
6.27303047096332
6.3514545917159415
6.348767938731008
6.3833804999358525
6.3632848290346
6.380918337384565
6.3866616121902515
6.390982893089902
6.3814719667799285
6.364858032085678
6.3615610119041195
6.35512438154181
6.338147532209714
6.293671012655293
6.25213922769305
6.2256039718859
6.22135820317728
6.222212817913156
6.211948027709738
6.183179217518484
6.191448531111028
6.180891770898668
6.174216124536137
6.2072604462436844
6.223349983510738
6.12376570962053
6.1028877777999675
6.0560701181913466
6.161262299420789
6.167995468290357
6.183273321455214
6.209985564514601
6.189899879622333
6.213372664629547
6.165503686114409
6.164098827115289
6.138527875335128
6.131780477133654
6.126678895101438
6.129047319769125
6.165052375754284
6.2175434442877755
6.30016333160283
6.326951848333287
6.337530812505762
6.364452842913902
6.416941609923497
6.456959220685493
6.476213863976919
6.498451263837382
6.517473626548402
6.5251597674289314
6.517539742810585
6.514964805714465
6.489828664640676
6.4857966602058745
6.440010295740561
6.433107170789008
6.409059452472595
6.445436778507549
6.445888577437069
6.42657903105453
6.399467543280432
6.421908390628276
6.434856007917506
6.433610468348993
6.444379315459989
6.4519481750356595
6.465971096148707
6.470941972948714
6.483550003661752
6.457051351267255
6.40915000959904
6.384449541450337
6.406317028457181
6.39607828608061
6.408319065061768
6.423547000338888
6.43304525611897
6.421444407856843
6.4329102713256425
6.433420251255349
6.445354632740616
6.443488854232027
6.443589684049111
6.457530367105102
6.456733164877332
6.460358633648304
6.470053408466921
6.4771120247872265
6.5621754684143205
6.562110139155533
6.567336398857084
6.572906957964578
6.573903063343851
6.553969123709906
6.553352555625066
6.5449163995738235
6.536654156112559
6.52200846756439
6.514102720249856
6.490864679246631
6.491938675275838
6.496987050675265
6.505637176508341
6.542099419006586
6.538466428499643
6.534552160452906
6.540397078895855
6.527348554018422
6.527389943417207
6.517847603350146
6.5079531692015316
6.489119440356522
6.499293516415139
6.517953910775907
6.481602667863144
6.4592303702000695
6.398348003059488
6.401700407914761
6.426152625715273
6.370787071607251
6.38638225308133
6.392139498003374
6.440622358554841
6.492114262226219
6.504444707680747
6.5068536605549285
6.5037502627121615
6.503263286928815
6.507398145718157
6.508123458779185
6.508338091323142
6.55881792097402
6.594359575171657
6.602714714372861
6.584781187075339
6.582589426594214
6.580938719579669
6.567110333138501
6.547037950609625
6.546838064605209
6.535305634840053
6.532903988896368
6.494787790246564
6.507388011856284
6.514593686810979
6.486603479754267
6.455202437946855
6.414500992422297
6.423942679651864
6.447258738334642
6.44302045257854
6.445636506592687
6.449973252531364
6.460882186136686
6.437858458500227
6.379481926839733
6.346296152673384
6.342217795117054
6.342217795117054
6.336168033381453
6.339495417884358
6.3621762220167595
6.3499316740868865
6.306282400145758
6.302962986892771
6.2806239351589435
6.28163303694712
6.2376333441385565
6.231350693662505
6.233359624537321
6.267115129917292
6.252917131358829
6.229579572473602
6.224520004877173
6.193276835967884
6.173965523079495
6.170208412877444
6.171487299009196
6.17200705327063
6.1621481927745965
6.191644045406898
6.175922399925361
6.193351137787764
6.224824122329918
6.214309104122637
6.178090833984303
6.137379218694436
6.119925059516182
6.146426421349097
6.150945323881205
6.14552657612587
6.150596357087268
6.13902292121146
6.192528183027616
6.188549174463983
6.151512518153972
6.127760481217044
6.133187171882166
6.120640003947922
6.118423792855092
6.117400459746152
6.059606430332465
6.073358178791135
6.1268913297728975
6.130375993200367
6.130375993200367
6.208452370473721
6.245324065891704
6.263308365600324
6.264843490107214
6.256904816002278
6.227389746241682
6.24727864494211
6.288377255642671
6.310367703293152
6.320176465745921
6.336243291477153
6.343965984742088
6.342518954515269
6.330858992940759
6.325317644435609
6.327314129445121
6.311515374068985
6.29622912721085
6.26475481343912
6.258352488989606
6.225416192304953
6.218270948331267
6.218206686757934
6.200374614347123
6.19858641851997
6.151140699432633
6.108146641993125
6.010798984183406
6.012550078623796
5.963906210654864
6.064430823010297
6.073275630427391
6.071449352618983
6.124030562160855
6.134535254513962
6.148236199715324
6.1383697207618555
6.10397068389353
6.185017613826074
6.259346681453992
6.236248264478447
6.171938358141634
6.018287252020031
6.111806504530114
6.275969000469201
6.322455819403793
6.37014335456887
6.399911813763811
6.451586477355435
6.480932548373118
6.48479464026034
6.492412438232176
6.524785565468052
6.529681031314473
6.533722761182783
6.53576430439739
6.544598803105657
6.560317818336865
6.566087832543701
6.562349657347673
6.563491909076843
6.547640090212373
6.5273399020475065
6.5190422570067295
6.536919008265587
6.555539420291051
6.58051770842982
6.586325976059594
6.593461110295104
6.603491006156093
6.58288399333215
6.594425826996766
6.598436064512776
6.604194535823296
6.607504925444814
6.594206603592077
6.592328790789464
6.564230831146269
6.584101866268602
6.56692936956546
6.559724763465438
6.563773917907723
6.561291173998557
6.5374553891870955
6.546141902214168
6.5327046729360925
6.535899811444143
6.536417162341218
6.5304664815112075
6.538855630351096
6.510399644150395
6.51066584256294
6.518691190957796
6.51841575399481
6.515049629196933
6.509898460079458
6.503254612073002
6.516315828466127
6.497031541635671
6.518451217543104
6.497591931667981
6.518217796599242
6.508739812217752
6.528077738289367
6.527019186470433
6.522238154054901
6.5449394339191675
6.548606004101272
6.530772855120197
6.516068943484299
6.5207259669409146
6.504345927652345
6.5058960486884825
6.507974527517179
6.518835319490403
6.504194321628257
6.498289947430516
6.527303777351631
6.467029414924014
6.439550872661481
6.370114906074012
6.358118236459965
6.374341299863869
6.378399845968886
6.383258812297189
6.39888545359404
6.46157647104816
6.5323199904131535
6.573536076606799
6.570898305099128
6.5748797571064
6.569491581964701
6.581429827960708
6.588781506413351
6.561847317342033
6.551438341296597
6.548396135641928
6.54411449965151
6.540513188427314
6.540126355463839
6.533239253286811
6.525507763041372
6.527689767986409
6.528208998780125
6.527495040405307
6.508264627069273
6.479499805329233
6.468300913174028
6.29041248322771
6.243196779873433
6.2443141396352475
6.240958509128551
6.168435258704638
6.20240043837227
6.214433808468126
6.218858617263082
6.229536242388421
6.347638818642564
6.295772372636532
6.275808199981569
6.273603489994122
6.293495226873166
6.346867873423847
6.339407601079084
6.378324571792977
6.350835993819103
6.3572473316575575
6.3659225701574425
6.376563865862327
6.353184594528697
6.354740556047114
6.323192972025933
6.3230304082064315
6.335930426667259
6.372718942942419
6.361751242415716
6.3257177386496455
6.308516097242642
6.309579101635448
6.260208364447624
6.2531973921676185
6.254222417246461
6.254369954652699
6.26242299036436
6.263312585513885
6.261044368642841
6.262203473556196
6.269063770192678
6.277781744503077
6.261238947532585
6.267765876777866
6.27981225129788
6.277085634171272
6.300297724197967
6.305565861156141
6.277643561625805
6.29275287482958
6.311470651226829
6.316790900546511
6.266068521923239
6.258221207539889
6.2630842827267035
6.263759869890357
6.2712692828948216
6.24512755135007
6.17247394287593
6.172174638607976
6.231173334324645
6.22700990250047
6.226214257169527
6.311269293513294
6.346936032416516
6.358513676134944
6.372283613248073
6.368450055445456
6.2904666617238725
6.2856681556593
6.341500649182227
6.38195712613063
6.361712202354568
6.371028496642695
6.373286692711033
6.35826282313666
6.320245345908169
6.274814947528921
6.294714784839427
6.286401754791122
6.280804294312221
6.271543446462199
6.268048651448104
6.26447763085963
6.2308469872752665
6.230968197128
6.208207657395894
6.178919738624667
6.171392985653254
6.171014327597362
6.1738519068159246
6.1605644174647916
6.1775681488619565
6.202140886515163
6.177624353795925
6.1582878020152405
6.20961803123389
6.236535858175654
6.246799845083135
6.189716145373634
6.2141063068640445
6.3482447166776454
6.404778114341366
6.453003253691294
6.4634271944257655
6.476528848857558
6.488042899298333
6.483530552540739
6.460671409491907
6.488694337282159
6.4995836695284535
6.500285883161851
6.522526849986094
6.554313128455936
6.559535897127524
6.558449898713621
6.576062021747734
6.5826603752438055
6.588013308099836
6.593132800561518
6.601685452337762
6.602704254912412
6.614417493477007
6.620379548835923
6.623794601327257
6.629981979046362
6.640232402797431
6.64027503808185
6.653313769402277
6.6554522349220235
6.665233082243411
6.682022393557608
6.66495282969571
6.628318980442833
6.6414761297912674
6.65982425657805
6.670370413938929
6.680056905248727
6.672511035704164
6.672033778463035
6.65081318587943
6.680300783174166
6.681559165692431
6.686262420274486
6.676180713832695
6.671775341613557
6.652063388330338
6.633565251723895
6.611223076698735
6.613305373245034
6.604038213506568
6.605704746572838
6.608118739805982
6.569207665708625
6.551552395383802
6.533962382684389
6.534108504178331
6.546191106245618
6.541111298059397
6.536490550832
6.549550200903576
6.502249399766859
6.517980968192203
6.501017272584864
6.548987131015053
6.538068757216426
6.521913991357406
6.51919419508313
6.504568190392686
6.537086411175412
6.553291378298377
6.562330413956319
6.5313332460650475
6.532055671461395
6.514273301865027
6.502421751736752
6.501750110878572
6.527920518856855
6.543234886352499
6.5448496177831235
6.569715267855975
6.556971735785807
6.525210625638041
6.548399887250171
6.550196796688364
6.564041073247335
6.567969613441889
6.568441757903973
6.531783104493399
6.48551493049277
6.4888456141676
6.490719660844151
6.47137242336067
6.463524563740003
6.463248627657785
6.451596370562799
6.475875693437424
6.472661000382984
6.482511687286022
6.483563730151183
6.454577723019218
6.44956944170495
6.466502170038593
6.466295087467295
6.481309749607359
6.4807816118309685
6.471376337150239
6.4779957965544686
6.449490555441987
6.407013321936272
6.402551829469681
6.291962669823148
6.263896907975516
6.236473628892932
6.22264506058122
6.240397762535043
6.259323188605107
6.2704401041115725
6.28139748169676
6.3075767678319625
6.340414977277456
6.303110509770641
6.348784403360496
6.394744262614208
6.398419183697866
6.452208054141615
6.456686974709124
6.494317144144556
6.49496355422299
6.501635702367646
6.48993891597508
6.49293429381399
6.495338909147671
6.504714091003539
6.529115854088205
6.552172786433879
6.569131252066027
6.573858069043808
6.577205658075553
6.571575216004219
6.569600579143383
6.568440451843071
6.568763675579849
6.572914712611944
6.5701995705989615
6.557340966852069
6.546104858677231
6.554678465974406
6.587571804563398
6.580307088202995
6.594243347753469
6.585126646497437
6.599433128284905
6.584728154774718
6.56529597706325
6.580617957253233
6.561529658795622
6.562667350413788
6.554188997925776
6.553731838057946
6.5492389690701245
6.548711527783097
6.560664127467448
6.5637365954624425
6.581966320150686
6.595978272959624
6.575032688604621
6.579610761102848
6.5733821923673545
6.565241585405105
6.563455033679226
6.564506405527315
6.564204344815623
6.560832292442705
6.5535303588832665
6.5535303588832665
6.5442618299417346
6.543418055870276
6.43793430199855
6.409848304357558
6.395881292770908
6.394117177715481
6.370367716782477
6.374887371565565
6.37440589276771
6.324692094248581
6.270721268189637
6.190237887400037
6.19644001073316
6.213235596701716
6.214693503769214
6.214693503769214
6.221381393277159
6.2263529085329825
6.202021661540071
6.211028186440015
6.190554105407968
6.188852503814113
6.189208622512876
6.184373074874468
6.1784822115661475
6.171699345317497
6.170534405182264
6.166565077106029
6.18712386603818
6.201760846356517
6.211495495458732
6.241231394359533
6.1928609231395635
6.175793113929486
5.983911849195563
5.929940958664327
6.062683061143081
6.1813476302932875
6.184085580471059
6.201578267921917
6.17029973882927
6.152622317763933
6.148408243086936
6.160242445240686
6.149306459459566
6.175903411050957
6.2001347174440955
6.227898144234073
6.24056682459861
6.235231267167476
6.214131386853987
6.194369660867294
6.1942087921086575
6.257981661869571
6.254901993235243
6.255847478816116
6.25302624315266
6.27304153071387
6.2825365807762745
6.330701961662657
6.424082812702464
6.46830216368172
6.480079505204752
6.4598563484837985
6.461117634139102
6.3512977739032515
6.30404639381646
6.375740377190125
6.402616853589284
6.404256946770336
6.440803895722545
6.431242843020715
6.449664349590318
6.446945231301569
6.445080093825217
6.443892262500851
6.422514580525571
6.413874133810164
6.387296281428204
6.421054185285779
6.420564156434399
6.422965766468578
6.425935572366181
6.446127409757649
6.498696869222112
6.512340317548459
6.522032653145002
6.519382188024471
6.520117576259918
6.499233285372397
6.523975117200388
6.5394038551124005
6.543573060554714
6.53856782104386
6.522932834207053
6.497277524458967
6.49290246282069
6.513746876540339
6.523170341073517
6.536757705182051
6.5440280967032916
6.555755354531274
6.54543366748785
6.536177907663556
6.53603267660054
6.546737947709883
6.54558400450292
6.545897927399616
6.540186643929672
6.5404271136033865
6.534964577957754
6.540754209813375
6.542036378868339
6.549783730941576
6.532034542897596
6.5143003898114005
6.472757683643977
6.480652407473256
6.476533630989966
6.49140956421694
6.513268036502416
6.4944761954788515
6.453421989060106
6.396399592792216
6.388439476217791
6.392705081258725
6.381859852237753
6.383698655108751
6.363455095843167
6.342992092984416
6.35230786060381
6.336086884474258
6.346690211068506
6.356988681444245
6.34648178280113
6.361858538624325
6.366070380986117
6.363676728269257
6.390314820749203
6.390192085626052
6.382106962307175
6.329899288309637
6.318000278925723
6.37280687176612
6.414804756850861
6.4467561510294065
6.414846994031838
6.421236644051774
6.449572211795356
6.471372215703401
6.489448840677906
6.509952019516977
6.530852402872331
6.534590352847978
6.532381570776491
6.531325018164515
6.53114436418611
6.553269284987796
6.554600300331798
6.568265392247593
6.562530124505758
6.555310652523998
6.559762301924201
6.522738292819869
6.515050141270545
6.5082521349513565
6.50345432015395
6.474147178485142
6.482490160345256
6.461257830743485
6.457926692861885
6.439263457050183
6.412648755297305
6.330109603150983
6.351750363186938
6.363046289628697
6.3663310296700235
6.329114750914851
6.322770356497624
6.320029396600743
6.323872917112717
6.327814179423563
6.338201885664857
6.310560290685514
6.319439157468574
6.3234584239020775
6.355177247115265
6.37312355057633
6.358881766531089
6.366933630648014
6.339709867237694
6.348200975386182
6.360969514005513
6.353766436401524
6.358324830440821
6.371413533762974
6.386114564209713
6.395612493259893
6.418001048758613
6.437129366312642
6.442361733412854
6.461913651768898
6.462353533873123
6.449970257698384
6.4901387370573085
6.466346807823196
6.4691490106992156
6.468273735719044
6.472408920569275
6.5338166263595765
6.551145276132773
6.5904523420333945
6.593942344743489
6.600733253544103
6.595383587761837
6.592124170989864
6.592415086669206
6.58138955446708
6.575221140302933
6.56864355964404
6.565133718993171
6.566014974541701
6.562639518453516
6.564651342288324
6.561776773962626
6.5666337164365105
6.561178749165479
6.553338331379842
6.547790504730765
6.521731929846535
6.497272843760705
6.512014114800576
6.473458366626172
6.466532829495151
6.47008298341908
6.49058212797308
6.471464207883648
6.4464190463736255
6.464839602979407
6.471431631850133
6.484011126722325
6.492858023472236
6.444669726237297
6.428866439348808
6.21175380141533
6.114146552621245
6.236126050133865
6.308779545543632
6.3053691318098695
6.3023031426419305
6.257172345750016
6.236453197734589
6.244607566539993
6.2571866093129795
6.265972231207317
6.271857110132736
6.284831942886021
6.283681012072184
6.291866012868749
6.300155524216285
6.303506211019966
6.30472319512112
6.313110889693261
6.421181710949284
6.422586942420365
6.42558429485142
6.431854546704095
6.439887095215017
6.442220343833155
6.476106979116911
6.530407683702012
6.548855145255632
6.52894231611642
6.504704553852964
6.50993014449594
6.500385236080077
6.4987069768233185
6.518886266011223
6.519310196093058
6.517450875936695
6.555622380967869
6.570706075912958
6.586165381910804
6.572522430432352
6.55341830553515
6.540639854311645
6.527577249866631
6.506652983184609
6.506571770660042
6.573846668523969
6.571965361182924
6.585332712371851
6.582459516814324
6.569476557940054
6.555886086327543
6.560627894073019
6.559489871407187
6.553840792756797
6.544083878376107
6.5503196778441
6.530187434050171
6.512596802757368
6.502776209647703
6.493453437989076
6.514494684208657
6.508746460668263
6.5128524691443666
6.527512043112356
6.514275698322335
6.528552458507213
6.532731133263768
6.538079004932552
6.528391194208182
6.541459862263345
6.540308591211418
6.566091946086347
6.5667343086659375
6.575762177143671
6.57581457702261
6.580253181322575
6.556616623245887
6.566793896404071
6.565779957557967
6.568526518629437
6.573896831806837
6.577494941029203
6.570799149180941
6.568383071775908
6.570708070687372
6.578241436332182
6.569524092990539
6.566264406799568
6.571535463356858
6.571140331821181
6.564524628504892
6.540567244984809
6.5470318559055185
6.561325768177091
6.556178316642715
6.543441441032361
6.526257336752233
6.521706518662448
6.48697854222929
6.487010867251562
6.460387949072747
6.460605836276923
6.417020536260725
6.410943624594979
6.395433417778347
6.393599750076339
6.3865253333763174
6.34771462807828
6.279947738406571
6.3110590685161325
6.353748091457212
6.377631837156406
6.335018957541624
6.337404308920362
6.3698321235022055
6.362117280087341
6.367412987141203
6.400472176191413
6.4189774048569985
6.412882911989895
6.414018904764194
6.412605760689216
6.4214921139884025
6.419883593314401
6.395529042819326
6.399329594413401
6.391868565297642
6.392045435762283
6.402967699676607
6.400683760083813
6.401353278773565
6.399453510252121
6.403014496740318
6.417595978617411
6.421252652906908
6.4235798680261444
6.431727844254096
6.428281223149554
6.3886762276785225
6.36691236290788
6.357374977706807
6.350047476318313
6.337818631105433
6.331228472570883
6.331735755866257
6.324398030019227
6.30315209901127
6.303193095721037
6.3129387764403955
6.295916630856669
6.281947548261883
6.281347649396046
6.359015866895799
6.37189966773242
6.376398610658257
6.365653663133407
6.355433571100209
6.377303027578648
6.359589109545177
6.343628272978585
6.345754290295856
6.355027312252445
6.356646694178243
6.348611363365035
6.316383006094979
6.336717886421982
6.329709168659512
6.314806180835674
6.277091903838097
6.204342120023954
6.204046719757444
6.167770777674654
6.21759523349322
6.222432767099776
6.229483480632595
6.2846179530803505
6.343918230200025
6.3880186995758415
6.392999996421238
6.3844772448038665
6.378481707795724
6.374724074738869
6.3678220078344605
6.261620242451308
6.22995003667011
6.21854156566909
6.204208317344684
6.204523173262687
6.221355431816203
6.249558415356012
6.255073949896193
6.255548321302965
6.251441099669606
6.25316516290005
6.24933236047804
6.237315625438675
6.2400762632547275
6.254497363623438
6.2123866738849625
6.196269630848366
6.206453684141331
6.2661634405666184
6.2678380270849265
6.291200362227142
6.336815060292901
6.362226507507947
6.35082658277105
6.368731550930238
6.389035951997208
6.388951403255449
6.396375645543321
6.39678276604361
6.400185284872067
6.40014912802112
6.394221088672685
6.396255519663785
6.36848191268134
6.383775553565881
6.3822150580208
6.400285564198419
6.430114057714548
6.431898005409955
6.4242506839239
6.447013764031985
6.450355211643376
6.4724843372530625
6.49769414521588
6.489867370310778
6.525198834693193
6.5377953259171
6.542182795710939
6.5163418966707
6.485582535695489
6.4880904599687295
6.482091160356816
6.502523190268688
6.512400466097472
6.515057658817359
6.480111290715272
6.473273040235075
6.5055385645849375
6.518101559758212
6.516116273822221
6.5252830209532515
6.5285229105151
6.548435379930285
6.566627078228884
6.567828491810898
6.567748432607217
6.565349411718604
6.553484705080519
6.533736148502477
6.52549312136613
6.527927087080466
6.537846476027478
6.559098870473876
6.542341860897867
6.552417581042732
6.548452278289737
6.533014955082733
6.525728153419091
6.518111760590558
6.517345439435591
6.523975821649676
6.5153499913207025
6.512657819799381
6.4962953524221065
6.47787537518567
6.475267961689224
6.485030600210157
6.463510533615927
6.463571919476774
6.451809319481977
6.453543336776534
6.457276278971476
6.457184478780816
6.400144990635616
6.370981666258964
6.351361272718169
6.356135538585576
6.357657077103913
6.378465252048443
6.37143079058267
6.373805124860418
6.366073264723045
6.345355712262298
6.326430180981874
6.344563103620286
6.372577291347758
6.388535659308293
6.388688221876979
6.391886689212285
6.414804535989993
6.424628716962302
6.437584022356834
6.460497603795487
6.45097824180958
6.446460788011978
6.439567103270828
6.443331795717601
6.437104620225683
6.402587578083633
6.383382924435045
6.3816254676035165
6.380461627073908
6.355065895931201
6.35126060909863
6.282759840653831
6.285458728055404
6.278139148396415
6.278458651467003
6.278705676651644
6.256653303059865
6.245211416104642
6.240691352938552
6.246912224501617
6.266077871251334
6.272127636234115
6.232728204135808
6.163194437022348
6.116145117292862
6.0578148039528275
6.030776655736479
6.163135474703537
6.212526064679716
6.223090505366888
6.216735512362242
6.221188067424866
6.231647522794245
6.233289865001264
6.2335215279315666
6.237941274979
6.240318668670362
6.26967617966007
6.281754770857169
6.291679082133469
6.296750104357608
6.3116488166380265
6.296738806454708
6.283081867275292
6.2784594552244855
6.260987265904039
6.25255495665859
6.255281775107307
6.260815835804924
6.264487992478127
6.2723192368400715
6.25676070955033
6.23936195938338
6.232995718389737
6.2015782134202135
6.187323993047251
6.230884850643217
6.238576447041738
6.2791904581028835
6.2657873700289
6.250972885691706
6.082935153746303
6.004774659323561
5.9994570713569235
6.056564679749286
6.054240183197884
6.057087432816457
6.052321276464404
6.032982816621617
6.003005509627696
5.994876139080049
6.104594308239194
6.097725980110602
6.098816085559323
6.097829124022612
6.097606076345152
6.089301753500589
6.089650165424222
6.059672714907769
6.094732090793997
6.089787708352967
6.217884856385952
6.198034883153059
6.149319446296137
6.149319446296137
6.165993846914251
6.2290776042878635
6.251665598829052
6.256229178244194
6.256417414179756
6.295698600811679
6.301509532873206
6.19388237170947
6.155775637472492
6.154069933424314
6.184949858122773
6.184989135332529
6.167247643130037
6.156737319622752
6.11858985408282
6.1042309342637555
6.1182162585980375
6.220995029677908
6.23978411839462
6.2354291104742385
6.238859989836993
6.2369076800442835
6.23379974136332
6.237125148134596
6.231467353579592
6.2191089101568
6.24227652869776
6.268753513778116
6.268592271129767
6.268464232613817
6.268464232613817
6.265273878234698
6.253373310206218
6.253298349123699
6.272163618760931
6.215283755776578
6.193450675180139
6.190589643212926
6.204388848426638
6.215282779299873
6.214788570298689
6.197839872801572
6.1963398634780615
6.197192741431817
6.244415067367685
6.247822854338061
6.264245617862313
6.260486803237001
6.237927571936766
6.234359450364341
6.2305436409321695
6.230927046400913
6.234404994620889
6.232667499009726
6.253724022378478
6.267241852027738
6.282224395633082
6.255078085975776
6.23193916061825
6.241030103409515
6.251660191245093
6.254878122186931
6.246520679372495
6.223110756851154
6.190330260699377
6.13965390327836
6.07824745873246
6.085635438520792
6.098917534332335
6.038785517285475
6.031653499638923
6.051208892077331
6.0004481407075945
5.959616582620484
6.006364882351416
6.189903758737527
6.215452363876979
6.2129166060982675
6.2116515304020465
6.211604143112646
6.210974043944149
6.208023912012271
6.201918665662748
6.1957612137980655
6.1944511252041305
6.179540623553922
6.169744320683174
6.154163717118286
6.1337719561175605
6.154279184620109
6.216177983802535
6.252489612776821
6.2688869086978585
6.273743241800544
6.269212643330335
6.143176005657885
6.093324391661661
6.075837632999277
6.090499352527209
6.119940407774775
6.122762755092484
6.13807553774998
6.15355748698712
6.170664673254202
6.17447451945251
6.135323720041407
6.215767161556568
6.20983310101546
6.20975373188995
6.200832727312206
6.212025886685173
6.21817693852848
6.2195768583174855
6.219621266829527
6.219621266829527
6.219621266829527
6.224335175717026
6.254391813731122
6.268189731983385
6.281612245584532
6.279572211843554
6.294646843191696
6.289193899209447
6.278152471974244
6.30384330841983
6.3049829245535225
6.306297468126361
6.305193945125968
6.3058986985429994
6.301391184133656
6.256817751862078
6.205540419518867
6.1985993282707845
6.200511683524167
6.146796209127386
6.095448288123293
6.020605225086975
5.975382197779418
5.918092101375259
5.937829544806405
5.94775356137791
5.662917729203088
5.657368094735768
5.660461314221701
6.031506690454436
6.13303591837344
6.1875032112759465
6.208718664511694
6.1573099320152345
6.132241626494812
6.0798749733715445
6.079106675392138
6.223890734614229
6.250768009591832
6.295450249504985
6.350654700492607
6.3563969395770314
6.368315335398214
6.370305924642307
6.368629584944699
6.356218713513759
6.34491884873485
6.329217889172516
6.333888755834754
6.33368998802597
6.326884707545366
6.322745304042806
6.265875274100083
6.256018409620543
6.235619069087519
6.17285220463116
6.195943959341146
6.197620043064679
6.201959658338643
6.171094851855053
6.286353442978731
6.300616531207954
6.339125529111519
6.352775117784654
6.345816002621322
6.329406128805717
6.324959251459743
6.322562621055672
6.234412442508863
6.205781894107848
6.151840541582532
5.9632759420695205
5.92236004722027
5.95910911496944
6.03528898096982
6.035754119071829
6.045993103308595
6.067727240565256
6.057910258536411
6.046865704252448
6.047164991909277
6.201831569337102
6.203477171820391
6.182328607133666
6.1778914713656885
6.15911790352907
6.1100964065220476
6.123445876654002
6.107405762287027
6.129882168217851
6.120499548525078
6.309212205508996
6.321953097330377
6.350553180194836
6.362977227110505
6.385057152673366
6.395886430991522
6.445483722909372
6.454196657002835
6.486559786333652
6.488688784710917
6.493395443021097
6.477545139945886
6.466010425884939
6.442744476961491
6.453233365487989
6.469992362859793
6.466768784270155
6.494880250986512
6.4898028884089465
6.477164860888009
6.460712473258941
6.548535866807018
6.545685372930622
6.547092141188421
6.555038174715186
6.559880789048165
6.56195829087582
6.5594461316586985
6.559624064879447
6.548777253427421
6.5455790303885015
6.493882927020612
6.486588860860094
6.462655830783291
6.432194293693166
6.419326905065756
6.420659071748981
6.395226726552761
6.404549435797489
6.329734959761437
6.342992754622049
6.329742848928773
6.346940319706721
6.347625672399466
6.346036124484026
6.301478605354678
6.248007310765453
6.18662004806068
6.147271818233633
6.1192752950457
6.13767689624384
6.1375971236542926
6.118813867620955
6.121308916505405
6.117830643413412
6.147878238162977
6.164294062957515
6.177511803587033
6.2041325903739635
6.222372812694509
6.216523404030233
6.223474368682941
6.290782100453145
6.311956333613521
6.30840264874811
6.322098530662618
6.321010320825306
6.306787853528015
6.256555888998132
6.2079905165766744
6.202979609137159
6.215186745300002
6.209639472632435
6.137822474832377
6.138120781459206
6.156947857845543
6.109115379972697
6.0642999840927105
6.080626147898558
6.270563605316403
6.2984475734463965
6.291366180420753
6.279980850014849
6.221913110805812
6.252244752215619
6.255590858482708
6.279707393527499
6.295982951573149
6.297693700495047
6.289463997673025
6.2778131816701315
6.2778131816701315
6.276640520359636
6.264776153894092
6.320500859669588
6.352797640906595
6.356376883494003
6.355731856643329
6.362031872244188
6.34959441003621
6.33122100383932
6.332788604269352
6.32080709974613
6.340397797689696
6.370768540423706
6.364338562060302
6.361697268467616
6.344733438423997
6.344472342503877
6.367245711775763
6.411746255501423
6.424816762758064
6.431134715335134
6.431772192720037
6.428540665132443
6.433053633850928
6.427017192722372
6.421641512627337
6.409694813399616
6.405285656901618
6.40243670655397
6.399967572698966
6.401667893337294
6.402119995093866
6.384991603227576
6.341097872507156
6.314556600766903
6.295930429064011
6.328221295168432
6.311038693053656
6.323368368230488
6.338913484416567
6.318234478763359
6.288713892661302
6.2735630681832255
6.206021372078667
6.212813784218737
6.24198827722816
6.252197511565712
6.26698017974635
6.233738860691848
6.227883268686932
6.215315071861074
6.256572666448869
6.26281491004691
6.267356017390527
6.2291458750954005
6.2322676488427255
6.262147763082666
6.262147763082666
6.262147763082666
6.262147763082666
6.262147763082666
6.273225379495306
6.280960002869148
6.333978366442826
6.367620875231684
6.384014133648869
6.383951557190919
6.347859151984582
6.3319561768367
6.3736358302638
6.375047517956694
6.3598760284119225
6.361483538308309
6.361060046459692
6.331346653080028
6.366204538625335
6.370755658966783
6.3489647540530365
6.332931426470824
6.291998641152178
6.264598656402973
6.215900772913859
6.080509832162389
6.0974876328299565
6.064097339619185
6.052463560497691
5.995980617998344
6.136507553087479
6.162227071570055
6.21521157264815
6.24482566384885
6.304040846310463
6.308984364165208
6.354072086537054
6.376662006573064
6.391874443363149
6.391350627586812
6.429695345916622
6.443103900772155
6.442764043203351
6.421351219653059
6.42502172118299
6.4244013953857655
6.431645641120718
6.455665110190273
6.4756098496786745
6.4490661340112245
6.404611325389917
6.404736606037622
6.402823602496185
6.402823602496185
6.402177693841431
6.402465230162611
6.363722580782318
6.357186641943107
6.362347851970081
6.382544505735011
6.382278239802096
6.3633390379139625
6.357813016536325
6.354543935584119
6.342133192581702
6.3353018767898295
6.334295607068646
6.306601786002447
6.297636390466111
6.2827609654771495
6.280292076688954
6.260446665481934
6.20058258185611
6.217563904097392
6.20194270402048
6.189827141525634
6.154706488191861
6.142276398304051
6.186909597052787
6.285067238277113
6.2866841127627175
6.210951849697336
6.247353181408963
6.245905924344797
6.251491421807403
6.259431832357172
6.261170843865187
6.2386130392728045
6.316818692287777
6.329334927506673
6.342110058412389
6.345855384578572
6.360240188691106
6.366213116141823
6.360102362097314
6.360944494718215
6.365061439236133
6.372981179685388
6.3794275512521175
6.385478155258773
6.392784386324097
6.42717341484922
6.418912730542969
6.39697591658654
6.331252584196037
6.330143380395928
6.322732000465356
6.3142883483857855
6.346427690050703
6.415748280898901
6.491495746787431
6.501271722812023
6.49549128443342
6.399884098005796
6.408903459366986
6.407064967596489
6.436001529210585
6.455217473755166
6.469357454850473
6.490664365637303
6.489957711840236
6.523709695547806
6.546244186183045
6.594099807987851
6.605684844283418
6.631735011587405
6.636772250896154
6.663671258037898
6.664416289423149
6.6594623810977565
6.6815257074815495
6.702984473049508
6.71410303810053
6.71272923825917
6.714630224691148
6.718577034729335
6.729449417557624
6.758474522067334
6.765332197268578
6.76629047968481
6.745973390418464
6.732858746156262
6.728868406346292
6.724898904925327
6.7241987014232025
6.721645494813639
6.730096447491324
6.723060856348011
6.721828990033685
6.714173185602956
6.690261641768459
6.673678317615626
6.697266266094487
6.700415397584539
6.647300533869612
6.6358790876639056
6.627183316178166
6.617484696958201
6.618548729967956
6.628620922919795
6.625477281921122
6.5931777126184
6.6011697568548815
6.5411997520095655
6.547837683391646
6.566453310218513
6.555160919448946
6.552431690347901
6.540558407938604
6.54134215385087
6.542131566896761
6.556335065543356
6.551163865130959
6.551689813604412
6.556788425040519
6.5652214591407585
6.572726829483499
6.563603993115084
6.558892774840064
6.516165723951948
6.517022437141922
6.517810725124188
6.518507945301239
6.512598952356187
6.511096037062635
6.509482567600506
6.488775913765406
6.4853411497099325
6.486003742759019
6.451506175303649
6.425078917592977
6.434726143461
6.417111370450522
6.379067159131514
6.349965925021554
6.340907487928453
6.288540351627441
6.287627171129519
6.282792601084591
6.254441684714805
6.237232273907036
6.272317802338983
6.262086391287482
6.278189416075949
6.279943657562131
6.287100401766854
6.254088458153264
6.245424205188096
6.221143223910456
6.228021984591818
6.198429321574072
6.190861509009067
6.207355517397504
6.198370252451256
6.1625082454597955
6.144215698284709
6.206644525729421
6.258731951267421
6.296162564499977
6.317145989664122
6.300183157251688
6.301799660315482
6.328994440923036
6.273536071139828
6.26953755110396
6.245697595182543
6.208336870992163
6.210424418228827
6.234765670079211
6.271453093959386
6.274974228194829
6.2684727562202145
6.310521687041797
6.314241025358611
6.362398260247508
6.365633741636656
6.35177542975386
6.341592628859274
6.170228619864786
6.1600877181288025
6.154159661214732
6.153667960157871
6.16238511769297
6.331428409039741
6.363654466778068
6.3667328845267885
6.377860896998533
6.395462558117468
6.396202670428604
6.380674166148109
6.371086971756295
6.468932574994056
6.473397059622989
6.478838415373746
6.48126519086622
6.48127167049512
6.480153331678483
6.481802255919821
6.47952829871156
6.4499449191973115
6.373784877713012
6.313180229199859
6.311158351656347
6.300496111260207
6.297729715257213
6.264314931487976
6.222351521241049
6.19373388668959
6.193686842132224
6.101983747929135
6.103853096942992
6.10834307611475
6.122518619204695
6.142106802221906
6.210047778954943
6.219768227699699
6.238721446646547
6.2344954555006895
6.2378737584173525
6.244062028109914
6.235628012807424
6.228816332244708
6.126095261262189
6.1147439280093545
6.0268427148281365
6.04041663452366
6.014744999358246
6.025186580709241
6.0553764521226165
6.170464469607103
6.20540034416835
6.19285278571285
6.199911399247704
6.282499723136514
6.29326154166784
6.301523988454535
6.315802740661271
6.319234191567141
6.406955440201878
6.446930155777238
6.448663321403942
6.44771978072325
6.466037329688863
6.469108437576232
6.4558162894315965
6.443828664060176
6.4363308706813
6.43295710962254
6.460402599257905
6.46298122437264
6.447996385447313
6.468740397761714
6.461960751501142
6.461286097360827
6.497665561587413
6.507141623244939
6.501945768342075
6.512384134852841
6.525735570871895
6.522454855661994
6.510098933390045
6.5099197282111705
6.517411042495966
6.519477119764786
6.4082050913292665
6.356294063274768
6.359944335436458
6.360461894005483
6.352491490723644
6.3178032693779045
6.396613903360725
6.471459659800534
6.506153882015948
6.503552700139278
6.51168215379065
6.509931122341743
6.5075473455093515
6.537908411531968
6.528032506134598
6.520337786252626
6.5163706770001095
6.543743385727898
6.531247963259949
6.535503873996405
6.553752867146289
6.548323145925852
6.5642891882333565
6.56370309905134
6.564774422350241
6.574912435416103
6.6021271474686
6.614456813783359
6.609427137808838
6.602689474506367
6.600876016642001
6.600655704729946
6.611685646856128
6.609910944211383
6.617306007762015
6.618792203019318
6.640718254419306
6.606899593329755
6.574761523605385
6.553812587882362
6.52655808558258
6.504814469920142
6.485733336127174
6.505749257372941
6.499403864191827
6.490789904472465
6.482269448642809
6.485294568646464
6.46313681392761
6.463121688997529
6.450586409582112
6.381236948473838
6.364180065678073
6.247070342013397
5.837824241024138
5.71708010768678
5.879951903515861
6.0433301619002355
6.022136182903178
5.997432389514219
6.011916540553839
6.010421411570852
6.0096771718510915
6.100661974583928
6.091219372095847
6.049002821073204
6.107784517541444
6.3098018998086784
6.312621432981949
6.334871163900778
6.36617120715368
6.375170991981247
6.371966066377685
6.363657906922611
6.3512520612281795
6.317847289269598
6.318215862108453
6.318480372391967
6.269474378787887
6.26296587668162
6.233413551399677
6.205724679738191
6.180336305281381
6.183078446047981
6.133549714968645
5.938355041527254
5.8438153747638575
5.931834548556853
6.028164090981095
6.093035656580091
6.091032869488212
5.995910585825289
5.978128684245066
6.043180496723632
6.07366342175967
6.076043710083249
6.086278351897452
6.152966197664686
6.264443401877529
6.270498203615857
6.105534472352905
6.132133933316507
6.13598696335769
6.225338364059032
6.242959462772666
6.24923194584835
6.249626002012438
6.249617574192279
6.2597832708463015
6.2730757968140765
6.268957794103999
6.273835994078437
6.279871903036321
6.279871903036321
6.296264132328877
6.296643059878705
6.314370742618969
6.40395949824662
6.4185102061678005
6.4184104257078065
6.401743942618464
6.442555940901238
6.421688315508119
6.423300214895371
6.215991578780713
6.214217529448902
6.218815797567595
6.234523288630886
6.247010717094111
6.404579367257472
6.438452244119564
6.441055638603376
6.449336514564032
6.46938042710825
6.4928099575024225
6.481225979943888
6.480443312506377
6.498494847927367
6.500951683593576
6.509223240773261
6.503609225088204
6.5040431631783004
6.497683560223934
6.4858047960457705
6.4858047960457705
6.466331679755889
6.464311447400154
6.4633825147855015
6.4520033907599
6.45062051755406
6.449792540708555
6.422397559733525
6.437289015407398
6.42548232231356
6.425498970196152
6.468697930726518
6.466671937331636
6.47416987408366
6.480838021965103
6.481501041377025
6.459588534699255
6.457969733809059
6.487599904370935
6.472049833699381
6.469382365649418
6.453575699741798
6.467602056273614
6.479426204572119
6.46653099635337
6.475552918457112
6.474562207767313
6.467150122125364
6.479722928741262
6.482583205829671
6.473653617938773
6.473653617938773
6.460989748155276
6.460215878788397
6.460215878788397
6.460215878788397
6.464768266535754
6.472248538772322
6.4666061574985445
6.436023744103656
6.428599910928747
6.451485098732404
6.43100475132639
6.425817122722195
6.3939573685386275
6.3769288942415985
6.34122618904218
6.332317658451256
6.341602697835918
6.2953600867014075
6.325453544524315
6.328135092951998
6.318795425385818
6.2878870523266785
6.285778866275438
6.274553455435062
6.320848905578191
6.373756871890546
6.406369056071031
6.40736897066489
6.436196829771053
6.440331882322956
6.452271356938408
6.462455913791108
6.47606184126899
6.486527119400492
6.48857637730469
6.483438919688173
6.4797745214422875


