Rainfall Prediction

6.439017369380078
6.441083312969189
6.409142765142979
6.412865263033365
6.312135134092534
6.300185108695784
6.24006973272642
6.3105855515645075
6.294327813974177
6.29199227776813
6.305018509508577
6.3099774754719045
6.299092800548864
6.337957550936286
6.324955053272818
6.3402344666033255
6.377049825677243
6.3585271507513506
6.338240999279505
6.323877377825005
6.3166358230684265
6.3207705359326285
6.351307447837902
6.348864348840989
6.372474386446053
6.425884860975571
6.436601356540541
6.428024225228537
6.431835198887738
6.45049607776419
6.4504447888643535
6.457668844052417
6.43540704343175
6.438791726073839
6.437744805990458
6.467815726662501
6.445511071035147
6.456253832976047
6.441085038432794
6.432425676289905
6.445653346825949
6.438129578134203
6.489967066958578
6.5096470570583165
6.506040695930673
6.501989036927361
6.502212862368245
6.493671301125327
6.506056219751199
6.499888949469206
6.489855637830984
6.489399776437738
6.473632151084009
6.449417055448142
6.414142822531069
6.366972559570844
6.314382382100135
6.310791504469124
6.31858015454358
6.305557824566989
6.270646343723644
6.293199745001809
6.278748917744546
6.27396004618773
6.314910041838994
6.330698134820806
6.236937773990668
6.219128757421881
6.1700307901235485
6.277936320627376
6.28384562901019
6.289319137290053
6.299300059617548
6.279092310276827
6.27986117588325
6.250772688786094
6.245333444460532
6.235744928281629
6.23403800234748
6.218601515814112
6.218425661192799
6.23885565154258
6.27683178172403
6.3581005827669665
6.39073251377982
6.393410446797137
6.422575299018842
6.483873924950798
6.5064892732781745
6.515826601082766
6.5343554619732584
6.546774594874363
6.523618304859012
6.521914086987467
6.517339370368627
6.450889470511269
6.430106123348328
6.353362480286311
6.351986334170135
6.372424772759105
6.376524333157795
6.382067136066377
6.389984988913369
6.432707189831025
6.5213915169353935
6.568040718891485
6.579258572079097
6.586309002885796
6.588497732584662
6.595828444034566
6.6066319356505145
6.623098834933526
6.6105061167410595
6.585051942984524
6.557395642233394
6.564135064540697
6.562905003722941
6.567247242340715
6.55236249304548
6.55308895743058
6.544028417518629
6.540361780136615
6.53633856291115
6.564086514501388
6.567992169107396
6.568533803459503
6.592038360138683
6.59086811903534
6.5990820816381595
6.603243464405755
6.60146578139926
6.639304315542354
6.640071972712203
6.636238498083367
6.618856644973431
6.546082688976498
6.454081997090771
6.416062911774605
6.4074475386039245
6.4038519552158135
6.388667429707108
6.38644686780327
6.336739061417249
6.3431171792899335
6.358841708417464
6.388004785270858
6.381673370183037
6.378717151752439
6.332591306571029
6.3330376395108985
6.323508448259571
6.337047195483981
6.324750314238383
6.288195597434317
6.26358240554173
6.268260024598419
6.276461263376032
6.236108773647809
6.216364208514414
6.156151633341375
6.158387572900909
6.174653421035848
6.149850523072729
6.158414891129285
6.1728387944283005
6.217770907400455
6.2816546869080865
6.306844869086582
6.314926745024561
6.3237400420115355
6.324705987345393
6.3277187912882376
6.3083734112565555
6.3256242258928195
6.364178606256746
6.369786011885669
6.318152006305198
6.29942410576552
6.302427583285623
6.3061418442816395
6.298220800608468
6.269011091900535
6.216796019428687
6.208400598491285
6.273882088396884
6.2480210281248825
6.252698106155146
6.337785656261439
6.371899970570068
6.363706592564562
6.350677414587
6.3552961912576835
6.367004399532034
6.358788746909925
6.392669441603301
6.419235883016416
6.410831672438239
6.364390696178454
6.304134255840823
6.2709783858656545
6.264451430191754
6.2677915424043835
6.264083582983489
6.270212731614488
6.277205102197758
6.2588485075549265
6.240341350578445
6.253534333452196
6.234171389876007
6.23020581510395
6.1894535404389135
6.187042204387126
6.189942446836544
6.222039465521888
6.2163834203216
6.174666711856607
6.173760143481603
6.157470563505004
6.106131851255169
6.0731288873180915
6.119451977660485
6.133107202854782
6.141904897458074
6.14792299586845
6.149151890645655
6.228077912186886
6.290489570946146
6.288394586813832
6.273445240245653
6.255952624025658
6.251713619281742
6.277160303370779
6.275591447169211
6.282269819205053
6.27969941556633
6.280454138521023
6.326827276633383
6.31995531402975
6.274874593361288
6.265403322233019
6.277901193657497
6.281456210809014
6.277447260537299
6.2711845928097905
6.210068650524703
6.210977176273077
6.283181659305015
6.290213556927943
6.291516469752329
6.377504991696407
6.4207559221403585
6.42354522986758
6.417959489983891
6.4103943369028356
6.4030598915951416
6.417405669742327
6.417202310009578
6.379275943073114
6.390515650873944
6.405970178201926
6.415351947794928
6.413538628054816
6.394993097000961
6.392799461527132
6.371680512920534
6.395569839419094
6.385661241084035
6.355641911873518
6.351071155996857
6.336802745943669
6.313881267154084
6.2962132245938225
6.268478750239207
6.267472224915733
6.23319986257176
6.21974137304545
6.174858978407769
6.127584193589325
6.091374995512248
6.143081082653024
6.1233366005416245
6.111288086146219
6.16262160521685
6.1739249735279484
6.211612302450782
6.1875993131497165
6.186018985031492
6.25953041236923
6.387237043225731
6.362445936708015
6.304011419401777
6.167066591479701
6.245654463453535
6.418875673359057
6.454724410080821
6.50497482876038
6.489545548511894
6.5117988654489976
6.528426392983706
6.540004905176328
6.547567840173792
6.597415939703101
6.6268562621055915
6.6334545027346685
6.662143822032733
6.675334544941079
6.682470261090476
6.684815741548034
6.691085942767802
6.693289291306064
6.683475925086449
6.677604444198462
6.673101214667958
6.671007810067831
6.683601410669492
6.685794312379364
6.691826850002367
6.684789407163898
6.65731404041749
6.584540057885338
6.605592661780135
6.60744671910396
6.612093228754887
6.616041826252196
6.578302886802371
6.571931745057807
6.537633102362131
6.562664023463624
6.554813798047132
6.550367625605167
6.545876902370128
6.541279998451197
6.488948022952482
6.446259496062376
6.429982587048167
6.339841049000606
6.311741374340434
6.306878159853038
6.311056731663203
6.29691912137048
6.294936688606257
6.302159092419907
6.301936427278868
6.313728513713373
6.359306492348237
6.3369097968174275
6.388689096267227
6.396230928457708
6.4173694990572425
6.4564455575030655
6.510708693901064
6.526121539371565
6.549824943568021
6.547405322727519
6.540994932651208
6.569473243722635
6.572163084809666
6.568382612494723
6.557054112201186
6.5694541714977595
6.565855396572354
6.576459643277042
6.580008794152532
6.605702918177616
6.616089320081801
6.617500324152911
6.660870242185358
6.647617782408842
6.636129313992425
6.608197032470269
6.6080203892642295
6.644431678023432
6.648651314644964
6.65111189757449
6.656520821491916
6.680288219908982
6.718338830359705
6.723995595318291
6.717570056335432
6.717010727680465
6.7007847630479205
6.682382374940106
6.6665561604316075
6.637869978005014
6.631191092674734
6.63073600502326
6.613797813801165
6.611724246685047
6.605880552517662
6.591739572358105
6.577377277442348
6.568654465402502
6.555645591455489
6.555048205024291
6.526604374472118
6.4908779324587
6.481856820263156
6.316968837042555
6.267305070087163
6.268709243784375
6.264936223131499
6.208322259712467
6.144039765232811
6.141405754753404
6.154292990921004
6.166282058763022
6.242534968644463
6.218455216348751
6.235523209717186
6.235476116553926
6.222114843884586
6.241751076644971
6.265304874658256
6.298284758052537
6.286633719106871
6.2895174002193945
6.292858267160976
6.298029262854837
6.257578620789361
6.26196115493664
6.250515740329833
6.251499162450362
6.262088358315048
6.292684254282156
6.286021555131961
6.275253059561896
6.270112820795638
6.270734139087901
6.263059032683941
6.267304323572975
6.270374822577938
6.300329928033933
6.299603113849189
6.3212215681659805
6.3536765177898475
6.394239838883053
6.409425123740337
6.452670264160235
6.448066213787887
6.453499383302363
6.478274762838326
6.478167783933504
6.480787890671738
6.4867847425413885
6.466282779946518
6.478220197507348
6.513027562950058
6.56013481482285
6.549113895962792
6.568105770854864
6.571398101705757
6.570253686950673
6.575065815343159
6.557687042483003
6.516849616406802
6.5171820092504085
6.5385954657907925
6.537596238427469
6.545479170976997
6.577416264157115
6.589750342500374
6.598856841052717
6.607387386688116
6.609231468856765
6.526641940327408
6.514027573088232
6.537245484277343
6.554802742592232
6.516849182993153
6.519071914927902
6.517740943638273
6.493694121514185
6.4577056467935785
6.414433924809961
6.431544676583689
6.429968820935511
6.423315124966084
6.403484115789085
6.3607896486942135
6.346170184854339
6.283740034288664
6.281142519968406
6.2541385836371175
6.2356826858148
6.235859088740971
6.240659891868088
6.244527408402254
6.238565458108069
6.25188048803046
6.2517628573535475
6.247955009880719
6.246190267622688
6.271562395790812
6.293602894770965
6.286874237478436
6.249730007943993
6.276998840138691
6.3713914083241505
6.406402111634272
6.465089288038804
6.474601770760465
6.475928082750651
6.488127947242245
6.4804498091753
6.473172489697825
6.487001148178049
6.495672049824773
6.496447454283007
6.515440155734971
6.5509138283616855
6.557428669781149
6.578179916621167
6.5883842393497085
6.603078687267299
6.593060001597504
6.577348952973753
6.54306027992253
6.558840945357064
6.5662886497159185
6.587462728471028
6.612500385468624
6.611173582847984
6.591145291760479
6.546284016699117
6.541650114348536
6.563600400253141
6.562121007624081
6.566936882432319
6.548777072390408
6.5387927180163254
6.548513700102519
6.5608747703022745
6.59396012584709
6.596848917124608
6.600289935694334
6.615001713784109
6.632776889832463
6.642203155620472
6.656867414924578
6.654752810514031
6.63226160153765
6.63013309071419
6.6145906504784335
6.59920699612016
6.572119534512958
6.57935998018896
6.5792565871088655
6.583583977923356
6.588309312637439
6.586561779847919
6.570653795822321
6.541509349833301
6.556529942701865
6.575548774093469
6.575736961545297
6.572611740453541
6.566105505821196
6.55251484124868
6.556050816447819
6.557796345125853
6.575264688105106
6.570088438688606
6.557038104717668
6.5476369673125365
6.535147245680997
6.543365505058289
6.546791197564823
6.534732809453268
6.521199765988601
6.511274117824207
6.498834769944748
6.493578566162945
6.501488729123595
6.50971311026574
6.5132703331116995
6.520926925309334
6.524916963038328
6.507685511887369
6.4699511236932326
6.473291433917183
6.448971788958426
6.453404715502386
6.480465405750086
6.458611107421074
6.430482201283497
6.384347129291208
6.399929927159847
6.403756704014998
6.346938046714541
6.339484949319674
6.30610952320499
6.296451530414036
6.329089146685132
6.325038391711729
6.334345795564454
6.338386963243673
6.344341227804732
6.348853500338631
6.405704728173561
6.4359146004010634
6.45063738782488
6.478337431111874
6.47944441636573
6.4740015693579975
6.464460807971771
6.443694161461412
6.434872027791568
6.380238623485373
6.369278043410634
6.360115356295374
6.346355718846257
6.3960573171426045
6.4141046614310175
6.429548873764574
6.446420612996359
6.4660540214067
6.48918136487493
6.4559146217498595
6.477571825444932
6.518469827290397
6.522897556116759
6.555798652121913
6.558542119050684
6.566020987314504
6.569213384311506
6.564867843230106
6.554515756407297
6.546872803281046
6.541602044734019
6.51474989871565
6.5007759184789915
6.511497587932705
6.484043627499981
6.47856791801565
6.482100919898971
6.465134587926614
6.465486832639052
6.466591334136545
6.465247473981032
6.467213047370792
6.464123701193719
6.448398469018405
6.357447264022725
6.337641843396669
6.142438133013754
6.038561778610508
6.163982777364942
6.229683116230588
6.246233428608051
6.235781694739752
6.172759500629471
6.169282480762046
6.15164276243346
6.156579669258874
6.159876170191111
6.1539593138975155
6.151953999328016
6.151975315490046
6.176816886085407
6.1796601707843495
6.204545450153374
6.227776279218769
6.214246938853511
6.324719893231263
6.323564361521875
6.313568526399297
6.316305839648151
6.326643336278897
6.325388602130735
6.3673579184401214
6.426417727549923
6.462383388137242
6.459353738489601
6.477455573883838
6.432034125581024
6.42692404578785
6.423807173598094
6.427128425602581
6.406439305172826
6.401665888982596
6.437422977525346
6.436067105118874
6.4231751398320975
6.377233538561839
6.368985274266022
6.378133127882233
6.379453773003158
6.38550559071226
6.391651137227439
6.421800294675362
6.414053634706987
6.408566545281581
6.380427103872993
6.380527861207345
6.348232852937571
6.345249951275743
6.343750990163368
6.332359911006821
6.334085976448706
6.342806382104608
6.342514799972887
6.3278134045734795
6.314189710777593
6.343802025991683
6.290378748690744
6.272270394861934
6.069887414927699
6.010759000462389
6.124034493404239
6.2319803370181965
6.238580926787303
6.251465873873637
6.201720232576989
6.184176397753838
6.18208600548411
6.206819956981247
6.199174190569428
6.220229795571495
6.232338020604572
6.250451566195151
6.23768827503247
6.238736505945348
6.226598762122463
6.216727215809766
6.215115887962286
6.311526050964745
6.308334521602998
6.308605793439085
6.307855657960047
6.323521023576442
6.324598773673677
6.3718996041504585
6.458968341681765
6.501928565483145
6.494041624971632
6.493435020334946
6.500542875314753
6.478449478821812
6.456014365488255
6.475636138242584
6.4552629528427845
6.45004659969458
6.45163527304175
6.461466412878648
6.4613992290533036
6.4596411881255715
6.41544677802193
6.410941707026773
6.39436407112568
6.379571429134623
6.341253806804664
6.327947808712043
6.283647278942927
6.343958750589015
6.400953854944406
6.449934365678931
6.41414465424008
6.427935048383235
6.461026731471217
6.464870476080868
6.487208613179488
6.513433816077197
6.532432420827586
6.521597109208093
6.510855939768315
6.504305604036015
6.492435847884504
6.474942196929176
6.4744550657577005
6.509233796683201
6.510953062772357
6.536497300669549
6.558099653330187
6.563833693193786
6.5549618739810676
6.553212106652563
6.556125772906928
6.588757046145011
6.588517097131346
6.5955621646675056
6.600481338552311
6.609243844482209
6.591770346327305
6.599151769938531
6.602205707942943
6.5886170054774835
6.569593675076382
6.56790273331911
6.549290361187335
6.53735246524547
6.534447278841739
6.530886613443994
6.51025172139443
6.479307423254184
6.459457328111735
6.440038701738462
6.453099385810413
6.460448863823772
6.4644970304496345
6.469199451170512
6.4372853929509715
6.429564391175915
6.415851066693478
6.381516889172538
6.37532227706258
6.396912533913643
6.383335585804303
6.387780669632223
6.352892526975545
6.348867772268897
6.365767111340143
6.353481306440398
6.335489651958821
6.286271519986708
6.268102990063989
6.284686872112741
6.3299450097944
6.35931321008711
6.325362511659042
6.385210987602673
6.427083700096195
6.45756259119955
6.485910311693666
6.522692521198275
6.540182924569803
6.546032642913443
6.541261271761336
6.527117185258326
6.516538885785119
6.518936476163881
6.515238792050286
6.53323639158281
6.5264281214458215
6.54427327954135
6.559399065170753
6.547124467673052
6.5322916680539045
6.532106486603754
6.531054562107481
6.527249852541976
6.535567171865073
6.54022325390979
6.543758277381761
6.539075261072531
6.535357629309494
6.546120678970252
6.563599656369067
6.554777787288148
6.5658221593738615
6.554661127336908
6.531466066974056
6.532503497561826
6.545604334205761
6.538437891800908
6.5206711115422715
6.497131279598098
6.502028223035219
6.506263894922416
6.5336586451307515
6.556154698896168
6.564061527517525
6.57469863271034
6.555749222640275
6.561077076909971
6.55619385669642
6.542808688506304
6.545902460910104
6.561065886116542
6.56733293121076
6.584846747682531
6.587245814087528
6.594142386152709
6.588353907440269
6.591555909894823
6.589390262402133
6.581208471297445
6.574446951992992
6.531681295369676
6.540710911367541
6.520885379096051
6.517270118192543
6.578753815645986
6.573428120750563
6.573813030533814
6.595595718145097
6.613300637052187
6.612848921134029
6.614380044273643
6.616592309712564
6.60233324300956
6.593416425153274
6.5805750655619075
6.571106069919197
6.569841931448602
6.561098630059198
6.565073697923206
6.560555204431375
6.567355373347223
6.558889788643048
6.57518109445605
6.557878491503775
6.554493706383045
6.53676805857942
6.565978553802682
6.538190792177153
6.529333140711835
6.531098003189821
6.571182061926734
6.563848307242423
6.5464771635568715
6.5691658610155255
6.579906794924077
6.571005840750051
6.58631192352768
6.566177240843468
6.546125767440917
6.453322294016621
6.415071659002721
6.453681024981969
6.481949476597066
6.48219724559719
6.476778178242805
6.458023751620352
6.454386227223844
6.46174434695826
6.475200739040209
6.479515210093141
6.484890083082346
6.4939998840919415
6.490530505264901
6.4737926141717566
6.499761616220748
6.501111629556529
6.513311792743662
6.509453487040197
6.5602117972679945
6.561915072393261
6.563499599289098
6.549199377291014
6.549711495528196
6.540163516271944
6.535143139581092
6.554031824922852
6.559971499742544
6.523051423751238
6.496367492664343
6.498146327258325
6.489590034320361
6.490882771712325
6.502819199352628
6.504805271424383
6.501578527744584
6.522100271144013
6.529229763907878
6.527884274528155
6.515829185069576
6.498679376446287
6.48739670742278
6.480261830719052
6.466179910271374
6.484712367571795
6.542804874472756
6.5007056582742555
6.489018904076795
6.467573616676162
6.453144098665278
6.442140364998821
6.446838977369141
6.455973671914229
6.445629521066212
6.428833471528261
6.441067935282017
6.442463717437474
6.429722835151739
6.426828293179638
6.436507237938794
6.475585297107302
6.476659785804055
6.487654742822605
6.494671568471117
6.480645740051433
6.483771675670288
6.48608501190639
6.484685923837679
6.479591976656642
6.4915133876210005
6.4967863630810685
6.520857979308131
6.5272097392935144
6.530978078446683
6.518398508238221
6.500909928521801
6.458816281032422
6.475061831279466
6.474389671271586
6.488414019478536
6.50842574454516
6.50808103654077
6.503697122939042
6.491353182566097
6.4938837856479745
6.501774501203344
6.485923043993163
6.471477212152646
6.465957388258092
6.458856885039946
6.451756041908681
6.424408045146535
6.422411379878449
6.4165198354541495
6.411147514326332
6.407720391374493
6.38242325399672
6.380608193948239
6.365124404633939
6.368495952763482
6.350700936186212
6.342648715287924
6.299168683064383
6.314561322523432
6.2912254034482995
6.294600544784284
6.28039364765325
6.229251866175618
6.181738608301336
6.1815727984493565
6.2367279175053465
6.216552641854305
6.197046269003306
6.194546881991765
6.268465238885372
6.293571233364026
6.295082221991064
6.319008812809014
6.3354363716603155
6.3388191072466435
6.345434102582469
6.335284386760748
6.335473841336139
6.3303727199853626
6.3122547152295105
6.3110777552339155
6.347485979558708
6.3687753909055465
6.373553710265263
6.371559676542427
6.3695527543283506
6.370043432646313
6.37298239963633
6.384507512557568
6.372000763131412
6.375194517578244
6.372348356664175
6.36265281329982
6.3295377071441585
6.322526348059189
6.320840044357407
6.320767018812499
6.3409731700944665
6.35570990193241
6.355971456639321
6.31933155062919
6.297359288211577
6.300782557637118
6.324616207122108
6.310501721490183
6.288637877452323
6.268354541404612
6.326428580884552
6.351836729637309
6.330430968996704
6.327698741213156
6.31923419938748
6.260877946335972
6.262871531377365
6.254688475253263
6.339672763570267
6.376647774983732
6.390753181324485
6.396962716324104
6.373917990725836
6.402134641923834
6.406442386586945
6.402329101129006
6.380297745713041
6.316754052268326
6.318992607092899
6.30498009819488
6.340593554289202
6.328252740982556
6.331238521233905
6.356651507156589
6.4141418027413835
6.462131208377536
6.463892774291737
6.449049044094755
6.446457146172643
6.453075087294792
6.450504614494658
6.391849618517911
6.354109927553264
6.352691006273786
6.337774344720996
6.338857722791595
6.356510409135043
6.355095816206362
6.3576847616508125
6.348068816195642
6.335310362704272
6.332527334943643
6.319283675370083
6.313863921074766
6.301592896563892
6.289292577926975
6.259150026959074
6.239207581185602
6.2610852267672295
6.285506481026237
6.29312451727955
6.30774116273092
6.355059415934854
6.358343482316692
6.351585082931585
6.345543688461006
6.322932860699184
6.3361222742053425
6.34524452988631
6.3454786863437
6.352718918961199
6.353751415366554
6.2845202166087475
6.288752717489953
6.248935286757596
6.263692348114791
6.261468905518888
6.269239612052501
6.296153684217753
6.298404702092451
6.296628218894143
6.316386192994444
6.321025126357164
6.3496351255064205
6.402179615074389
6.41338501322475
6.457920753524103
6.460549837162941
6.468332581362483
6.453889893267952
6.436664290518057
6.43651995606219
6.426049094293903
6.431625910587835
6.442381531892951
6.4506478593110845
6.442240997691344
6.435767841495601
6.440458322132054
6.4449615170429695
6.443997133684061
6.431098481449813
6.432469142747533
6.427009623859732
6.432625176356175
6.436546853739932
6.436670297450822
6.435738540257044
6.41896427214583
6.3933240265543585
6.388449028276452
6.385761265102564
6.390883557672033
6.397578498561929
6.3679159532471115
6.308219220269973
6.263980819139594
6.190707760764218
6.191239255002131
6.321160905348422
6.361791164629846
6.407621080369619
6.469044885969479
6.476317642173941
6.466202354004764
6.43908404384033
6.420093155190121
6.4060931199287845
6.376848565747479
6.379165456824987
6.381710800618859
6.384235219221561
6.3859485870509225
6.387178524936961
6.322951931130435
6.301449161158607
6.280332004133607
6.282837794265663
6.28889789025451
6.315591965895245
6.321502745142396
6.3253225558623845
6.3315450371749
6.320297823763846
6.311972393435868
6.331009361461036
6.367508579989138
6.3832793131604175
6.399786626349877
6.399294843098334
6.370124510611074
6.347830899541427
6.3124443352523825
6.107557116159091
6.023945297568366
6.021511328718957
6.085704194360243
6.087787601128712
6.087777322726675
6.063415717555905
6.02855966979338
6.009312604517536
6.007892336119367
6.107604767339139
6.106178097516686
6.061190956182467
6.069823173649439
6.0716224058606345
6.06738069678286
6.073952117798328
6.039494235507437
6.041943281560386
6.042023098136389
6.180252734396243
6.190981096737618
6.195159014134446
6.164571110706588
6.113708281163166
6.0770045592364
6.05539655892448
6.040039493772342
6.21318281952173
6.261506585465213
6.289186346366462
6.322288071836065
6.330847851164395
6.336061714645006
6.336085003172355
6.335844536429092
6.33491064555314
6.357172935643506
6.393236515505162
6.402817397852179
6.410742212115889
6.397919891329632
6.412090091230985
6.412601696040397
6.401079425736647
6.395741495138904
6.380760086608041
6.371414765041639
6.37582118172043
6.374759883238414
6.375758156209361
6.328611546265966
6.318366912006859
6.309057615531059
6.30784235291201
6.284285811635605
6.278190455764208
6.286630561381822
6.294432804329769
6.201600054241995
6.179196901169952
6.150431443347475
5.991484761198976
5.917400047725902
5.923310846013539
5.978739565402319
5.987886233694265
5.988424081604534
5.975019791062346
5.956763996988096
5.942559934515339
5.9447249033175344
6.055515903646838
6.05330120755249
6.048842366338168
6.047266739742129
6.045585452042359
6.0375026251631025
6.045340096045561
6.032944863830819
6.054737902007586
6.054889122737477
6.186664536998734
6.180299607238638
6.160667579103871
6.160031489192885
6.178561394238873
6.204498084900448
6.173100038424909
6.125637431229555
6.138067919285612
6.160967022201455
6.1640412072475685
6.04101413727262
6.02598025031767
6.042162023490641
5.995386757270733
5.9463302934177875
5.954622448752964
6.1598015947142715
6.15865410327952
6.140777594466033
6.139281989818095
6.171493081241029
6.205612225246238
6.198568740360784
6.20075648116653
6.200300909810299
6.200223434796629
6.19559994678256
6.195977922475192
6.186188460442207
6.213784320828898
6.21302770595148
6.280472918230628
6.318283317095203
6.338899970087456
6.329084194546389
6.317048563638271
6.304072849628958
6.3177845246618896
6.251592553705835
6.252366773597232
6.268250682331312
6.3052314836640235
6.30395577226565
6.301572343535469
6.3096501287969495
6.313986556051266
6.334279315718624
6.322997918374204
6.319219780733345
6.326947333577386
6.326095129292343
6.3132192675617675
6.294434946472388
6.290224221787172
6.288689226149515
6.289805419420982
6.288122325754665
6.304398739720671
6.314514407469889
6.327970595731629
6.297564353406647
6.284280070683312
6.257717125101131
6.2345639115094125
6.21247199592182
6.2397359176583995
6.233131379959832
6.1996916706984555
6.14881924302729
6.117825859787741
6.108283708723393
6.085845600876977
5.984593748377871
5.980921640031042
6.006839264839345
5.943598225920156
5.910459054499135
5.9091727737532
6.10167280965977
6.150083510210821
6.181332248531343
6.182514328882298
6.187476506273362
6.199760073132542
6.2070398446199455
6.206035685602289
6.202906940588797
6.202242476592702
6.190860865361613
6.179097649077656
6.168116020595773
6.158306621351921
6.177686511569243
6.244259185173256
6.28454824388997
6.304243194684088
6.267086262035254
6.24638090284608
6.184574068764103
6.164874103135791
6.153766206928319
6.17339098640745
6.225170817141929
6.253819259336593
6.2675836068242425
6.268016208266616
6.287506083273416
6.290310227788903
6.243973185629495
6.250746618796613
6.2107599924087395
6.12706274907331
6.1426005351985005
6.144432183197934
6.142921984297978
6.107519592395852
6.232723855913576
6.257191920006169
6.307866383778871
6.337826744693851
6.352961738484379
6.359170352037108
6.365429453652849
6.361780458441565
6.350851171998027
6.333312935130003
6.3484141133501995
6.3893956567972205
6.3908915253777
6.378761365761915
6.389406843721243
6.390592861265023
6.386303513401782
6.3571768152334025
6.314957993768654
6.314562629971244
6.3246385357472175
6.28596657685509
6.239837561124228
6.181755900410921
6.148376132573364
6.105708270983284
6.133610090905656
6.135463803275618
5.888111473251664
5.892827428619051
5.899693319463336
6.1851574339675945
6.2662068958544035
6.303014197311022
6.307039919884253
6.289956298078715
6.287964786130038
6.267057069907535
6.265020152604169
6.338349354349656
6.344483000150779
6.355910411111029
6.3500117289278695
6.350852568430786
6.36552739270107
6.356134110078152
6.356224672238565
6.339399389565559
6.358111411402562
6.341567652393879
6.328378793455479
6.304613497295484
6.419078473298874
6.41328647080397
6.369318566498094
6.364686256920872
6.3376992129874266
6.264729744131319
6.2874949219540115
6.287760472771217
6.2896794282739386
6.257107392962267
6.375314381877948
6.3921952231667705
6.419863634564654
6.435319399540388
6.429101604231365
6.418943808464826
6.422686491401249
6.4213165364076685
6.363075160484071
6.360288694196404
6.3282009149197425
6.263477244009228
6.267695268270627
6.296149661073957
6.3339061270134485
6.33422976982263
6.347925796992553
6.341302357139279
6.352417146484472
6.35291479026165
6.360659001325827
6.31694692746528
6.318638285666503
6.308371534500272
6.332467907863641
6.344287766518769
6.3435746661053924
6.350027332150153
6.346130897349556
6.351164805611422
6.348314674760988
6.452897426133435
6.466562471382412
6.481632153658397
6.48441711343059
6.494991932881379
6.497658248179659
6.515552854551343
6.532593856819059
6.548196147931934
6.548661573846363
6.533714211148968
6.513893511761304
6.504951870465667
6.48855078987731
6.500264791204831
6.51511105572407
6.511721108727421
6.532664400563188
6.532342240784371
6.51720920238735
6.4953311363075725
6.606016623876324
6.6090860906149045
6.614026188197614
6.6080495547521245
6.601088367759147
6.59406464490609
6.588684674847382
6.583333987879465
6.574554514844588
6.567956168892304
6.5032249590693
6.488586350990073
6.455958798194355
6.430526834354835
6.442880458767439
6.457472821795053
6.458968782957702
6.442199783122663
6.418752004249065
6.407998901476063
6.402817195173411
6.4339977359185045
6.432247398653542
6.429304906186882
6.373959795482147
6.3219678986894925
6.2711755741353965
6.232825324663822
6.201757957430498
6.223212455595012
6.229733089845944
6.152856760115382
6.14549365784654
6.129652649250917
6.156989304057496
6.173576659809472
6.187393946458877
6.211190674300364
6.225794345027471
6.220447440563904
6.227022416945151
6.29704965707781
6.298998691623956
6.3028205636202
6.317185963230855
6.3037464616816274
6.265730465184071
6.226396476865748
6.245627898346682
6.216208640226659
6.222412436960002
6.230885154066086
6.144880243011524
6.14971249159511
6.157864999673178
6.146232281762808
6.158352973848743
6.16718059567951
6.245252202430123
6.2332814755959145
6.225672009399409
6.21705972411035
6.198909509415507
6.191699683659183
6.2016764764163215
6.245227029661503
6.253382395262682
6.249051624991803
6.240974765292144
6.232279720262671
6.2444658469886125
6.251909864351347
6.272037724177535
6.338247963438115
6.368444915924558
6.3640778888845055
6.363398766675306
6.37506719037446
6.388182264745749
6.34294430118908
6.350245521671213
6.33553532797936
6.3398071825530105
6.3719923016125755
6.389187557038139
6.422437533836999
6.412692020845414
6.38076678829639
6.38015966042096
6.428715800065394
6.445359432575437
6.454303391976442
6.457487629505447
6.478625125881178
6.493635959756519
6.486075609128994
6.476246149611231
6.47456080402133
6.473414779091054
6.472336886479302
6.4726778148913775
6.4712607697793265
6.469621089748208
6.44907365939479
6.398808273196869
6.374828369723099
6.366839211343152
6.394674997269823
6.372324807662456
6.358196454490535
6.385047191233877
6.362424365805208
6.3476702494054225
6.349879694716972
6.289934773924459
6.263857121520922
6.207486989213334
6.1602629582118436
6.167292585683114
6.152667018940236
6.146303223353674
6.124146517687171
6.107331463790203
6.09220220775712
6.088025216369704
6.069209507013185
6.072166076110262
6.102282753142975
6.0972294557522435
6.0972294557522435
6.1043178215557035
6.104540613176112
6.115156080729795
6.108064053831548
6.162353102462915
6.204368094979612
6.222769173955891
6.217128474087776
6.1348654477752165
6.115778026755737
6.145148216386331
6.135963303650132
6.103096695222514
6.110203131807618
6.135360873572661
6.241148232603605
6.312035623496641
6.327402014461843
6.325517766399379
6.315410003633005
6.2968915386848465
6.278620572944782
6.258711634804003
6.180990791798554
6.283245363925557
6.281963923133422
6.28096535413111
6.244641301706696
6.321948174120284
6.341640811435998
6.37339429347548
6.389529144704989
6.438044605587477
6.437939639468101
6.479955272509391
6.484819708089946
6.478480447430029
6.492819553708732
6.512587129104764
6.53738347656927
6.554651676454359
6.527450395690896
6.530469632480941
6.527907759259997
6.525946527984679
6.535672951665178
6.524476074256556
6.476189776268008
6.390602119064322
6.377066703995418
6.375837370278534
6.375837370278534
6.375151613266712
6.375407392243931
6.334678706563055
6.279034027351503
6.255544449608341
6.2625840754900866
6.285508813777749
6.264039416788459
6.2772116971645575
6.294211535873875
6.2853987480842575
6.305655274197754
6.309948218919431
6.280908633681957
6.276638569213363
6.293291634265765
6.277735723903369
6.264373807715166
6.196427924671495
6.204432752199034
6.209438710866027
6.231366728522143
6.227165948476981
6.236422336113484
6.28691667364601
6.410221754193581
6.44169860752137
6.408180096495981
6.423161934710436
6.423063783647412
6.431580366531536
6.441210487594965
6.458417341480476
6.454067417423149
6.550076538357387
6.570799763967052
6.560800872626223
6.5533573027387995
6.570416230121644
6.578691096186351
6.567974070669943
6.570193762763864
6.563388801610309
6.565551171467079
6.576189070789214
6.590234774112914
6.578793230928628
6.613856147375114
6.61199338381652
6.611354424775812
6.564071520082035
6.555828419384617
6.528492446305984
6.520325991026143
6.53170422116933
6.560419649381449
6.565827579891495
6.559048544804317
6.554283347253528
6.507562055933139
6.517507312003366
6.516578254051243
6.519753355396596
6.473619092026053
6.476869640613147
6.458554634174183
6.4434017906655665
6.479966584588214
6.503361541841598
6.52529112496266
6.525378957536737
6.550933794056321
6.555544830155078
6.553074141223209
6.555487874733977
6.549173496948713
6.506608305580332
6.529760162560438
6.499103323813866
6.476581814996861
6.474967060605608
6.473380805710967
6.484912153048669
6.496747933720947
6.4940609426304725
6.542240821237836
6.546717780070287
6.604894742378521
6.608434034163648
6.624808074750635
6.606753971729113
6.664274528785494
6.653959439472899
6.651562240258319
6.660095527699291
6.656430469252214
6.648002844479574
6.642208143284971
6.648301433176778
6.6426830886886945
6.611491095248581
6.60663996704828
6.602075969923957
6.594418924026171
6.585426050014444
6.595115070412783
6.599156356624348
6.589026659915651
6.575747671196805
6.545503342813362
6.5536451629649255
6.562591250365455
6.554912345306847
6.548981695694336
6.540822382992186
6.539582882614817
6.519780111810253
6.519351822969173
6.4697498157037
6.465256961638275
6.44120879561281
6.453079081387086
6.252250348346647
6.253488100791811
6.250246879726552
6.206966776940352
6.207664245325344
6.375721519266286
6.413113931924981
6.419756554074524
6.444937910024659
6.474408352714668
6.484496435199111
6.47233275064154
6.471165038631292
6.456445982008271
6.443056469226082
6.442466262035222
6.398412225994248
6.378912692446862
6.337885339606588
6.317462489613292
6.291447040048989
6.291461441730745
6.289226677093095
6.266958081615526
6.250644603730486
6.293851214161829
6.294855696888155
6.339597099373478
6.3433132624899
6.3568231675991065
6.322869913850718
6.362914836998745
6.337754319357852
6.33541002029357
6.346057507457416
6.368004998125525
6.3332275944262815
6.311815095645417
6.283432005448114
6.26277796816306
6.280325701294927
6.310737990928971
6.337160383282323
6.354642210738999
6.3342148570716
6.3363835442829
6.351533605065724
6.328021042009079
6.32723216632908
6.326758387746804
6.3067534641231635
6.307968508415184
6.322214325458168
6.343696700280338
6.348961245778374
6.347501376817385
6.36523535385844
6.370170911273884
6.396717736294779
6.39979317368974
6.377004877849795
6.388303548794684
6.190529216186406
6.184855575808136
6.175690834680586
6.158498894288057
6.127592675863523
6.300816747957783
6.337063017053541
6.328131740060668
6.36316590370483
6.396775902541884
6.388783446117072
6.37346830758464
6.360863754856766
6.443851452906279
6.469082563322715
6.492012852713922
6.503342831323468
6.520578072141438
6.530395958178214
6.5307531321339685
6.530503032996811
6.523368683546029
6.497748667811579
6.47437051973598
6.474523960679493
6.466757780206847
6.4633243852880184
6.4326625580882775
6.411142667790982
6.403697129401782
6.407490689013896
6.394772650784114
6.40390364926091
6.419146289056923
6.439361162455547
6.470133636936095
6.467768392619815
6.458214240990637
6.46807229923444
6.444057387672399
6.426683368985977
6.427769972140827
6.424629831734717
6.424843229461753
6.353681848831673
6.332562846744495
6.246692805390155
6.260986442599574
6.234647498134325
6.226989388984411
6.2428344835254235
6.29928747681598
6.311517005006311
6.291935292796688
6.288779513531142
6.364620933944344
6.379362121853722
6.38362685000962
6.398211422536871
6.400635046629811
6.439959452596055
6.439150761590746
6.420305568389646
6.398329420847082
6.371612375024497
6.354946312067956
6.328722121995454
6.325448867418098
6.322715759886945
6.312320447301742
6.341107953499556
6.344443080362482
6.327350831278474
6.33447736892896
6.314686499803678
6.267819767435658
6.294486291746005
6.205674162802244
5.809080832750386
5.679437920690668
5.857161302216929
6.0477911086230245
6.041886419699021
6.02419838287653
6.025289831081213
6.027932855181233
5.944287703450815
5.98906704060062
5.99280642317341
5.9911281399993745
6.034953849415093
6.2202256393192235
6.312402081458531
6.384973148412143
6.4539176816173605
6.493138553260732
6.509048170176493
6.50699902926151
6.508451048114588
6.525631437891827
6.521196585492363
6.505201567029754
6.499598694831301
6.520987463560005
6.514933555637941
6.520034803798499
6.543570590358442
6.532817344571057
6.550168994913372
6.576219911787598
6.587768570785933
6.579387924274976
6.5789286420912685
6.587844613414002
6.582345786662563
6.570671997124706
6.566146392925307
6.565285600212257
6.562876847808414
6.559734453720629
6.5742825100388735
6.6147569021043555
6.601183473320032
6.5646466821514515
6.547872307328296
6.517735311590076
6.465648081852679
6.455271488060139
6.446315051681086
6.46166697316544
6.458956289828181
6.4541916689805445
6.451531855527193
6.469513138963116
6.454749771832004
6.459444170352896
6.45389835720276
6.389498441182408
6.388526931377309
6.2807927823736796
5.89606028064996
5.760756762502512
5.916146867297899
6.0848873563292125
6.083665178993616
6.073505061065858
6.089215625187074
6.0893035543066745
6.094954302040246
6.186974595490809
6.189295530690973
6.16396276013969
6.187596178043639
6.380126693356074
6.3924638077915885
6.402189743420148
6.429556894992065
6.453756533350329
6.450720401909802
6.439065545944124
6.429953744045977
6.416057272241683
6.416486177376244
6.416053675951563
6.369169191570406
6.365281084034574
6.3417264299484515
6.313329836464917
6.304762396056005
6.2840162155581565
6.267774809877509
6.208041409593962
6.169649882558289
6.198203359968823
6.225891965848969
6.2284725273668915
6.2629521617371084
6.185615292144293
6.177538778681731
6.250738370745045
6.244663906447907
6.241447047571621
6.251817429627843
6.301891443239897
6.322797964209139
6.321086761264334
6.213970511009867
6.218199407279847
6.205863323086543
6.276121567110091
6.291967577985324
6.299917948529397
6.2975105659936705
6.307073351085038
6.319620238795309
6.337900060115065
6.335962916472579
6.340284494936836
6.347312113639095
6.347312113639095
6.364584931865704
6.363484520437769
6.378361824946971
6.45306858698726
6.467913866854157
6.4693702798983646
6.468253375214279
6.448316726827733
6.439828138888918
6.445931051845162
6.313056393501386
6.299117080360085
6.281120238555299
6.2858814703325
6.295635565952519
6.360285327383219
6.395850383926247
6.33906753748175
6.342838385204103
6.366820495173648
6.381091838170091
6.373439540244672
6.395986018896317
6.405327776235591
6.393947173614265
6.422080760590029
6.433317469594128
6.432658782549204
6.4261386158682265
6.415232376180085
6.415311222707219
6.395555551155696
6.40532983070291
6.409465046919837
6.401151862145001
6.400171700008046
6.40332672796432
6.368664441043375
6.402052654235771
6.390135178263737
6.37958050762736
6.428929579757883
6.436449520707555
6.441659646911722
6.441916264259088
6.437320948205291
6.431196735653822
6.419086539086885
6.451036562660787
6.44369558182519
6.440340324464971
6.425572328547205
6.434735619458105
6.411915454936259
6.408025517704231
6.4101577718860145
6.3646463008528515
6.280374571204219
6.288999637150345
6.290394220612454
6.286773326369103
6.354233403732536
6.367974344605304
6.357256328524621
6.399544446901466
6.399606819482413
6.399892201737822
6.400404899701143
6.400508665960326
6.323554646362047
6.319866915187638
6.340671904893951
6.294117898882269
6.359942168339909
6.368343693028603
6.360571145635174
6.3551640057049585
6.34801348082587
6.375626592110823
6.329819670959701
6.351433513362673
6.35801243052516
6.356393238472965
6.384929122133011
6.391616032989899
6.391093298166535
6.419381700399197
6.46879170183044
6.50629569057391
6.502672412356512
6.524080260823662
6.527626871606068
6.521195914640559
6.521617376816997
6.530415570744098
6.520837564430101
6.521685496762827
6.520129244669047
6.5242857137577905


