Rainfall Prediction

587.6343404926675
549.4813768613349
529.6861698710121
499.42965124113607
488.19438355904595
489.19438355904595
486.19438355904595
483.33304027854
483.96347840637816
483.07917311277345
483.07917311277345
484.07917311277345
463.4172030156683
463.4172030156683
463.4172030156683
469.3656281603665
472.5701095653544
511.30827150225923
548.476881816199
495.1652660534604
379.47894550768916
310.2431374163824
96.21734318681148
71.15140639160869
71.15140639160869
92.86744818899038
95.81714288441533
27.96329846808179
94.44098274916519
80.85658028545093
75.36121859154736
75.36121859154736
135.36121859154736
128.3742814695044
125.89803889534953
17.82969519227646
13.303463142465601
131.41133836906894
138.72744632124073
123.55115844878262
148.52280677530095
132.97382425021547
328.25598481659927
231.5158248941595
277.4390237711409
226.02019264091572
222.09577827896598
248.28714305334728
425.104446464683
629.6572586331342
488.0997611216074
576.448861010656
449.2859123880101
540.6422467377621
636.5456721543492
720.896549370227
754.467049305315
754.467049305315
737.4596747752498
761.7109391588439
760.5479149331032
741.8539569359975
762.4854416038094
691.0
711.6126959201671
702.785065855512
740.958488213068
797.2758170308248
697.0
710.889803723732
701.6391582732922
669.5200529508157
679.7128363691526
502.1639080976792
453.9715477437291
413.4802042731505
462.7229829044572
437.2865389544468
429.52996115179724
390.0849703720151
338.67116993972974
158.0662680496987
110.96148319012804
80.52388349772531
96.70286031736663
0.0
172.32399223035878
104.27319261421984
112.24636960624558
110.24636960624558
93.78106141741388
89.09633779222276
63.43207765988128
63.66180872966026
63.74931724791704
76.14207050501527
69.14207050501527
69.14207050501527
69.14207050501527
73.7280801246751
81.25912742764262
123.24216014465364
155.92399717346262
146.0737179921791
154.0622256095383
154.0622256095383
144.90485194355838
133.83280023968223
104.03221991301959
84.23356012174337
12.579628844082778
4.4030934062577956
26.52417771448178
43.13480541548846
49.313443703194906
77.15941863281992
107.76905016068974
83.96749755212
70.3236394982129
64.15693755973955
39.7730199025733
146.77301990257328
185.56816720501178
184.24461340002694
200.81803250623972
223.34678763355595
253.15941066898503
253.34678763355595
78.55069749641345
107.26106718215964
31.44482815346312
16.24200778157523
28.988483864261916
66.52285705167357
104.64642826899946
168.17316627626835
307.52443448069
236.62443039598125
540.4385700068019
506.4629611255447
510.7191111889005
540.0920119885849
543.0920119885849
279.2091087691611
587.6967172859759
643.692143686129
670.3901408234727
649.8940925755693
613.7357333756637
540.9980391714781
535.8940081027055
688.2863237949513
596.6021109651848
557.156888572198
502.48934250773203
750.0004717250843
733.0142629783224
700.0389610235214
722.1535277051408
706.8143380869052
698.98347735923
765.2538891811055
395.49281465416516
608.1755073474515
625.5051606711338
613.0444948954347
602.9405240800402
648.0419790135684
439.16980211488243
416.9485531517358
473.81210570437213
507.7050449709651
794.7869475777748
271.36005601129034
224.41432490148995
189.09992628695647
232.43639424250603
0.0
0.0
64.14075331353848
93.71085321066923
184.84269968308743
146.15463760722858
169.5328183365196
173.98918537967856
232.57612836065013
170.85046993128717
263.14087901706705
172.59344220215544
363.96402521700696
354.2348249566429
350.7563177047684
278.6040629443602
251.56346530838834
213.0172969248414
177.8236612696291
172.16915390046347
198.68114091690478
117.27596142687986
148.2675051873986
160.21139531818326
43.1215694672652
0.0
391.2995656197102
389.73143796035674
434.1005514240794
436.46141670465477
413.9878544811782
397.74508302018984
402.74508302018984
387.135631460336
379.4211013262934
331.87608363670597
263.75566154092985
236.13537170406352
172.48318840162827
155.19050940819642
134.11455274559327
130.25108648434244
130.25108648434244
105.8340576562283
233.55343691370987
262.5091412127908
354.75850733524857
418.3874899524918
357.938497521061
357.938497521061
359.3204045492093
317.05585296403154
313.5696787621802
278.9899497485515
380.70163259308856
428.03348921908065
426.0505994081296
375.2973120420959
439.8425072332621
432.7724392073398
502.4234847653316
604.9766063767588
702.4712686130215
731.5309022305136
805.11668274214
753.2129948101536
850.7194909261049
798.0282619245553
794.4524370968115
785.0706875168858
785.0706875168858
753.0706875168858
743.5913159751329
743.5913159751329
744.0821624143761
636.9569691312439
655.2495753628775
663.5040755586342
638.1028869936148
786.6156135652088
741.542259703619
741.542259703619
738.8331054296567
707.7223955270258
627.1603023949305
578.0858693854251
535.0858693854251
535.270982783524
538.9810658902604
484.7714424129092
484.7714424129092
435.4821503016511
485.8419328590268
438.55077964083483
414.4086700918582
323.80733284374446
863.0173125787458
724.197883653827
784.0794258842616
812.4891814480745
855.4428201070949
801.1149207207031
853.211233008236
870.944198738759
874.4321035524295
888.3513417872715
908.3667602741765
926.2677144711138
835.7869799632591
824.1127432280066
834.1217163143119
857.2740848538946
901.2740848538946
904.2740848538946
928.469269294586
1014.6137360738471
962.2689607172085
958.0737762765173
949.6808453267917
914.2079947824064
891.7617841029077
889.2725419670079
890.2459021021214
797.2107911418753
864.9223208024742
864.9223208024742
879.9223208024742
457.4850111872983
424.25178369359907
411.19205533968653
525.1721099579175
700.1842163715858
684.6832101515442
689.1551212254507
707.8928475425929
729.5586167613941
910.4229501347188
954.3836767503773
1046.115597865372
1089.228833046097
1080.5068341840943
1035.168714388013
999.4882876584678
950.7458150137971
1068.081230073058
1068.894473660989
1107.3144925642455
1089.0170933545987
1079.9806655838993
1102.8321906910066
1151.6657317140402
1255.8333802706973
1254.9570633360017
1261.1207452370213
1291.4192803556882
1231.5283600898972
1254.160346184969
1256.3142323737304
1207.5462660539567
1265.6438530899775
1291.4443060689905
1198.7223866682616
1084.0770522232178
952.6002944378895
918.2737300136886
886.4951437058363
863.3631927637449
911.0776394484553
691.5779274279402
619.5612819622283
570.2134762765493
570.2134762765493
589.4585582287357
687.226583303642
696.2199773391981
607.2398389975405
652.0313024230561
574.3691332618678
584.9121766897971
665.1782753104279
403.4332054170327
421.6562781751478
382.11596292126336
405.3689191307032
413.82959977990714
415.9522079229508
376.0706560249282
362.3936581887939
319.3309255053566


