Rainfall Prediction

817.8554220090066
824.5319152897698
794.5331467112594
795.3756603597911
774.206112314277
726.7264237360329
625.1538067667606
613.2818767138015
592.5974212034384
662.3506617422875
704.6587344908031
708.4006135381699
752.8039027924046
810.5124641198656
890.8911282980713
894.0707537740662
875.6998708338043
915.9604004471673
992.3872156513028
982.6620100053854
1001.7613846596036
1128.672153626316
1287.5187839455828
1327.4885351355065
1314.9020595758177
1188.788246689246
1174.0053324491596
1167.0731300622808
1190.9470968315673
1185.0856084403745
1244.4609923393152
3.2444452547641554
200.37754886532892
299.6434178891411
472.0777435261213
90.49924951860126
61.55566574296512
152.4195988032399
224.47711769331946
3.7169985673953834
0.0
0.0
0.0
38.92537605845899
55.895290960433535
36.5386152105438
38.044393333816956
24.72322832879364
117.17197455017848
74.95107908086548
75.6372825801096
95.56066208124567
0.0
0.0
30.0
109.0
106.0
106.0
93.0
65.0
65.0
65.0
61.0
121.0
13.888888888888886
11.0
0.0
0.0
206.0
192.25984251968504
184.01509972487085
160.2728767421055
183.2394059643513
96.64640801085332
82.34123027672997
0.0
1.8235294117647065
0.6364599768984078
0.0
204.74782608695654
216.0909090909091
285.93457943925233
617.1612899559365
618.4501300741262
657.9526430340734
0.0
19.883456202736788
96.09070045826604
0.0
522.9287450404618
583.1534350638442
109.23059348242167
134.26600402559365
0.0
0.0
0.0
0.0
0.0
0.0
21.32532717479742
23.291848405388297
20.659878635505528
28.07047323533092
152.7368439087974
224.0070132825707
250.20218329162935
277.75899334189666
221.74622311939854
0.0
150.76593707200996
0.0
0.0
0.0
70.35299858376519
0.0
0.0
48.75303557772065
0.0
68.59891424088458
319.79814414985987
0.0
0.0
192.9469004530588
0.0
218.68248457468556
238.92504257211868
182.8205815098652
230.60080639484698
231.94154623035737
268.2054249114753
347.75308901509266
347.78699812462696
0.0
0.0
218.12087181851473
128.43955767964022
91.81850895831924
111.92961599512944
172.64038799057676
147.06697208747082
85.50316182037994
262.1476886178445
315.6698527102565
67.52398470309566
67.98804732200841
0.0
0.0
11.33123849610854
45.56259994716234
108.03032208193154
47.80661094608442
0.0
0.0
8.857160118645456
160.93524318307942
31.08747869748015
81.70198683678242
149.22321125382203
44.698222435851456
257.9778947057031
311.0539224644962
201.38620679715055
199.769687576551
102.89481993385108
79.2226657759717
130.08547823396017
147.09473646587801
47.584505896746954
0.0
356.3102397307475
261.44824849190746
252.0328766267412
208.55857404517687
221.0427467626532
83.0
79.0
60.69964841706603
12.901785714285714
612.6486486486486
555.5
490.87261146496814
490.8179104477612
411.88
418.75652173913045
306.0
313.5
340.59818631386776
370.0
307.0
307.0
301.9724770642202
346.37284944186547
313.3594470046083
334.0
334.0
334.0
334.0
329.0
324.0
324.0
324.0
9.0
10.0
40.36434618511813
56.83533615027176
211.02302913969623
147.80016537347387
76.22594402539494
183.34120602891772
211.19242115559882
596.3481805332901
596.114892566692
597.8404922009537
597.8991596638656
577.1246255066296
592.9119865399853
541.7994503932289
475.94959493721774
418.5
407.0
407.0
447.0
392.0
445.0
434.159375
436.8095238095238
445.4691358024691
441.910843373494
451.04663212435236
458.7551020408163
515.8770949720671
593.1597762647698
515.0482456140351
39.36440677966102
534.3674321503131
320.6028109703354
9.44395841334217
248.61387310790775
270.0846427428286
260.0702664292606
566.0526060956348
144.63300163184726
130.86542457042327
44.44085037992876
167.68321444431777
506.1468363213773
97.3180706205054
98.16346462301277
84.12307048630143
20.821077498400722
66.96274468279094
497.67224692768997
58.50468283968742
22.05837478575581
0.0
7.974114421678536
144.29009673312518
204.7838131175605
347.39372805883124
0.0
276.29649816710867
166.3229859676948
108.17224019821711
32.17588003078623
49.600851887657655
29.559089260885962
0.0
170.43852186508798
13755.568523124064
944.5016327500448
0.0
0.0
442.0619272142471
443.4397353053563
430.86720220384694
423.2311801222934
380.5096686389541
275.48746442184563
179.721714823589
170.94855565429103
171.18435651122851
170.4262741735536
179.2748760223677
168.27588757487993
102.70750156245236
536.2855364989576
477.7472516136788
492.0984193318515
394.2997038951847
194.70285714285714
40.0
103.0
423.3244737969106
211.6078546830737
0.0
49.15541050142022
53.3760096680202
155.91005550434625
302.7274236846475
283.50405953961086
466.7250688190017
530.7370928224271
131.5871514239105
213.65766520507387
354.54265350603913
265.0668042533453
199.2672297740507
118.17779040240342
236.58130407943483
0.0
321.66870773747615
204.0488775237638
195.83409813760153
201.97167799262135
30.38557526624182
195.26294358855986
707.6259682607621
653.726300546682
596.5681127780643
603.2893503285441
709.7775607135527
716.2595373394012
623.8743068974289
418.49353893719825
403.6499635696889
154.9649253597976
593.8163883752088
3263.779037879854
45.28204214081931
155.03055059818462
68.95382628238903
51.528464524252286
926.5557541161699
12.899008157822564
875.0436576328611
722.2430448793115
662.5933925019815
665.0100472716208
685.1356243650406
70.0676984679755
94.67009021822732
158.83802662320346
217.88353862701317
220.19275345833915
219.32086487891573
308.31460476666587
414.68778422629276
234.05067858228423
33.25569595290431
317.3730081140965
141.4303622497294
136.40083969911342
0.0
89.08345174718193
101.15318737248427
85.87311655587037
421.88914395375826
398.26535802749277
456.92838571127976
434.99122298387675
391.7744734426832
397.8481788512591
463.2746508283852
480.5694943178671
0.0
245.76041970016527


