Rainfall Prediction

1618.3852778349956
1631.3852778349956
1618.3852778349956
1592.3823799692088
1661.3789231480998
1742.9496908961653
1732.3043178975095
1653.3777207510052
1560.3742376286243
1354.3666447879455
1301.3666447879455
1277.3666447879455
1181.3666447879455
1013.2943210242657
895.8336021107506
521.0130238761508
408.18810083353935
477.2026913472763
946.0390436081436
252.2006005023136
74.24361731885767
321.23685925125744
0.0
63.9182017324851
170.50621265466145
208.5069046265354
301.7364442504079
385.5133817325293
330.5133817325293
305.5133817325293
202.5133817325293
339.5133817325293
380.5133817325293
273.51263892568375
271.5021688528884
202.50621265466145
31.506212654661454
6.506212654661454
9.512638925683746
44.49642667373894
23.534189742139006
3.4766178336650455
0.0
0.0
0.0
0.0
0.0
0.0
0.0
0.0
0.0
0.0
0.0
0.0
0.0
11.420205822422133
0.0
0.0
0.0
0.0
0.0
27.4159830673168
18.4159830673168
0.0
44.413737445379695
26.421915091074936
56.426761296227596
65.4267612962276
19.42290967041069
3.421668499564248
0.0
6.392775822675048
0.0
0.0
0.0
0.0
0.0
0.0
0.0
0.0
0.0
0.0
0.0
0.0
0.0
0.0
0.0
0.0
0.0
0.0
0.0
0.0
0.0
0.0
0.0
0.0
0.0
0.0
0.0
0.0
0.0
0.0
0.0
0.0
0.0
0.0
0.0
0.0
0.0
0.0
0.0
0.0
0.0
0.0
0.0
0.0
0.0
105.26279635864421
307.4112211548987
340.57756645038967
366.445233818922
214.4359930294754
166.44682006688635
205.19234599072809
173.44682006688635
185.7022627820232
181.44682006688635
274.27022706904086
286.44058584942246
150.4399575646506
112.38738190047471
0.0
0.0
0.0
0.0
0.0
0.0
0.0
0.0
0.0
0.0
0.0
0.0
0.0
0.0
0.0
0.0
0.0
0.0
0.0
0.0
0.0
0.0
19.490816812181507
0.0
0.0
0.0
0.0
0.0
0.0
0.0
0.0
65.39377272016895
63.393772720168954
98.39377272016895
76.39377272016895
98.39377272016895
120.39377272016895
96.39377272016895
154.39377272016895
130.3881492309173
19.384541759715717
130.38454175971577
26.355172489084055
5.326945959278362
0.0
0.0
0.0
0.0
0.0
0.0
0.0
0.0
0.0
0.0
0.0
0.0
0.0
0.0
0.0
0.0
0.0
0.0
0.0
0.0
0.0
0.0
0.0
0.0
0.0
0.0
0.0
0.0
0.0
0.0
0.0
0.0
0.0
0.0
0.0
0.0
0.0
0.0
0.0
0.0
0.0
0.0
0.0
0.0
0.0
0.0
0.0
0.0
0.0
0.0
51.262995280510964
85.43614748026081
179.35953961339243
208.35994259562244
257.35933906510604
442.3535975286572
379.35091032003817
382.3535975286572
261.35232925773937
269.34884017489173
214.353872638001
306.353872638001
274.353872638001
242.353872638001
237.353872638001
221.34774675854578
161.34733125663968
0.0
0.0
0.0
0.0
0.0
0.0
0.0
0.0
0.0
0.0
0.0
0.0
0.0
0.0
95.36950771402189
106.36811792840535
110.36811792840535
132.36811792840535
203.3688091520271
110.3761502922872
224.38014736968057
225.38014736968057
343.380976005256
336.386774134201
476.3873819004747
456.3873819004747
446.3873819004747
478.3873819004747
473.3863218094524
489.3977311970823
506.3986219985553
652.4251969146785
571.441857793445
353.514130604559
360.5244615836731
181.5632528445583
183.48486694614337
320.4811596111301
27.48220260572498
0.0
0.0
0.0
0.0
0.0
0.0
0.0
0.0
0.0
0.0
0.0
0.0
0.0
0.0
0.0
0.0
0.0
0.0
0.0
0.0
0.0
0.0
0.0
0.0
0.0
0.0
0.0
0.0
0.0
0.0
0.0
0.0
0.0
0.0
0.0
0.0
33.33963050808302
139.33754606057585
181.33298742007378
197.33175497883576
236.3297970172017
150.32874993898463
0.0
0.0
0.0
0.0
0.0
0.0
0.0
0.0
0.0
0.0
0.0
0.0
0.0
0.0
0.0
0.0
0.0
0.0
0.0
0.0
0.0
0.0
0.0
0.0
0.0
0.0
0.0
0.0
0.0
0.0
0.0
0.0
0.0
0.0
0.0
0.0
0.0
0.0
0.0
0.0
0.0
0.0
0.0


