Rainfall Prediction

620.945935791668
389.0
339.0
295.0
349.0
265.0
356.0
365.0
449.0
526.0
847.5643283438213
907.3350705807045
815.9606788673934
753.8032350764036
387.0
662.4802966187847
640.2299937747915
5.0
47.0
203.0
223.0
223.0
220.0
221.0
144.0
145.0
200.0
189.0
109.0
38.0
0.0
0.0
0.0
0.0
0.0
0.0
0.0
0.0
0.0
0.0
0.0
0.0
0.0
0.0
0.0
27.0
51.0
68.0
94.0
109.0
110.0
114.0
114.0
114.0
114.0
0.0
0.0
0.0
0.0
6.0
90.0
157.0
210.0
214.0
227.0
227.0
262.0
233.0
261.0
270.0
285.0
187.0
68.0
102.83602216675989
99.05266090306426
0.0
0.0
12.494913313012901
0.0
0.0
0.0
0.0
0.0
51.96218123862971
50.01392419999149
45.10825442206206
451.19160517255455
536.7608556067081
377.0921204079742
382.02084118192863
300.6787682999375
247.68623644490634
235.6512305353129
202.4131216822315
37.28122149491739
0.0
24.764955175917635
0.0
0.0
0.0
0.0
0.0
0.0
0.0
0.0
0.0
0.0
0.0
0.0
0.0
0.0
0.0
0.0
0.0
0.0
0.0
0.0
0.0
0.0
0.0
0.0
0.0
0.0
0.0
0.0
0.0
0.0
0.0
0.0
0.0
0.0
0.0
0.0
0.0
0.0
0.0
0.0
0.0
0.0
0.0
0.0
0.0
0.0
0.0
0.0
0.0
0.0
0.0
0.0
0.0
0.0
0.0
0.0
0.0
0.0
0.0
0.0
0.0
0.0
0.0
0.0
0.0
0.0
271.3973298899182
0.0
407.4608473807572
570.1332211001356
643.5658784027254
621.5499700462223
842.9871305885122
1003.9789826202573
792.6664505865826
710.1325039820799
1009.0755591098889
1197.6029432651908
1312.610623709592
1541.1663542132019
1430.6845405160652
1551.9265525495514
1489.4661504761627
1361.390705348601
1259.7917292524817
1262.4204893217202
1253.8948169928324
1130.574116052489
896.9205584351284
912.441575972741
1220.9184167027624
1145.5309397814829
1145.2239537862743
1139.9352315836377
1137.3164627910398
1097.3756939329087
1078.7118022642194
751.2964845760202
749.7608102473127
456.8657317989461
597.7146204329284
565.8671958393497
717.5274932233579
880.7514763133576
952.474950608437
1088.7704829750242
1172.1624654165935
1029.8178275818277
999.8557920654196
1238.2230428928185
1330.8089643627613
1336.785481186068
1385.038270156722
1592.1550414640717
1722.98317165563
1825.53391629842
2062.7516255270616
2168.9496468728694
2221.552326730585
2273.5445604676534
2248.1205862477227
1831.7821237213711
1876.666753436994
2083.365728928542
2071.363427471094
2098.3204128798516
2083.6395565996936
2092.6303919587863
2092.12059230388
2094.6776934341206
2045.8176144874892
1814.852994082889
1915.2140305102798
1730.1844665865449
1459.7423132460838
1298.1848740300998
1305.5810427728259
1085.4770030174557
1084.5058402709565
1031.0406034963244
1100.325327873251
951.7259339533687
942.9743114980156
913.9907401415635
833.115856490471
389.0
331.0
118.0
9.0
95.0
149.0
186.0
645.8665462067333
700.8625396578583
117.0
50.0
37.0
25.0
20.0
10.0
0.0
0.0
0.0
0.0
0.0
0.0
0.0
0.0
22.0
336.09372435971704
275.2531643013055
19.0
168.33578311083053
173.36506959663342
159.44397327610284
175.76868769840917
276.5152640646006
232.53229157966754
228.8506047162588
256.527211986805
144.35333119298645
379.6140855250801
440.73823798916453
508.60560392780883
353.5394198234344
526.1153625840911
581.0865359395053
948.006717350832
1286.5321335531187
1673.8337172959336
1896.397505236591
1900.5599853766785
1960.9822776017363
1981.9902307944046
1958.6652141300376
2018.2239876986487
2035.9331799207107
2155.95076956251
2252.9222284451093
2003.1254168223381
1915.1117100629479
1917.4005361078634
1920.8987989111322
1915.6024323929726
1952.1284524057492
1988.0936072124168
1989.6726709536526
2004.3019037862446
2029.0534482913185
2035.4247327012945
2035.3649387616085
1976.602715078229
1362.0
1304.0
1053.0
1106.0
1138.0
1151.0
1026.0
870.0
556.0
423.0
611.0
647.0
687.0
1068.492995063247
1086.360426598253
1165.7836211361932
1251.9151738242065
1175.9662804202746
1159.0368009389676
1064.335787033426
779.4025773029084
656.9071429962314
596.9337875909368
567.7653443818067
532.0867074471925
530.6442008338407
534.3431428876662
535.568313384818
545.2449767691216
546.7956466867388
577.4567327081885
585.1880160492237
581.1557985330065
526.970266055916
505.60176591187
472.3807950074799
456.1196696415563
244.46734785118343
116.70750294903732
118.48343608354355
126.61045024771161
0.0
37.06578238916438
20.819401610711736
0.0
0.0
0.0
0.0
0.0
0.0
0.0
0.0
0.0
0.0
0.0
0.0
0.0


