Temperature Prediction

441.1273307491362
448.13119880429684
450.01164578777923
452.01164578777923
454.01164578777923
455.41816796307404
440.7233979360504
441.3702720832442
443.8169134007795
445.8169134007795
447.128466096744
448.17379100347586
452.5158097005219
453.00803888557283
356.7721213963766
364.1344437765598
365.559376860279
372.6687731330111
365.7653632040437
365.66358436346866
371.9126855075158
376.3832184848095
377.6641295331773
382.1001559325813
387.70916005679
391.2964857612644
395.88334417355986
400.3970661121464
403.37694622180413
300.4261013680616
303.3186487091462


