Rainfall Prediction

955.7437837545297
943.3188808751194
1029.7083002166073
1158.0516104683315
1298.6139942668544
1291.0068685448873
1277.6386022209044
1221.297075035553
1199.1233533614027
1152.0172523202953
1005.3514955000153
1024.8043465930418
1025.1915830061484
943.8449046657144
1063.9364999450793
1074.104446203197
924.7776410495015
923.7952880244015
1044.144612991194
921.4864806828688
937.8798815849564
898.5178969750635
892.9557304085547
890.0363718256772
816.5781668633132
707.5184375814786
711.8120474891587
758.8608250854776
730.6513814621018
688.2734859211442
666.236461384786
685.2739226889596
560.3501774199888
400.0624896695075
319.70506559776396
123.80930218742449
114.20063302751865
119.30802263450799
80.66588204890296
72.87772536769825
61.711464338084035
24.635950716507008
31.53581710410599
41.75295301516557
77.19754925017436
66.61082765841635
0.0
0.0
0.0
0.0
0.0
0.0
0.0
0.0
0.0
0.0
0.0
0.0
0.0
0.0
0.0
0.0
56.82565762909331
114.49065314559925
155.38476788838923
342.67972845274875
562.4489334767655
525.5841735981335
516.6984293886776
513.908928929303
502.9931882254288
519.310833967192
510.35864027199597
465.1587340870419
451.136784068887
453.7795707797688
450.9853104577399
484.8678691214517
499.23199802541006
528.7697014665398
512.5725803982052
548.8208156174542
536.7615056515829
528.4246259843826
530.3170294504573
557.2930508124342
540.9354831345853
563.3631021295304
564.8798117705563
571.9301073167956
534.2614869382439
592.9159535891215
868.5233437733659
749.9876361941116
758.7140880061753
867.7478288561641
818.2653847092396
680.5762230491342
790.2683283689742
785.6160560033402
782.7791894754291
776.483778673335
783.6961719444271
771.3430270610851
919.9231514092497
937.9866510619381
975.0520378408168
1036.2012790173249
1058.1612396806995
1116.1616389548108
1099.0418614156322
1086.2162421774392
1037.2745304679736
1033.965027002189
1027.6650008064519
1215.5787497897925
1412.3520865863966
1412.474442073989
1421.3739473979456
1402.6901727432662
1434.4543080352728
1526.780858099555
1471.2467875206107
1156.0078822185903
1022.2316873623718
983.571257143552
819.9295424265224
691.1590915104606
708.2049142754167
612.5421194197725
585.2596937857052
603.0806264273468
602.837624303776
606.7399628814051
589.9129003837685
471.98189323766644
449.76027707143595
404.9235758317418
330.0452337179496
326.2346046574034
239.87819176319582
296.0359037543162
290.3189521865531
299.46885476146343
279.5136963791548
286.76008412814934
162.73872979124798
299.9520595765029
279.2300054583309
232.21409202732258
251.81430902937132
112.23795535321071
32.249749084238516
39.898779899534965
38.30639882346648
99.35775633367417
257.6192747453978
454.8616394794329
483.01031597317694
496.59543758113637
511.125140482692
566.5473820097588
607.6373973772594
606.5745454521938
655.8189728377216
723.9038676456245
728.2894136386348
758.2622655820378
739.2376577560894
744.8515399900288
734.5471690704251
775.9524478310964
757.1333718774443
751.2834801496871
731.7691109649945
782.5373131669338
790.5289560033558
745.0197829146103
481.06250225276136
488.9854636691415
542.6403348674577
429.6176459237173
429.2612820813556
373.3885379874193
384.33743765456796
347.047151238254
375.1004928866318
434.635778976344
303.36367314189044
304.08779717138276
347.58350189146387
344.27485583611883
333.15639590713306
419.32847045126124
418.04771589124834
387.4443458381295
397.03366171603386
489.43126074106
476.62898649475244
472.02655346815163
465.9645996539498
475.0722271154652
474.7038087532427
486.296106920661
490.0621815557638
496.2844449710401
461.1053804807476
488.90748173226706
440.3183568852647
510.57606347243996
529.8463279231117
489.77445927658624
480.60205887511194
547.7703948082147
525.1677884180826
537.674152817796
534.4097401070287
498.98732703463145
443.9095518464365
422.5088417076574
410.42032591474685
401.1419250254994
398.86414970706187
351.65463761199044
187.0136525618596
184.37388289302038
159.43115862763526
115.57295570564858
0.0
0.0
0.0
0.0
67.46760291487682
97.51549775962656
110.43273894443216
176.5265406103114
169.54678215639774
160.90085321946904
173.5494641052838
171.516242381091
102.4505679659531
31.71834275327508
36.89370667755169
0.0
186.4722000599067
316.09828878650563
316.076153956924
364.78363164130167
403.9251218807828
429.5655796837909
208.9098934547954
255.03056915761465
319.8693057515403
427.94139442431316
1054.0202855747639
1284.9881687514417
1515.3915796718204
1537.2159000580589
1511.8276939372488
1536.4233098866807
1547.0039294605137
1601.5459830160494
1599.7449359972452
1475.2485076170108
1405.9131160718082
1413.972541109749
1250.0369125327757
1135.6538333533122
1123.8532128304842
1179.6176269518865
1249.4831235165314
1222.5782397626024
1265.135726566936
1211.3441840866094
1303.1936785415949
1101.3229605619272
987.6057549836429
951.4381489759414
1024.116834558655
962.4552332957069
938.0876171242812
927.155689978357
1006.0986472940706
976.3160317936554
996.4258363494619
603.2505951422108
638.5796816882871
507.3106226058029
466.015413510603
493.0197036056275
495.66438587643376
537.0771331352486
464.03098879704817
461.24429918886796
587.9563499958147
823.2596981844466
1122.57982587391
1355.0703964773445
1420.9335867786558
1471.3066294563757
1839.8593225618329
1873.7445533339232
1979.4636710735872
2176.2014556757476
2286.85410761842
2157.263561286173
2165.7444649144513
2168.2730233854686
2213.103335328131
2127.2586816699272
2138.9729975515397
2159.167204172183
2195.5975958465565
2149.0266301793195
2100.693304641552
2103.750084404969
2063.91283384914
2039.4602190078954
2047.8670772325522
2110.0248432986255
2084.6667288151475
2064.1958223952224
2054.329844151455
2105.433094247871
2103.0830144631373
2048.312817912081
1779.594422379986
1419.0058960422025
1212.654360047644
1212.2074164407964
1196.727704524843
737.5659632535608
641.9666063898442
582.3213807783577
325.8857136271753
255.2714906387814
263.5521364850545
233.12983342148397
252.48375762075574
295.28302176356505
259.7602975469945
267.37763650181677
209.6390978901515
165.6426870749198
178.3581135607642
246.45111110612737
265.0188189908113
277.12867996170985
218.1503151080863
204.64462599841812
170.6829796417283
209.7139421711872
328.12321509815285
337.63858671298135
356.88134115411845
347.25329215953474
309.95714501841553
331.0635196512957
339.09649365383814
461.86601099984426
477.5222090461694
456.6406852294859
444.81815672069547
439.60093279796234
435.32717849946096
434.18498754743706


