Rainfall Prediction

720.0
783.0
827.0
827.0
803.0
751.0
638.0
623.0
590.0
664.0
718.0
721.0
772.0
835.0
905.0
920.0
907.0
203.0
355.0
347.0
370.0
516.0
45.0
89.0
215.0
100.0
85.0
94.0
258.0
308.0
28.0
62.0
72.0
12.0
57.0
19.0
28.0
0.0
49.0
41.0
46.0
67.0
32.0
215.0
191.0
41.0
385.0
368.0
277.0
172.0
172.0
146.0
30.0
264.0
154.0
109.0
106.0
106.0
93.0
65.0
65.0
65.0
61.0
121.0
209.0
209.0
206.0
206.0
206.0
206.0
206.0
204.0
204.0
204.0
204.0
204.0
204.0
207.0
215.0
219.0
229.0
294.0
642.0
645.0
688.0
763.0
823.0
3.0
318.0
571.0
661.0
55.0
107.0
63.0
640.0
624.0
534.0
534.0
536.0
549.0
476.0
385.0
390.0
518.0
598.0
626.0
674.0
759.0
32.0
29.0
321.0
351.0
462.0
210.0
435.0
344.0
405.0
218.0
151.0
10.0
170.0
168.0
203.0
498.0
484.0
497.0
452.0
6.0
6.0
60.0
189.0
55.0
276.0
25.0
539.0
464.0
436.0
391.0
396.0
364.0
274.0
4.0
4.0
122.0
122.0
50.0
747.0
6.0
818.0
58.0
880.0
51.0
60.0
860.0
13.0
45.0
960.0
7.0
976.0
976.0
941.0
859.0
861.0
796.0
781.0
778.0
783.0
788.0
753.0
748.0
761.0
741.0
741.0
766.0
648.0
648.0
648.0
647.0
614.0
576.0
491.0
491.0
413.0
421.0
306.0
316.0
348.0
370.0
307.0
307.0
307.0
354.0
316.0
334.0
334.0
334.0
334.0
329.0
324.0
324.0
324.0
311.0
311.0
572.0
567.0
585.0
598.0
598.0
598.0
598.0
598.0
598.0
598.0
598.0
578.0
593.0
540.0
475.0
415.0
407.0
407.0
447.0
392.0
445.0
433.0
433.0
441.0
441.0
449.0
457.0
512.0
512.0
512.0
634.0
533.0
913.0
895.0
964.0
987.0
1000.0
8.0
183.0
183.0
233.0
441.0
63.0
466.0
423.0
421.0
226.0
146.0
316.0
243.0
218.0
523.0
577.0
574.0
666.0
87.0
259.0
477.0
422.0
422.0
422.0
266.0
642.0
167.0
179.0
165.0
147.0
134.0
121.0
116.0
116.0
144.0
144.0
104.0
186.0
6.0
935.0
935.0
935.0
935.0
935.0
935.0
577.0
515.0
528.0
428.0
198.0
40.0
103.0
508.0
610.0
1000.0
1050.0
1050.0
1155.0
1162.0
1162.0
1222.0
1242.0
1242.0
1275.0
1435.0
1495.0
1495.0
1495.0
1500.0
1500.0
1503.0
132.0
132.0
112.0
127.0
252.0
471.0
67.0
394.0
132.0
119.0
112.0
783.0
543.0
448.0
61.0
103.0
118.0
949.0
0.0
0.0
920.0
900.0
900.0
867.0
722.0
662.0
662.0
662.0
765.0
785.0
782.0
772.0
772.0
772.0
772.0
105.0
231.0
323.0
374.0
510.0
650.0
692.0
28.0
517.0
547.0
90.0
161.0
220.0
332.0
294.0
302.0
46.0
11.0
65.0
283.0


