Temperature Prediction

351.58393962999764
352.7190622532308
352.475759547769
353.6046976311082
367.6438085059954
370.57299745923484
404.6160390471346
397.34939498537483
397.5278894067981
405.554618599715
413.5060444872906
413.84956331278886
429.5357380420685
419.5516324274075
413.00323006529754
391.0736481546058
382.68505797753227
389.880532421658
453.5052231497617
425.53498217499805
420.7471937331194
424.81814622336674
419.2195665820907
424.70325559691696
425.5526573099298
395.8264317765504
399.02543373162945
387.04932980923934
404.1638741354014
373.3178896375356
394.1581402565829


