Rainfall Prediction

1576.6401951516154
1624.8642325405317
1630.3649480961315
1648.8119767849287
1654.9171064522034
1646.2142379822528
1641.7477720490915
1635.2378726895702
1629.0987882562997
1580.3075321795686
1481.6629898066874
1177.0812071270873
1099.9497835340503
971.9397166745212
851.6240470085647
754.2270367830143
550.6757782347438
487.16505289653685
521.3176948621111
67.97856762770743
50.869552864957335
0.0
0.0
4.5838432660243456
392.72609763490306
414.1424795566704
453.1847239218792
503.268954509178
464.08043558412606
380.9755138860643
370.76846193289794
371.9907924541161
474.3873854958611
750.1078075481953
740.4659443351753
720.8473799446319
711.080957087685
649.004154136237
634.3171513442019
569.4448265633275
821.2655065647184
881.0845943744736
1054.2080580094585
1268.0595806200577
1443.1267232832404
1608.3748997577147
1613.1771596447204
1593.9217526379232
1751.6723393790824
1605.7718858573462
1574.9379583077946
1497.7451279020595
1583.3468210492674
1343.0342870275945
1476.1695971070735
1488.68375088823
1542.511027936822
1564.4716910029315
1786.728538151575
1912.464534170624
1998.2982435313486
2092.997710157966
2094.830744210372
1949.949119574529
1691.9905453763613
1613.4007421393699
1611.5907877730747
1583.067360449515
1611.281535924635
1562.556339799187
1634.2226055054896
1597.4337214932355
1593.2076522844252
1640.9759077465208
1292.0191175886343
701.1586095758431
1170.6635506370453
1316.2880155106739
1359.4432118950378
1199.414831818043
1297.5914066398852
1311.6251674697244
1356.1639018363076
1374.5701917808415
1363.8210228429248
1184.6463885530507
997.7368651152585
695.6934112486105
437.65250094591636
331.08077981097244
275.0046938502107
257.76414754413645
221.36603241717867
197.3759519388803
177.3642819931371
181.48774839493825
203.29528553075573
203.13617172442412
211.60334149508492
205.3586977778346
216.6271790867337
199.38875146072837
160.7143949032336
129.06157548942454
199.27547747750214
202.93748876165904
201.85464686577524
215.01875731506658
132.79167998703747
89.03025326509243
26.121908033873822
81.9925394358043
50.42162970017279
75.19956792867492
96.87741474590547
181.95245959708433
230.54577416209003
199.3107176137047
203.12395727948086
187.57756552690358
88.64471329322657
71.60785290578502
40.2583364816324
0.0
220.9669837443768
391.60724019017454
234.65671493815944
256.9708877427306
317.5689717795976
216.57648959470433
126.63435223121179
0.0
0.0
0.0
0.0
0.0
0.0
0.0
0.0
0.0
293.8921838305554
439.22766907670797
573.0964835234797
587.1763310728193
410.8024341156226
221.67218916144668
60.43817535776678
0.0
0.0
0.0
0.0
0.0
55.17368322955029
209.9467941144672
537.6213669935106
352.1880767567577
257.87703750081334
628.3508864951663
797.9076477416614
741.179214868566
624.470381896038
770.4215859736979
863.0939942365295
1294.0088988429725
1038.7285205712797
1119.3258882330815
1086.791678773015
1273.0528810276744
1164.5938783531599
1118.416394531362
1165.3321341593332
883.9354062666146
989.4678166003717
898.368940064685
846.5124257584155
1081.60066488808
1431.4810272935097
1680.641269967488
1821.6429849134233
2005.4035534609588
2480.9713815010305
2667.8955169719243
2730.7529414401
2636.3441851285816
2670.7322731486715
981.0750611609567
0.0
1036.5848407506824
1456.2849182602663
1297.6325518741087
943.1851996452032
832.8507967520335
128.49780004226005
184.64699159732604
0.0
0.0
0.0
64.81544722712201
248.47944904102684
0.0
0.0
0.0
0.0
0.0
0.0
0.0
0.0
0.0
0.0
0.0
0.0
0.0
0.0
0.0
0.0
0.0
0.0
0.0
0.0
0.0
0.0
0.0
0.0
0.0
0.0
0.0
0.0
0.0
0.0
0.0
31.19709075282708
131.05772743002282
162.86681196393178
272.8433653050806
283.50541186945463
231.6892788614764
273.3608132111829
308.32663959916965
501.4517756151005
712.2943297026785
600.802895184392
834.9760207333001
1415.5125693422342
1665.957371707739
1488.9356645107566
1460.6529895734736
1393.0860277448155
1399.991161473051
1515.3037645756574
1500.5859384233036
1420.392915755654
1366.1383850404675
1263.5030338913225
1067.4743312123542
1092.6484854705006
540.457633841804
619.9363011657015
317.8438915224263
0.0
0.0
105.87262902075742
0.0
0.0
0.0
62.65479181479539
0.0
0.0
0.0
0.0
0.0
0.0
0.0
0.0
0.0
0.0
0.0
0.0
0.0
0.0
0.0
0.0
0.0
0.0
0.0
0.0
0.0
0.0
0.0
0.0
0.0
0.0
0.0
0.0
0.0
0.0
0.0
0.0
0.0
0.0
0.0
0.0
317.6135657533932
858.5238955258139
966.5171422386431
1024.4418843386711
1068.2976366075845
810.6616862780625
826.891448859247
1477.600864962712
1759.8568944814474
1450.5690874669845
1421.0301022085505
1682.4846999022097
1626.123080446358
1726.9639164603675
1760.7304572792455
1835.9420771997807
2004.7268530019942
1901.1561803419336
1892.3760691309267
1762.1291610265923
1117.705299195563
1447.5199638681638
1845.1096221918383
2216.9890636492783
2325.0326055657283
2393.0654333822617
2480.7111099995213
2466.4801760757514
2458.332125630331
2345.926128590971
1825.873341693106
1653.7390509415775
1667.8534428298672
1384.460190695203
1495.6228679140363
1412.4696798853229
1433.2272586838235
1440.5114047253
1332.197089420181
1035.699061247295
994.7241713362944
832.4322801404434
504.3269387771013
270.6986817325799
5.860244541105331
0.0
0.0
0.0
0.0
0.0
0.0
0.0
0.0
0.0
0.0
0.0
0.0
0.0
0.0
0.0
0.0
0.0
0.0
0.0
0.0


