Rainfall Prediction

386.0
389.0
339.0
295.0
349.0
265.0
356.0
365.0
449.0
526.0
774.0
924.5533040295264
1009.9696315522519
1055.117166289403
886.6527846825979
853.0468873253988
1014.6667321741279
185.45603628499472
180.89980374402145
314.4112541531675
341.88944313100325
414.54145091711075
398.2985547823357
436.31275559289725
579.2254365244901
535.804443162462
590.571167300393
557.0048482511836
350.9093508577118
482.8828958805499
251.05221402522182
0.0
0.0
0.0
0.0
0.0
0.0
0.0
0.0
0.0
0.0
0.0
0.0
0.0
160.4178035958849
302.5934960322678
339.63382833542255
376.81911910103565
405.3552098621928
423.00797983726545
427.07562638073415
444.44753676954605
459.0061043000125
460.0027435291458
460.0027435291458
290.3535688591231
117.45920804801074
500.40668877847247
516.3149840222243
540.1689703357907
701.8693685841148
808.2039469869387
787.8692025079872
988.2300255616954
993.9672554851152
993.9672554851152
1030.4236867388195
937.5119308869766
912.5654899244275
270.2023217247098
285.0131578947368
187.1686274509804
68.40310077519382
0.0
0.0
0.0
0.0
0.0
0.0
0.0
0.0
0.0
0.0
0.0
0.0
0.0
225.0
304.33333333333337
182.82352941176475
180.0
124.65625
69.0
59.0
29.0
0.0
0.0
0.0
0.0
0.0
0.0
0.0
0.0
0.0
0.0
0.0
0.0
0.0
0.0
0.0
0.0
0.0
0.0
0.0
0.0
0.0
0.0
0.0
0.0
0.0
0.0
0.0
0.0
0.0
0.0
0.0
0.0
0.0
0.0
0.0
0.0
0.0
0.0
0.0
0.0
0.0
0.0
0.0
0.0
0.0
0.0
0.0
0.0
0.0
0.0
0.0
0.0
0.0
0.0
0.0
0.0
0.0
0.0
0.0
0.0
0.0
0.0
0.0
0.0
0.0
0.0
0.0
0.0
0.0
26.49056603773579
0.0
192.0
337.0
933.0
382.0
576.0
727.7638888888889
531.0
453.0
693.0
821.0
916.0
1132.3380281690143
1043.0
1157.0
1112.114337568058
998.4736842105264
1165.7142857142858
917.4447236180905
915.4171779141104
811.9789915966387
592.0
627.6857142857143
870.2607003891051
798.9386189258312
798.8886198547216
786.300925925926
786.8098958333334
743.9120234604105
722.734375
428.0
428.0
188.0031496062992
300.13400335008373
274.1044520547945
397.3529411764706
531.2613636363636
584.078125
717.4347826086956
795.7706422018349
697.6923076923077
707.0480769230769
1344.5486490800677
1548.886250972864
1460.2723099481432
1375.8328982805328
2045.3755751952854
2531.092628003771
1812.3106072873716
2329.2432726364495
2002.927459469081
2134.3121931425308
2349.161288648903
1892.0488783861824
1504.5547987885022
1530.381374433051
1883.2002223442414
1704.5596851080186
1697.0927724544233
1696.5873197215276
1961.3459841964734
1781.4572267867131
1781.4572267867131
1725.9651855159095
1781.0934705246866
1795.516756176474
1671.4674292432164
1809.5788900489838
1522.6325123461065
1513.344123267611
1369.7332482925744
1376.7855699437005
1265.7517302258843
1438.933987532184
1124.5634393605942
1155.8795653492434
1270.3172817219531
808.5719837613306
390.00961538461536
332.0206718346253
119.07380073800738
10.661129568106332
96.05734767025092
150.08205128205128
644.0063357800927
1104.6695369830366
1305.506956105481
732.9257420931381
741.6427785611121
808.894373172051
810.8771558891857
834.9986777603624
917.9463883462007
739.4044389294943
675.8932884735376
0.0
0.0
0.0
0.0
0.0
0.0
728.150770506348
1001.5873627289428
1057.3048993326986
853.6782627052896
844.0458873005304
844.0458873005304
840.6031562332705
840.6031562332705
349.9900683527361
276.12097622312456
262.5445219830817
233.3044328384974
922.3839062733641
508.7465546461198
690.5898743192196
936.1962851119001
595.2071060716823
749.8685784083881
789.6323720263788
1734.379054019514
1504.5032389718967
2554.6602655906554
1781.5594592508578
3520.281179453439
3488.5226695865904
3507.4449599751388
3486.532059257952
3537.353412246349
3586.9106530271333
1818.8369974422187
1843.297910294215
2145.190091417794
2357.614168681749
1811.20660451295
2358.7863912502594
3864.365671810877
3580.043042892289
3761.377572555597
3662.1102347295728
3745.20416491485
3265.410686357044
3358.5931850699144
3442.9120936842605
2959.610500601105
2384.890854401768
2065.9261993151204
1296.4063929133213
1316.6849643831777
1352.3064137243941
2909.8396466258714
2473.4392483536158
1840.1800416882543
1335.341942262946
922.0246518698307
1323.1409778433406
1381.7484309830766
1420.2869553093008
1615.1638334515897
1247.4265138734695
1448.1989248127238
1678.0177030961127
1476.4306090899054
1471.4311005631553
1483.7876565049114
1216.7263568351946
1067.3691508525008
1017.5809010164122
890.2779665855262
1286.8526675435369
1282.7493875381588
1243.0861159763058
1261.8583667910887
1261.8583667910887
1271.9295971309425
886.1285635719073
1289.0992099358612
807.8209898677846
859.7383434222979
946.8510649191784
919.3666067597032
935.1919181937805
455.0608014337557
514.0334780223745
238.78351896378751
276.46855654827107
254.80321315678287
300.16685561237654
0.0
46.42900297178721
0.0
0.0
0.0
0.0
0.0
0.0
0.0
0.0
0.0
0.0
0.0
0.0


