Rainfall Prediction

1601.35557880956
1569.2205014090493
1635.897756776077
1649.8252802841826
1615.6674182823301
1653.7522256421232
1647.2997039785441
1634.733787268784
1609.7983735902528
1551.3265028096973
1431.3751148564286
1261.5637915759646
1059.6140133414945
908.5766925985475
767.109842339767
671.593673616335
657.2576809473375
635.8807796089033
588.8876043995946
226.844199620066
253.63435780926227
399.26925049695427
575.9751064196154
669.3052923269789
1346.9599564026971
1506.9766689572266
1481.7536857711032
1622.2796235205046
1817.697246677636
1895.2011266765783
2235.8382878902185
2225.9975040998734
3702.6398390342056
1885.950760584322
1971.8384543374063
2005.1499080024573
2086.747092907607
1966.1932017127765
2093.2458000907122
2233.26594434801
2877.4749326724955
2967.243949043278
3320.617370549953
0.0
0.0
0.0
0.0
0.0
0.0
0.0
0.0
0.0
54.02049061312887
0.0
0.0
195.9279225065978
474.6969839840984
695.0790313742385
1054.6106463381275
1388.0504157598234
1628.4853737307305
1898.6569482131258
2176.1045915710583
2113.0720923580407
2788.89973199421
2959.858542890547
2047.9363957597175
2589.2568748513527
2422.790709437819
2323.8598602915577
1637.668575823631
1503.5970085911963
1664.4146273752365
1562.0398889490673
1480.4335061553656
1083.0090955311591
762.0
586.9863721284586
625.3847744361475
1151.8102431739387
1236.7357515775443
1169.6965132289204
1061.9497991959774
917.3997277113511
979.5567332204512
911.2590617435969
1102.456547816695
610.8967545108843
336.11772750774804
149.87715508089903
199.39656430530687
216.6607026493439
555.0088734077666
542.8321595661993
517.2560787358232
489.538595504814
387.54186495757074
436.66552506059645
348.70751155027267
401.1641454540577
281.058828101283
204.02233241543567
155.56880888996204
246.62679464784605
292.7187628554858
415.92028726051757
441.16845124929347
561.2693208430914
730.2703294206792
505.36158362341996
670.667349037096
671.52043260113
642.0910425844346
606.6873864816661
497.35259273855166
434.3004263235233
465.36869123434826
371.99879146556964
309.2312068831699
347.53811942938967
455.4411500249339
434.279478574033
768.7932627634403
454.8002052696171
438.8879426747404
452.6080561242041
501.66727518082905
419.5300357753246
458.18750867795853
810.0565085322366
860.1385041551247
827.4862131921394
594.5097822157084
493.8556823751806
475.00157903171555
714.2872933174299
721.059329791594
573.1920434467941
506.59961661473756
612.5404749391475
500.23396892887894
534.7393206502576
365.5539808416121
519.1885054805703
452.0657329985702
359.74618089981493
339.2743382173445
271.9738736243835
286.4708433213532
181.73750998801987
204.22100810160566
272.2090071564684
330.26807111105
482.21403332834194
419.367304014595
462.1309845690721
487.13645025038585
678.1206556956797
827.2042817110824
769.175522194531
711.8741096181859
706.4089236850106
687.62273155149
1270.5057878949665
1298.4234557610678
1382.25111680377
1468.6165482530107
1457.7012920965672
1397.1911356312175
1330.357185262392
1669.3820675236607
1613.779830204056
1554.184498643885
2575.4861176049767
2758.088385746679
2761.992231900525
3605.3670703169164
4470.697715603592
4189.179674366478
4645.697715603592
4937.208024881942
5051.772457871633
5021.919365088128
5948.992495560746
4891.0766822809155
10904.393010154648
23019.81249226003
16943.923796209834
10689.922958971132
9947.50865161623
9844.787002131694
11515.831760866327
21374.037154430247
22314.80427771792
7762.380254037845
7795.686920704511
7971.473587371178
8246.140254037844
8861.393587371178
9521.38535399778
10178.268470880897
10228.047691660118
9831.203535815965
9842.346392958822
6482.489125293076
6476.489125293076
5924.489125293076
3877.2921555961066
2515.3389104990806
2742.8882062737284
2166.52579483306
1678.3306390301839
1416.8525721302028
544.0798448574755
528.1309812211119
565.1565494029301
263.43779940293007
248.6934812211119
428.0804761623685
673.8619486865038
954.4890271499087
626.3144458903503
593.0892217624878
1236.9101798002062
2436.9900719538023
2461.9774891701272
2521.6568542494924
1933.5457431383813
1974.1267387944358
1916.918545099767
1408.4428994352857
1484.3899910782318
1580.423988733566
1601.5751820272271
1838.0512610993005
2090.0337064815576
1782.1429058940728
1185.6091203229773
1274.2145378007735
1296.3188744148483
1458.1596464293236
1696.0880435600523
1898.1622776601685
1928.8523858861263
1747.5276686001812
1876.9751645614092
1723.0575555145592
1850.7907050713025
1838.521861777151
831.7872233172063
805.3013871374527
958.5707018639952
993.8779931584949
953.3106056256177
974.6952838003842
1016.6736491849996
864.1679856930925
937.3948301079729
650.0545815222197
645.6411233563574
528.7971376443815
1305.888888888889
1211.4037626499319
1135.4818161537783
772.4551375170035
937.5353782108824
1061.3591160220994
1109.7529237420433
1006.6036733411917
1040.4631321039424
988.3468601667221
1183.6613096814133
1291.1190718869489
636.6055896474218
751.6576206478082
727.0293117238886
792.4112724692105
843.7966555705707
837.6530650497392
804.288348940411
748.2040910017804
771.6925816244011
764.6025236154584
1084.432318973454
1100.7707284489193
1116.6274169979695
1140.4789794979695
1188.9501905215204
956.9672729001442
910.5290173020057
816.0318224523189
848.3301883993223
945.3233060651004
896.4378698224853
1007.0537670931545
616.9149542575614
1037.9633857466788
1435.206816861659
1200.1385438199984
1499.0743127726346
3130.7756747460326
2552.2625040148496
1420.340033329107
1034.9149263847369
1033.5843242558078
1296.2597681710222
1464.5084315063223
1958.2560163012865
1389.0756844718308
1514.7358587736135
1662.6000812934872
1346.0075438484378
1292.0599313446576
1312.926325830547
1443.6743834921529
1519.3043299777355
1406.9405351265946
2223.170290736811
2183.091322442643
2143.5202650115034
1609.6964701130305
1690.1427459025367
1645.2612069350616
1906.3478124145354
1934.5347283023857
1867.6340258747355
1764.3171806167402
2188.3470556569323
2153.792373745237
2136.0611854109725
2013.8673810262367
1474.9277261045559
1435.9112774375362
1105.6202960406977
1126.2757828218541
1195.4562499131491
1611.071316915258
1441.1868381085592
1370.841370783771
1449.942217336126
1389.2796786028714
1511.978513035683
1654.0130555840008
2059.2509152703883
806.6070824264901
882.6694731755772
901.6651355258334
932.8243021346469
869.9565474359872
857.9117668025101
887.8436552519913
1077.950372930127
1668.904910060181
1630.291509884399
961.6471189818327
797.7672906556525
769.9297600169222
770.6544791180459
1316.8608301823128
1128.8852248303647
974.3538223782753
960.3891537346581
2037.379513418904
1986.5408672513772
2077.3166921336788
2004.0560202218662


