Rainfall Prediction

596.1085756212959
564.8247991309953
556.7832614693008
514.9253708279438
473.085201405059
490.14936652413843
480.44162410465776
475.4129646755847
498.5046402478243
483.23514824927196
488.45118917009785
481.6999239403444
460.9294600819769
462.94363411166006
486.9102432604227
475.9070690500498
440.0302967598423
447.6210551412845
501.1659117994378
400.9564841246423
362.45199525189275
324.9677984870674
168.4497697466954
144.51529836136842
141.14971777217463
160.7079731746515
154.44558292435264
145.961856726142
164.60026128347027
144.63523601144118
154.31200549363842
159.68176445369403
185.0198151432667
173.6109181269189
179.430803760591
187.91105989131415
202.44230554266892
181.64806315738483
184.0278120291544
179.30070116366352
202.82029480075602
216.67287777430164
380.5522274786894
440.06970256466604
476.10346396210167
489.9760955841729
512.0056589826772
524.5130332740622
676.0848871046044
675.6415064680177
756.0151385632028
766.1566722535755
734.5421725322112
728.9271993277383
805.6312247415096
946.7955022368792
985.7800401856977
986.8684602476479
1003.8818836751318
1012.598528395356
1004.8281697798295
1011.2085452625109
1049.5928404323108
976.9695300481872
1003.1988689736157
1031.6927555238667
982.0554124983912
996.9722400058166
1001.3858529496032
987.2878104960258
961.9455257958431
956.8463202753629
936.3378164613432
781.8608873185018
734.9389018149109
668.0213842401142
701.4786160625258
660.1639680098541
659.090355175217
528.3576296022733
525.7337191654249
457.7695327085231
419.40305225158755
425.0061861839792
445.56344867084397
425.7474549031353
332.6235515309082
251.35789192341255
268.0133307130423
279.563231818841
282.2800082550734
265.49352625396165
226.80961840243933
229.5272828611714
210.89799749206202
236.49069984491777
243.69326412652507
241.56987724732852
239.32618802059247
212.0619818860316
207.42464916124678
254.94179209459264
236.5645889639141
210.3767593346506
243.35629365310916
231.11380892800037
216.36240411820265
203.7959591553288
167.73129506673493
182.1634762015631
165.1018737819714
150.98917442041852
120.70453978616243
113.66668196691668
165.83325177167313
157.89835033587676
163.6610818333411
176.0680504746746
130.8183820632637
136.68803014748323
126.74146270548304
219.16788685377017
234.98319608095971
215.46659268802614
293.71286213380597
329.20168622029513
363.8013876597156
380.18308286630827
383.4902756638461
399.49032368501975
389.2254992349758
394.75322595177977
409.2037373139858
409.2165784054771
403.9714008180699
430.7640678737468
510.6271512190873
645.9063086480879
675.329414291665
710.5205936938399
782.9733920600424
800.7893629475194
774.2007557877662
777.5771177580111
808.0854364844342
864.9265478162572
864.2013527518201
847.439603868081
816.0441435014252
828.0580479494597
818.9263537489066
919.2534831904317
865.1541949912244
851.0264579722508
833.1018365634893
743.2856353049581
658.5183396706404
749.6191491412912
830.7832669526454
770.6889207618632
766.7522680313878
811.9607755723238
830.2664633314356
926.8651509646544
942.7058272951764
892.6679174152665
892.596090037302
906.9352838758842
774.4938802489501
744.8806581243427
792.7831282844346
788.135803515424
813.2057882405602
857.8229106117595
881.5269972308922
876.9767330145254
791.5381606610148
773.3324501850519
764.0860281381532
796.4491089002008
803.7820360862524
846.7879776402577
741.8383067932389
789.7468249344632
882.3479707222643
962.7438327766844
990.1326632573837
1015.2698062008603
959.0273012087667
944.8570960492899
968.7675028680453
967.1856892013385
948.8872312611644
934.9878600437772
899.0241192083159
886.5958085852019
874.4100840124981
942.7678745131333
872.4062501070061
890.1751107956457
878.5424325135513
790.790568174461
759.6455644601466
744.9391627791136
737.3656993479376
694.1686480076917
637.0817463389185
607.4589405073302
577.5277788238513
575.9714337543104
572.5350164315619
569.8802759130747
553.183095871342
504.55515462016086
476.69827831868076
346.06237794414074
294.6299074286534
308.9980815649078
307.5469116851504
304.5490899303066
283.14064811740707
399.5869856520208
413.15904492002414
480.08713569000264
498.9212725605416
459.8309045443622
470.61561871933105
445.10088108425276
385.76278499349536
400.90503218745755
363.619699798856
361.0998935901571
392.41959998662213
392.32730632539216
367.09141893623206
379.90540297322406
360.18526731800097
438.6124198984679
495.8332626544518
617.3642004469813
637.1623992687629
691.0113592072164
646.2944667352766
791.9401253169722
766.8778336375701
756.2782128584382
758.1764026467642
747.0264714038454
750.2194709429965
727.1404700266413
747.2669969316802
746.2726229622813
676.353386069686
658.8678443689099
718.6756668979403
688.3415274484713
686.741453652522
703.0900838683255
699.0160349037518
695.4971768381085
678.2294976845432
669.5716764156515
645.2465079543451
618.7868391259885
634.1285015268639
605.4664416813797
579.7356786830368
589.9481960573909
523.5530275215292
559.1130657208676
475.9158685838839
430.3741948564573
371.8448599768006
548.600572688878
314.46477060935484
322.4525912604041
321.2619887266499
319.79753310413946
309.79853895514015
534.09375284969
585.8820943399385
611.5897738870156
659.9006502911348
720.1917525258688
769.8116639240316
682.0885456070258
720.5686178122335
755.3205385640322
776.6976440209627
797.1075760973497
786.0975075774892
796.3353288506701
828.7641756855984
841.2780027086451
827.6063487998408
835.8872432378643
807.3765702738394
826.3320864885902
820.1234030977951
827.0134346817692
741.9828920523167
808.8157061309346
799.188963677673
805.108555489963
562.1565847101809
575.1294698427334
557.3136684703304
627.8303098321732
718.1796210361636
856.4344912663266
791.4969322354334
786.4177914101901
830.0464329827325
809.7002505744307
885.3400842398133
928.260262897157
911.409483206888
894.4082892825238
873.3098810021336
874.4252822980856
834.0766766630078
886.9075226638508
880.0190966263949
934.1792092499778
908.4278304826022
914.7908668927446
921.7633537455883
922.0141682335656
964.9206066009269
957.9801659479899
980.6222974864382
1018.2041701414414
1072.303359901137
1091.4999252542884
1105.4158673893714
1120.5666112623264
1194.7036887897948
1206.289573744406
1167.6634832311888
1051.581457846062
900.4487227528383
897.9332437999752
865.6291754659835
831.0428991231258
887.2402143416696
764.3658239247178
725.4790642127883
730.6746210981584
712.9628277791845
707.066661573053
781.3474368663382
774.7761156742813
779.9737459689527
802.054874659141
781.5920700128402
800.2870710524809
849.1494407592019
891.5351983300615
934.9715727687369
869.1649767136445
859.1143117141985
812.5283084896371
838.9457458154445
791.3207279789801
750.1593721604839
770.0485555342295


