Rainfall Prediction

1642.0886844797374
1615.0886844797374
1611.0886844797371
1622.0886844797371
1734.0886844797371
1688.0886844797371
1596.0886844797371
1594.0886844797371
1717.0
1692.0
1357.0886844797371
1151.0886844797371
1058.0886844797371
993.0886844797371
766.0886844797371
679.0886844797371
473.08868447973714
665.0886844797371
275.08868447973714
7.088684479737196
73.0886844797372
71.0886844797372
351.0886844797372
443.08868447973714
723.0
617.0
690.0
729.0
768.0
635.0
683.0
676.0
721.0
789.0
778.0
884.0
883.0
886.0
806.0
731.0
1059.0
1033.0
1136.0886844797371
1539.0886844797374
1191.0886844797374
1313.0886844797374
1472.0886844797374
1445.0886844797374
1160.0886844797374
2027.0886844797374
1500.0886844797374
1612.0886844797374
1395.0886844797374
1612.0886844797374
1301.0886844797374
460.08868447973714
617.0886844797371
994.0886844797371
1969.0886844797371
1746.0886844797371
1722.0886844797371
1545.0886844797371
1470.0886844797371
1428.0886844797371
1455.0886844797371
1873.0886844797371
1847.0886844797371
1921.0886844797371
1796.0886844797371
1891.0886844797371
1626.0886844797371
1693.0886844797371
1329.0886844797371
1054.0886844797371
1000.0886844797374
617.0886844797373
812.0886844797373
988.0886844797373
947.0886844797373
478.08868447973725
806.0886844797374
548.0886844797373
581.0886844797373
435.08868447973725
617.0886844797373
1336.0886844797374
585.0
349.0
71.0
0.0
0.0
0.0
8.0
13.0
65.0
83.0
83.0
105.0
105.0
48.0
68.0
0.0
0.0
0.0
381.0
0.0
120.0
125.0
142.0
78.0
130.0
425.0
206.0
403.0
398.0
308.0
442.08868447973714
453.08868447973714
451.08868447973714
424.08868447973714
362.08868447973714
304.08868447973714
571.0886844797371
480.08868447973714
323.0886844797372
436.08868447973725
392.08868447973725
177.08868447973725
251.08868447973725
359.08868447973725
452.08868447973725
435.08868447973725
450.08868447973725
479.08868447973725
364.08868447973725
173.08868447973725
227.08868447973725
0.0
0.0
141.08868447973725
11.08868447973714
75.08868447973714
0.0
9.08868447973714
0.0
0.0
0.0
0.0
0.0
0.0
61.08868447973725
0.0
0.0
375.08868447973725
499.08868447973725
1090.0886844797374
594.0886844797374
755.0886844797373
841.0
833.0
604.0886844797373
989.0886844797374
465.08868447973737
523.0
523.0
507.0
563.0
635.0
736.0886844797371
764.0886844797371
727.0886844797371
816.0
266.0
1116.0
837.0886844797371
877.0
910.0
1509.0
1526.0
1684.0
1952.0
2030.0
2043.0
2010.0
820.0
2256.0
2276.0
2330.0
2195.0
1914.0
1889.0
1892.0
944.0
956.0
987.0
949.0
965.0
965.0
1000.0
1029.0
1001.0
986.0
922.0
892.0
874.0
1484.0
1443.0
1386.0
681.0886844797374
1422.0886844797374
1258.0886844797374
851.0886844797373
307.08868447973725
303.08868447973725
206.08868447973725
954.0886844797374
584.0886844797373
0.0
0.0
0.0
0.0
0.0
0.0
0.0
0.0
116.08868447973714
116.08868447973714
323.08868447973714
0.0
0.0
0.0
0.0
3.0886844797371396
0.0
0.0
0.0
0.0
226.0
264.0
265.0
57.0
1021.0
742.0
1697.0
744.0
1759.0886844797374
1800.0886844797374
1645.0886844797374
1728.0886844797374
1716.0886844797374
1718.0886844797374
1114.0886844797374
1012.0886844797374
861.0886844797374
1416.0886844797374
668.0886844797374
276.08868447973737
277.08868447973737
61.08868447973725
40.08868447973725
656.0886844797374
10.088684479737253
0.0
0.0
279.08868447973737
256.08868447973737
156.08868447973737
180.08868447973737
240.08868447973737
246.08868447973737
965.0886844797371
870.0886844797371
935.0886844797371
66.08868447973714
508.08868447973714
737.0886844797371
684.0886844797371
633.0886844797371
689.0886844797371
621.0886844797371
801.0886844797371
661.0886844797371
550.0886844797371
590.0
579.0
787.0
830.0
680.0
676.0
784.0
767.0
765.0
715.0886844797373
805.0886844797373
676.0886844797373
313.08868447973725
203.08868447973725
0.0
0.0
0.0
1329.0
1517.0
1502.0
1514.0886844797374
1502.0886844797374
1686.0
1833.0886844797374
1755.0886844797374
936.0886844797374
825.0886844797371
714.0886844797374
862.0886844797374
853.0886844797374
767.0886844797374
1984.0886844797374
1010.0886844797374
1068.0886844797374
1188.0886844797374
1245.0886844797374
938.0886844797374
1039.0886844797374
1109.0886844797374
858.0886844797374
1482.0886844797374
1519.0886844797374
1452.0886844797374
1370.0886844797374
2541.0886844797374
2579.0886844797374
2561.0886844797374
2184.0886844797374
1715.0886844797374
1124.0886844797374
1280.0886844797374
1475.0886844797374
1570.0886844797374
1589.0886844797374
1298.0886844797374
1292.0886844797374
291.08868447973737
0.0
258.08868447973737
0.0
0.0
0.0
250.08868447973737
187.08868447973737
489.08868447973737
389.08868447973737
103.08868447973737
375.08868447973737
681.0886844797374
597.0886844797374
1474.0886844797374
1261.0886844797374
1206.0
0.0
0.0
0.0
112.0
1034.0
1053.0
1289.0
1212.0
1222.0
1284.0


