Rainfall Prediction

579.8300199696524
580.4632885180315
560.1719297889249
495.5249181917963
464.913700716075
484.33809292858933
492.04269851846584
461.314864568285
468.6598202108858
491.24772139316076
470.38469772536604
466.80774594053617
463.1715672440694
459.2078320646424
401.72853632813394
414.02091940229025
402.1613441579142
411.4564722785428
462.0981039751152
458.2386106365729
391.48133340298796
443.1256803761392
405.06146661464794
341.1934507131207
285.42987785971593
420.8761407381743
269.95725559738366
410.0909635159447
335.0614189083388
303.9777091046949
308.485844310721
296.4385719820917
381.2509095730615
267.1597550114437
196.97452653529555
378.62661216443973
355.59599322740144
323.76037967966226
331.09317028563413
332.7853527331661
353.60565681238614
364.9134743648541
506.4452880615754
653.8352988401739
739.1890447981993
697.5220570482394
881.453638172041
886.9355057617546
964.2416951321383
791.1901208430462
809.5631939710412
832.5631939710412
817.5631939710412
828.67600613421
968.111945318366
1248.111945318366
1364.6913156027292
1364.6913156027292
1385.9169399290668
1389.7219345397675
1390.7219345397675
1463.7219345397675
1464.4462071727587
1510.0981070982675
1431.9352703612594
1449.9155007284667
1392.7573595183162
1395.517175863662
1389.9731915346476
1404.9535031850073
1406.0333784732427
1409.1448586950053
1341.3105127028084
1194.0874272037659
1038.4552352008693
960.6830670518258
1010.5539835003864
1014.7160291300538
1039.8425225796575
860.8290856877649
785.1809506124883
841.134018433757
831.576880061976
794.7438103515175
816.721311486773
649.357916509166
399.75939473185394
257.6037471699095
260.31845021134126
299.7588121095452
320.5468690696425
291.2283391023153
238.304757159572
231.91594479211005
191.71290399991054
243.79389110153463
204.48823158340159
269.4649538085995
240.53398162567876
224.77589405738632
227.68878053679708
238.8923132865384
237.74297690757496
224.10679857669044
257.15195893833015
200.0567501227312
209.50553309838705
247.15220505575644
202.05562459045214
133.0988872942453
137.7361933525628
130.55796321107175
89.57845708691659
94.73719765564293
161.7909334496398
265.26344838669024
288.7384287223635
273.04659378495904
245.51166238867293
295.038661135735
273.6032100144935
279.166122413205
318.3453385690333
286.6533450087302
447.03321243739214
588.8280636981564
536.1588140623063
597.3375650459722
665.3375650459722
642.3375650459722
684.4567844299571
691.749292513906
686.7407385380136
686.7407385380136
707.3498677142128
750.7292815387705
747.172689073737
915.2623175299975
913.2676302406261
1009.7636695862473
1158.5243568618791
1157.0438917848924
1157.4786248455746
1156.5761275402242
1151.224009764283
1133.3443790086865
1033.4143397520463
1011.7963312237259
994.7256602164474
949.051374318565
963.61273435118
980.6421580526895
976.9354506302296
1002.3728865686913
960.2538120087996
746.732738214932
646.0440856269202
821.030388756338
955.466327940494
891.774145492962
861.6613333297933
998.096355637098
1004.2663879728934
1187.0849193456584
1196.4748701423407
1178.6032426933891
1174.7008635043376
1397.8429544231262
1264.588926113574
1261.1976456056684
1250.1241955179314
1169.0396127724352
1242.5132411325
1471.536355153675
1578.5153837479863
1697.9840979028154
1807.2437060547365
1869.3550310508106
1888.335276352974
1906.0302864492924
1956.8528110884715
1985.070142731028
2027.8856199282454
2103.944092671523
2348.725170077638
2370.4792969394607
2385.3416048075565
2376.709217123497
2192.4632427164524
2058.2004674774776
2050.9550856982205
2066.5345297979766
1937.5790362719908
1922.0551283416733
1827.7875132747874
1803.0863185293877
1792.4248283040856
1884.2215786034421
1665.0440632935838
1739.7792738717746
1764.2611414614883
1715.7180359976978
1628.1685526265153
1548.1930580969604
1336.6352339526293
1235.8029870814125
1149.0896931466812
994.0752831349221
913.7649651527607
932.1744902734198
922.1382254528469
942.5436956448254
905.9688513572403
909.7305447674182
841.9660943017525
572.7117430523529
569.4635414679947
569.9660473265566
535.1887888998108
562.9404751149943
550.8189788164054
579.8041549855845
565.3275540315597
605.3820052035352
566.5560646307063
467.874588438028
475.49318972994786
483.5638329029751
343.15488250035725
337.70363384768206
280.95021352607336
260.1033082112652
297.18797933696226
277.69892606183066
286.82827741703545
250.7483025446375
256.0977497558197
308.5817306407163
359.8363457220078
500.0925889853838
543.4503056741634
612.8764227103269
549.2867524112315
767.6373388950203
719.2622975910084
693.2329429627359
697.6066015507238
750.233562132985
746.3857935834612
695.6387491539467
751.2348074014931
685.7786969202851
685.5158953255176
741.4746854194483
777.0286668098688
788.4797591111578
790.0234695279621
793.1122530149335
807.9845453891595
805.170859031796
789.5858428638983
790.4015966398869
783.9613742884076
810.2327835735719
760.9059796920172
759.4353543420048
748.0407533860647
746.7514072376606
690.0576469013444
625.8412373696887
554.3792488402722
465.90380738401507
425.9547249213921
520.457289051611
223.93734814045547
307.54740288159724
270.3429157621734
236.96303950161814
221.47769233022
399.9393951710509
483.9917307974245
479.3308016800334
598.1740792108862
685.9779782164826
821.2252358369885
739.7755702523274
736.2852187389492
807.3782854081101
805.2138989558491
829.6171425001183
830.6131247986682
834.2231140200697
844.9948898702143
841.366122621889
829.94655693285
846.5591564147762
821.3311249444158
834.9418186279895
841.1696843618545
793.2979586640342
793.5867331799527
828.6863302605434
796.1013096775919
813.6211319367579
750.2640018985896
768.8645607585019
737.8595055180737
773.2151019088694
902.8341130724548
1109.2278217121323
922.1399103206738
856.9136692206412
974.3302089530346
926.8747294136931
888.5833978366629
876.2916762741228
864.456457789914
834.5095367887341
769.1917006486017
780.332787170026
756.8735329980652
748.2872782143372
797.3646937732021
832.0218197704863
821.070453911352
845.4643666166235
829.177029081293
812.5129471886456
848.4241997186327
839.1430975794173
881.5851716997838
896.8951043235381
995.9217899715536
1052.2040539159384
1054.1012944157033
1132.783878496277
1159.160565530105
1156.1564499326535
1103.4893642809166
979.2853799083276
789.1865844562693
783.9884480569032
780.336872598873
687.5315518301261
825.4240899410269
814.3081414019758
742.5449712862201
718.8420686304463
728.2041057125289
717.5872750288045
840.2450622027674
893.6676261085471
910.8982274314653
995.4537927131628
1070.2985131092557
1054.4320976334816
1119.628644141293
1166.9762728386447
1272.6228759918706
1260.8280847950841
1306.119588254073
1239.414101707919
1230.7999937033949
1171.8197064103388
1148.1440539659666
1154.7188688306474


