Rainfall Prediction

2234.890052356021
2415.238578680203
2564.7512437810947
2579.588477366255
2621.2716049382716
2615.901234567901
2621.4983277591973
2539.613300492611
2415.504385964912
2180.9121725731893
2289.5283018867926
2242.3173333333334
2176.303611738149
2427.744541484716
2403.0947012401352
2645.227861771058
2417.045500505561
2095.143718592965
1831.1218106995884
970.4817739975699
868.789413118527
625.5230352303523
750.2557894736842
971.8212658227848
1083.4167088607594
1214.3229376257545
1222.2995484194682
1261.2921851667497
1310.3884615384616
1372.4085820895523
1302.677863910422
1425.7732986562635
1334.7368421052631
1352.724917763158
1315.7408473879061
1206.980859375
1561.7265711135612
1664.573929236499
2014.2009400705053
2077.127506014435
2382.38591916558
2340.316
2361.1372197309415
2293.9864104967196
1932.1950880444856
2098.5792452830187
1822.735525024534
1844.5321518987341
1836.5286947689183
2031.815002820079
2451.5274480712164
2594.6783439490446
2723.6006944444443
2325.866785079929
2084.3736991485334
1821.8039747064138
1888.0832610581092
2236.999201915403
2307.4948124501198
2287.8616033755275
2431.9247121346325
2507.8980021030493
2371.1116910229644
2211.154929577465
1944.9959758551308
1962.6787190082644
2027.7985697258641
1654.7395683453237
1554.7744807121662
1316.466765140325
1292.5051395007342
1190.553597650514
1135.9251101321586
1107.7428115015975
1095.5187713310581
1042.5009416195858
815.015065913371
814.9548022598871
829.8267419962335
830.0244821092278
891.0493096646943
896.8862275449102
876.996007984032
807.2083333333334
919.4697855750487
1067.96992481203
1224.8796680497926
1004.5130023640662
647.890625
608.9487179487179
817.9228571428572
643.0230769230769
634.2539682539683
647.9170506912442
804.1049723756906
1055.5037593984962
1075.3162055335968
1046.7667844522969
1092.6842105263158
1092.545112781955
1145.2585551330799
1150.9591078066915
1113.5637583892617
1123.2181208053692
1179.675
1203.1857923497269
1189.9060052219322
1200.6807511737088
1103.087452471483
1081.4714828897338
1075.6975945017182
1046.06734006734
1044.1285475792988
991.5548387096774
933.6144200626959
845.7476038338658
713.0698835274543
578.0016286644951
523.2113821138212
525.120717781403
378.9301242236025
41.66083445491252
142.2425068119891
142.97071742313324
146.25294888597642
38.66369426751592
0.0
0.0
8.769720101781171
0.0
93.83243823845328
0.0
93.02923387096774
291.3591047812818
285.39776195320445
229.74809989142236
222.95842450765863
236.83166109253065
446.46135831381736
545.8766578249337
695.1936339522547
701.1575931232092
844.7201166180758
1036.0029368575624
1050.2157676348547
1238.8049853372434
1263.8365243004419
1240.4329004329004
1372.8514705882353
1505.4550810014728
1601.2709867452136
1792.9766666666667
2168.4248496993987
2307.471739130435
2431.3307839388144
2557.4679911699777
2565.01867219917
2707.7861635220124
2722.131086142322
2726.116600790514
2734.911051212938
2604.9501385041553
2648.6902356902356
2540.6161616161617
2323.516717325228
2318.7325227963524
2318.404255319149
2302.0759878419453
2301.0994475138123
2103.130081300813
2039.8836206896551
1794.4991334488734
1862.1132075471698
1617.9269340974213
1408.857938718663
1446.7541984732825
1281.8779761904761
1307.5830860534124
1328.8924242424243
1412.581818181818
1516.9136363636364
1623.2
1549.4015151515152
1256.110831234257
954.2048484848485
922.8142548596112
777.314498933902
871.1648106904231
656.4744444444444
685.9357142857143
654.1797619047619
890.674039580908
885.7395833333334
886.9409038238703
1206.458576429405
1293.6509316770187
1293.992546583851
1293.942857142857
1293.9714285714285
1296.5246113989638
1275.4549019607844
1341.7761194029852
1431.0466786355476
1363.529945553539
1454.9724770642201
1812.0024038461538
1780.2740384615386
1837.6982097186701
1791.0644329896907
1953.3376288659795
1750.9278350515465
1528.3634020618556
1326.7242268041236
1324.0927835051546
1593.3582677165355
1673.2690582959642
1564.050847457627
1531.837837837838
1579.3692307692309
1615.5520833333333
1573.1546391752577
1568.4639175257732
1324.6794871794873
1325.0
1326.4520547945206
1201.2
1165.8666666666666
1389.9733333333334
1414.5066666666667
1459.4666666666667
1462.7142857142858
1491.4545454545455
1513.1688311688313
1513.2077922077922
1512.064935064935
1652.0833333333333
1348.3333333333333
1414.6666666666667
1404.439393939394
1398.225352112676
1232.8521126760563
1254.0108108108109
1790.0398550724638
1725.0170454545455
1687.8607954545455
1426.8352272727273
1771.0738636363637
1717.497159090909
2103.65625
2378.369458128079
2487.5088607594935
2683.6192893401017
2586.478346456693
2532.054481546573
2477.2895569620255
2474.3227848101264
2445.4349206349207
2445.4825396825395
2215.890476190476
2264.1978361669244
2220.8129829984546
2027.3849765258217
2006.5685814771396
2009.5322391559203
2523.4255568581475
2683.0358796296296
2740.520395550062
2724.910843373494
2685.108173076923
2661.2448979591836
2665.329312424608
2856.611580217129
2969.466921119593
3035.397122302158
3174.064620355412
3237.474959612278
3460.8190630048466
3159.4135702746366
3204.6222222222223
2715.2651622002822
2452.211901306241
2226.8032786885246
2001.8824242424243
1940.6385404789053
1996.5355392156862
1974.3689903846155
1973.9567307692307
1692.5876180482687
1711.47510373444
1719.2138429752067
1855.8331606217616
2125.6029556650246
2273.3655555555556
2220.0305263157893
2369.727655099895
1875.3522607781283
1755.7106382978723
1970.3075506445673
2000.9925023430178
2082.4272300469484
2640.2979323308273
2871.789224952741
2695.2287334593575
2629.3421550094517
2049.6512287334594
2101.131379962193
2076.4724556489264
1856.160482374768
1758.3135435992579
1709.2680412371135
1794.3228744939272
1744.8830601092895
1854.7604562737642
1894.9867899603698
2244.568527918782
2244.7800338409475
2333.568359375
2448.84375
2695.9181585677748
2692.8526315789472
2738.0797872340427
2617.8784530386743
2388.496794871795
2791.2818181818184
3085.1065088757396
3523.1589958158997
3729.5075075075074
3736.199519230769
3370.835483870968
3340.9375
3183.702917771883
2629.346253229974
2392.7743362831857
2256.148275862069
2149.4552590266876
2122.733124018838
2003.8634222919936
1965.7179487179487
1966.773095623987
1966.777957860616
1959.9083601286175
1892.252569750367
1892.3303964757708
2039.467877094972
1956.9240506329113
1821.0189873417721
1866.0379746835442
1842.450809464508
1725.4073619631902
1565.6610169491526
1636.6355455568055
1844.9506726457398
1807.7314715359828
1779.1054279749478
1444.5939771547248
1201.2159916926273
502.2415169660679
358.47026431718064
395.1393939393939
587.7707006369427
652.2804568527919
718.6744186046511
995.3134535367545
1125.6097560975609
1284.1458333333333
1467.004246284501


