Rainfall Prediction

916.8183068651335
958.2144586184173
1037.6466341055975
1116.906539572567
1215.9715480061625
1233.9523899472902
1264.9523899472902
1277.5099123271111
1256.8440972227038
1181.7333500083384
1044.5152338066985
995.2287583227508
1001.2287583227508
1002.8022988695575
1029.8022988695575
1100.0704400063187
980.8451548486651
1028.6074583547452
1092.7649090725888
1001.9452664079055
885.5304462249912
887.8534641832541
885.8534641832541
827.122277599301
732.122277599301
687.5304462249912
679.5304462249912
679.3597385623453
650.062977652536
662.2971067985762
639.4556677937528
639.5820110356678
490.4857422178112
408.97328516672644
333.6571550100267
234.3003340761381
209.14756033832174
176.22239395510857
170.81555040822786
177.3956522401929
183.70619970079343
190.0769458487063
190.3851860318428
174.72491186045116
166.7484513359234
139.46555189636695
67.65756165720933
63.94286879990722
0.0
0.0
0.0
0.0
0.0
0.0
0.0
0.0
0.0
0.0
0.0
0.0
0.0
0.0
125.92582420015898
171.85340496701232
216.7587014455523
351.61163481775964
480.9444551570472
484.8286762565182
478.91846329161285
488.53022312614416
492.73335000833856
487.03191850635125
486.115431204066
487.3337200314562
493.53727778048335
489.5220865293809
488.8451548486651
489.63522362342167
490.7484513359234
492.39565224019293
492.339563998984
514.1454651067279
505.885760894904
485.9411891864404
497.6323069696302
508.80016638946626
504.93550064583343
507.80594073965506
510.07145002145194
491.1068864303803
489.0847762161306
532.0847762161306
777.016950369979
685.9715480061624
677.4275724316435
768.8415654532748
720.5304462249912
579.8155504082279
635.4121423855304
672.1454651067279
673.2287583227508
675.1715336564117
680.0940181933108
684.156582129631
796.0153855258246
799.2502446186295
855.1334074898264
923.2734233627534
924.1526410987501
1000.9491634930104
1006.3123828334815
1005.492553427453
985.1526410987501
981.4524383081559
985.2521844845513
1110.8955630860783
1247.1304964830874
1286.0620578510104
1284.43593539449
1284.1475603383217
1311.6092488639504
1381.4790924986314
1337.4790924986314
1073.5372777804832
967.3234793804214
940.2521844845513
804.8183068651335
714.5721549657671
723.1380131363181
665.5342372289953
631.3230013300775
624.4611613881983
621.3337754207599
623.5820110356678
620.5820110356678
495.7077237976979
494.53044622499124
446.53044622499124
379.53044622499124
378.9411891864404
301.11769798829573
294.88523396756375
295.6571550100267
295.9552313590717
318.3234793804214
328.78019326001174
247.4105267714347
342.7651928819772
315.66715257634837
321.8945464241132
446.64211359753335
418.0
402.0766030091036
402.0766030091036
398.45743149378916
392.20016694502453
393.74603600724413
505.2480936977516
510.23661812790203
520.1482498982979
524.4625671556418
540.6172161334393
569.5669224347994
569.8728008165103
620.2860796498485
639.3123828334815
663.892577288033
667.44536272201
663.2879775711571
661.5272958299665
661.8071806110385
654.4763397522935
641.2409557766159
639.3544731796902
636.3432779992313
620.8916494400135
604.5008650544925
573.339563998984
341.6124133685206
327.1200480384384
364.33370452904234
260.33370452904234
261.5143104538353
207.68527073462494
206.7587014455523
208.56272829841726
207.52133261119556
261.6760302580867
149.95033929200636
163.05630188709435
190.7299760571949
204.15797683118154
207.5795289339388
275.1913980980938
275.0685092243624
246.27957987899566
307.7946649400235
397.12333976951624
393.9041410580026
396.8451548486651
396.8451548486651
396.6202261555385
402.70619970079343
428.5820110356679
430.67399289517516
434.1526410987501
413.5239485575993
412.1212678253237
392.3138002634528
452.9552313590717
456.95385434392915
409.91729079429035
420.91729079429035
463.91729079429035
460.4451324405891
462.39565224019293
463.4090398365771
468.9411891864404
410.9552313590717
413.8923522616752
403.1876375306363
370.6893562972836
359.0819947669746
342.94916349301036
247.01695036997899
246.01695036997899
223.27342336275336
142.7859188871557
39.357714104377095
39.07660300910362
37.9285941910248
39.72760998327823
118.45548849896677
148.60164535058124
136.82124748835054
216.82124748835054
216.82124748835054
238.91383577169103
244.51380485014656
247.51433251860567
186.47549412116405
192.34591306937722
212.88014365543333
185.88014365543333
325.561919148326
448.05266807797943
447.7333846944321
490.7333846944321
490.7333846944321
554.7333846944322
545.3111795925762
566.4013422969947
594.4013422969947
579.5281509435472
938.6848638866444
965.6848638866444
1061.6848638866443
1073.8468230877763
1060.7720967954886
1059.8462674696677
1054.6016453505813
1055.7041090345529
1055.7041090345529
977.704109034553
947.704109034553
946.704109034553
866.704109034553
866.704109034553
882.704109034553
934.9454680624192
994.5011111165982
996.5011111165982
1027.5011111165982
1027.3589772773703
1087.3589772773703
928.5011111165982
818.214491100143
814.1637582580322
856.8604480844016
846.0819947669746
795.5581770798883
796.6556834220081
842.6223591851524
859.1068864303803
873.5942273432196
510.80018148835273
536.0659083097104
437.0
425.4716146729919
461.5182417715117
478.4837673744508
479.45743149378916
474.6685288785896
475.4675776201285
531.4675776201285
753.4675776201285
1066.4014925465494
1232.4014925465494
1296.4014925465494
1324.4014925465494
1646.004201754852
1678.3123828334815
1736.3123828334815
1914.3123828334815
2013.4495817253323
1971.4495817253323
1969.1753450679182
1968.8667406585503
1967.0163945441848
1884.906539572567
1890.9700892933777
1911.445663843549
1942.3824656692448
1890.319299023095
1844.9523899472902
1839.015874015811
1842.9715480061625
1836.7720967954886
1862.2770038891201
1893.048399691022
1857.9227112039073
1845.106443245556
1848.3484861008833
1854.3962617638692
1853.6770839691937
1797.6770839691937
1575.6770839691937
1263.1906926409722
1097.1906926409722
1098.1906926409722
1055.1906926409722
681.1906926409722
599.1906926409722
540.1906926409722
329.7708969893499
229.37436868916916
209.37436868916916
187.7445653886087
201.17407773400802
197.5851164649875
198.47973195023698
189.25522126418477
189.87371400084385
161.61905976057
183.1668115943125
234.66899769749614
247.0833695337456
258.9167028042855
204.4917843544452
188.34166699221294
152.28797757115703
178.1429483671235
270.4293945521492
274.82124748835054
256.2502446186295
257.12506109483377
257.0
262.0
265.0
354.0
388.0
388.9552313590717
388.9552313590717
378.9552313590717
375.88240378261156
376.76686796498427


