Rainfall Prediction

200.51995830408373
290.72816576736045
309.37261356081206
357.75701005348196
396.41850391969564
421.55608275609524
454.87947225970055
454.6304805790864
459.93431183349355
472.7102649399795
488.9425765255917
486.4319247020027
487.1747281998158
531.3404641233151
528.4146456103484
518.2275390105603
531.3985224067231
419.8416658268271
419.75398318027635
444.03505962850824
473.90742966052875
524.5385653080211
556.5814122360471
630.815846227482
732.7402715423725
817.4120433946466
847.7522687124806
962.5654266448552
1012.3256182390584
1032.6577395356146
1040.6835768895182
1180.868202671037
1124.882896899737
1129.3398935979956
1103.4798236197234
1139.3481926475156
1124.5465542180575
1103.658863137064
1217.4820228701874
1277.4565067554183
1280.1826196592924
1336.441601981302
1385.823103936451
1342.248668534398
1309.1028237855392
1294.6478940136767
1253.7510512577371
1217.9295926503733
1218.5389562132507
1220.6118911826368
1194.5821233214876
1155.2595502460113
1098.3396083564496
1070.9072656248738
1006.7583452203401
897.3993516838261
822.2680121302544
818.0754410040325
716.4055911931534
675.5280227124907
645.1318820473825
631.8162874590971
517.5305013949428
474.85338670979144
465.33410459828787
452.4022069156709
378.6470327572813
371.0753798846386
378.75280153742426
291.7420228058538
249.74088456516148
251.276176888308
204.21941596409766
234.30056535959926
283.53114659566626
285.4979285189338
287.2285412262641
292.24899325286646
294.50106375386935
355.63395604934766
364.67099230172266
406.4158681690716
436.20427675357905
592.9021395903281
607.9668037541477
610.0862046517376
615.2586407614214
625.3874311616922
655.1935912257243
653.5678006767771
650.8581497618651
650.1685464662531
657.6290503980603
620.9473275544573
637.6701706128044
618.0529377404548
648.996063025483
655.7355807644255
683.6105998026576
623.110207454833
614.8523023909033
603.5772948541529
595.8314855421055
570.210731663795
497.67798748520033
454.3465093579934
480.7201853629429
480.7201853629429
474.59983870666855
543.3506904807876
474.60995406132605
462.6550433796806
416.2582509092021
380.58814889987656
206.46538766093548
187.36754138124326
168.87062108579926
161.42130105067352
148.76332050024965
121.42824146836335
130.48786969831266
173.73556149015195
203.70971232170763
203.70971232170763
203.70971232170763
204.00557043477286
202.74618225988823
211.55092425529327
269.15142343371474
352.9339676932368
395.93851166745725
396.2317919592188
385.9804340931649
375.38133525001996
372.10695238972033
385.28417164532584
426.8866217136979
418.4949218764913
467.57765962743775
466.60403362905674
405.4592460457007
404.95984915245094
419.51587063656643
419.0768345993875
419.72533508710893
604.7604279235595
684.1883347305064
816.1910393333143
844.686995378077
880.2207798099696
983.7296322846922
1047.3357610714258
1010.8224902266102
972.7602631812248
976.6805697282274
975.7408496313095
963.9525111591798
963.2804146955862
949.2680415054309
893.5181832216095
810.8640902280846
792.5929261923455
805.2299307553612
805.9698251265175
806.0112963012691
809.0594529482465
797.0738386993684
751.9655806653344
736.2907837702896
687.6822886638424
691.4089294537664
694.6973738914719
695.6814016201737
680.4099326157819
680.4615612123093
678.6443496960248
492.7502257373487
456.23031615528504
327.80225894017644
332.98080963433404
334.44292933940716
299.6042987694674
272.69338984756644
280.0282787676807
285.36221707575277
353.361123294679
353.9417980186838
371.1924296082723
377.67687749614055
397.04621638053516
396.8614024425828
389.8278698447266
363.98314840655405
403.1376652146839
475.50050656295525
480.95026195555886
480.09068625117845
533.3188354674129
530.8389996019465
530.4444070304573
530.4444070304573
530.6410687429791
530.483638546116
554.6516070313472
622.2816043588494
623.0014359564123
637.6736954954281
638.6950844546312
594.5220970187379
589.3322620274315
564.330767461905
530.5700475873637
467.49989730312245
445.5687552829812
431.8661188440173
429.3015931976752
360.05940074643723
360.05940074643723
353.9045391952161
364.1626417805847
362.62392639277937
362.64744811572376
363.5617702547965
364.98713960753906
316.14998242564207
247.9400233452851
230.00405558185892
219.72994782725945
162.95690337619845
166.8970309903032
196.89958083794605
198.6576128097134
210.6519359272911
209.5825801368433
183.92000139282587
190.78924303649697
211.40648838292677
212.74028420510552
240.41546340630754
241.5910891442357
258.77309557440606
259.99229629210714
259.636810090739
283.1006121150141
281.43342169421925
477.35064078396096
479.2152917245233
514.6436595952079
514.6436595952079
514.6436595952079
501.79264730167034
501.79264730167034
501.79264730167034
504.3761212544384
532.9371171504939
534.8114563667325
602.2876681513202
621.0310603137057
742.8631093692113
742.8631093692113
742.8631093692113
705.6115302329556
703.753027519436
691.3630094293051
701.0867133531926
771.9953688453375
675.4480352625405
676.1076852529147
684.3173806337586
662.9070532454159
746.5471540193511
736.8180425421224
736.8180425421224
747.1012720713933
740.1844081888587
714.7791919523208
479.27268289648936
558.7173395722662
712.3971672401622
709.8399060429808
715.5936141360687
744.653614861058
753.532632526333
759.4519776365163
758.718752073523
732.1074162642412
713.5225210826892
637.5166965918427
619.6986144153033
508.0549295537198
508.0549295537198
512.5609599710476
673.1822768921639
672.8201101549304
672.8201101549304
672.8201101549304
608.6078439594278
614.0236867749204
596.4982218422895
597.0706769496237
621.6862465649965
546.0142414213716
546.0142414213716
546.0142414213716
546.0142414213716
543.538157977908
542.8583214182117
548.4597309093565
476.3698609160131
307.39120565161625
277.02535115657804
255.92768768464575
213.73920352556334
206.32704111383256
198.9740660300996
199.09615926269106
201.10308414059412
190.7246995994782
184.48090287781795
184.31166749880256
184.3729023132871
208.8517904735258
209.8934452888551
161.4526193606539
161.47817414126843
160.40362829592095
160.38085506435803
161.41224319982013
161.46964900754804
161.46964900754804
159.92201658894533
136.9102387746643
173.65804756549485
284.97153056060415
296.67571842291466
296.0477475528739
296.2763220026538
607.9336070784022
658.16634412631
658.8140212764232
658.8140212764232
658.8140212764232
686.1804619602055
690.5955221612734
688.9032644002859
710.2717603802442
707.912817821999
705.8013443534884
721.0187672614072
748.012724350969
746.2318295929763
745.461492352371
765.3360345452501
763.6067636749319
665.5324584038308
665.5324584038308
685.0765566721122
677.5078068029717
672.1730996627908
672.1730996627908
673.773511804845
673.773511804845
681.724355235687
647.8533814308292
533.9792204631497
521.3178575037141
525.3181060402839
525.3181060402839
188.04945929002767
161.01216972262472
181.6937281242842
181.46738123919917
181.46738123919917
151.22281769933264
151.79346984159426
151.79346984159426
138.0331722478985
140.29399927692353
142.77242088991764
141.94554365925774
136.4497863984764
139.8363303447967
141.52355353573245
94.24873594504929
89.96229068517816
128.09130381726334
127.42279934881223
116.41829054530214
113.14340234092164
113.14340234092164
113.14340234092164
110.8786753641797
110.60832284466707
108.83928585491921
107.44417464830525
107.44417464830525
105.75512724926128
105.57006752953707
105.57006752953707
103.00768724969394
85.07102529079201
66.10941121995283
66.1263551147673
66.1263551147673
66.1263551147673
64.58853290279598
64.36731613753152
55.85632098124185
67.64251715159564
69.9402383473374
74.06944691677738
96.57537102982614
93.46110630444733
131.79672057772882
148.85276677014076
154.0326022467698
116.69816105411175
117.15290468635816
126.91760318026809
132.18389376866094
205.8915543235641
231.16724385689164
249.56255937285928
260.63918840115025
310.8704849403925
424.3163473939595
458.5265080421071
487.39665230873044
493.60759194648506
493.60759194648506
499.5475148339277
574.3701438384336
574.3701438384336
573.614832681033
573.614832681033
569.7453857467905
555.6320474458691
562.6666523807423
581.8689550896347
688.8930397604644
689.312302263684
664.6096988689053
641.5806390629231
630.9313678688779
600.1688494524932
600.1688494524932
594.9949800606613
605.3427188443251
620.8643270198205
609.8106914085997
598.2139048651076
524.2229301143323
497.46814148177174
479.2677707742761
469.1885326927981
476.74796125390657
477.25192315798046
465.15683746020693
475.90302336386503
534.036307093189
566.6913964262626
561.590988213077
485.2167151853939
477.32602069746963
493.0714132192097
511.7423498772976
665.0305607743019
745.8893309652076
773.2334759314687
746.0314052406377
627.4092943042425
630.155561739112
633.3056124685664
651.8314108362159
660.4037941404844
707.2586166080797
790.9728718020059
790.9728718020059
782.3477667214195
795.9214523785803
890.4152597899424
898.5968086256746
903.5876522258277
909.5302123113073
914.2045360925065
914.2045360925065
862.1131095345289
761.5766562776322
741.7819141856007
731.2462760044853
672.7841724043534
638.7257836144133
638.901781833236
700.8160307246717
781.4176182835992
828.9799958833698
834.3149215854464
658.9791704199695
576.8494085577579
543.9999792971145
542.5090752934206
548.4635531831643
548.9240693840445
562.4100739057864
532.5423291065855
532.5423291065855
467.2361349017645
349.6849853330868
349.6849853330868
347.9039073093189
319.1032008361454
207.81817754262403
208.76873734915418
208.90894142576974
211.95426127162645
211.95426127162645
211.81201340380656
211.81201340380656
298.849708566865
301.8929846215174
326.7696018144492
354.4538397510352
384.8159089813084
391.55009303459707
332.8469306605945
314.06191870091374
247.04919958879313
209.1679402622765
206.9571447331952
199.1418235587812
198.1665052988104
196.81431396394916
194.2591905500462
193.76393976486736
194.24233247437908
193.60352032193532
192.64208582266292
391.8384085018389
414.19130739851994
405.53273676321595
404.0562597457797
404.9370944642723
441.257410423611
440.1437319155623
462.3482923821545
466.0970124021367
493.14391893357697
506.6891051689054
505.553782437844
519.2963036710356
535.2303130290372
512.9758385708001
489.1271471995881
554.129661754334
559.987241007193
550.9097751931605
532.8896543301985
533.3243324736233
534.9827505579755
535.7590868844486
538.4688396374845
539.2328402281265
539.5384096770154
541.0546572249881
540.6676629526893
541.2829423796788
542.6592789583724
614.3261729090527
477.24577306032876
453.2149824850008
461.7800152719084
464.0964926272696
464.43229145573497
426.73706755133304
428.72505245171
419.56532647039734
411.6648627550099
404.11785027017226
391.39373659667814
392.9643613752952
305.63210656412133
287.2212520754733
328.589827653554
360.2907517179035
346.8316144410853
328.332206022222
345.06202023018983
354.5315655854445
360.75738580465946
360.6262026762275
360.4524780351172
360.4524780351172
461.763085766881
466.0583700445195
468.6520141994514
472.62901911085055
472.62901911085055
472.62901911085055
394.76502172277264
336.5031495512738
337.86419423075483
376.52742998610626
382.000212398695
390.05634993632054
391.0379375295465
389.80085807098635
376.71907971334684
381.19077424084884
370.35324032779954
365.3259808919542
365.4266069195478
361.68161717552795
357.59929949046915
313.77157002511376
283.61434552268184
198.27712196469355
199.3218899549164
182.56932523249375
179.08901338746514
173.27443503072925
199.67612886990958
216.63101822992138
267.82284445416707
164.3719603302399
160.21714396115325
159.96407981514014
169.37166763134533
167.70400858536988
164.57526510193742
164.57526510193742
332.2447184441191
331.6712416133822
301.7961168157986
295.55100459269613
285.19779694214327
285.6486784143829
286.625819737069
286.11113388943494
286.0721408418901
281.8472003734324
280.6911745822997
277.441131836103
277.71245429127816
299.59431769960673
312.7808603209329
323.67363772811296
330.4601754090433
330.4270146223295
332.07469944951
328.01228961651304
327.7425154802229
310.5486634301286
295.1102894361146
247.1298372403169
241.94891822060376
243.14561785858984
243.2872865771863
249.89777684572988
250.84676345118382
253.3172400972757
253.3172400972757
88.3357853091146
88.46061476369108
80.51527246050696
80.12511276225642
124.75705040846051
153.06914545909072
180.5020853706557
191.4467249887375
286.4046380192743
366.4059335553844
382.5805918360218
408.96090407822714
436.74989898851277
412.1882710657688
400.9076970323627
404.72589176200677
397.95607927207067
394.0279705386076
394.24322512716697
405.5814534331565
406.6403683899166
405.89503434512443
405.89503434512443
401.7805849477009
401.7805849477009
401.7805849477009
401.7805849477009
381.1596373227295
380.46340276633345
374.1446869076939
367.0887269994671
366.7663566708495
361.3252905113784
360.4994418686891
363.211234094263
318.1416871619364
289.7799711419084
262.48156057138783
251.78984730982418
156.6335992819076
76.44574982018017
64.15027956938195
43.714551079619426
19.953781556054867
18.73582454728406
18.717480137259823
1.5649879869983065
1.564720990023863
1.5730851443907885
38.27840518017585
115.68277364174975
201.96148329637452
283.0853766965717
323.55145210626284
406.683762474756
420.8887580592559
430.3587551155892
582.9309299120695
590.1404910091974
655.5408673567083
722.4009216165482
739.1039037744703
739.7916745627147
755.2849867891389
758.5451898819432
758.5451898819432
762.9313157326765
763.4831453977623
763.4831453977623
763.4831453977623
763.4831453977623
763.4831453977623
763.4831453977623
796.371301984302
807.5954604308863
969.7663159374652
1061.5578887565846
953.8354918020921
897.7289052929221
896.3899945715749
850.3538246375982
781.4002730136515
681.821073591407
592.5595030305984
537.3720455316104
436.8711667871489
418.4118217116356
406.1055916612934
209.88959030305904
202.2126572978344
118.4680214472161
179.7445842647417
285.27644245048015
440.5104015882116
414.3230351854155
422.5212078755379
450.8994979567307
450.8994979567307
446.7175132035207
446.7175132035207
432.66059454184756
463.39122715569283
483.3870154833729
483.3870154833729
483.3870154833729
483.3870154833729
485.08311027454266
485.08311027454266
478.5762473200886
542.9937460941817
569.4116855552168
601.8190320612713
621.3833926744026
669.5609694900149
779.5449428437433
779.7506048575615
783.5071459683687
783.5071459683687
781.7776476660791
780.1712552393681
763.15290787957
763.0834304907382
655.717539447086
569.3010905582927
453.6285129998879
567.9785368382361
710.6491334650601
748.8226001714957
761.8700103068873
779.4780836051359
779.4780836051359
782.7475058452735
745.2615492787123
722.8540783676723
722.8540783676723
722.8540783676723
722.8540783676723
720.1825958147609
713.2310665488693
714.8909949220525
652.623059182303
625.9186214425632
579.5778173982643
555.5070389399748
497.99064300122586
377.2974418523513
373.3801642230062
380.83913373270656
380.72012515057025
400.5242456529307
399.00811092551623
402.6548680994741
400.99905631898
400.96710054659195
400.96710054659195
399.76149610525846
280.7894863062222
133.36841221053223
72.6160324537547
59.74499626349583
42.76645379326379
58.22420817637119
60.80050057355576
60.80050057355576
60.80050057355576
60.74566078688098
60.71648636884494
60.71648636884494
60.76244262873669
74.0589009265325
78.65805410254615
74.29910868475066
79.83045241063896
124.63226070706094
140.81826859109484
144.2062156680716
173.15670593476779
177.43890468617641
165.5686784827971
193.82513282995433
184.3775168706103
188.78909949477975
195.82034263762117
201.82425700720856
194.0651860561857
193.26298747034616
186.43627190788771
191.77246095697404
191.16846765764691
188.15967274191982
187.69545544843035
185.0287709495561
164.81992863096644
160.8467712294903
160.8467712294903
160.8467712294903
163.8084691392196
196.21796641258078
233.84880928622638
233.69109094827473
221.28369583516815
217.01798603593596
216.1359767530692
209.17585418864678
167.02454855869277
151.21780894746001
149.44474606430924
121.41387236340898
120.63917461300291
120.59733193738691
94.46954966688021
83.75642062272362
82.01768209993922
81.98542204266019
81.98542204266019
81.74102453005484
77.14059288282752
77.71472816568738
78.0190527422813
77.99553136220855
78.4636875670675
166.12425294014164
244.96291034518654
275.6543478600254
286.69824099978894
303.20677694987273
395.2192408925527
428.1099616451286
413.52028110437533
373.4582076064949
372.4931989574007
371.21964102358123
368.45068390867755
369.9584583250718
373.63142210483926
373.63142210483926
372.18621548862626
388.0218271560088
403.7661318533594
416.0687262305189
419.0674796800989
435.2008327754909
447.9226586768875
449.5824623739492
450.0122312033009
450.0122312033009
489.6384513972367
489.6384513972367
604.1198887539098
736.7359732331103
744.718019230505
736.9270945584225
703.5843437124134
623.5755133311535
729.4756076630118
728.905788942403
760.1805070904047
672.1731428314441
661.5914489959273
647.094034141754
650.1869254272157
652.2473504000397
650.8349894378955
654.5061089162449
648.8432920816088
646.6500149526427
644.0854607477063
645.9931376756603
630.7095873038511
615.7618343936418
608.0002534514952
601.0911596622735
579.0788244445754
569.6670259742101
568.7907447748216
567.2061463428068
547.2692246177659
518.964727401001
605.4395075547274
497.6461312189691
378.1604750740043
349.0006219904904
346.91186303588927
287.4437137007584
287.708097594221
162.33466551818861
154.89778261502283
109.86465368381904
109.86816955215583
87.66111546369608
85.19872457988438
85.1960189654443
85.1960189654443
86.75112855677814
165.67479792682428
165.83783267432878
270.2516718448072
282.58988322822785
306.9411194214937
306.97062328529654
318.7654799787762
329.1199891039099
328.67660676377835
329.5849809828315
328.87420768775473
332.5384981443885
332.6560421209637
349.78473571958733
350.62661759666025
264.2898837816784
288.97129825557
615.4509150026948
618.1386788997593
627.1465301716729
637.2336886665847
636.5492770580174
634.387813790479
637.7220486736037
678.8624867914938
687.9689784958244
688.6496080589814
692.6775862638223
692.9369026192153
692.9369026192153
692.3831131896903
609.6980050820752
611.6363234518157
503.75466231748203
490.26275178652986
464.3184413879073
458.41953761774863
447.15699113741726
445.62310384936353
645.7215781644094
648.4159016514003
678.6276293910163
684.292037809993
685.3849694655053
671.3685819298906
674.4084063224736
688.3470401351576
690.9703139161604
363.79876778740305
362.22841339407614
385.3802125088432
409.0890077940313
409.1924657459557
410.8932016727038
409.8396293607225
369.9299486551759
360.2536648626883
360.2536648626883
355.8473804828101
355.8473804828101
354.1469141540614
354.1469141540614
354.1469141540614
370.0517156879264
380.6549167105031
380.94982299868497
381.9900780634738
386.40731192512385
382.75572973010253
370.6726693173103
165.63061963455172
163.03131416017752
146.03782213045216
161.96922090831967
220.38434976050056
516.1200141254667
633.4244983998541
629.646892127265
637.7998383730645
644.2137587978877
706.5632649184247
685.8126901703807
667.7348401056516
667.7348401056516
667.7348401056516
666.1322764893981
666.1322764893981
666.2145406801462
673.1598406230828
774.6680705583095
774.6680705583095
785.84876312837
848.1580293777828
872.3297274917792
859.9753040112921
864.2724947871137
906.384565167529
908.7983290985985
1039.493768247432
1061.6911731924158
1077.9001692382744
1086.7456478644524
1119.9551666141585
1114.4544044991578
1104.5530326921564
1037.289295549614
739.4555454605033
645.4160005214968
634.7730744861927
602.1257160968155
589.8044299879299
523.3665183491006
521.0206717540183
514.0077611502097
510.66430748353275
507.12526057797584
506.34989013497585
506.34989013497585
602.0159292436422
596.6599156382717
523.2825292446961
530.1773544747466
523.2154296180075
465.74052868967595
440.01487466886397
436.2859350530261
420.5845365703595
377.9412027755364
375.1981981408397
265.1064764302603
280.50870248299117
280.50870248299117
279.2392157454355
279.2392157454355
366.3313688044408
403.34553385451795
411.29639599691126
561.90426403839
598.5774765418851
610.3815531548157
655.8213963277942
797.8209305259834
888.1815982489151
967.4162365026402
1065.321472454535
1077.8041207375397
1118.4323924614982
1155.7588517152692
1203.4130915028336
1212.9210452151049
1265.8337082614014
1235.016442970701
1224.618501931058
1224.1537698358372
1224.0659397936836
1240.6801870649124
1220.6913280253013
1228.5942084734181
1237.3657044882211
1249.7999497547191
1275.0641321677388
1275.0641321677388
1275.0641321677388
1234.1386011721684
1198.3318719311962
1098.0730300564746
1042.572599732968
1000.0105808933116
827.0181103968713
761.4381951333902
751.2781599129298
704.4291086185849
560.4952763287298
473.0060841525434
394.40709977998284
300.9540564981884
304.2556513308625
278.27556725137714
247.67680155776097
201.3888224649261
111.21968223224401
78.5731088406898
78.5731088406898
78.68706392080537
83.12013794451272
96.97349426859817
96.97349426859817
97.79273870412213
97.79273870412213
89.66741078410382
89.66741078410382
82.38193365789539
69.49224335768047
69.49224335768047
69.40827817377247
68.2223477270309
67.43103550411311
67.43103550411311
90.52717596256801
90.80246646813958
157.27585309581738
156.1921882558221
156.1921882558221
156.1921882558221
157.84210573739767
157.81242285906595
152.36859634447217
145.3445121158263
149.22413097446955
146.5498633942819
140.25238581580672
130.29131393042866
111.72976105359703
111.28612974275741
110.91252713496911
108.22196576407973
94.71063434765153
238.6080069752989
248.50549036461456
373.89946904111883
390.9744859433284
390.9435280602849
390.9435280602849
388.34762149945965
388.34762149945965
391.05243832738756
394.0360446810031
393.68524858003815
393.6465893938156
372.5594373715879
369.5272992494541
307.08153537855287
308.041045337705
326.3768218459017
327.49253048707783
325.90040372015767
327.1066237803017
329.10636716460056
328.2582372785511
324.7978471448254
324.7496048955418
326.2795037088341
331.6977351021374
331.76673121238235
333.1244221987768
334.4207592469181
335.7639909368961
352.56182497613037
210.0368319006734
199.90818545539426
69.4633701996729
80.10866037962681
85.53424674576851
85.53424674576851
85.53424674576851
85.53424674576851
85.53424674576851
85.53424674576851
86.57732720533598
234.56792250071288
257.8134067395009
262.24050729700696
259.8868655689921
262.6457494922298
243.33356202956585
240.01540218756003
240.06127157957448
243.2749404522601
244.65577379346578
248.31437684203084
248.53404997809122
248.7562839447471
247.46028178568562
253.31040665059544
270.8607812453249
275.54088113725277
277.29591859672576
274.37085616427083
256.42290553205237
245.3425000096371
243.13637573233143
241.0720669789517
212.45154761359973
206.20297475326325
205.58780446230998
205.58780446230998
205.58780446230998
205.58780446230998
205.58780446230998
205.6807209177696
55.157703636229506
31.104138088457177
31.42998642385301
31.794435153542732
28.955646300547844
28.955646300547844
81.69471498011693
119.62455700725792
134.14182065259018
144.14362306966927
188.85756328719933
188.10942097910916
188.10942097910916
197.95296908724228
200.8986977938977
185.58090851928964
180.86774258864102
211.50332113785709
215.62734132717463
223.11651161135018
300.95012518494843
311.3978787753952
360.1358915011023
360.1358915011023
340.6362085335125
333.1544951422352
333.8597951563415
345.27169166249865
343.58373601084304
343.58373601084304
343.58373601084304
343.6888569448332
344.87923832684
344.87923832684
344.6030633120875
344.3302600268268
346.50269068945664
298.13766569485
262.20844067642247
251.30580281045894
242.03856062438996
200.57524858446945
200.6753679461451
261.2051664299008
262.9951799891023
254.09452218560182
251.92277413273342
251.88332656840927
232.34065467948096
228.54069070107823
223.11217073193149
163.9413030682319
163.39845107131723
135.25513259547466
136.34151920266723
206.48712583368325
253.50451406589295
250.32493552639463
261.5992218350051
280.1975862049897
445.4049941752044
420.2160091016526
420.2160091016526
420.2160091016526
420.2160091016526
425.083108558928
430.5454609346539
427.7314383141659
392.0692264948889
462.85925101385044
462.85925101385044
462.85925101385044
463.35454040305046
466.4560817870117
393.1305289206808
384.9687616359244
381.4411496462768
380.20581333280575
343.80344268892975
332.1003295622468
331.6658494391486
331.6658494391486
327.256802114264
334.67179577131446
324.3655669074725
321.51719098309684
236.66092908586995
193.67990833260657
193.14927844676382
193.12776541994612
193.235722906977
72.72882977542817
72.61597951766028
74.73615410211751
74.71979965796936
74.59103159712932
74.59103159712932
74.59103159712932
74.59103159712932
70.83312073476432
11.185496643178467
11.176311273619023
11.176311273619023
25.01364904095686
25.01364904095686
25.02830523026298
25.02830523026298
25.106829987972503
27.788081063556447
28.51945615373555
28.555965226084602
28.5771479960335
28.5771479960335
28.833142659806708
32.22895758887643
32.91096316825733
39.65247363357869
113.63371792061551
157.29298849011516
174.0390100784164
198.76979662724474
282.150177102757
298.0211245647871
307.9559275235134
303.8600222996942
304.13921378735506
306.50002099204124
365.3052575777236
422.9225095859174
420.6485624448556
420.6485624448556
420.6485624448556
422.07733797220044
422.07733797220044
461.2024844696235
461.2024844696235
459.8601720512896
457.318412054052
458.49403779198013
510.2215702608189
556.658786908981
560.1856641227655
564.8881670744781
564.8881670744781
564.8881670744781
555.2345713351928
580.6226624093064
596.8453385375631
523.460520170024
473.6167955154518
455.525021607631
451.8008725308618
364.71894407561774
340.4373241753127
346.6239753436392
430.5025427724644
445.30197005266683
406.3136777906539
353.23031343250676
294.4595751770125
340.5532895093798
380.1560985975306
376.3752930935233
376.3752930935233
428.3509288064384
379.3623985942655
473.15751131757213
520.8801010977523
551.7141993030339
550.5069472257844
494.06963437358405
480.24017734693706
515.5994475391176
501.57178755565263
495.2653549796576
495.2653549796576
495.00138348030515
492.47338036652764
492.2311443274296
492.8812130204431
489.38581682389076
484.43325084181265
480.2290910514265
472.79191486257696
473.2240676961061
473.2240676961061
422.7113863128139
401.661073534448
380.9715573410358
370.2561253101054
370.2561253101054
332.06351639559597
296.6883622796779
295.04923975232657
295.04923975232657
248.71479235439804
243.388993802912
159.77395654458118
118.76530769813868
105.98339117457219
152.85041842764934
211.45915082580245
247.80213414000582
219.27794315725365
283.45616851480554
304.38308800576425
310.38630346650683
310.15742316259934
311.3280531706142
312.06083254849153
316.7160745922865
319.93168421594333
325.8084493663315
333.5649638135284
333.4383788041717
331.8490579662901
330.80606418005095
328.5342568285013
348.0824294621346
362.8611635814658
356.69523442022887
349.2173573429116
352.76416867588154
366.84232485868506
402.63181996684943
400.4334796744803
399.8241264286964
399.8241264286964
399.8241264286964
399.8241264286964
388.1625894078594
339.2951961776854
278.2109546399679
209.90766637506562
188.25052619351123
124.3897282222611
107.73038962106541
97.82603878516308
98.03182248866626
96.9558551184122
96.36681121417827
91.41584688978085
91.41584688978085
91.41584688978085
91.41584688978085
91.2948737818531
91.61425527011855
91.8449700530465
92.9876044693944
104.30989699153093
101.47392157125118
103.9511576194687
110.33419853577753
102.89360942246873
118.27958206892411
86.65402536600322
145.02003677983149
143.6015846009222
183.16182342241086
177.00080527431066
206.60589597150948
219.8995729240999
224.88470178132133
224.88470178132133
219.34566971774197
215.46834727323645
215.46834727323645
210.87533967119893
209.43565099796535
209.40664029272807
210.58748091205032
208.9789296066181
208.9789296066181
207.95382293741318
205.52661260953192
214.14808835545278
213.2970560465351
212.28048097990407
215.3732724381579
217.45921212278895
199.20723988226712
189.29902638026954
189.29902638026954
197.12130019763603
200.2846349314345
225.0638424155889
275.8340580302683
232.91490668590015
276.5318218402448
239.40882329883453
240.0328258232118
210.28092735106964
197.10723991506094
193.34770127907885
193.8847782270763
244.37001133883578
313.65293763050573
331.3764769144213
333.96650982587664
347.67887130806645
348.8265192773382
354.51302353638204
364.63659370451063
369.5938887850856
372.45392858710073
368.34624945505163
380.1389138982668
384.17786155170216
389.60158625710784
358.4219977045534
355.7904118183232
355.7904118183232
355.0346661752349
354.53434556864266
346.6674592024745
344.04516374708516
293.1726319125314
239.1533455315104
242.82455916905553
229.18862280103082
229.18862280103082
245.88738526556804
259.9406952058094
266.8517756591525
265.22971601538563
263.53017545067337
214.02299949917833
155.29780783537092
136.87560710932524
141.54139214412024
130.61885862222013
140.02341644301998
147.41583281704422
148.46133517744877
143.73122275714468
172.356676780663
174.7055588959615
155.56299292926445
155.56299292926445
155.3414838473265
165.40943232240087
165.25529933801127
165.21709007422885
172.36239380003025
171.58409013744392
300.7834621991468
299.4954437604306
297.7247531320751
293.47154237304545
287.3937370119709
244.32311174224765
242.43447783218807
227.24646616488874
213.90920178500815
207.3623754386029
207.63765103533592
208.26676394945025
206.56058124157104
197.35738702783766
206.33415753560817
284.89315806570767
284.89315806570767
274.49457015928897
301.43909312582036
292.5412711225298
300.1595333913457
274.3784208336876
275.6869580775143
285.43185474782894
301.0854361251986
344.54938725872574
348.27101707923924
347.1651661729278
352.89901546302195
362.4034034319245
370.3099577012071
246.58285820978162
268.26307467851507
268.92629030283774
268.92629030283774
269.0624226666534
275.01180305527
276.58190009487646
278.24334458392894
278.24334458392894
296.9353159091449
307.76533378879947
307.5605874314037
447.5131120433125
648.6958440330052
700.3887470500563
611.8391765871321
603.1725873519528
603.9256013143195
563.3082776333666
571.6201982435593
569.6277765789712
582.6726874929934
581.0337923403949
595.4368228198878
645.650556513866
650.9017655424607
649.4838547027497
653.3037130226893
652.5681082565086
702.1726328154725
707.7542912639262
769.1525341969167
746.2677345582566
747.3840662479473
747.3840662479473
750.1748954721742
752.4075588515557
763.0967379790557
763.0967379790557
763.0967379790557
760.2683586685329
759.4156603785517
754.437821798989
632.2553747938367
426.7161235773436
372.7512974617164
369.7972026443062
383.1635491936521
382.5006353851107
382.5006353851107
388.02734105566424
471.7089888375881
455.3423820377709
456.5023020022618
440.5512681079937
368.2125323613287
312.1153232171393
312.1153232171393
317.6956079469821
317.68784913911884
274.26107947531926
394.2503017457714
338.6887899555128
377.108984278564
468.1352908285622
464.32087111146535
458.88478265305645
439.45856017637334
429.126061474524
455.795975467384
471.3425385474844
455.2557624878433
462.34287928379763
475.7828622981059
449.62256505241686
449.21480294459553
448.5154032549939
450.50949414473365
449.9323757691158
480.00531023927584
472.29390964019416
534.178699924742
484.78372004609565
564.2230691292793
570.810240668383
590.159740352057
588.3801278688
587.6820712702038
588.2899613404444
588.2899613404444
587.4630778406198
558.8778980079306
451.0688767361551
442.9323468288513
409.87769408042954
353.43051784850934
359.8995008545039
359.83793468641284
362.4600243495516
363.405836283666
334.73156221123554
319.17666223889864
318.01475951894264
314.8659403085238
298.8296565157776
296.8720491558687
296.5262526952424
296.96751581988394
296.58863445277126
300.7053256148671
268.4966230843017
279.1103879739515
217.69695964995168
183.73834679824452
95.11856538430021
87.47982707402424
65.01879039285586
125.90769985550214
131.945708067648
131.01903955540945
129.20892896534428
129.20892896534428
131.64683328544513
122.50469208506699
122.50469208506699
122.50469208506699
132.86578544549553
125.55207248519304
126.91569847082575
127.01315823334342
126.39658950405534
144.89365138269758
178.2722033836676
186.7329521200076
216.78511050276663
315.3831577495069
390.4743857851038
417.9348972481564
442.16300723355675
504.3397474196971
465.5360821046515
454.5628745715211
459.2877127318751
449.0068924973178
485.63640214841473
505.13275405948247
505.13275405948247
505.13275405948247
448.25316763190216
416.94912787977137
419.69836548899514
420.3152321143339
469.9093532978216
533.9054282143958
546.1848051374851
546.8078061672671
545.7569400654543
561.2735589496682
597.1222991304383
605.4161273541009
619.6218616077599
628.6557995557289
606.7077365917827
596.1202439861951
610.9458198411656
578.7975278691086
500.9716803996203
498.91006854612397
500.45627743624624
488.6020092786421
452.36388090501197
520.2687669782277
523.9054931274833
531.2091419360722
641.6358982134981
647.9161843297803
696.0650445546105
696.0650445546105
696.5884017309673
722.8213171533216
738.5399510384008
739.1039037744703
722.0779896374725
675.3514047806585
625.0467390845795
616.9155328014276
607.8961006473394
608.6979505487983
556.2628044184116
520.4249056839753
511.55679933713884
508.91759040450734
501.77817204116985
524.2323649986731
523.4951697163416
506.67726405405176
508.19899189193524
505.54027912018023
443.16867352651514
427.8969758745024
419.71465746927777
397.9479393709916
328.6321758668831
327.1451524466709
320.38324532182145
216.09484817508573
179.44085287825303
114.42431278978982
114.66057710297174
134.81360006565998
138.22149484923773
142.5978571208749
155.74532078636216
228.26925243575906
372.6957635914736
463.89776923224423
493.4767980887104
500.68258158444905
500.68258158444905
500.0593823129493
502.7953110968526
523.7036309642465
514.9180613444871
510.79092326291243
491.2764477327667
496.3292039081875
499.1598895811045
531.4056435086926
536.867265252961
546.7244089204589
554.3077289694563
563.143464109914
584.4596546771344
589.194333013567
589.194333013567
589.9960888841915
589.0361593981576
589.0361593981576
588.8263679707447
592.1068244017953
590.4511210091604
560.2984709431508
555.8515016818296
541.9584838693535
462.4349274422926
293.0388586147861
177.02161533421094
139.98324658736064
134.64757764464937
134.64757764464937
135.7024570007961
142.3763483287041
119.01772868102609
128.42814191839216
136.10567454743233
161.278558251047
143.45892817974593
143.45892817974593
106.99645060072716
102.75642922553334
104.9671750683805
114.88318941729469
104.81993017315031
86.1576299496986
82.64681870800855
82.3658753503504
81.41127930201152
82.3658753503504
79.69317388959125
80.47164267027186
80.48333894544415
77.24239912213767
76.70224248491992
76.70224248491992
76.6688778989886
76.6688778989886
76.6688778989886
76.6688778989886
76.6688778989886
81.3490894274783
81.0679794765916
81.0679794765916
72.53450795273986
78.40126962538794
85.87841101674911
82.8918844395019
60.430857688153
55.61778052714966
57.22213958081744
57.22213958081744
57.229326216015195
51.880791055639946
39.04430667073934
39.34682027723994
56.2841408479931
57.67846841613891
57.865904623405406
94.54652087555762
120.05667222142866
148.19442677249265
148.19442677249265
148.19442677249265
149.51171056602593
149.51171056602593
163.92464660632635
197.7160574706984
199.6457460577972
202.51942137811596
198.43758275320056
196.00496135126997
191.80224027518148
192.9883514065456
190.82197764695272
190.70862606713473
184.84886381367528
168.86769403151317
165.13875441567532
165.13875441567532
165.13875441567532
160.3444034810267
160.3444034810267
160.3444034810267
160.3444034810267
167.80228271270235
169.93310535032396
153.41922990875642
153.41922990875642
153.41922990875642
119.85877336621597
104.94301490286465
147.02676199589158
158.74628650281048
171.48942521883146
168.60498576534746
172.98050061872846
314.8802674366679
480.00317375427744
480.410298330835
480.6619334167399
485.1578653358639
485.9436616053752
508.15433382739707
508.49407530671436
561.6967638224162
562.4651490989042
562.4651490989042
559.7765011586608
558.6513280500492
555.6126290289275
602.9679544884485
636.5847519510788
670.2015494137091
670.2015494137091
690.4783478832321
683.0079484470921
679.3322486765919
722.7235590768714
728.9163608546208
726.9546834995361
726.8908042361178
712.1862646101174
663.7265234081165
652.3276291731605
640.8221455510287
677.4379131374569
686.6409442084959
528.1707979735639
332.2440437189423
345.2299538873831
344.2503442008701
351.6323411841774
358.4557156672207
336.93654353485977
336.93654353485977
289.4488609978913
358.0666857720025
356.14234873659484
355.22451582490544
352.6589577975082
350.56128187281917
304.52191429930843
275.47799402708984
241.77503042646578
240.21367808303205
220.1504242297708
220.04433607894293
220.28432870104598
175.01239860288325
162.82167950206457
165.080791317621
164.98706161469408
164.50969083164694
163.69318762782788
162.99003051494415
193.00556438223217
162.93934871200193
188.9543281881766
177.33414223008018
273.4509418429198
259.69795898611983
260.629443372313
253.22805757127944
250.05637499864832
327.9218778534437
348.84948534239527
360.0646084367299
291.3868701076823
290.70017980227107
289.49187746685493
311.58544202892494
323.40577520180625
394.18307744245715
465.0283787144396
467.0422214450847
581.6605291751015
598.2019005526518
598.6597429520468
598.7173858138854
600.4304126585027
600.4304126585027
599.1140047365286
599.6727642977345
609.745720060441
617.1126125578154
655.2131036231505
641.6098804047635
645.2277182296681
619.728226496133
618.016270069348
544.9727958598592
586.6304022449583
579.211924395557
579.211924395557
579.91260890285
493.775409700425
474.1001686420752
474.69360251943453
475.7288934190542
511.81982335203435
749.9633993824046
864.4036686855437
672.62814477995
451.5972762177264
343.3942682720482
350.10498603798635
189.72829316206702
168.81946085441064
168.81946085441064
155.10569103035027
171.67909970705247
171.18980006767487
165.81937261024177
141.65187965525416
153.4109179085058
211.89427495047386
180.76156193674305
224.4681741062446
287.29778264794464
293.40154274111285
422.6230933531447
430.0838184397006
534.6437047919142
537.2564442437376
537.1144623765824
537.1144623765824
537.1144623765824
537.1144623765824
558.0409998717739
645.9546532579952
690.749220549352
739.0158586312167
771.3558167362698
772.2381264167522
774.6725359710625
774.1552374840609
773.9498427567129
782.0006386245012
809.9100642995005
809.9100642995005
813.8279473332024
814.4787834521788
1034.656345134416
1026.374001254094
1037.0867357824088
1030.6303944118777
1003.6737238088986
1003.728613379504
966.6947429093946
918.0562621084343
942.5845411599955
874.7689216342625
834.6546723510539
691.2987571809226
688.5375445717133
681.7758376928367
681.7197819352019
679.1178966214015
695.8691054938027
675.7513181592896
591.6490605712272
548.4024016639302
502.23194689334673
470.0173106538696
469.95489453243397
469.67581352691366
465.91558448846604
462.4208865723146
453.9832926621666
427.7531468639081
427.7531468639081
425.6846980746837
411.76991306954955
201.26972066326252
185.71595836686421
197.33211827652354
197.1932027364627
161.7113366927319
167.25589165451672
172.00659975000343
154.96819307643798
122.15050751902413
98.40715698197458
115.90362851581568
115.90362851581568
115.94096181277445
117.51055670376779
117.52607189525531
118.31153388497899
98.81812797931691
99.91004099566295
97.50726509112823
97.09630843168054
97.09630843168054
97.09630843168054
97.28732865780286
97.17040161364521
99.05556048354244
97.0555331085584
105.97368520257706
109.27947929243496
109.06223357499474
132.42314377407547
132.71259611687123
132.71259611687123
163.29656888454525
221.771680156201
249.0834634266691
348.7501854193814
370.2448039352139
402.5931511987305
475.596709282767
490.6738853385239
473.2457879587919
493.81522935813626
524.2706766870213
526.0905647796503
641.4083130496284
868.5799063172877
917.0337225156562
973.4909194714533
1002.5109739814424
1042.083775585973
1042.083775585973
1048.9430611974249
1051.5812479710603
1061.3365652956627
1100.5844989852146
1138.563965991598


