Rainfall Prediction

756.0723580517983
779.2757735012893
769.905019116342
780.9578261438601
754.8264227154855
687.9376049325607
612.5
617.9519165946455
581.3132674707979
652.9786625349701
698.5191330204998
720.4041288618209
745.7267250976727
713.2008569406172
903.7350889359326
915.6051978754117
879.1871332733291
943.8986806326691
1002.1353641783951
1028.1498987863006
1043.6946659232615
1168.9286131998801
1352.839871846195
1394.7734283727852
1362.5040773991109
1234.1401297650023
1215.7495605674956
1227.1477335223692
1245.2144155951505
1245.1766130304075
1244.113761749714
1283.1131761589024
1226.0651325703664
1183.2277069324666
1202.2628081152227
1060.6681352370222
1169.5830734129959
1171.6566630489476
1136.4317608197982
1134.8824675082494
1059.524612587359
999.4187065531969
959.6574596500047
896.7382344864898
870.154259120731
795.371994521197
775.060194680491
774.3365677359222
681.2248293440413
562.4445639004658
564.7214169507499
536.895616770254
434.0154444667879
252.16670001844827
149.44740408854398
105.81654443373712
97.52620230882201
106.3415207340527
88.7358759331564
62.55174410811859
62.65988392693528
63.443503929642084
59.77546331958788
116.10317080180094
200.62244911877818
200.81479846510757
197.50551378641023
198.17265234950753
197.370354094844
206.5645610529751
200.04304103826743
197.57511944028204
195.56769704983637
192.48457719543995
201.4249652121841
200.26089417923916
200.0823805905235
204.06343272062443
214.45150934482857
218.78418827330873
228.73588539070383
281.73335959777387
622.862025295273
623.9839702701408
662.7819426502818
736.2157902962115
823.3337934449852
916.2642223458429
1091.7136971853695
1339.8105672970505
1341.4659368632385
1342.680120268921
1380.746888748109
1342.9392138998114
1280.6861854203014
1278.2714167764502
1283.010673261129
1281.2518296673954
1290.9806339969975
1327.9732592119676
1327.644867325628
1327.702491908856
1336.4025167255888
1465.853219334533
1539.288724755622
1569.1436373566357
1601.919153438285
1602.1357732597112
1644.012132000403
1717.9100101070446
1986.1928598450556
1976.85643542571
1907.1838876298957
1563.7896575657376
1635.5604682389835
1611.9525538177202
1536.794268960001
1458.0919871580722
1393.7306992413055
1228.240817014159
980.8700939233294
970.9195247994473
1205.6838468155997
1170.8220551378447
1139.2360767351988
1153.4944516343096
1091.5178796833975
1121.5706214656657
1132.5191918574685
1162.9028472843424
1240.5465969565396
1257.3061833410259
1320.1897083236638
1324.751116024848
1202.1920037192003
1125.6751817908637
1098.9199747924586
1094.4994857237414
1091.8505534267042
1049.406068524971
995.5054387484131
726.1927582534611
724.0702789465108
819.1645274212369
833.232462131557
763.410492800596
747.0855130784709
779.6026344033527
817.7989595452719
875.7116271858993
854.0883256881198
954.5814089818034
969.0472740505791
858.4649253731343
890.7430378877035
928.243571899814
941.1701111760497
1001.8743114246208
971.7352041702321
965.9378801349118
940.043810179472
858.1007688764954
849.3434711866323
789.8451201652791
776.1016528855241
776.0777385842011
775.5027894397646
780.5179905177567
752.3250436300175
716.9765765441964
745.0279765105485
655.4839681785609
659.9986807387863
710.2321219997291
634.1818520128458
633.3149495072032
629.6324803524953
630.3885625651695
596.1075789697259
554.4233785822021
480.14703151966654
480.1960966781222
406.4926345960209
420.8232037896611
291.423366306864
307.8373646087595
333.69122328586246
355.465307682043
297.9377165203165
298.07905996589096
306.31787442556305
338.44438497136895
307.987855969293
332.39531261967943
321.56352464116156
323.13330853546506
323.2326914817109
317.9016923956528
311.1181300490001
320.07862360630526
312.16851970636446
295.5017446878248
307.8440067763221
560.6309539345242
558.9074901028547
558.241337875509
548.6709201980304
563.3222858533932
589.4892356311138
586.8376151403519
566.0298460209484
559.17758028371
554.4668201806653
593.0465854549648
562.8584275935261
592.609225516084
539.4175619854885
468.46457966291615
414.87489752815463
401.45766181025715
406.27663311133085
444.54240339629985
391.7152759946362
440.86815411955854
430.63320248856746
430.4490480301759
438.2797281993205
437.3539469479067
447.2471606802857
445.549602731635
346.95372750642673
395.67647279830294
405.96652608583895
594.0094863584534
533.4357142857143
903.8387492837303
894.3216934619707
956.257007352462
985.6636412811689
958.761834938993
995.5839725991245
1015.6900275152648
1000.5022318980818
1005.5153438365016
1006.5100719800962
1032.8996494348908
1028.2460791387655
1007.8640150646729
1023.4934727120578
1022.0475304370133
1064.8911806543385
1064.8938746438746
986.3085560761635
979.5829563268779
1307.13701303207
1378.2534924203328
1360.637294999672
1460.450298759906
1671.8692511624017
1870.822146184559
1866.3708402065206
1812.7638255574113
1812.7822087134664
1814.4874850159615
1672.9427248715522
1500.6866122064807
1039.1314449804397
1039.371653015344
977.9849692252274
974.0510333462752
957.8606710099093
998.1267378914343
992.0349794074807
977.5389962673133
979.375087112529
936.3990553388063
942.0382074622207
934.5785717039533
936.2841774347983
932.3167184270003
926.5880897580794
908.2857142857143
909.4285714285714
934.2857142857143
911.0622500427489
544.9982269994723
467.183764210644
495.6802658211534
381.99130516956603
187.69529870947883
38.26074728690739
94.23056942433779
507.36624977770236
586.6146413326628
999.6026402928804
1049.6334916669311
1072.0588235294117
1151.4262764289845
1147.2360569134971
1154.665325711496
1215.9724192510457
1241.9555205892245
1240.7120744871363
1274.732142809955
1387.1975427510083
1483.3096070316574
1492.5680965153742
1489.1259806410385
1496.925020019729
1498.1142460491153
1497.656931633653
1503.9732809623167
1484.8388306889417
1469.304977456165
1513.5836628914428
1512.3197049749074
1547.7840252899734
1535.8782870627313
1521.370161066939
1523.185005910977
1533.6571412522003
1526.2351336084396
1533.387660866823
1306.7731404958677
1292.5184407853312
935.3363361953676
939.1764883015055
973.373673967045
945.8430415114087
979.6102409297113
976.4763921942623
894.934523171368
846.605661174664
858.7877039969864
785.5296907663353
704.5034213577524
642.5138637941652
640.7328701162946
641.4847299150589
755.1649504060948
769.9481611100604
764.010978926993
755.999360444932
548.5629210639288
572.8470535948006
682.9753481998696
750.099551388497
775.9472660230896
921.2209402543058
989.536411054604
1016.2591352919876
1342.0990111278268
1412.6447488584474
1318.3359402057174
1114.4820587338986
1094.6105193351846
1007.8541557194094
966.3276828027819
1043.8195325788417
1023.0412409751126
884.2715730077676
989.5044951491349
1069.7525807362267
1095.8509288015
1157.8873092701285
1440.7386915957322


