Rainfall Prediction

506.7868957802013
506.94922869225604
506.6521795107087
505.69056652181104
505.1140377155983
504.3932821443036
503.91692220583525
504.2431278489279
503.3981547109491
504.7055531797529
505.21807620376586
505.8217857958914
505.37225193730774
505.21807620376586
505.23531757269393
505.1835094854465
505.1835094854465
506.7720125860875
506.7571082056488
506.993067316259
507.4216085662134
513.0254134897148
513.9587457006073
514.0747570133495
515.9717880132044
516.5729783762491
515.6470641051615
516.6227690084894
517.2780223481004
517.1276107438424
516.8732150195567
516.9107473391146
517.1223807267394
517.1171477839234
517.1849487186722
517.1849487186722
517.1901438678063
517.1901438678063
517.0435776358914
516.98536418309
516.8247374625672
516.9587834560414
516.9534582506535
517.1171477839234
517.1014313701046
518.1281002399766
518.3370153061238
518.5592484364329
518.1045933445259
518.4601324223764
518.5816268244652
518.5233295102953
515.7444420462643
515.355113285716
515.4617485706889
513.6248159134788
512.7733153421161
512.4721888731108
510.19022706271807
507.7114172776265
508.50993408325843
509.0377479781684
508.8566996271695
508.94158787030483
509.2273939597204
509.07357600505003
509.33254024333337
509.2742596367022
509.2742596367022
509.0497046219395
508.98978099846425
508.49733025988024
507.7657126054778
507.90021834923743
507.8466256227111
509.8314972494534
508.7218653398529
509.43661202103965
508.92950401610796
508.9052933984378
507.92691094882247
507.2380671878349
506.993067316259
507.43559391417267
506.742182581906
507.1522522683279
507.1522522683279
507.50523975623986
507.50523975623986
508.2935394857906
508.1901111749501
507.16660390717846
506.53096085107927
506.53096085107927
505.60772116132904
505.21807620376586
505.21807620376586
504.8315358054493
504.8315358054493
505.557701397785
505.557701397785
505.557701397785
505.557701397785
505.557701397785
505.4400633902229
505.0265564268281
503.2954816779663
504.72364176407785
504.65110335394013
505.35523125046586
505.30400509836795
505.30400509836795
505.30400509836795
505.30400509836795
505.7891331737144
506.2216493808364
505.21807620376586
504.79569190612165
505.1661839643966
505.47380747790993
504.43049517677713
504.4119047780306
504.4119047780306
504.4119047780306
504.4119047780306
504.4119047780306
504.3932821443036
504.3932821443036
504.3932821443036
504.3932821443036
503.58055371556134
503.58055371556134
503.58055371556134
503.58055371556134
503.58055371556134
504.167257298216
505.9835532286018
506.742182581906
503.5402848887306
501.2855020919641
500.08340310598254
500.05578288160723
500.05578288160723
500.05578288160723
501.00959700122274
499.3717573782646
498.5178175247608
499.0438783554172
499.97251319744026
499.34233851554785
499.3717573782646
500.02809469908306
501.08552497795097
502.0511714422342
503.0871806060991
503.3160940525881
503.3160940525881
504.0138938720752
504.0138938720752
504.0138938720752
504.033184052622
504.033184052622
504.26201220318615
504.8315358054493
504.8315358054493
505.1140377155983
504.090848386975
502.614410754521
500.98417220693227
500.933147923247
500.933147923247
501.60297266786637
501.60297266786637
501.60297266786637
501.60297266786637
500.70060575689024
500.70060575689024
500.4364213715439
499.97251319744026
499.0438783554172
498.0985451824639
497.45688024848295
497.8327105819484
497.2819240039694
496.36530687008053
494.4205554005156
493.9154652970498
493.9154652970498
492.1513133728591
492.1513133728591
492.1513133728591
492.47251896343926
492.5252410405387
491.877046330536
490.0253043837468
492.25932282872634
491.36738302666737
491.36738302666737
489.15871201805976
484.26124868794375
484.26124868794375
484.26124868794375
488.5942347776736
488.5942347776736
488.5942347776736
488.5942347776736
493.5343039108447
496.0168860220559
496.32710102136866
496.32710102136866
496.32710102136866
496.32710102136866
496.32710102136866
494.94824911059874
493.8684753763391
493.14070198619265
493.14070198619265
493.14070198619265
497.21119502745785
499.1940888156804
499.1940888156804
499.1940888156804
498.9832341765815
498.9832341765815
498.9832341765815
498.9832341765815
497.7652818255352
497.7652818255352
497.35222399748415
497.35222399748415
497.35222399748415
497.35222399748415
497.35222399748415
497.52612886137865
500.02809469908306
501.746483653657
501.746483653657
499.5466842271633
499.1042009456022
499.07407964868173
500.08340310598254
500.08340310598254
500.08340310598254
500.08340310598254
500.11095568508586
502.7019042890115
502.7019042890115
504.2242102917422
504.2242102917422
503.52009424045275
505.7070581459667
505.7399645514322
506.3464678115031
506.86099593456487
506.94922869225604
507.5606221794159
507.5606221794159
507.58820299922326
508.73419658579894
508.75881466085906
508.77110155704946
508.77110155704946
508.77110155704946
508.77110155704946
507.6977988797788
506.53096085107927
506.66723380353017
506.6822665064032
506.6972776776756
507.9535348210886
507.86004985103176
507.3795393049085
507.3795393049085
508.08563485774295
508.09875239638654
510.73080709344873
509.7760173893305
510.1795415389169
509.36734919801285
509.39048922290425
508.6599856743233
506.12705504480317
506.0953340123584
505.47380747790993
504.88507732723264
504.7597274810483
503.95581549533006
503.95581549533006
503.91692220583525
502.0511714422342
502.4372986000256
502.414957051378
502.414957051378
502.414957051378
502.414957051378
502.414957051378
502.414957051378
500.6220032880933
500.5956792151575
500.7786592644183
498.29396233853276
499.6043975603646
499.6043975603646
499.6043975603646
499.94461924187124
499.9166560552133
493.678657450892
492.8880385533127
490.83575801013995
490.7144560109826
490.5919579396741
491.30942989788014
491.30942989788014
491.30942989788014
491.30942989788014
491.30942989788014
491.30942989788014
492.1513133728591
495.4535002813568
496.7406509851346
497.9663955425227
497.3171273181098
497.7652818255352
498.1966696145139
498.1966696145139
498.1966696145139
498.1966696145139
498.1966696145139
498.13134656232654
498.1966696145139
498.64379574156857
497.14003212858574
495.4946470165197
495.4946470165197
495.4946470165197
493.63073149298725
493.678657450892
490.53025345082983
490.53025345082983
490.53025345082983
491.0748598272219
491.0748598272219
490.34328401527995
490.34328401527995
490.34328401527995
490.34328401527995
490.34328401527995
490.34328401527995
489.3640585866094
483.43011584087577
479.3327812364654
473.9492264496733
473.9492264496733
487.2245207734662
491.19270126238
495.2455911281641
501.53051314821323
502.2572800196535
502.2572800196535
502.2572800196535
502.21181066165997
501.6988532797393
501.6988532797393
501.8175464861615
501.9349775330291
501.9349775330291


