Temperature Prediction

455.8187374385711
456.815303275692
451.2224101161848
453.05985644173484
458.39796162492354
449.17830568520696
456.07670364218365
460.84032343388225
456.1436208770041
460.8252845687175
459.277601644401
454.48845538874417
453.0644526544054
424.2019696111099
420.6679512473527
390.9841949426267
393.7692493536944
397.5356689727706
401.67389191069174
408.8291546184501
406.6539617211762
394.6472253470156
409.03084158367204
394.2188833823469
386.8313100319609
388.880783158131
413.21118308923025
414.5557326747077
365.4557422124146
368.03676725453164
336.9819149206975


