Rainfall Prediction

1058.889984842618
1164.1121080033486
1225.5374331288294
766.2558319517053
734.5747068882783
779.3458795682441
788.4732081688002
800.0837456166698
745.2784714454054
744.8999932876895
760.9743753898682
722.8443815926081
720.6288920103051
732.2526886259961
726.1893692419354
726.1893692419354
733.3866647274137
737.6713360298068
603.284344235784
587.27506332212
703.0305825495788
703.0305825495788
672.9725105827132
657.4283230892931
647.8209629210836
620.1290188339842
599.9016586074754
598.182246476774
548.791399349516
527.1565232452313
523.6277303581238
507.0384600797064
452.28088617583654
415.4852584629207
372.95039884681717
294.93050028777964
260.7354981585745
249.355168384375
235.24667904138414
215.19990706317697
159.14144651849813
133.76098085764772
124.41061047997474
136.90872872099865
142.828568570857
158.74507866387543
180.41618552668714
177.97471730557686
211.24630174277607
214.66252583997982
218.3575050232989
181.05524018928588
166.28890522220658
172.86989327236827
176.41995352000293
220.19082633025383
233.3152373935316
241.92560840059906
284.05633244129587
307.6166445431716
467.3285781973964
485.80242897704824
485.80242897704824
485.80242897704824
488.3615463977482
491.29115603682504
525.1628318912145
512.9151976691663
522.3619434836347
517.660120156073
506.0049406873415
493.2484161150444
456.813966511533
469.7935716886726
516.8423357272505
511.2866123809619
477.74574828040073
745.5628746121953
760.9369224843805
913.892772703669
934.601519365339
930.5643449004481
938.6213293975372
947.417542586161
940.2850631590401
936.2990975110464
878.598884588411
857.9230734745395
843.414488848751
811.8793013742868
818.393548361667
746.21444638924
736.6980385476807
767.2906880706946
817.0458983435386
839.6427811873333
844.561424645952
785.0528644620055
785.0528644620055
792.068178883611
806.9919454368799
919.7369189067057
973.4741907210483
991.056002453948
971.8600722326235
889.8921282942107
894.130862905425
913.7844384755083
714.4116460416922
696.8830604915003
422.4121210382107
480.34570883895697
496.3083718818372
493.5949756632456
498.37335402286504
526.5833267394629
526.5833267394629
526.5833267394629
526.5833267394629
866.68333317308
909.178200354584
882.8958035917942
829.8204625098131
823.300674116085
786.3090995276604
748.2138731672917
729.0294918588685
718.0786864961249
751.1870605914348
769.2704335927646
788.8174693805912
793.3624644511486
705.0
660.6542212080386
664.2582329184938
669.9723874907085
672.1026707282155
660.4316770113318
640.4139286430301
622.498192768461
622.498192768461
583.0814694363044
472.4732796677501
466.1984555958975
465.0096773186554
440.56100599122476
355.7625612680457
355.7625612680457
355.7625612680457
358.34620131933866
185.61249957909624
139.59942693292118
139.59942693292118
165.81917862539302
159.04716281656835
166.25883435174205
289.44775003444056
365.4257790577999
389.96922955535865
372.7130263352758
414.4092180441936
371.5238888685356
346.9510051866113
354.96478698597696
356.1628840853578
342.3156438143019
337.9408232220547
365.4421978918144
368.9878046765231
373.9946523681856
424.7587550598575
425.1964251966378
638.173957475546
660.9508302438238
677.3330052492644
679.7264155526104
692.5164257979734
752.0159572775035
752.0159572775035
770.7515812504053
774.0348829348713
796.2411694957754
807.311587926248
807.311587926248
819.0067154791834
833.5850286563453
818.4741901856161
740.3337085396017
739.8499847942148
728.1140020628637
709.8873150014726
636.8170851979397
636.8170851979397
726.5383678788065
729.5656241901752
718.1476171373125
715.0720243444013
715.0720243444013
686.7721601812351
681.1328798406373
672.9947993855525
576.8916709400474
612.1641936604917
490.6964438428304
478.44748928173925
582.4637327765566
639.9124940177368
625.9584650757588
565.9681969863677
565.9681969863677
707.1096096080155
701.4613317924232
697.0853606266595
686.0233232186789
686.0233232186789
603.9470175437577
581.7525247044485
620.3740806964778
654.7793521484929
698.3981672369996
678.8401873784433
692.1155972812634
696.3102756673924
701.5183532880661
645.8266021154594
635.8050015531492
635.8050015531492
719.630460722724
720.4609635504203
708.9231270032034
708.9231270032034
708.9231270032034
708.9231270032034
657.3431371817918
606.9003213049075
605.881176469446
553.9386247590973
504.74746160827794
510.5134670114002
510.5134670114002
510.5134670114002
306.56483816641463
306.56483816641463
302.5045454203953
301.8045725299734
301.8045725299734
301.8045725299734
301.8045725299734
282.4995575217774
258.64841000864476
84.62269199216011
84.62269199216011
81.4616474176652
120.31624994156026
118.34694757364889
126.96850003051938
132.40468269664785
147.99324308900052
121.95080975540917
121.5236602477065
121.5236602477065
125.31560158256433
125.31560158256433
125.31560158256433
132.34802605252563
188.86503117305756
207.4849392124643
326.1901286060018
380.3288051147323
393.46156101962487
424.04716718780236
505.3315743153202
519.3495932413927
525.9657783544477
519.9846151570256
519.9846151570256
519.9846151570256
567.6794870347175
632.5693637855061
649.2333940887514
661.1868117257028
668.1496838284069
668.1496838284069
669.7462205940396
700.0999928581631
700.0999928581631
683.2276341015489
665.9279240278184
609.9672122335758
636.6757416456198
665.018044867957
667.1214282272756
678.468127475418
678.468127475418
678.468127475418
670.2999328658776
394.59853015438364
392.06632092032595
348.86387029900357
332.6905469050781
406.1649911058313
434.5641494647252
423.87498156885835
424.9435256595869
512.9619868957153
633.9518909191769
660.2575255156128
702.1538292995347
679.511589305142
606.1484966573785
636.480950225535
678.6935980249114
675.36656713225
675.36656713225
718.997218353451
676.6350567329482
755.6665931480629
783.2713450650419
803.2957114288611
802.4163507805658
760.4038400744699
754.3447487720717
799.7724676431416
781.7314116753912
781.7314116753912
783.4641025599067
783.4641025599067
783.4641025599067
783.4641025599067
783.4641025599067
783.4641025599067
734.0190733216679
700.622580281281
661.0521915855056
647.4488396777
510.65644028054714
337.1720628996418
303.18311298619517
244.45858544956036
162.8619046922883
158.51813776347487
150.11995203836165
40.95119045888654
40.76763422127902
40.76763422127902
184.63748265181692
317.8002517305485
340.2939905434711
347.3370121366279
350.68789542839943
471.0106155916234
563.5601121442148
616.0779171500956
669.0530621707071
757.3202757090291
820.891588457331
874.3254542788973
877.5505683435001
877.5505683435001
878.3268184451616
885.2824408063226
885.2824408063226
885.2824408063226
885.2824408063226
885.2824408063226
885.2824408063226
885.2824408063226
885.2824408063226
900.5470559609864
919.2714506607937
919.2714506607937
919.2714506607937
925.9195429409621
945.5834177903079
990.6361592431401
990.6361592431401
964.8626845308092
909.9450532861861
845.5530734377352
788.2639151959196
741.2246622988201
624.8431803260719
553.7255637949182
473.8480769191746
322.60347177301117
257.93022312245614
183.72805991464668
213.09152962987525
268.4548379150579
333.5925658644089
335.1820400916493
329.45409391901626
340.33806722140264
340.33806722140264
340.33806722140264
340.33806722140264
340.33806722140264
360.0
373.31621984585666
390.1153675517026
383.48402835059505
383.48402835059505
384.1562182237846
373.9705870787167
400.55711203272875
364.72866627124336
476.4598618981456
516.1802010926029
600.3932044918563
625.9968051036683
736.185438595467
759.500493745725
769.9090855419229
769.9090855419229
760.3683317971627
752.8432771832395
752.8432771832395
752.8432771832395
697.8739141134307
650.2637926257312
580.7434889863166
648.1666452387071
725.7451343274718
745.0523471542117
751.5503975117037
777.4284532997233
777.4284532997233
777.4284532997233
760.3946343840151
748.9092067801009
716.7914620027223
698.7381483789188
698.7381483789188
712.2331079077973
716.9281693447399
759.644653769116
808.0550723805896
728.313119475408
760.8534681527054
689.673835954359
653.490627323759
530.2159937233127
513.6857015724693
514.0427997744935
514.7562529974746
592.6719159872517
671.4521576404383
690.1622997527465
690.1622997527465
701.8090908502112
702.9082443676415
707.0007072132248
601.208782370983
416.88007867970856
307.58901150723835
278.99103928262645
238.7907033366249
278.62340174507955
284.72091598616356
283.47486661078085
282.4322927712056
282.4322927712056
282.4322927712056
282.4322927712056
279.2812202780559
306.2809168067772
290.5322701525598
253.56655930938527
264.4106654429809
317.7215762267335
337.7232594891859
350.3712316957544
394.5212288331263
399.70989479871525
384.8246353860418
415.74631688085947
364.81365106037356
312.5379976898809
294.60142565846485
299.0484910512006
287.22813232690146
301.8608951156145
307.35972410190635
308.44772652752687
303.52100421552376
332.49060137092596
332.49060137092596
314.89680849446535
300.4663042672173
297.9932885150268
297.9932885150268
297.9932885150268
300.4663042672173
339.07963666371944
371.3421602780918
493.99898785321415
482.50906727231563
477.4096773212709
473.9873416031276
463.4403953045095
386.40263974253594
367.6642490098813
354.69987313220173
310.3659130768068
305.4897706961724
305.4897706961724
270.4144966528237
255.0372521809314
246.95748621979453
252.6499554719929
296.6580523093887
296.6580523093887
281.9148807707745
295.4995769878529
291.97260145431454
295.74989433641394
282.70125574535393
411.8810507901523
506.89052072415006
547.3134385340817
593.8998232025331
613.9087880133335
702.2563634457149
741.5746759430233
738.5066011891837
709.8619584116337
577.9965397820301
600.0091665966446
600.0091665966446
600.0091665966446
600.0091665966446
600.0091665966446
600.0091665966446
612.8955865398282
624.6831196694849
651.7545550281947
667.8472879334017
680.7495868526106
824.4658877115535
995.5003766950568
1026.6109292229457
960.4129320245537
989.3649478326994
989.3649478326994
1060.9618277770412
1173.0370838127837
1198.669262140312
1212.316790282144
1190.2436725309653
1134.1468158928983
1279.9421861943608
1284.8058219046177
1308.910997738196
1229.621079845332
1209.3713242838198
1237.3301903695715
1242.2383024202722
1295.0003861003286
1275.5896675655538
1276.543379599769
1276.543379599769
1278.9245482044669
1280.826295795023
1281.30129165626
1265.4102101690187
1250.39633716674
1239.974193279844
1221.8510547525832
1205.537224643022
1105.7608240483112
900.0466654568529
840.9512471005677
840.9512471005677
821.3093205364225
887.4221092580464
809.2953725309444
712.176242232216
752.6712429739827
739.4984787002608
674.4894365370002
656.9444420953723
450.5474447824557
405.24313689438344
341.5098827266936
341.5098827266936
305.6959273526555
283.3231370714365
339.69250801276144
314.8475821727078
335.094016658012
515.8604462449123
515.8604462449123
656.7160725914968
669.8201251082263
701.1041292133431
727.2736761357446
756.4581944826825
755.8948339550946
762.1016992501723
779.5633393124641
754.5581488526911
759.0296436898891
759.0296436898891
771.7408891590493
771.7408891590493
697.4209632639386
727.0859646561746
1129.4175490047955
1077.2594859178544
1162.1755461202924
1168.9734813074247
1191.0566737145634
1191.0566737145634
1193.4869081812335
1232.7810024493401
1242.163032777904
1241.0926637443313
1213.0791400399235
1089.8132867606266
1079.939350148887
1037.6974510906346
904.0575202939247
911.8289313242917
825.5592044184353
814.7840204618644
789.423207158239
754.8834347102869
725.3075209867881
725.7285994088975
867.8853610932725
840.3868156985806
853.9906322671227
855.6313458493676
855.6313458493676
848.0577810503245
853.3322916660309
808.3167695897445
805.7797465809127
506.41386236950507
463.9094739278343
345.1666264284541
340.8518739863403
292.9163703175362
401.82085560607726
408.03431228268045
384.67648745406836
379.1253090997751
379.1253090997751
379.85260299226593
366.4259816115664
366.4259816115664
366.4259816115664
381.6071278160302
379.1938818071832
384.58809133929253
384.58809133929253
383.6534894927974
410.7675741827731
454.735087715914
448.1684950997783
321.84468303826304
385.07272040486066
405.5243519198323
435.2068473726028
522.1637674140173
865.3323061113574
963.7427042525406
957.7003706796819
962.5372720056091
959.7499674394368
1046.3766052430644
1047.7690585238715
1033.8036564067665
1033.8036564067665
973.3961166965893
967.7277509713152
979.256350502768
979.8928512852821
1041.5661284815285
1197.5182670840559
1213.7545056559009
1221.5809428768935
1269.0862854825907
1305.2110940380487
1336.6809641795608
1351.3752254647854
1405.4195103242305
1426.0354133050132
1512.6823856976719
1499.5626028945908
1523.0968452465522
1489.6469380359897
1406.7665051457545
1400.4170807298804
1396.3409325805785
1341.3813775358594
1082.6301307464153
1077.4970997640783
1072.1184636037194
1054.278900481272
1143.740355150591
1082.7677497967882
1122.2789314604458
1118.7180163025891
1119.1385079604759
1139.965350350615
1139.965350350615
1132.5118100929456
1237.2905883421242
1199.2389253188874
1076.8932166189923
1075.323207226553
1066.4089271944417
1006.8982073675571
944.9370349393657
911.299072752738
887.1555669666961
836.0263153752996
828.4720876408571
705.0709184188496
724.784105785992
712.2899690435069
712.2899690435069
712.2899690435069
768.6962989373632
794.5640314033853
793.7814560696162
905.98013223249
850.4898588460652
855.5349203860706
875.2416809087648
790.7888466588283
758.7608318831435
633.8958905056886
665.3570470055909
726.0578489349178
743.8178540476156
766.678550632532
817.6943194128231
984.8807034357004
1282.8920453413061
1413.748209547938
1453.6543605685638
1460.897326987766
1457.4330173287553
1453.8246111550045
1456.7120511617936
1486.6916290878885
1482.028339810005
1466.0375165731605
1427.228082683353
1435.1752506227244
1438.054240979804
1481.2656750225465
1464.426167479945
1407.0678732740648
1376.7697701504053
1379.7651974158503
1283.0479336330345
1232.4666324083585
1224.216484123621
1185.4315669830967
1057.4109891617356
971.3845788357977
882.7185281843811
767.7890335241837
756.8678880755874
704.9411322940377
662.1465094675045
597.6662948502283
413.09684094652675
276.39826338094093
214.82551058940834
191.0340283823801
192.48376554920156
207.9062288629179
206.63978319771826
211.66010488516724
193.5200248036363
188.8915032498815
194.3193248238579
200.6937966156403
172.5108692227826
172.5108692227826
148.98322053170955
146.04109010822947
146.88771221582832
153.08820986607688
170.85666507338834
155.79473675320358
205.01707245983198
205.01707245983198
205.01707245983198
205.01707245983198
206.7921661959176
206.7921661959176
204.98292611825016
196.1300588895032
199.04270898478046
197.25110899561503
192.51493448561334
186.90104333577167
173.09534944648283
173.09534944648283
173.09534944648283
176.95197088475732
165.86741693292265
263.27172275046934
254.1653005427767
325.330601081423
348.1852954965215
341.635770960829
291.7001885498191
278.91217255616505
282.90634492708006
282.90634492708006
282.90634492708006
269.36220967314625
233.67498796405232
227.34115333568624
271.3521696983461
247.2893042571797
247.2893042571797
322.5538714695578
364.87806182339875
375.0
378.87992820945266
378.87992820945266
380.5601135169055
377.565888289713
421.57324393277145
468.8283267892417
472.165225318426
479.42465518577575
479.42465518577575
479.42465518577575
473.58209425610676
485.34935870978546
374.61446848727024
365.42304251374185
210.75103795711186
216.60101569475614
221.3142562059661
221.3142562059661
221.3142562059661
218.07796770879904
218.07796770879904
218.07796770879904
218.07796770879904
367.1784307390618
387.6196589441769
368.30422207734733
368.30422207734733
370.2539668929963
315.0
293.07336965340266
346.8947967323811
355.04084272094667
369.6336023686158
368.48744890430123
376.4372457661436
504.20531532303386
620.4272721278458
631.5005938239489
651.591129466938
657.1963177011874
659.2859774028263
669.9499981341892
648.9645598952226
671.5712918223946
672.2142515597241
672.2142515597241
628.1233955203388
619.7814130804505
619.7814130804505
645.7321426102312
663.4885078130593
680.7819034022571
680.7819034022571
691.0036179355359
355.9775273805918
267.31255114565795
276.47784721384096
279.09854890342945
266.3475173527998
266.3475173527998
441.7103123088706
516.1860129836917
535.7723397115607
549.8454328263534
644.2460710008249
641.4998051441637
562.5886596795211
456.4208584190692
466.43113103651217
451.0986588319677
450.814817857621
490.07244362440946
479.8062108810181
486.3167691947297
511.76166327695944
573.6043932886149
603.5113917731794
603.5113917731794
618.4698860898565
620.6552988575864
587.499787234004
580.7650127202912
545.2944158892515
545.2944158892515
522.7370275769644
522.7370275769644
522.7370275769644
465.6479356767299
447.598033954574
450.4220243282959
451.84067988617403
418.37781967977224
392.3263947276553
384.0833242930497
411.2955141987328
344.23247958320263
370.9878704216622
410.035364328493
511.17805117199623
489.50587330490737
486.4565756570673
478.7650780915417
457.01641108389094
519.0761023202667
529.4355484853656
462.07575136550935
413.4827686857096
376.07446071223717
377.5817792214026
475.57964632645917
530.1641255309529
574.121938267473
588.6425061104575
588.6425061104575
824.9509076302662
834.9059827309899
834.9059827309899
834.9059827309899
834.9059827309899
834.9059827309899
833.4386600104414
830.7105392373447
836.1578798289232
908.999449944828
930.763127761301
910.9994511524143
910.9994511524143
889.1614026710786
817.4417410433603
755.7049688866681
784.0561204403674
779.0827940597841
779.0827940597841
766.2284254711515
706.468682957709
689.042814344653
678.4578100368511
688.3458433084346
688.7786291690531
687.6219891771932
580.66858017289
519.0086704478067
467.72213973683137
407.8578183632134
407.8578183632134
183.20753259623362
172.81782315490494
175.32255987179744
175.32255987179744
184.7214118612133
184.7214118612133
185.86285266292455
185.86285266292455
189.14809013045837
88.85943956609225
83.24662155306964
93.69098142297368
158.5717503214239
160.19363283226957
192.32524535276173
194.02834844424152
216.36080975999326
228.14907407219516
228.14907407219516
228.14907407219516
228.14907407219516
228.14907407219516
232.55106965997814
264.25745022610056
273.32032489370414
310.5801023890616
523.4309887654723
615.8295218646148
647.7823708623137
698.1375222690727
831.961537572501
859.4760031554109
885.8216524786466
882.4080688661
883.2847785397414
883.5768217874437
1090.3187607300904
1183.4289163274657
1184.9320655632541
1180.7184253665223
1170.1179427732916
1168.291059625126
1139.2874966398956
1163.8290252438285
1181.0817075884293
1137.8013886439057
1111.5142824093625
1012.7684829219361
1066.339533169431
1113.8087807159718
1117.3316427990394
1122.011586392939
1138.5907956768315
1122.011586392939
1039.958653024244
1001.3600750978641
952.1312934674503
858.7723796210495
818.9597059684927
803.1656118136533
775.9316980250259
696.3835150260236
672.8298447601741
644.608408260395
704.329468359801
720.2985492141436
735.6629663099808
482.90785870598546
420.5995720397252
462.89523652766184
489.25964476952316
442.63980842215267
448.2967767004354
484.9494819050743
432.076382136307
427.7288860949188
402.03731170128975
447.39915064738335
446.90938678886573
423.5103304525168
420.13569236616877
445.43686421310036
444.94494041397974
404.50463532572775
406.7333278697481
398.8784275941731
397.7436360270268
397.7436360270268
397.7436360270268
398.8784275941731
398.8784275941731
398.8784275941731
395.77771539084915
412.298435602174
418.7242529398076
399.7436678672972
431.43713331144784
418.28220139040104
411.8422027913118
456.83914017956033
504.1388697571335
504.8801838060195
599.621547311302
617.8235994197696
591.819229157012
636.3191023378129
524.2136968832463
444.7482433916968
429.27147587511564
532.7691807903307
628.5021877448002
750.8395301261115
815.4655112265632
944.2425535846179
1000.9170794826113
1036.0984509205678
1056.349847351719
1056.349847351719
1060.758219388377
1070.5022185871453
1074.790677294886
1093.6178491593853
1110.3152705425607
1155.4869103542453
1151.7486705006436
1159.213095164129
1182.5396399275587
1202.6824185960315
1259.8412598418897
1298.8533404507223
1290.2325371807983
1267.2162404262344
1279.0871745115733
1287.136356412948
1272.7922061357856
1267.1227249165725
1239.548304827206
1246.4990974725974
1235.47561691844
1193.5501665200336
1098.5103549807802
993.2114578477234
818.6537729712115
675.9970414136441
530.4187025360249
472.74517448621305
440.08181057617
426.3848027310542
436.353068053841
444.03040436438584
450.5396763882178
450.5396763882178
438.1438120069711
427.66575733860196
392.50732477241746
393.9492353083072
401.28294257294317
402.51956474188927
415.0951698104906
379.87892808104004
345.7455711936163
340.482011272255
332.19120999809735
356.8571142628377
305.4455761670154
389.6960353916883
389.2197322849909
428.956874289246
408.3307482911371
445.042694581093
459.1372343864087
464.3123948377859
464.3123948377859
448.07588642996626
441.46234267488774
441.46234267488774
453.2019417434131
446.7180318724553
454.91537674604933
433.01039248498415
405.64393253196823
352.8172331391991
369.5118401350625
368.9850945499018
398.40933723997983
423.6590610384723
420.28323782896695
386.66005741477875
333.0495458636748
310.87939783781104
320.51365025533624
310.7378316201618
317.09304628137147
317.37832314132606
340.10292559753145
396.29029763545816
364.156559737704
433.49740483652266
405.8324777540605
415.15057509294144
408.12498085757994
439.36545153209306
435.1551447472499
458.3688471089631
519.8749849723489
591.4524494834728
618.4981810805914
627.4121452442565
631.971518345566
620.1935181860578
631.7436188834835
638.0673945595403
641.3446811192871
657.3613922341348
706.0828563277826
710.1112588883519
684.9970802857483
724.0034530304396
731.1531987210341
729.391527233488
729.8547800761464
728.9279799815616
789.047527085663
784.4686099519853
808.3167695897445
744.6663682482243
669.5132560300804
674.6324925468681
634.4107502241745
631.9952531467305
645.8366666580646
647.5445930590417
616.4543778739835
615.2300382783662
591.3526866430894
528.3956850694374
448.972159493214
436.06077558065226
429.9092927583678
412.0072814890533
430.95707442853285
437.90409909020036
439.1309599652477
432.1168823362494
444.97190922573975
405.7955150072509
368.998644983962
393.4564778981279
366.1802834670376
377.71947262485685
375.7552394844282
397.57263487317636
399.2367718534955
342.938770045033
450.02333272842645
408.1874569361484
407.8234912311943
426.15490141496673
421.8874257429344
393.64832020472284
393.64832020472284
400.45723866600287
392.2664910491336
432.9618920875139
482.81259304206225
485.3163916456975
531.0291894048763
526.4484780109066
514.4122860119109
611.8038901478153
612.713636211893
595.3318402370228
624.0192304729078
616.5711637759262
624.5478364384909
596.992462263972
656.0091462777025
680.312428226914
740.3998919502892
796.8851862094062
783.729545187624
784.6018098373212
765.1666485152107
773.3563214974065
788.6165100985396
643.9875775199395
670.5393351623751
668.2043100728998
647.6148546783033
647.6148546783033
647.6148546783033
647.6148546783033
634.2018606090651
631.320045618702
610.3441652051735
568.3836732349022
565.3140719989199
602.2889671909987
710.357656395706
732.5571650048889
664.4087597255171
661.8549690075614
661.8549690075614
638.8865313966166
638.8865313966166
637.6707614435525
644.9310040616748
521.3252343786937
493.24740242600365
264.07953347429253
209.92141386718984
277.41665415039523
337.1409200912876
337.02670517334377
349.32220084042757
314.4900634360329
317.1655719021218
312.4115874931658
316.8990375498165
316.8990375498165
317.49015732775086
317.9622619116929
318.08017857137844
322.29334464118244
322.29334464118244
321.6955082061296
318.8102884161676
318.8102884161676
386.0414485518362
314.2228508558854
293.5915530120034
293.5915530120034
304.5094415613414
304.5094415613414
347.57013680694723
427.7709667567447
532.9765473264279
523.6487372275426
523.6487372275426
510.0274502416512
466.03004195008714
429.0640977756121
460.8014756920815
454.51622633301
454.8076516506731
485.5018022623603
616.0543807165078
601.7773674707283
634.992913346283
706.371007332549
706.371007332549
704.1377706102692
711.7590884561995
714.4809304663071
850.4986772476486
865.9024194445931
850.9976498204916
857.9854311117409
883.2847785397414
827.2931765704344
837.9618129724051
838.9707980615296
839.4748358348808
837.4568645607964
871.4149413453961
850.8266568461522
853.8471760215642
767.6509623520315
828.1618199361765
833.0060023793346
847.0070837956433
854.4998537156107
906.4937947939853
894.3874999126497
959.5170660285308
977.842011778999
981.7448752094406
850.7596605387446
851.2766882747349
818.8968188972284
813.8396647989086
825.5592044184353
827.2702097863793
825.987288037776
843.5134853693804
759.5393340703298
761.8726927774745
762.2735729382201
758.5215883546098
728.766080440082
780.5421192991446
773.6840440386502
772.9586017375058
772.595625149405
775.205779132225
725.867756550737
722.2146495329488
624.8215745314817
573.6183400136366
415.248118598989
399.42959329523893
344.3544685349676
469.9670201194973
459.8173550443698
440.43160649526504
408.984107270686
400.60454315946043
357.2897983430257
344.6607027208063
320.79900249221475
320.79900249221475
291.955476057566
279.78563222581676
278.3091805887833
273.07874322253645
252.90314351545732
227.37634001804145
220.61731573020282
262.8136221735852
332.49962405993784
448.2499302844341
430.55777777204304
445.780214904161
497.68363445064176
545.1752011968263
591.4795009127536
670.0149252068942
702.1666468866205
695.787323828194
723.6117743652323
730.4245340895936
726.3160469107095
726.3160469107095
686.641099847657
715.1440414350105
723.6635958786375
742.5092592015267
824.7363214991807
883.9174169570367
895.9017803308575
905.0193368099932
911.7565464530539
963.5169951796388
996.0542153919133
1006.1908367700433
1041.8953882228293
1064.5722145538084
1056.0085226928804
1046.8495593923703
1084.595777236847
1009.7940384058523
895.488693395958
871.7109612709937
874.7273861038078
832.4590079997934
794.7301428787007
809.9382692526635
727.7252228691816
691.7629651838844
759.8986774564094
780.4460263208468
857.6071361643395
883.577953550223
916.4393051370068
948.172452668817
926.8128182108834
963.4329244944871
939.4551612503919
862.3317227146407
826.8687924937063
839.2282168754814
841.9477418462502
833.611420267261
756.9213961832496
730.3177390697832
725.5032735970252
697.2015490516354
682.5093405954236
691.1222757226104
690.7850606375329
593.3666657303896
593.3666657303896
594.1994614605436
566.8756477394314
682.0498515504567
720.0708298493976
753.6577472566709
706.5684680199082
727.0900907040337
723.4797854812531
598.6150683034966
538.8877434122992
414.0627971697047
405.29618799095556
428.41568598733636
425.58195450465234
438.0
442.5675089746196
563.1429658621335
733.1548267589868
838.4074188603056
848.9522954795517
847.8331203721638
848.4291366991117
844.543663761679
846.2210113203288
921.9631229067679
915.2409518809787
917.1183129782111
916.6269688373783
1175.351862209781
1228.4136111261548
1272.0161162501047
1392.655018301374
1437.7051158008724
1382.667711346439
1454.4002200219857
1520.4203366174763
1509.6436665650606
1491.635344177658
1494.2750750782134
1509.2706848011062
1508.897610840444
1513.7404004650202
1513.0680751374011
1487.659907371305
1448.832633536393
1432.5417969469513
1409.6151957183208
1292.2782208177928
1035.227511226397
804.4097214728325
720.8703073369023
706.1819878756467
741.4998314227724
744.3950564048636
770.6620530427069
689.4156946284295
715.8589246492636
740.742870367309
795.9195939289345
653.238088295531
641.5605972938176
556.801580457527
501.80474290305386
485.74067155221826
499.47972931841787
438.45182175468267
359.6553906171851
371.99462361706253
380.45236232674387
377.52350920174496
378.89312477267254
384.8454235144287
382.32054613896963
386.5837554786802
377.7750653497396
376.45185615162
372.85117674482404
371.8978354333351
364.1812735438219
353.0948880966701
355.099985919459
354.29930849495037
398.92856503389174
380.3997896949997
392.2040285361689
363.0206605690646
377.0265242658665
378.5366560849821
360.8323710533743
304.9573740705412
298.0201335480541
293.669882691433
298.72730039284994
298.72730039284994
288.6572361816
250.4136577744912
258.8706240576555
307.63614872118
294.6862738574703
286.99825783443356
363.6811790566017
394.47179873851564
399.9687487792015
399.9687487792015
393.7321424522006
395.4781915605461
407.3536547031338
454.8329363623527
505.81617214161906
509.4163326788806
517.2484896063013
514.7659662409706
506.1620293937506
465.62216442089607
494.4835689888998
493.03346742386566
507.34800679612414
498.44959624820643
476.4157847930734
471.1263100273641
471.1263100273641
480.57257516425136
482.049789959502
462.61322938281825
454.7383863277874
461.63622041603276
478.2154326242515
461.2732378970191
437.95890218147184
437.95890218147184
437.95890218147184
387.1046370169182
362.2181663031273
428.41568598733636
445.1628915352222
463.45981487071776
462.0227267137408
456.84242359920995
611.9011358054502
752.947541333392
757.4846533098872
755.8379455941598
773.8223310295458
833.1680502755731
878.2607813172577
770.1006427733975
736.8039087844201
704.1335100675155
703.3903610371698
701.707203896326
701.707203896326
727.921012198439
712.2990944820863
708.6981021563413
741.7061412715955
768.3228488077132
761.3882058450866
758.1028953908566
776.0618532050136
835.9904305672404
876.260235318253
912.8028264636345
921.1460253401738
915.4998634625786
908.9801978041106
901.1409434711087
892.149090679355
913.9354462980414
910.0395595796921
805.4737736264291
653.5900856041193
663.0098038490834
674.8555400972863
655.4677719003429
621.2994447124511
565.2716161280345
564.1577793490045
522.723636350988
600.7004245045945
600.7004245045945
600.7004245045945
600.7004245045945
580.0594797087623
540.5885681366191
509.0029469462824
469.49973375924293
453.2350383630992
419.3423422455691
409.46184193401956
415.2107898405339
362.392052892996
336.81448899950846
315.97468253010396
310.3546358603332
310.3546358603332
291.75332046096753
291.75332046096753
318.348865240635
295.94594100950263
319.53403574580284
302.67309097440426
352.74636780553817
370.4267808892872
358.49686191095174
352.82857027173975
325.4166559965854
317.99371062962865
328.26209040947754
334.22447546521784
344.5460781956457
344.5460781956457
344.5460781956457
356.47159774658064
428.2732772424635
516.768807108169
567.626637852735
567.626637852735
630.948492351
638.5624480033257
638.5624480033257
607.4833331047033
584.5511098270193
569.7499451513795
568.7486263719676
568.7486263719676
658.460325304418
709.0874417164642
726.0647354058727
710.6475919891659
705.0106382176087
688.1104562495763
687.1593701609547
645.2751351167965
639.6436507931584
635.5863434656223
625.9313061351062
625.6228896068302
576.8292641674831
562.6011020252271
553.9584821988016
557.5347522800708
612.9535055777069
655.0145036562168
638.3447344499679
579.4738993259317
514.237299308403
447.9095890913701
465.4223888039766
340.7785204498664
321.4529514563523
321.4529514563523
321.7918581940817
374.9693320793049
374.9693320793049
400.8989897717379
400.8989897717379
408.38707129388905
527.4845969315123
494.8333052655207
570.999124342586
659.9166614050596
669.1188235283776
824.1243838159384
831.4222753811688
928.1917905260744
976.705175577564
977.7295126976582
978.2412790308942
978.2412790308942
978.2412790308942
997.1158408128917
1025.2277795690088
1009.9980198000391
1050.6083951691992
1075.3994606656636
1076.0697003447315
1134.1357943385792
1129.6769449714375
1107.113363662457
1112.8566843938172
1166.6696190438834
1167.316152548229
1308.2752004070092
1255.6058298685937
1444.1977011475956
1406.6989727727819
1409.8851017015536
1361.6996732025752
1213.679529365145
1210.2016360921018
1150.4338312132516
1097.6210639378237
1108.2441066840825
1033.5801855685895
1009.7009458250498
917.3875952943772
850.3646276745053
863.359716456588
862.6007187569461
862.6007187569461
875.3467884215946
862.6007187569461
809.2613916405502
779.2252562641947
695.4322396898206
671.636062164622
676.3874629234341
615.4754259919724
646.649054742988
646.649054742988
641.3267497929585
630.6441151711479
629.971427923521
500.11998560345495
479.1659420284376
311.7691453623979
296.18237624814884
302.9455396601838
310.05322123790296
279.3939870505448
282.96466210465223
286.9285625377857
271.65051076705157
240.79244174184538
222.4320120845918
271.2637093309756
284.2727563450286
297.44915531902257
290.3704530423163
295.23211207455057
300.01499962501873
272.74713564032163
274.2498860528478
268.95352758422786
268.1883666380777
267.5350444334349
268.1883666380777
273.4958866235469
258.6116780039138
243.54055103822031
243.54055103822031
253.70652336902967
241.07052909885107
243.91801901458612
240.48700588597296
240.48700588597296
240.48700588597296
271.75908448476935
316.67333326315935
327.3530204534548
390.5316888550787
402.3866299965743
419.82139059366665
456.3003396886748
463.9612052747514
441.746533659292
372.6929030716845
340.1661358806899
292.5235033292197
323.2491299292235
560.7013465295049
657.8464866517112
781.4697690889905
1003.4938963441681
1052.6039141101462
1052.6039141101462
1056.0624981505593
1055.503197531869
1038.6688596468077
1056.863283495079
1077.983302282554
1127.0022182764326
1123.3561323106755
1107.6664660447204
1128.8790900712086
1128.6469775797923
1158.205508534647
1195.209186711682
1183.8792168122557
1154.4115384038744
1150.7884253849618
1123.9435039182351
1111.4180131705623
1107.4746046749785
1083.3743581975716
1089.4494022211404
1079.814798935447
1058.7256490706172
1042.2331792837915
1036.857753021117
983.8993850999196
759.568298443267
669.6207882077736
562.8498911788115
296.35789174577417
234.44402316971102
239.92498827758646
290.11894112587686
302.4384234848476
302.4384234848476
294.11732352923383
277.07760645710795
244.77132184959905
245.67051105087887
349.6598346965233
351.07833883622044
346.45634645651967
322.54612073314416
292.37817976039184
280.8166661720775
287.39171873942365
277.4040374616058
287.05574371539757
290.59249818259246
431.18673448982634
422.0710840604933
404.41068235149277
404.41068235149277
432.9468789586085
448.01562472753113
532.4978873197526
537.1061347629535
601.8496489988177
601.8496489988177
617.854351769088
609.4358046587023
618.4723114254995
588.6917699441703
556.8294173263478
484.3139477652899
507.9222381428086
512.6889895443435
541.193126342159
575.4919634538783
570.906297040066
500.14197984172455
428.41568598733636
419.9297560306962
444.1294856232808
430.58332526933737
430.58332526933737
426.6098920559625
431.4487223297805
445.49747474031767
444.4929695731981
419.5712096891301
420.01428547133963
427.8714760298938
451.25159279497285
477.23998156064
471.6969366023061
444.1823949685534
452.6919482385345
350.4211751592646
356.51086939951773
361.64900110466226
386.79968976202656
379.7894153343403
383.8749796483225
371.16034270918544
380.3524681134592
388.1958268709235
402.45993589424523
400.0149997187605
385.8678530274322
418.0035885013429
423.9870281034551
424.52679538516765
418.2535116409664
417.7223958563869
452.17474498251227
454.6229206716265
476.53751163995474
487.934421823261
485.7159663836469
485.7159663836469
470.14891257983356
468.35883679076665
463.9827583003489
452.72508214146916
425.3939350766534
411.8859065323794
326.7935127875093
277.18585822512665
268.67452428542606
282.0106380972179
273.8977911557521
222.63647499904414
223.3741256278354
233.23807579381202
203.5165840908303
182.40339909113536
178.3255450012701
282.55972819918975
290.1378982484019
309.36871205731194
279.13437624198133
292.0856038903664
314.2276245017296
332.47255525832503
323.63868742781665
277.1227164993877
273.362396828825
244.3296952889681
236.9240384595873
249.36118382779625
250.019999200064
264.0984664855137
329.0
394.5377041551289
427.38156254101557
479.2494131451806
536.0466397618775
554.8188893684136
608.8004599209827
612.7919712267777
609.9508176894265
656.3169965801586
693.2257929419534
685.9883380932944
682.1290200541243
682.1290200541243
682.1290200541243
744.5804187594514
771.1718355852994
773.9186003708659
819.9243867577059
825.2199706744863
804.6477490181651
788.606365685695
761.8661299729763
761.8661299729763
770.4342931100614
772.6732815362519
772.2260031881858
769.5368737104155
745.8250465088981
745.285180316904
733.3075753052058
665.9992492488261
589.406481131655
542.7015754537663
567.097875150313
519.2186437330616
505.6322774507181
448.3257744096362
440.29081298614443
416.49969987984383
366.74786979613117
324.86304806795124
325.459674921487
333.11859749944915
338.31937573836944
350.15425172343686
312.0705048542717
251.99206336708306
256.4858670570369
146.9489707347418
119.04200939164292
160.23420358962065
194.73058311420937
201.60109126688775
203.27813458412098
182.28549037155975
176.34625031454453
176.34625031454453
178.74562931719478
178.74562931719478
178.74562931719478
178.74562931719478
178.74562931719478
181.11322425488427
181.11322425488427
159.64648445863128
157.9493589730582
167.1855256892773
219.1985401411241
217.68784991358612
217.68784991358612
217.68784991358612
225.78308173997448
227.3499505168189
254.82346830698307
307.2328107478106
336.1428267864718
294.8626799037138
285.769137591868
256.5618833731932
202.06929504504143
214.73704850351277
228.8536650351049
225.73214215082442
203.3961651555899
334.30524973443056
383.14749118322567
478.9739032556993
526.1330630173321
525.2999143346589
525.2999143346589
525.2999143346589
532.3401168426066
532.3401168426066
610.8813305381005
690.5266106385764
718.9700967356014
719.563061864629
700.5369369276683
709.3645043276412
718.5123520163032
741.0263153222023
797.2320866598384
816.4043116005696
837.4568645607964
841.0707461325712
791.7638536836599
747.2201817402953
747.2201817402953
747.2201817402953
747.2201817402953
753.8302196118168
785.3852557821543
769.7661982706178
825.8208038067338
842.3182296495785
804.5035736402915
755.7777451076473
751.0632463381496
714.7363150141456
771.1497908966844
775.5875192394473
777.1949562368505
775.9896906531684
795.8391797341973
749.3997598078078
735.2210551936064
707.2665692650827
706.5939427988327
699.8142610721791
711.3901882933163
705.1397024703687
675.1444289927897
717.618282933204
684.612299042312
646.4595888375391
600.6479834312274
920.574820424717
920.574820424717
926.2132583805957
941.9097621322331
950.454628059646
945.5929356758119
909.9142816771259
875.6540412742924
813.1309857581373
796.4709662002753
703.745692704403
703.745692704403
621.7394952872144
617.1936487035491
538.9925787986324
538.4607692302197
550.8466211206165
541.4979224336877
510.1058713639748
451.3535199818431
386.51778743028115
458.60658521220563
541.3316912947181
602.9792699587607
520.5189717964178
529.4525474487775
577.2936860905374
536.589228367473
607.3154040529517
687.9534867997982
727.5623684606014
503.5136542339244
506.0375480139789
501.46983957163366
556.5375099667586
592.5141348524945
629.4553200982576
675.981508622832
693.3873376403697
710.9824189106225
750.5131577793957
874.0308919025689
920.6899586722992
950.037893981077
957.1102339856157
993.3654916494734
986.6382315722415
968.241705360805
1046.3536686990685
1061.4179195773925
1072.2975333367135
1061.4659674242976
1082.7465077293023
1035.1038595232847
990.0
1006.6950878990123
1008.6168747349016
968.4384337685076
954.643388915463
908.7926056037207
817.5866926509996
768.5271628251014
766.071798201709
800.6722175772055
863.711178577654
857.2770847281525
859.2263962425735
846.9958677585151
815.0435571182684
838.7329730015388
818.1589087701728
768.7496341462544
666.8373114935906
658.4504537169065
637.8181559033891
631.5029691141602
595.0126049085011
616.683062845089
621.0
548.6191757494446
556.2796059536967
505.8003558717609
511.2983473472215
486.55934889795304
482.88715037780827
480.6027465589434
446.2107125562989
543.9963235169885
578.7538336806073
623.7627754202714
623.9399009520067


