Rainfall Prediction

916.5599097066613
1043.1054093570071
1031.853918777118
1084.7565033791207
1121.5100040032032
1200.0
1224.8956037207695
1322.1959303529218
1224.256016429919
1143.3081939870458
1030.1806527080182
1026.041702898578
1143.4151184938842
1195.4151184938842
1200.512137352576
1179.512137352576
1174.512137352576
1183.5509961223738
1090.4054266419423
1108.690955087579
1122.7557109910194
1224.941277890768
1305.4613556019535
1415.7164743801677
1414.9615526749692
1500.0500250250313
1567.7299264554113
1600.8878833687654
1597.436857000422
1598.319340664317
1439.7449424922356
1460.8692511341183
1369.1502823096575
1317.677084786957
1267.8859002678412
1265.3456164173112
1195.875243191582
1212.2195028358585
1132.855176995205
1080.6401634881936
1218.0834785137972
1254.0682878005387
1276.143593539449
1168.9584054212078
1229.6224416735681
1242.023823036597
1226.8189269871812
1225.2744390175997
1249.5058147397954
1251.8009901232758
1215.3423439881242
1209.6218528030172
1141.1570204822451
1034.5982457490086
880.706503190392
929.8130461211379
901.6904935696999
861.1526806824082
834.2010101267766
848.7268650672867
850.6969947822769
850.9474411167423
928.9706136340736
921.6506484271025
926.5757147143714
1129.9119925093648
1369.2055052822966
1325.9119925093648
1219.1433463853857
1199.2055052822966
1203.861642852783
1079.9583694396574
1051.0527046785037
1031.8546070647008
993.0370624745744
878.05006265674
865.5727513794585
838.8452405257735
841.7425223233444
822.9821485477562
834.8575054410594
832.7579796265878
923.5204986917437
998.5834261322606
1087.5582656834229
1152.6871128339808
1133.7638914113897
1162.1186061502483
1167.2111127446176
1159.2243464649519
1144.0922171579502
1147.2724892916294
1148.8130461211379
1016.9265499251984
1010.17365685971
1058.4738907715196
968.5204986917437
812.3729460886113
858.1840190101643
930.2124060835447
935.9795960848954
961.2512136208326
923.9643084622476
917.0142886309281
1118.6820221976557
1114.7975156237908
1116.113109577039
1120.0370624745744
1130.4105283993833
1126.7786848223675
1121.5835121610523
1108.8166739067492
1103.5577779047765
1024.1671842700025
966.5092624367679
904.1253930856482
838.5060984680808
804.2328546651963
731.3114224595505
685.5058147397954
702.9231903791894
746.8414801938396
739.0
789.8835593072488
860.6269330410536
849.5868887685326
795.0
728.9168108424154
703.1253272273733
640.4027028261025
638.6061230866019
685.3063885641795
736.4361413471522
759.0954550396332
827.5906001785607
692.9583694396574
699.6976396045379
770.0208423834364
797.7867965644036
786.4517951527596
895.2151120211004
1112.594643497592
1145.0455015998998
1199.3022843964077
1241.0898470833126
1265.9871815937377
1233.4643022640046
1245.2507861712963
1380.8699329875592
1379.0
1386.923303169378
1365.752551286084
1328.9446148618626
1337.1674454998729
1298.740593300774
1316.0600721733201
1349.6820221976557
1399.2418236794806
1397.0927519058525
1345.8752777791494
1414.1485568358048
1425.4858528328743
1356.0
1307.3779763779646
1287.2514368290686
1316.868873530291
1310.6092805703347
1314.0
1242.047673160243
1242.457361415826
1228.973693316337
1137.314561435346
921.0322748655959
895.9583694396574
844.1462791162469
1040.146279116247
1056.635547098622
1085.7430007838245
1093.3183558406884
1030.5613918671954
1182.2605160857581
1182.2605160857581
1182.2605160857581
1262.780959574163
1243.9445014830626
1227.3875030502686
1131.4657093303927
1099.2302713519905
1036.0682878005387
997.8915599834173
991.3435921722922
908.7268650672867
851.8166739067491
847.9092779656255
847.0653101176406
858.8189269871812
764.1745755789733
756.2623659981958
747.5290894464162
764.1673333440003
737.2403866465179
729.6284512125367
728.0
726.97224362268
725.2515823418685
722.3946908890854
450.526610811389
393.3435921722923
364.1673333440003
344.15967033215844
283.1729293892009
128.45179515275962
128.45179515275962
130.62747808177778
64.66228108136015
88.03450328407952
90.90402329860022
89.96298833080846
90.98077633748463
180.28718707889797
192.91392085550203
192.6401634881936
321.7655144627526
344.94744111674237
359.41742430504416
346.45007122521577
334.83409787541507
640.7413381193699
653.5255234989592
722.7017787186529
708.2209766132722
708.2209766132722
708.6689498788071
708.3220746414938
708.3220746414938
708.3626300104902
710.0871215252208
699.9545767162834
724.3044345514563
758.8285841157092
758.8285841157092
779.0
774.97224362268
773.3785831296514
771.0250156445618
760.0954550396332
735.8340978754151
758.1797250389147
910.0
923.4722507415313
837.5147186257615
826.5227744249484
836.6506484271025
699.5523894104728
738.4573614158259
1026.9169540264054
1135.457361415826
1151.7335008385785
834.0716117228159
816.393183138341
805.577794898144
878.1678404338007
878.0668154769319
875.1955061852351
872.825758998168
887.9524348201508
887.622441673568
885.740593300774
865.3193406643169
841.0
806.1558253504427
823.8522560790035
818.875243191582
816.1214355544528
813.0416908072696
816.407651072936
864.4500332889628
891.4902609720606
907.4652051984584
815.3306011846745
973.2151120211004
968.6383453647754
973.2342478677256
955.4500332889628
953.5422309539412
908.8516487579866
634.5675327089966
518.2754170085256
507.0454858934318
555.4888078397679
515.3910123704703
491.7434217033682
426.51984752260563
423.0312652737084
421.72839048077174
424.27541700852555
408.22663489314175
405.28056939982525
409.3520658392528
410.83974431934257
410.6980566038302
407.58344385519
412.3729460886113
418.1531033421302
433.68711283398085
444.1403942106879
425.74442714721897
489.51667037201736
532.3939895645537
499.1531033421302
611.7154424712453
481.87857761345884
507.5967915814699
536.4500332889628
528.8720049069723
537.026324907905
537.0375175946239
669.680793497325
671.1377371440105
755.0898470833125
744.0922171579502
740.2111127446176
705.3641576347871
988.6152903470496
991.3568931079109
993.635547098622
991.0151549950588
1002.2974655857893
1002.6927242473375
1002.4825652086499
1097.0770372063685
1097.642555333788
1099.0625815928283
1141.1477004536473
1123.05006265674
1190.752551286084
1353.6152236891498
1399.4296142092192
1292.937621595791
1205.8289892098621
1238.1030974866435
1104.6191684803532
1068.287187078898
1042.2605160857581
1008.4877073952152
1012.0227390241641
998.4167881440871
997.6869994325046
880.9251401001153
876.1252802704673
797.7620999227555
760.0834785137972
785.7434217033682
788.4058829184432
516.4643117072294
527.860389820047
525.7893151558377
571.4858528328743
586.5381602746876
588.2151120211004
589.865731309256
494.88255578153604
495.867903668248
495.7217269979948
458.0676293747612
483.7012748105544


