Rainfall Prediction

517.6885794259343
551.8782845123416
587.7491775304284
621.8736963360437
633.7230689685312
629.589002676412
627.9594758976677
632.0949852799449
646.7889982062685
653.3582524789274
630.3046746016465
599.1912153694598
595.2018089626549
582.9514569836565
569.9960956420308
561.3007814776071
555.3330443135292
533.9310714618842
506.3514573134863
288.7605868103054
204.4132182300963
0.0
0.0
0.0
0.0
0.0
0.0
0.0
0.0
0.0
0.0
0.0
43.003953881456304
52.252869925937034
50.783078955671414
44.507438204773486
46.689477155217965
43.95922128301402
46.525695575794174
31.437062219783527
0.0
0.0
0.0
0.0
0.0
0.0
0.0
0.0
403.24469879387607
379.9118972863798
455.862422509587
481.8570419842832
505.5729319304299
503.98496976184686
498.669038082892
491.7904818426475
504.70594959914206
506.9624213069385
550.6917644302989
565.8773190043454
616.0754497132144
627.986680930114
431.15050608151864
0.0
0.0
0.0
0.0
0.0
0.0
0.0
0.0
0.0
0.0
0.0
0.0
0.0
0.0
0.0
0.0
302.4337879882643
317.07260615300544
178.05231794471612
185.670468628724
189.38094981155223
221.65959594953193
223.2937954478125
238.5055234691865
227.4394893096105
233.30426144735875
210.54465444802574
170.22507882136168
0.0
0.0
0.0
0.0
0.0
0.0
0.0
0.0
0.0
0.0
0.0
0.0
0.0
0.0
0.0
0.0
0.0
0.0
0.0
0.0
0.0
0.0
0.0
0.0
0.0
0.0
0.0
0.0
0.0
0.0
0.0
0.0
0.0
0.0
0.0
0.0
0.0
0.0
0.0
0.0
0.0
0.0
0.0
0.0
0.0
0.0
0.0
0.0
0.0
0.0
0.0
0.0
0.0
0.0
0.0
0.0
0.0
0.0
0.0
0.0
0.0
0.0
0.0
0.0
0.0
0.0
0.0
0.0
0.0
0.0
0.0
0.0
0.0
0.0
0.0
0.0
0.0
0.0
0.0
0.0
0.0
0.0
0.0
0.0
0.0
0.0
0.0
195.34972931163185
221.77084020615115
239.4371590327742
272.9372657886032
207.66864651856295
215.7873528342994
257.7258333154013
334.44722951051426
351.88362372779216
345.9976213678175
342.56247686429947
359.7890171873335
349.0340459562251
276.1762317940972
256.61724290279795
336.67710383850806
321.9771918867477
331.16408630093724
259.3738085789044
0.0
0.0
0.0
0.0
0.0
0.0
0.0
0.0
0.0
0.0
0.0
0.0
0.0
188.6618739944425
174.05594764125897
138.66433654071665
34.337572349670324
0.0
0.0
0.0
0.0
0.0
0.0
0.0
0.0
0.0
0.0
22.74356719292149
246.67722990872525
234.91080558783872
307.5132906802742
316.7229679028967
323.8126068283085
342.3437654284152
468.57359222050803
529.5181457158819
534.5876868028852
495.133717699269
551.1519282746508
516.4168189136998
484.62554203870593
577.558923341879
616.4263998425052
693.655377935796
0.0
0.0
0.0
0.0
0.0
0.0
0.0
0.0
0.0
0.0
0.0
0.0
0.0
0.0
0.0
0.0
0.0
0.0
0.0
0.0
0.0
0.0
0.0
0.0
0.0
0.0
0.0
0.0
0.0
0.0
0.0
0.0
0.0
0.0
0.0
0.0
0.0
0.0
0.0
0.0
0.0
0.0
0.0
0.0
544.5142275043524
530.576550330605
557.2540666066444
617.5159249901707
686.4247596844085
703.0797874292667
729.7456395649639
829.6077011326306
780.2736518099018
769.6046870470642
534.1488630630967
0.0
0.0
0.0
0.0
0.0
0.0
0.0
0.0
0.0
0.0
0.0
0.0
0.0
0.0
0.0
0.0
0.0
0.0
0.0
0.0
0.0
0.0
0.0
0.0
0.0
0.0
0.0
0.0
0.0
0.0
0.0
0.0
0.0
0.0
0.0
1261.6525865523593
1292.2580220562284
1309.7904427037806
1313.586439477917
1294.0467550815722
1328.2875287596294
1360.3602802962557
1253.0765762582007
1165.187293530531
1092.4269408099751
1030.4544536122457
972.0974959910595
964.2099949819786
951.2841417633566
655.454043662318
589.7370643011491
0.0
0.0
0.0
448.8938453785206
549.7963587763516
404.02072021718607
305.14656298155217
196.8681027392895
215.83949570412625
312.7376552857986
281.04942846107275
259.2462956021165
211.011225567786
218.75289140553602
216.34094562461826
283.6416331451794
276.4528547652224
262.34089146661654
272.01704063312366


