Rainfall Prediction

6.461472039092197
6.454775192000677
6.423779437835504
6.4200328956761386
6.325389775422777
6.319379560759138
6.267806158973489
6.36193236084815
6.352256566096033
6.35589269601363
6.36832398763326
6.3684658387573005
6.364832543004111
6.392795074924104
6.386889786943492
6.395160167747896
6.425890596065689
6.400692652201043
6.36885963683879
6.330712959546994
6.317241666679999
6.28738067488574
6.301331957867832
6.281133862906733
6.303666689073013
6.362159615303831
6.369595261356031
6.325480248145196
6.321587266132954
6.341973607833094
6.343393655495573
6.351349098982229
6.354888754615527
6.365680242710814
6.38713617131196
6.416265014952012
6.412748236206953
6.410183828942281
6.376277686742236
6.3513356770869
6.376953802226616
6.327919641411186
6.418768229848986
6.430002761022952
6.4887759883361475
6.471055310431288
6.498961078998569
6.517721913131835
6.529396978980339
6.530778224672818
6.5300156478518225
6.528712783399759
6.523765013079901
6.519216333328017
6.518965978645853
6.513056949640358
6.4907174357561885
6.481244559081642
6.481517495222023
6.47586199462723
6.464901712729391
6.487916237276044
6.481914867659592
6.478890469340029
6.483273715428679
6.457131082075977
6.389236014889427
6.368870809989691
6.333499288117919
6.423293872275201
6.423934450330281
6.434975358649804
6.463683151716536
6.429159296486222
6.441417543933383
6.393857788306527
6.391857294945835
6.364545609996117
6.341919176884369
6.326437327758324
6.328462583883139
6.361311858717709
6.396270279008512
6.4165958645812164
6.440639597425706
6.441649848441817
6.456458573006451
6.491708732359589
6.500777416580492
6.503483323046237
6.50716774737835
6.516579600912671
6.497481750158817
6.483180866847805
6.4783488352001
6.391607826493904
6.3523354243955685
6.212868096886848
6.203143824387102
6.190910882450577
6.258352633140963
6.264782543625838
6.257567582334705
6.28288772151116
6.358570422880183
6.39041760087518
6.389988491122841
6.401407768490376
6.408954767499845
6.424080150117625
6.4255024493052195
6.429099677211783
6.400284973986185
6.350537224032717
6.340867484505724
6.355709463970434
6.344851339780252
6.372554174714383
6.408301385111731
6.430949625735625
6.426823707181168
6.461015654540345
6.478857045339025
6.47965152340411
6.479942190873908
6.481190525567487
6.4973539835753185
6.506223063610189
6.517965267445547
6.5323336783752115
6.5348948192846334
6.602696749539521
6.6006605250716746
6.597798588740416
6.57538064551771
6.5191690606731845
6.436983956511092
6.406206169078126
6.391618418013836
6.386151111012808
6.375601791781094
6.379140278315228
6.351971968070402
6.3612734669339766
6.364858828056798
6.394713348928651
6.424907445031961
6.427460625379302
6.3780085064797
6.370269598958363
6.3578988166757515
6.373981207739339
6.350901751894427
6.308875833495578
6.306403824363946
6.313085048065989
6.328923485271195
6.306510473902197
6.288112783997349
6.245400720641819
6.2470362143467355
6.259903160358779
6.212870901688962
6.227383365257996
6.236285143725418
6.277938682827976
6.323974019052982
6.33746229059939
6.340491755797839
6.351508078411669
6.349764591514782
6.350427337452876
6.331944322007792
6.346688703293002
6.403676812659558
6.440636369017719
6.394585775395404
6.357966207374524
6.357956058639946
6.3554650505853045
6.348174257552328
6.319554090754947
6.2615372940918785
6.26102111956939
6.324320371486637
6.307574845555443
6.321903724560943
6.401464312229571
6.397906351906286
6.3869259561070715
6.334651096521807
6.343609456442859
6.362428362561166
6.368781737716313
6.404104781736351
6.446852066396906
6.475886655498737
6.4855343134558225
6.455159672665454
6.434389711491808
6.426715147853285
6.427525836203465
6.425210479771082
6.4290085568014295
6.408232842065674
6.3824498225146
6.333864636564332
6.330910321788336
6.316710708559722
6.311209276436095
6.28163928751581
6.276406427464707
6.279068261331289
6.318644447445211
6.308645274935146
6.272594440862751
6.265797523809495
6.238603692099861
6.179795557914563
6.158849397617785
6.211648236920446
6.223355127646068
6.218374216374897
6.257356568422818
6.238067964766184
6.32960587173794
6.405070145623862
6.390513994773621
6.344608271489095
6.287053168023165
6.26355211487936
6.28555847116554
6.289978267619268
6.296585204862134
6.290907755378415
6.283953013173193
6.290697834167798
6.294463180507572
6.272755958821751
6.260970146738311
6.2713458414557826
6.257138486860359
6.253446524988132
6.263023604136283
6.2238636181655655
6.236121231523736
6.278771376198007
6.285279529607502
6.286503874029828
6.341913436726713
6.367112743221819
6.3654127227572195
6.363077940746702
6.354005468661463
6.32871840813731
6.325486555027835
6.306589409433443
6.251899289648832
6.2599628614601
6.268285883164088
6.2714884012979075
6.2717584651244795
6.256511800703657
6.250730294442448
6.230134805433603
6.245292978172296
6.244572709283232
6.242603727810341
6.235731693205702
6.196884888171141
6.167141096205093
6.158600689543276
6.123767387353617
6.122409592838295
6.058820516541829
6.000976199088296
5.902163279559003
5.883567962245165
5.828309689474976
5.937232949749552
5.974501067316961
5.98626840110666
6.031095365696226
6.039600151712298
6.075080720877642
6.041525851375193
6.065620845893031
6.140971169219213
6.272448614853628
6.258678560927649
6.256293519676769
6.252094409855125
6.249951201170777
6.313410612812669
6.352139045290831
6.365595343261296
6.357684086250995
6.404168101606514
6.4222202987674315
6.433062671629245
6.44432690259403
6.4987576872149635
6.519930429841299
6.5246312808873705
6.551021949930311
6.554308812940622
6.568646655554037
6.574850491606841
6.569308563295045
6.568436517824465
6.544233940269823
6.5117136060328535
6.4960443526798235
6.5270718032787585
6.55436665839648
6.57371518125154
6.580725715486929
6.579403888547329
6.617518209928438
6.6005058372615135
6.621873080107408
6.623229301450891
6.631369178485392
6.6342155368902045
6.6036525998096085
6.594710795338024
6.587196358240803
6.605291335736638
6.5872703456754484
6.58628206567721
6.579860921846306
6.573403811107287
6.52579139143258
6.504001030348592
6.505921444373476
6.4166788519963625
6.414793205778668
6.414949743215795
6.43879263080391
6.437256734992154
6.43016891272337
6.43775781069244
6.43775781069244
6.450085953608038
6.4926900751516525
6.465932767212852
6.507961075406192
6.52552821817633
6.543775768317275
6.56061606298692
6.554847729733498
6.5716714010979675
6.570783893978575
6.569790407345513
6.569409535717342
6.593002109612314
6.599288150437234
6.587928246752709
6.606977066079484
6.61502610760858
6.608081416798582
6.616668399089899
6.6176678950998
6.617048364751338
6.597137891631235
6.579488232132041
6.597744792031396
6.541134451527395
6.5146015317462584
6.425764568218717
6.397237716005577
6.445935351394173
6.452911908959065
6.458029644761131
6.467059974488838
6.520812964522722
6.592417522788766
6.629587196374082
6.613399994533468
6.6309308127001625
6.61447791476809
6.64295389927279
6.621912415366632
6.625257088705087
6.612811682053406
6.608547730448182
6.623194381025209
6.6298405904225675
6.625724853869132
6.594092233246476
6.585424062103367
6.5750577614346355
6.568979626883396
6.570855236339124
6.573421551061782
6.560853182652117
6.560853182652117
6.50900670875089
6.489638567837291
6.489638567837291
6.488708438887621
6.493291304641893
6.383166872418938
6.363516548088587
6.370384196036637
6.3774045273166
6.362706971293196
6.295125383446396
6.245279675643508
6.22478273530063
6.180183948898563
6.1849536130913165
6.205841664495016
6.241164345271898
6.222752499459342
6.232534052277517
6.242005854512843
6.240310624767757
6.185476647814436
6.190074278601471
6.153985968236107
6.16681399453666
6.17847290356303
6.192381611646325
6.182811851512302
6.137466243404008
6.116952158155018
6.119299734497032
6.06207409558693
6.055923507969254
6.059963967277497
6.088214878140146
6.1050258442217835
6.119944158601155
6.151059566721688
6.19293207579196
6.218808960514957
6.301197633373491
6.293618331683803
6.327656111617376
6.37535077403512
6.395366806531843
6.4228355927740335
6.424679247633874
6.418410072717201
6.430925200152554
6.469288061816169
6.497582140930387
6.450478348023848
6.4458543523076575
6.4547087769576645
6.460718046755995
6.456850361321065
6.436667143094271
6.381033448193478
6.3813599980918525
6.450674196671917
6.453978659592536
6.461966699499645
6.542388407699848
6.582050786317297
6.5969676847948895
6.5965704339822775
6.596273281768708
6.5501096730690485
6.540294874841917
6.575829353907851
6.608949687208966
6.579057556645173
6.584321473928608
6.581371773144113
6.5565457109777014
6.5281258440602485
6.494239692240797
6.506063482837625
6.485845805733308
6.481936197572883
6.459076354164759
6.424337638643687
6.415836386553938
6.385617978229506
6.379638347684072
6.355959335882859
6.353968243981907
6.350815604366483
6.361062227053376
6.363587915830827
6.340849971857754
6.332520589908042
6.31133254479899
6.283198026032118
6.263279918070995
6.315942667889249
6.345939364989983
6.339202285572588
6.245030188487363
6.261432230000129
6.380554644575986
6.441756705600384
6.4532448740377415
6.460275789941427
6.460452966377611
6.455342311503609
6.422330311860815
6.393437306349119
6.427154432719438
6.433473813791846
6.431458810383118
6.436946402393639
6.46222459991785
6.4668591715439145
6.4640424346038845
6.4621599794069216
6.472034307407547
6.457455143995306
6.4432890708323205
6.401115000246184
6.415916765303284
6.426583567377055
6.454268446182965
6.478829938536091
6.487933387864816
6.466881184165407
6.420114934319242
6.434215742193269
6.449780225197623
6.4498118301622025
6.467587687393204
6.461556510700622
6.416539373776934
6.466668593959509
6.472626482077553
6.511786177959639
6.5287792947549725
6.531584484491459
6.541911568805123
6.551539693762681
6.5857517649591255
6.614653710553428
6.628962982622543
6.633236201728385
6.636050642591408
6.618403992557163
6.604756381741463
6.579515728992238
6.587982607736115
6.581364008273045
6.590574514730683
6.5983375783843465
6.581758147344545
6.567395449144325
6.5508257207031795
6.56410113246312
6.571550645710788
6.578213279540044
6.575880408035651
6.590223754768832
6.57092189611409
6.589388548401298
6.584644194706937
6.643111558163026
6.6273794233137355
6.624855177219812
6.602729785718225
6.589169235075467
6.613722548765169
6.614318657220885
6.5996222008275565
6.570426761000304
6.555096405041134
6.53726608920932
6.519126998078924
6.52421727762356
6.539845437969475
6.55344843503773
6.553997559279855
6.571442132078134
6.563634843955725
6.540146861647532
6.533382406616062
6.502751915715909
6.49383358708452
6.506989262670823
6.488598947626262
6.482899849039686
6.44601979303566
6.458104916930846
6.445553565434791
6.376827507577177
6.364290875753971
6.334384203035304
6.3220898874168725
6.357782072765748
6.361458612174755
6.374016395665542
6.369111020171314
6.35781992255766
6.365592906294522
6.415850114769974
6.441928490949064
6.450601839727485
6.471905069693699
6.470666201988324
6.4592060596756795
6.444367826459733
6.402583296302
6.399493972857263
6.300037292137217
6.268553762313927
6.236748805909423
6.2516327544065575
6.304888650720955
6.320281666615328
6.34260512596943
6.350415797698135
6.339803006932923
6.347275842017238
6.313696498033519
6.359044067933366
6.404175767549058
6.408080218888229
6.465051077087056
6.470303891925113
6.505279323215445
6.496637714737824
6.511449864838228
6.512542258498344
6.511366195449321
6.516968134164619
6.514251973359958
6.507277826202859
6.530635220287398
6.506411092239808
6.503398366035421
6.512548061933908
6.500020875430516
6.496531194158372
6.494419806119825
6.495937109334532
6.500110208804504
6.499477520906399
6.4921992805903415
6.423966822232874
6.422016998547085
6.19511014018377
6.094341193530449
6.221367351783831
6.2928790295831725
6.30639463811957
6.295074186407497
6.231582861275408
6.220234906223524
6.195319193705423
6.193582914029541
6.1782276484462795
6.177228339749723
6.171090680449179
6.170369100053792
6.184833493120518
6.18560201732437
6.194820139085364
6.202835101101922
6.158301111993526
6.26351511273497
6.2547278390488605
6.251482066234168
6.25943920627059
6.2770213601461915
6.281112201766756
6.322488328953823
6.386789063898355
6.428132313286088
6.41585076911234
6.4123972276073795
6.313951493024712
6.324421921665065
6.31694177491241
6.339380044691886
6.304625780884402
6.31314207536426
6.346077794327729
6.314092706375038
6.289190064706533
6.233191913635745
6.257629684213567
6.26308135477054
6.26308135477054
6.266507943362681
6.266507943362681
6.306739041855761
6.278004362629423
6.291392771138266
6.289074527861024
6.289678183797127
6.275130973796108
6.276077332488477
6.2682277584434685
6.261146502215833
6.257773803133635
6.253275969316029
6.258768650087241
6.236483747801096
6.206602737333824
6.232660743910682
6.194413442079842
6.163371487099528
6.035803700646902
6.029831622163919
6.066036633966764
6.19426924872883
6.204029156482591
6.29165417270672
6.298840076446501
6.307807985202611
6.310020989041751
6.338568387944665
6.346941410626818
6.348855048090902
6.373678329204312
6.421835879543233
6.412976465391704
6.427779210995687
6.420779688922687
6.408354977356207
6.40586842255926
6.471839056990836
6.465272486086528
6.465955715259302
6.463639183846123
6.474495637998658
6.483538670028965
6.514173487365635
6.560886714794499
6.591722487288456
6.5932102905817125
6.554143271990992
6.546376465476024
6.377450422825932
6.294157789633259
6.376877066503188
6.397931846094586
6.391081506835043
6.380770890192489
6.35553648284958
6.335120706217089
6.330568799868225
6.289520635270819
6.277848460749556
6.275125575791995
6.2593723372190615
6.1914711240455595
6.156288828858869
6.090255667005019
6.153590607805105
6.206581469739723
6.254749206837028
6.282268328149177
6.299747962847602
6.325273925272542
6.322429597026179
6.347311888403459
6.360430251920711
6.401307648412435
6.442833234293344
6.459692518265186
6.453636111497499
6.4341012380682665
6.409859185216125
6.408739019247338
6.432867658893276
6.446282100671473
6.466065583284051
6.483225769615244
6.506744314771602
6.5036338064597885
6.506893454299474
6.511823589174687
6.535054966457704
6.536821710933241
6.53764118332993
6.539134443645686
6.54587778763625
6.562634666394185
6.575177254690219
6.573274893518435
6.563209595484631
6.533230315181018
6.520854824935882
6.4874216055642675
6.492430180699211
6.4906888860157
6.493341685649562
6.481998213726565
6.459225335594123
6.4203797108269205
6.36923593417025
6.378314323230976
6.4031280139843805
6.40332573343876
6.408096999121204
6.405323703045969
6.409813509754654
6.416235810532
6.3999522774551325
6.406195923153909
6.40640658532096
6.398701184466692
6.404927946135099
6.402196626967834
6.399587497919201
6.413169694393612
6.402356586914137
6.385961327088712
6.337690440246975
6.314868284470926
6.3159435620280355
6.348335035836497
6.374768870439296
6.351975234788332
6.393427008781746
6.422251552392812
6.459347401574613
6.475123542407895
6.506355888166144
6.533326659454021
6.538949499141131
6.535993484942496
6.524533757856524
6.517258718681423
6.530251360733086
6.5262379626149905
6.54439940329134
6.5281799728567425
6.530587584166674
6.543332416171289
6.5247563607926615
6.521240661897229
6.504042046004521
6.502922744140136
6.465229052429503
6.461103818589525
6.4704006651253785
6.466761497189738
6.454702406857919
6.427680928492029
6.449373080335589
6.503985221160292
6.537086397675507
6.570239639348467
6.5396422130428
6.53336217195852
6.53785579349899
6.520701101309101
6.514693540341231
6.532267295994506
6.50942700094385
6.520656272326865
6.523673387208017
6.550798258150584
6.551497232586927
6.517403487145062
6.517340366050343
6.490028663859385
6.498189616792613
6.511958319622545
6.510608651388575
6.506086808367507
6.510611408827281
6.527225183905791
6.536707201844981
6.568386976453463
6.60154588946815
6.594441548706918
6.617607202025582
6.620831087685041
6.606869792666574
6.579412066233129
6.549994997378313
6.537765239528644
6.5084672846053255
6.496940601148644
6.536577218256232
6.516620541497819
6.541562006500531
6.558918412061993
6.565168650823902
6.554346920007976
6.552044302326884
6.562618350769274
6.5582023240287235
6.561905997510076
6.5638950184208955
6.5639308654490565
6.559257044069797
6.560005131657949
6.552251636915794
6.536525559617425
6.54287732322659
6.543351141332362
6.559821222474092
6.54553005880911
6.523441094894409
6.492571160998434
6.505074046037891
6.454906299378026
6.438558670502706
6.438316334483954
6.480040378040366
6.450919044946495
6.456175153286954
6.476495401768647
6.492151825430244
6.52935821064828
6.5589570107035815
6.515678397036961
6.487662441468753
6.262807096334027
6.170833805730231
6.2779289174675945
6.338492929616194
6.332090552503018
6.322671102312392
6.277873107583431
6.268861397330013
6.270382824460759
6.267694176954117
6.277399269814767
6.282886459082249
6.286822876177387
6.2803444970906215
6.266073586672151
6.288254755784749
6.2885210188308065
6.2970081181366595
6.305457485633004
6.4016712968260325
6.404738943241398
6.407920118960364
6.437198504406216
6.45718860293992
6.452839480620825
6.487002732098219
6.543559430262361
6.569869368579695
6.547647911453606
6.527697036105478
6.533257792994694
6.52277260825373
6.5204881464150555
6.536147787464815
6.534381735386068
6.528225141481881
6.5662565158931026
6.581641657205381
6.587209077756696
6.584379783017462
6.596551595527176
6.590942413760166
6.5960016237106185
6.607825843597691
6.6298564154663655
6.690891591491271
6.656843177131452
6.641433205883006
6.626191209969916
6.6233870982514365
6.60966042167526
6.60828994618748
6.61612037877253
6.579595197397346
6.5607365455531585
6.5647931749930155
6.553901022607732
6.542980254711519
6.525820484824818
6.520076228258297
6.509500175794354
6.517795007091182
6.530045173467503
6.546377421235065
6.5369894391692585
6.561789792135977
6.565531377406936
6.572321883670218
6.562953374341072
6.571430864092289
6.571937194814317
6.592056040274715
6.589404990923024
6.583088977025308
6.571429811198951
6.557072452465805
6.526866570710316
6.535074571791851
6.540542121031591
6.556562668725846
6.554574665996292
6.564991035954483
6.557230948884087
6.545463309701107
6.5526504426747865
6.547022302134023
6.537699954611768
6.524534214844471
6.507587543334723
6.503223417059644
6.507980461206868
6.503144396620872
6.484894102263227
6.457912844565604
6.4431499898293065
6.423771086466629
6.3827725074457655
6.377537267319502
6.342148021397979
6.345480576998927
6.326341263508008
6.3196429689944065
6.2640840765282135
6.284076495744642
6.27419535006017
6.272746524270776
6.2409273407085415
6.1336425930211735
6.0795816962964135
6.111509803457589
6.176995091398005
6.2073331662639095
6.162623432369052
6.170024516756944
6.260273361076095
6.300958083887538
6.326815300816861
6.3558139009479735
6.3722780337207965
6.37046370705731
6.375242831214246
6.3544553019153724
6.349658017843096
6.349984072246883
6.359411533293669
6.372789470653141
6.414826307620322
6.447374842375359
6.460077442278729
6.462980957260189
6.46094181754836
6.456572856217276
6.461860332488801
6.477310542195841
6.464900893084933
6.467718220788055
6.466190260785666
6.472748308631777
6.469144645025043
6.442874059562939
6.429634288522761
6.41520686187794
6.429689496018299
6.441222338644705
6.441523292286343
6.4085047138651365
6.381881835522162
6.357598325864103
6.339788507481002
6.323407041704742
6.3104445015109345
6.308924067774772
6.333006192964333
6.371931852602364
6.381870809756057
6.3948719490591746
6.386697718351676
6.391161821681318
6.402957471214751
6.387533195735072
6.39128587916118
6.405777496972567
6.408180840821588
6.406449014168116
6.379298026375521
6.395861987604345
6.40333394699093
6.383062634815864
6.348460739184003
6.2897896225869285
6.290551982406172
6.2520426685617885
6.27876852176183
6.266805568816347
6.277714853440086
6.335767891840879
6.384083613715929
6.441269499917075
6.449453037331143
6.44897575744036
6.444229271903352
6.449648859186013
6.4435770200646285
6.455118281754182
6.428048314498652
6.4121649461146575
6.384180526615843
6.384560756254886
6.399958915904065
6.38873383171441
6.3945842006637825
6.393921905534866
6.383810553973486
6.381301638166002
6.368016657896872
6.3532650923929195
6.360648364911664
6.350924880399338
6.351768988473523
6.337043510180264
6.304280277480418
6.3630406695989485
6.372888395601182
6.408049843628113
6.4466422493271285
6.4455977020861654
6.434559381159516
6.467888701533521
6.461166892392663
6.4741973675019215
6.4791343839681375
6.478345390492681
6.480026000819173
6.476534512216235
6.396198381624195
6.393997748496378
6.366507509313028
6.37530396265564
6.3700125452736245
6.399999183328895
6.419516463142184
6.413944595247932
6.418770971507437
6.423018192240024
6.424710571782503
6.453350452880434
6.491953727682713
6.498998467865265
6.516769450985021
6.508650063921914
6.5150584920156245
6.517568545593468
6.483398236282332
6.479077974102064
6.473007438826382
6.463426005852774
6.468328346613859
6.465844418394331
6.433736077401822
6.396802956037405
6.398599086920806
6.408561079471433
6.40661327049723
6.393239110306523
6.397157072937894
6.383541596332281
6.399352179708766
6.400982352920583
6.413496752864484
6.4108782325891145
6.389474355001369
6.380003689985858
6.368622558219984
6.369940506130389
6.368755958350074
6.38921132309911
6.362169245807186
6.328915440504111
6.282103314041619
6.231846544611447
6.22656414749231
6.354730640161547
6.393337168800515
6.440191678321093
6.499222403385725
6.502505137593619
6.492979348565363
6.483269451113712
6.482694043894849
6.48612993265259
6.475083299269491
6.471537760032775
6.462112820271294
6.463292998634449
6.456521569906484
6.451902059510209
6.423198201679355
6.405114331484317
6.392236501324875
6.391425357918755
6.390638170982946
6.392870125918925
6.3774236649850184
6.37717443172956
6.371291484943242
6.362283167398643
6.343003440494179
6.359350421350991
6.373740628809012
6.390150312590606
6.36092138088763
6.361935337970628
6.332051497693518
6.308858896228639
6.274515547242576
6.061997172483468
5.970458216393525
5.966143966885595
6.023504982271735
6.056029697807647
6.053285554795724
6.02175634400255
6.005703544481426
5.991347633048962
5.989072627864238
6.098880267127233
6.100233359387222
6.027624964991454
6.021672890247888
6.0049009449466135
5.9911188418264505
5.997415486706425
5.9840616805576134
5.996519981100704
6.002500868664285
6.148154417140228
6.170898507595564
6.180621390987184
6.144415342101013
6.120561658370377
6.097004514850893
6.1145256438181885
6.115553170033703
6.248371982819805
6.292078123348659
6.305774362383696
6.34608040325386
6.356557544255978
6.366498663649034
6.361757215016533
6.333656734842336
6.3282002075160175
6.331053462775764
6.329838907682934
6.340373418106986
6.342945500457759
6.33462460515622
6.350239853862204
6.329062286123392
6.330550358213637
6.3365195523362505
6.340159014483579
6.341674618918649
6.344811191717958
6.343298423650306
6.344124079029637
6.291042468737448
6.276621652885533
6.25851587222558
6.251013062995516
6.197605460577701
6.170634723969695
6.100805692246489
6.1033420181675755
6.101783535127222
6.104217990572085
6.108001695012671
6.024982157295868
5.969330279533757
5.959784938365718
5.98744920453407
5.988462987513381
5.987292158929523
5.970910552559257
5.952688758060017
5.923157901844958
5.925635305581758
6.00625240564232
5.985696583540058
5.979850417298181
5.978829077915929
5.976169470344388
5.969876367322863
5.979732202842392
5.960828098230829
5.99451293101165
5.9882668413475155
6.0911258207683785
6.069033010651934
6.020553780851773
6.019852587325897
6.025699483579233
6.067364466881801
6.036733184158584
5.99150668016898
5.993167528242181
6.034671668350709
6.02933737702438
5.799807711149389
5.739247125726815
5.772936816962188
5.77294712032054
5.730642894507046
5.733074584350993
5.917923334048273
5.9218621907990325
5.9110958554109665
5.901232747852708
6.0291336688825865
6.078881113934129
6.079821051909266
6.079821051909266
6.076649119324092
6.070294678706305
6.066195252180179
6.046022492876963
6.038766658407971
6.04226535408217
6.128210952267269
6.193804219309461
6.232191883070211
6.251509622889628
6.256132385307015
6.264300621729951
6.310669655984793
6.337769922311033
6.294052532078877
6.277479156913507
6.288925134459442
6.320649205426372
6.331273287598772
6.308693565959503
6.30256173016978
6.309230628204347
6.332074958665704
6.339156556429206
6.334975950091674
6.351713937463721
6.357440415445591
6.339581321366343
6.319066424029108
6.3168162778650165
6.3237747563318205
6.34654494118187
6.347541125034786
6.356846398447339
6.36275703964143
6.359375180762562
6.373746347669625
6.339536567985694
6.310944541824446
6.2805890665619835
6.257237291018253
6.280094576396774
6.261939009019123
6.175302879629327
6.143788424970182
6.106048110752413
6.101790825264677
6.08939391658021
6.020547684179158
6.022517488365484
6.044555487164272
6.014119366609435
5.999292407416783
6.002503458709054
6.124413922988641
6.17302957716738
6.199246256867626
6.204328279687804
6.204289761840791
6.195243860118225
6.199833710959419
6.195607145285396
6.1913017206122865
6.189984377742943
6.181181791881449
6.179829387200318
6.179476807983303
6.162890091364866
6.1811544221200005
6.228708769176573
6.2566112845890895
6.270821743050405
6.235235811244433
6.224869712507218
6.201499389712177
6.144886907205548
6.131012459441596
6.1433237829541625
6.128019270216773
6.095203992489501
6.090234903105691
6.097223517639941
6.058722672666631
6.021590711961862
5.947056189033659
6.0689483986309885
6.025450698964779
5.942207628441005
5.957831925058913
5.968564854504908
5.983331747360779
5.949106949709058
6.070496751414371
6.090863602423653
6.14533950305565
6.178527242846653
6.206312838273839
6.219516709149072
6.230203882396542
6.232898889721256
6.270901074254935
6.2832629876945365
6.314291994192466
6.348115539068146
6.349815071657437
6.342683968098195
6.353849106523911
6.354104965099408
6.363209473087589
6.357453796052299
6.331160183616584
6.337627090314509
6.349485464739902
6.333731190762437
6.339428620165851
6.296522126824701
6.283780193763282
6.298822178507248
6.328309141358384
6.326301298394876
6.3172836866569835
6.3129063825043845
6.31923020428016
6.2977143770398945
6.290423256592989
6.276284519276128
6.245645411877135
6.182214660010764
6.149274518559678
6.103087685050938
6.104308043010678
6.217351506252188
6.243713604544858
6.258886381779951
6.311447373576626
6.317399890170112
6.32430799929628
6.308651803151705
6.3081441312778335
6.279427297399268
6.276208638741158
6.239794449078594
6.2267849157438455
6.2070435218255176
6.318419595109736
6.318836691864163
6.266237872019698
6.263221483260079
6.259263128415482
6.223618366647333
6.243465331066778
6.24786203186353
6.254290243427008
6.234406739258464
6.32526051819363
6.343220948163292
6.3670828751729855
6.384984487475835
6.384203846290674
6.384881286466547
6.387059636445645
6.381763869235069
6.349116798546511
6.3272315012404725
6.303635227424151
6.0639232421917715
5.980411481302048
5.98533076923343
6.062996548250628
6.060221666621205
6.067208211343035
6.059830625061023
6.062548447974897
6.0537303008176355
6.057897011987084
6.083393467789681
6.07933462080455
6.052473855135828
6.074380527722638
6.064260855150902
6.010919154262204
6.035902091217791
6.029613666497944
6.033350214451298
6.025532794327022
6.285775318051121
6.321297645795736
6.36386052984183
6.377851547772746
6.400100637605212
6.408357728773103
6.452338819781237
6.474588224424799
6.506704731975178
6.508589251694312
6.522133790043197
6.522458470773925
6.5225609625468834
6.515872228480946
6.526267384926427
6.526267384926427
6.522794411728109
6.5511516609131055
6.547231473465795
6.540501066710501
6.529133130698214
6.607521997223806
6.612997179779476
6.616954938210149
6.609550180001351
6.6029619683808995
6.596263645773941
6.588059082506287
6.584951718277443
6.583750655764774
6.579025509251897
6.489170005175929
6.469468820934593
6.445079736938256
6.430517789513205
6.416761508972009
6.426070263901339
6.400699392581548
6.386094327518032
6.325295725758335
6.313511300307466
6.302295845990281
6.340210044938284
6.338769689507073
6.336083558617103
6.291576739962089
6.299605482130072
6.290087070031607
6.2770160083323
6.26955689376237
6.255938339686782
6.2483665713086936
6.255884420464145
6.247974089316067
6.228788787114214
6.25247128309637
6.267319583053555
6.278381543369706
6.287547283448467
6.296431643726831
6.291290084682004
6.292673050884264
6.32148026855374
6.311808100649944
6.307362816598832
6.307274988373157
6.307041898756234
6.273740864300822
6.224463063906747
6.207003426206198
6.164402893903741
6.178315926828306
6.1840810368025325
6.057637809775578
6.060586904492014
6.081615657540979
6.0403467723179975
5.998269361718791
6.020636352314507
6.1939844399546455
6.19744658340603
6.1965155559870615
6.187669883626382
6.114166759754573
6.119685063358299
6.1283201283179665
6.179228959990715
6.186328747297164
6.208492516855118
6.206383043397315
6.198908125894954
6.2097266664806465
6.217869109880093
6.288008759057793
6.404378212527231
6.458767746222422
6.479031980588858
6.477585688316058
6.486250726783428
6.518290140262987
6.497834428618095
6.503448274314865
6.500954210010526
6.51700788781527
6.550875593736032
6.5736417394057165
6.609582717169896
6.610720072433825
6.610809401654699
6.631600367240942
6.616513230204115
6.6064783715815025
6.612140605063671
6.615139871919884
6.610500275341632
6.601942211373655
6.593109653833915
6.579146883528938
6.573183441454015
6.559932456005758
6.5585297559294915
6.555396720544794
6.55364731296112
6.553106728439236
6.509141607450118
6.442068660928161
6.394664061790835
6.371893556600821
6.4104836707911055
6.4014587696302
6.37732162132701
6.389125781751245
6.386272543816549
6.351366593156836
6.334409101338258
6.275835660776185
6.248493602734836
6.17977352574568
6.110277126714136
6.1189261003432645
6.086693774583145
6.083796959162748
6.084218714670834
6.075790103987498
6.063792984723226
6.060552493737937
6.054109904323428
6.054677093359994
6.080974293650835
6.081177925203082
6.0833149167185425
6.082539580474
6.082577945567799
6.09112998524663
6.082857797486563
6.123509277497828
6.144415124138239
6.159705820685856
6.156027928954909
6.068830034809913
6.035087675711443
6.077508661390128
6.086024920169795
6.016408185187422
6.013482580276968
6.046290648264538
6.121305350367759
6.175714763880157
6.182918753747214
6.195490943885359
6.1930567898456985
6.15448016737882
6.142533786073457
6.0900446692341434
6.010122745447644
6.115305807496689
6.138958278283063
6.1199195219286375
6.088659727501961
6.244668599120648
6.2842209627370345
6.335345082381873
6.3673640373467055
6.372014367335881
6.37966411444426
6.390640483131108
6.430625054628614
6.453984375365835
6.484968065606925
6.520495716387925
6.546084034941465
6.563843329343684
6.556172650044269
6.555638199139448
6.558224260945497
6.566209776166907
6.578125106679373
6.572326860847194
6.569778434806631
6.545551101171679
6.509386652585627
6.506033777982037
6.5088739837619265
6.508647327791328
6.5092700720182295
6.482430313167202
6.430502914792587
6.405597803647252
6.455827369730052
6.477128839161287
6.441676054125127
6.425681479100856
6.439582364796374
6.422744539934108
6.448757264635349
6.452209858772449
6.438369731807377
6.428864638972839
6.437417580543898
6.413328835374209
6.39624584111455
6.344341071820019
6.329040282745814
6.316827321241109
6.322032446463617
6.304571299699141
6.297599586533923
6.348528627832488
6.426692460245395
6.411404042251763
6.325881248968967
6.404251150344597
6.400423782139802
6.392898332203394
6.398672375493495
6.409664717823228
6.391388549330269
6.4448465283720875
6.461701983682855
6.465343321321617
6.45781040859462
6.47049545194268
6.474033615935456
6.454965250523047
6.455199428496331
6.4497881555346614
6.449675243695235
6.449886828432934
6.460309518595782
6.450653072380831
6.48727232597106
6.482595664773131
6.445013305081675
6.442936006924555
6.442278946971259
6.427459829966901
6.391331116154644
6.383776511496739
6.367465475287518
6.4440155656957305
6.464595037867278
6.452419265859316
6.358830453353191
6.361892171507934
6.363644817171105
6.383768660365515
6.350591471612953
6.361149909734588
6.410916458727249
6.419169940442579
6.446296521253181
6.466684265956993
6.513083232060241
6.527768828443882
6.549848637387537
6.550556947950659
6.539768800658667
6.542212969487423
6.5391819194541885
6.506077626241298
6.521606237791737
6.501088039426518
6.477435187564275
6.4838484464806765
6.492546062416871
6.497877978045505
6.511017591554512
6.507476877092002
6.556031178591256
6.574386339955291
6.633558945606671
6.634241791074192
6.651458523131208
6.6370574462896155
6.705267107821827
6.6983854512562315
6.692383411959053
6.6947458922393555
6.688184275621353
6.6565260572112726
6.635599355973632
6.656758026664281
6.666434213712661
6.620537976849061
6.6071352212793695
6.619857151318294
6.623615971386659
6.63840133405123
6.6488641510796995
6.647228642076529
6.629342999745967
6.641735624014467
6.610608299059315
6.615283839745958
6.6318654301035185
6.621157158279072
6.621389627707216
6.598391277599099
6.596757331190151
6.58193688624656
6.570293960870272
6.514842095668703
6.508500351456621
6.48082550384153
6.469659859914307
6.250902878656127
6.226704795190036
6.219146096345895
6.194202411611947
6.194468126583211
6.367485094969698
6.405276685048413
6.4134254465111225
6.443336497427472
6.479377955860848
6.479993602993451
6.463584410357189
6.462712947502343
6.450785671840105
6.425064303015297
6.435536976069091
6.429245764794657
6.390020422701294
6.368172391007086
6.364441593114954
6.3110309953300465
6.310475698026925
6.306531713644516
6.283955791822374
6.271202901941342
6.2980526522211395
6.295061364546877
6.308186020472695
6.310689563296928
6.3227294960331015
6.311023265358782
6.334669951052596
6.32835116829399
6.357520944018953
6.335061816359509
6.360581325799258
6.336130553885047
6.323637097270637
6.349382251208601
6.3391099573087795
6.369775034191689
6.411423394547709
6.437961646885725
6.4395629342805965
6.398762414794964
6.402139996434128
6.4258793793012075
6.372792555642036
6.37414019203466
6.366621763157109
6.340745178208238
6.342857371700844
6.361589042155451
6.398274908646165
6.400621783505445
6.394448967367037
6.421120968517359
6.4345497011014015
6.469952848392588
6.480077013050578
6.476106815417927
6.4778449021677655
6.3715085344953675
6.360125591441194
6.350242339217361
6.334217795348364
6.2968016073810436
6.424126600743866
6.4517103356814385
6.4388473931014065
6.483227364731712
6.499964502879083
6.481028941138339
6.473730389908822
6.476689540143833
6.495639406593861
6.51665072237773
6.499901734909702
6.505046060616811
6.515407393520218
6.516942771526942
6.51721444135384
6.5156869195553835
6.492827408780986
6.425024546335774
6.364382006339891
6.356562504937827
6.34524216121946
6.345632872987149
6.30484659024818
6.257132292085391
6.2305160888920295
6.237598320097446
6.113349188759813
6.120607787207357
6.133632331366885
6.147981200817238
6.1705764026981225
6.288070404318697
6.312025653942648
6.3253369397910255
6.3113674616161415
6.317963139451393
6.331615692028057
6.321221298023989
6.314677426625543
6.265700444268118
6.241602213332311
6.244651500566797
6.249175896465566
6.203921820884037
6.197586576391201
6.228634884860015
6.345853189815449
6.373083030499723
6.34501666742881
6.344741071794192
6.344562713850589
6.3474989161134046
6.3472986762438275
6.3602802483215335
6.360174908843591
6.448232530519978
6.455598871190684
6.4438780860586995
6.425992831871916
6.412517057045648
6.412762048865082
6.399942004578984
6.397567191689389
6.3979326330894235
6.400335423879671
6.417752888266506
6.415994728001799
6.400006961134926
6.418964665867364
6.402263493667494
6.355525087366184
6.3851216115453155
6.296359903790039
5.91698323603241
5.795879496396507
5.969284918226669
6.146117827412839
6.136759225181445
6.118582715526781
6.114898038058181
6.117960727333454
6.1182568718202095
6.207789983632097
6.2182672206393885
6.226158006644496
6.2782170406629225
6.450176348136705
6.462708719188378
6.520657952478119
6.5903656112115385
6.614677415065042
6.600601678198423
6.591595507340006
6.585213772391892
6.602035581541763
6.5906742328591745
6.597445375364044
6.598646594725832
6.610690767217692
6.596258632010436
6.599207122455009
6.597601319957052
6.604366386827747
6.6238498264541885
6.6542674915085485
6.669207533277238
6.671353755705688
6.673360265426183
6.678892699676882
6.677235380117036
6.677207492926437
6.676519275078141
6.676781331553698
6.674604798770967
6.66891064483824
6.681387897277611
6.721468394061144
6.707901021355911
6.689704079621801
6.685836687744819
6.66307132752722
6.625806990281235
6.627119734234782
6.619313043260245
6.618197070263779
6.618924239055631
6.610490563344855
6.601151899264131
6.619612523060439
6.604246188722842
6.617368478388938
6.620151409140238
6.588056170163433
6.575944765536454
6.500191980914362
6.198960958650781
6.083204720755669
6.184598388856133
6.303878262938085
6.306904262555739
6.30020805702355
6.288152396950606
6.2868555053670345
6.286024274023095
6.35486417845091
6.34896300982005
6.296930024032473
6.308981372798511
6.4500553256103235
6.439901839950451
6.422883336965452
6.4282318705897765
6.425246771427652
6.410631960652827
6.393256218594441
6.393142792795765
6.359423917179302
6.361293996632595
6.360669298085584
6.288225681238588
6.283537558231202
6.238685381904044
6.189851650088865
6.154696793225563
6.1307131499991225
6.058685825077845
5.7649056004163715
5.658534604014076
5.822339198991159
5.961613585732228
5.987949992390551
6.009825513890414
5.996115572104628
5.975576723063503
6.073711552967772
6.1133660333396
6.114172894891746
6.122708375909836
6.189327846524018
6.33579873834957
6.352732809252094
6.410015758429747
6.436595952130902
6.451498019798515
6.4636351802626475
6.484481513713742
6.504704145163548
6.50623874060569
6.520271684268541
6.524938801734617
6.540080410810587
6.536719738426523
6.541771881829261
6.54816450179206
6.548919776341355
6.5587790517726186
6.560736813679483
6.562064758555824
6.564447578531957
6.549045698685074
6.537017178698421
6.505090282777704
6.4596964437242725
6.434704776726097
6.4450017877050385
6.217034072308337
6.215274380286553
6.200229611061445
6.211734851749792
6.2263151653387485
6.370328611129884
6.421938593558025
6.383238227219022
6.397950952727589
6.421720540420555
6.447026743430611
6.439815570733178
6.459352843557086
6.474738077199041
6.461140835630399
6.481592144136215
6.501616683586995
6.500816773896684
6.497249157526288
6.491376583381738
6.490775474384388
6.477313281665315
6.477543115587659
6.475737169846338
6.472662839774767
6.475299996948423
6.477495319960445
6.46062860492645
6.509333946810122
6.504134726681714
6.494190356365301
6.523700582049616
6.529929602716564
6.536486658040035
6.537024129532904
6.54544272499178
6.5126120423384055
6.48468673685241
6.506053038883161
6.484554977367681
6.4619228037915
6.445659856752778
6.429790271412594
6.390938066049287
6.377569235691148
6.376681463479227
6.3350665166499365
6.235760904065058
6.238157636829453
6.238773969425964
6.221497369809608
6.290479661493162
6.291601645060581
6.282298011187152
6.325510701097046
6.325510701097046
6.332190491187637
6.340688770506734
6.331127110090847
6.287001469656785
6.280263522836091
6.302464963992685
6.288693067015529
6.358918914930201
6.373900133399715
6.360476693892251
6.340347572972044
6.346453116994387
6.379354402162587
6.3580773675990905
6.393341079865157
6.4157683535792565
6.410737902935248
6.4714334075912845
6.496466625548878
6.506921516891495
6.530271211798899
6.559944313313449
6.588557374512352
6.605882473591187
6.61665012536206
6.617452272592521
6.609755767389968
6.614396680757828
6.6275695467804905
6.62247803995424
6.6233316021585145
6.620616446851093
6.62376708112083


