Rainfall Prediction

584.4716520177577
578.8588331695211
580.9965181134835
591.0974146294275
602.6306002669758
605.9289206212735
603.9543343848206
605.6197072212801
619.9235746031582
656.0830698504632
653.5604509334028
650.861445921033
648.5611442644974
648.3339906579126
649.8180630778221
640.7098648598193
601.8566099678117
546.1236229574454
475.0008246564895
397.91538246298114
302.75118041744275
249.89261387437296
138.73252638085546
118.78480569162589
119.39396396966197
135.43290459443102
133.44157579986214
133.18342410913243
130.8018453103462
125.41139137025169
118.93920194787728
118.69434785668159
155.6007051030196
154.8900746122329
162.7053298402612
159.27075358688109
154.99254379724744
150.99344748076115
152.2350266739844
155.66201146763873
140.30853190859506
175.69390491854787
278.43236716856734
318.13752289670543
320.5857390298061
347.8522002583201
383.12226773239433
400.4573491326141
475.78157034038657
485.01269004384216
541.268165732318
541.3341467584759
541.2019291929864
541.5772903826603
540.6467308425591
541.4174711647494
546.7502742976391
546.6381379178615
546.9050046993079
552.7366525071701
565.3555092160608
565.8524535504032
565.9768608563711
546.9766030369524
548.8784637553581
529.208075664828
516.0325572595405
515.5147392099673
525.3310249042906
527.038185608792
557.4580477978927
603.1399069006017
555.0416163402468
515.7148546283237
475.88470224638576
473.91956811918254
443.3280990218294
411.10570652845286
403.03255888994687
361.22079670988927
405.92353411858977
354.3473855154057
363.32937976741687
363.00242649282086
397.5260157577385
398.02795554233546
400.70405648525195
390.38349800979455
403.3419339966187
401.9163073052774
388.20231707381976
392.27976753351373
391.7066423430938
401.3859019698706
400.652763924042
398.32034325034175
392.28479627624796
392.2828881757492
393.8643017588819
389.6826358658787
393.65750334678006
373.74505004365375
339.02080508668894
341.39849977534084
331.8269860821022
331.7941032526064
341.6971211546494
350.4783601356855
353.93395670962633
342.11626761582926
282.04193174800974
219.12867894652507
183.67070908964257
177.58671692650583
180.24414498998573
144.4245311392582
148.77077555913306
158.52507437017795
140.384366816832
126.45543998500551
138.84937732218884
236.10534819468876
239.5829475238136
240.0802948319546
234.89802313827445
239.61560608751432
258.02475211903857
257.7708784027927
266.1670887169819
265.75103721555934
348.51447558743735
342.8393626049051
331.6042386551834
329.14244181009917
326.2450762626117
322.26079364904956
400.3816835654948
444.4355789923715
462.8438976149708
456.7648627928526
458.9503638821988
472.325381790267
473.9506305581554
461.14045149845333
489.7811070258182
606.8464455087834
639.9005657646403
628.4934677301934
654.5364211644364
646.9023674371995
654.8188092868542
683.2859842442933
647.0549458981054
648.0023489364047
666.2320446472112
710.1996666697755
710.8524533728622
696.0288407559942
703.181903769188
710.2134071658828
715.7922659819357
586.8973130903303
610.5211465448562
612.1991862192884
612.613159415982
615.491176772854
606.2782656073339
554.1990104071485
500.64062383400784
463.9621303634268
530.7041430263549
542.8932787686758
533.0549354587687
633.217660685233
764.8308142603073
747.3541432895124
640.5356976349575
574.08875503114
573.1390333052727
567.2298518412863
575.0394271326383
593.2076380114938
543.0006154335938
537.8619625286427
584.4098281994359
670.4917395692329
687.0063510064867
695.6993785475983
694.1942105819929
709.6942363120821
740.9374385234561
744.2516382085436
774.4247046684973
762.9692673013446
761.2508351617164
761.1018269382339
762.4972071874869
763.9030544601102
763.6488273142596
763.9212469828385
764.0053565096237
672.7328142115
659.3939811288128
697.4427686778365
646.2843719236457
524.3208435061981
490.41970779343075
489.7960327596845
489.53818462217805
492.9532359542698
484.199034161669
481.6737468898342
514.0153641412143
443.5553461555065
429.77073448046735
375.94062061439433
271.9128285016913
266.2372623006133
264.77245502220165
264.3321544746065
239.3219517152275
325.4911744222109
419.99730865285056
462.5042527454284
534.8997924519962
594.7038021527355
594.6829839423617
592.838807257581
591.0130819542633
593.2051634583925
615.7488431157287
707.0543388178934
723.5988035452066
730.0883490049837
722.2724178657389
731.7091829701644
731.6154285285729
753.644312510925
810.3508520731349
832.3397875716884
887.7541431863592
917.9899606732224
979.595325489381
934.09320470763
1006.3840962023731
1012.1449131592676
1028.9037407665162
1028.8304706585013
1011.4595224345155
1006.6767099942018
1007.3082636637395
1006.1316930749915
908.5670802988808
796.5455951237745
781.4067196039354
717.4097790357243
672.0281602220045
678.0021707163647
676.302504823593
676.2719201123957
672.7394430195582
643.5614500302971
601.354115144819
578.8496904025002
575.5870754285056
554.8787912124867
525.0128461380298
524.342510847945
499.671929551206
530.6553373835188
510.4095406444376
452.90052913255715
419.0262975559126
555.2740112575192
510.629414131861
375.0115663688747
365.7784894388302
323.22877486573134
431.2000536663576
437.4645543252585
435.81085912455677
435.5412667154124
436.0972742427227
439.3710067826988
425.44235277440697
403.6882463226083
400.7583003107767
416.10510883344915
410.22400633093656
421.72607860028677
422.34115182631774
427.4129558151343
479.6276646529218
515.9994718163232
515.8760720404922
551.5810875029023
659.1237147994733
730.9534774594961
745.5775131767937
770.9199776309308
763.6850737853805
802.8477187597588
802.4460446986121
809.8436514202385
556.85376414749
580.7088237288303
592.7096774742905
661.1376294531046
703.9197430090213
702.4662491543087
717.129535469428
743.8732716538508
744.7018732774623
790.9365077029131
985.2080626967179
1051.4332112315963
1078.2019391788183
1078.2032524444253
1088.7741014218457
1112.5747690960775
1099.1345350065671
1178.183904950719
1186.742366847913
1183.2943616114783
1161.4227045809018
1179.3999192719416
1158.6667608334772
1082.3748280910988
1125.5128560296637
1127.2497893761426
1110.62793267522
1060.42105797678
1129.8851886022792
1134.5294805019191
1136.5574956595358
1243.293133472614
1277.26055914246
1346.5268338782062
1297.599416070972
1254.7085338250122
1239.7883193828452
1220.4918817499392
1192.9407101552995
1192.286183686663
1157.0599511662163
963.154129355356
922.3812704575569
887.5976069598601
887.5329675550443
855.6041017238484
862.7175600796196
858.1473699246228
785.3204018043455
812.6616374278839
756.4257238356654
764.2488506737229
817.5589635493966
811.6232738206319
807.7230312836517
699.5342689489053
688.9445884734612
684.2649915111068
672.5289061190832
596.3665749193375
593.3199311592297
586.0820343121889


