Rainfall Prediction

581.2709451432909
560.7224499895418
525.1827448389001
489.27263746887826
483.8348185329933
483.8431137810122
482.9846055974133
482.1952201849366
485.19202000661255
491.4154237670372
491.27740775783724
491.6127959824352
455.7014223202265
455.69368232767135
455.2047608069939
455.21680749651443
416.24907785194836
429.0270400851873
479.75373039235376
391.7703897568789
374.2030274893693
313.3959877990547
145.58463979517902
122.85904327264873
122.85904327264873
143.0596836941137
143.91548205750408
143.91548205750408
142.1987349503361
127.35134744190545
122.5546290862962
122.5546290862962
166.01095479057892
154.2164334260148
156.77976302127865
174.04901225223253
173.39278723746784
169.40206216565898
172.73406921038418
166.68850790014827
178.73616290242245
185.5043172818671
340.9229108023733
410.2694106417343
445.7285175209669
448.916127982712
479.7350205717638
498.75218296239376
654.8761646233318
640.0826378740477
724.3940209906184
731.4320185365701
772.5305757686734
843.8822371550322
785.1758119416693
906.5091208110086
960.6660084227667
960.6660084227667
961.9600718007641
972.6412720172459
972.6412720172459
993.5108030719326
1001.8885817561345
966.2396007484111
965.5490490153511
968.1878848137283
946.0633819974234
946.0633819974234
946.0633819974234
942.7067002819078
942.7067002819078
918.4663115723403
917.521639183776
751.0527566576974
691.8039354360261
656.7813662564206
655.2971126840648
639.3156266391753
632.381478822266
511.8025128632757
514.4807972229772
402.89328354730776
399.16024079811154
402.362112210807
429.4310579611257
385.12740524040237
293.86376003335266
232.43174446610416
236.7993305699415
235.8302842265438
227.4314372860045
227.4314372860045
224.11275218652221
208.69131763310452
206.22477494804383
221.66027960987938
220.14933800150195
219.6678410717128
219.6678410717128
219.6678410717128
220.5921676013969
223.33028928966118
223.33028928966118
211.71069574084302
210.94946879965198
210.94946879965198
210.94946879965198
207.41733988918736
173.96469962533345
162.99196236971295
143.68975062227676
111.03223777017746
134.83517769116293
127.1315515206569
107.92914645578674
126.34689159989132
139.8898093482965
139.82183065180013
126.48684895423882
115.11265333738262
119.0248837780253
196.6466957728312
209.61136171107813
208.69402093395763
277.90115662319766
309.98683708833283
333.7453743134636
334.06861446120405
355.9667676000856
364.94967928125726
371.10836496605674
370.1910087153652
359.45150289531347
359.45150289531347
367.1920345589832
395.99702978708564
489.77918248961333
610.406245252331
654.819450557051
683.434121953119
730.9137871075835
752.2333176508137
754.3321312153884
748.722220976478
779.7531431061691
816.9520354888007
819.3496151991618
798.377210461613
788.9801410480022
783.9879818924423
783.9879818924423
854.9106127261402
807.7878160456399
795.4358275510253
794.973767780667
732.1589681931456
658.031988903141
715.2627473456739
778.5129910372451
746.3859435614613
732.1858015383075
787.0069242193844
780.308871142278
868.1899808849597
883.7695119839888
872.7898250496261
859.730078161132
856.400737410342
733.0280256539464
681.155001773374
747.8373823896927
735.6391731340264
746.9804984239378
813.9463448387993
848.4658315278662
827.005473733875
785.1457946225242
719.467088116837
720.7467591903
742.7591070262082
762.0266811379743
789.9774083415945
718.9367688280645
730.0695706852617
838.5356120053552
931.9659679829406
953.8914440020692
970.2616479959952
929.4437699140996
925.7495220989654
933.2915823398723
933.2915823398723
901.2915722412955
901.2915722412955
876.3391697105254
866.6086965669929
866.6086965669929
889.8808214871462
841.4030354226642
854.4806299329433
860.0605568000905
750.8893800572137
724.7481310074148
745.8612346960931
691.653733556266
661.3551569748483
635.832412937331
593.9544228360112
563.4419973134535
567.25821663205
552.4173421885433
551.2245252288378
534.4740192130556
471.80709446058177
439.2405926233437
327.01972975261464
260.38684830515
274.31184682458763
270.0559399027621
270.0559399027621
245.4265891804803
347.9500117499125
375.7275750816863
441.4259725195053
483.89760199322234
598.0258246571211
599.7878409865853
598.4190029778168
374.85136529901786
371.78086944973643
336.0194961433486
349.24210928547643
362.4840952516882
362.7647879513711
352.57419048786056
352.4103140038165
341.06860145402
404.20804132826026
457.2270811718782
579.9523314276188
605.1502186728284
664.9283387617284
623.6217165340673
787.7632630278797
741.2608082505336
740.6010989454031
740.5534236897965
739.9332033062382
727.4815266274661
726.0509860098251
726.0509860098251
726.0662037963172
678.9716156401391
665.1714137246526
739.8561195125634
650.3267290646758
655.526394995625
655.526394995625
655.526394995625
655.0435025580863
644.8192305625493
644.8192305625493
616.1629979991318
592.7949393367643
592.2405255496099
589.5684657534555
558.1316832172166
558.1316832172166
511.1211665075067
530.0307978456955
441.8205227402686
410.3795924854995
348.4292029393344
536.0156215600691
281.6702541414015
281.84342673662496
285.75612012252316
288.2187215010616
288.0806069920417
488.9366415223521
554.6708096827086
567.951618841576
620.6191279557637
699.4365550253593
755.6744910295021
694.8318932848532
688.5508519797362
752.0765336171513
759.3402282946872
772.2787392799107
773.4527571996003
782.1661572886319
817.8908255693899
801.3737191710676
799.8103810302159
799.8103810302159
797.4844859025986
797.5069650768592
798.2946691202073
801.417396665434
757.4763158697402
775.6337262284352
775.4999692354398
781.0291061024225
529.4615165051248
532.0577952252054
532.7048877754986
605.6406211106972
689.2056647680673
814.8303458890625
759.7399451411311
746.243448061974
801.6626465432831
780.5468997959543
872.0334356796152
904.6025364348728
912.7538468500187
896.6901537419635
837.6844737734294
833.2225929319127
817.1105587478048
862.1380479663898
872.7391083109073
909.1785507985505
901.7745677257401
901.9225844209653
905.6043439268421
908.6339958178584
945.8160614844525
945.8208555460303
956.642491281477
984.046326953365
1050.3573168785567
1072.8090103504553
1068.6812762581794
1126.9883055104488
1152.9805202932862
1171.3129636632896
1114.2728997112508
1016.7243080708075
858.1434323482056
844.8483815041533
829.768417966494
782.1528800816968
856.4884440827234
788.0486465758099
715.8320805321581
759.5206511512066
759.5206511512066
731.429412071041
742.3569304405822
771.1800176807484
719.7311689545859
780.5548203304462
743.1592356088249
750.3505320088098
816.7776009849272
835.297175445222
867.7166632427004
811.7969182833907
813.04191212604
806.9210578553913
804.4105343433606
745.8983988141606
736.3557077817891
737.0479243047746


