Rainfall Prediction

6.508624393727862
6.503464135784056
6.48236250063859
6.493200230123483
6.43850883649657
6.435097881025092
6.403291599424963
6.444511908120288
6.427361134286931
6.429416252504517
6.43724602702565
6.436440484312548
6.429696999098932
6.472788401376716
6.461782193167719
6.470881721583319
6.50250538753385
6.485797952907048
6.461284154084604
6.434834619564977
6.425765730611609
6.410026306925963
6.419162843503927
6.403411548513498
6.4160578059944555
6.453258491764648
6.443895200357908
6.390235169965557
6.376986569794484
6.387666450274843
6.3873041937914135
6.394606704800142
6.369914830587327
6.379919997255062
6.4015189089555165
6.426437432272297
6.406307507666365
6.410157114660508
6.378327957979465
6.350580873668864
6.364454561700312
6.3587714929759995
6.414763695279906
6.413792366391279
6.459755046011204
6.443791818668983
6.464075262056641
6.480984880936774
6.490579210097652
6.491196841208269
6.490689320997938
6.490297578993995
6.486359754691628
6.483024875487837
6.480979020268845
6.478327787054446
6.46364244601507
6.455358560811885
6.461713431271433
6.4600107099395405
6.456536830290901
6.473115327055785
6.465752766549968
6.466043975779659
6.456978991944753
6.421758013181427
6.337072356502104
6.320738384527762
6.273290314654375
6.3831352306982625
6.389243604434903
6.395738316544662
6.407680228829506
6.389165787257967
6.389309577109237
6.339457677515357
6.33287625131108
6.314850541308292
6.299939121435985
6.286010499749981
6.285233139603701
6.30371417178484
6.324524476731695
6.342638838056166
6.369502477485037
6.369913204956967
6.390995766784546
6.439119313337378
6.4586121503904135
6.45865162118546
6.464739445937585
6.478853869105927
6.467830903101776
6.4494025873347445
6.446587387073999
6.372477340083294
6.342653575789731
6.212442261991655
6.199079327899608
6.163480605354065
6.252957638680339
6.260973008252302
6.258922700633756
6.27342797919212
6.3272275697121305
6.359332588561734
6.356162843210921
6.36180247746261
6.363791276073263
6.38039673877366
6.380050712878872
6.384652655789952
6.370369230150155
6.3426534716443355
6.347489183363043
6.377065802995141
6.376306921855528
6.399418302035014
6.433631327073409
6.463372122305576
6.466587225620664
6.486273063861978
6.498960689979147
6.512262710650801
6.5182041133596975
6.519727608172463
6.540421360766468
6.551441175809722
6.562486813322338
6.567297589241395
6.564936010226528
6.592788904898282
6.593056873200716
6.589902320437288
6.5807888895738085
6.551969441218227
6.506942538214813
6.4884901942290325
6.48111452258348
6.475888079829662
6.466103219682363
6.470604709379646
6.454673470098587
6.460977378176921
6.463600022163677
6.482387174886852
6.496030596490174
6.496934275504725
6.463126100341366
6.4509527052957
6.434335845403985
6.442088567742633
6.424122507021817
6.392269503171572
6.387692641654946
6.391507204039817
6.402194091917211
6.374263833589519
6.350353993639494
6.294069357229694
6.2968463570414315
6.320461577951965
6.292482612499272
6.303979366778474
6.320517080537701
6.371809989066391
6.434125357453498
6.452731424213533
6.459129927619119
6.465752968230432
6.466710162614859
6.463221919991895
6.4490578480776986
6.458914142632385
6.496709126584108
6.5236664917095535
6.502522662580283
6.48682459396481
6.484619940261364
6.491889256718024
6.486185333731398
6.463795028337888
6.434888380843683
6.436185786867458
6.464162129115331
6.440507300899434
6.445100463512038
6.482733979524797
6.451937967052552
6.4305284170673005
6.364184111760824
6.370294643195586
6.392820444669727
6.396287488268917
6.413265153998687
6.434919708788565
6.469517774828849
6.473060373089816
6.433375938710255
6.406016189702625
6.401390896230829
6.403946220164912
6.40202560823933
6.408455584954456
6.383423791017946
6.367475054136882
6.33945817120417
6.346162483574427
6.327175126744793
6.325240399757831
6.287608832681101
6.284765245790595
6.288714867316789
6.323445724516662
6.316151076085445
6.282598350517809
6.278853573512096
6.2640373757680585
6.229346428776735
6.2133888809386395
6.243203340420158
6.2523099317071225
6.24860966262068
6.2674631661630835
6.251253125805906
6.305552382315992
6.350349864708981
6.332545133746162
6.275388189535641
6.20552317037802
6.1753586678927945
6.186018210561531
6.183585455484638
6.183601893275835
6.174189012869929
6.165168512075646
6.180232952927636
6.181468770558686
6.153652626945629
6.124558257358486
6.133176292128008
6.099716671723384
6.088431917223772
6.085395570834296
6.039296524662046
6.030870568389663
6.06412988541981
6.07325376995462
6.075567371956852
6.150917685483224
6.1936146766198465
6.201018612364779
6.1937591802131164
6.189838062358832
6.173446409363598
6.1704199773182165
6.177010388234196
6.160457088577398
6.1659000445674765
6.170982563646179
6.172858206633878
6.1689064778855345
6.164416610791596
6.1614597168549095
6.149524768603567
6.149165884617441
6.158197334450625
6.16181246750345
6.15245467719521
6.0994808712252775
6.074462429845307
6.068282001972171
6.0474933899070535
6.046676712023103
5.999413631567571
5.940703353832278
5.884999827884416
5.903684744710542
5.865048358660942
5.9311977465624715
5.976765589132469
5.993945523456115
6.0495762250506875
6.0604174730873215
6.0884976605534264
6.073986951732608
6.098645196008049
6.206825267965392
6.335762602781961
6.329732908596622
6.333151709638785
6.330391095104879
6.32890808884321
6.3649792432149725
6.387758564941052
6.401705158773439
6.396176186723222
6.420054999021116
6.422635579816046
6.427726286043735
6.434364482392488
6.471133607819832
6.48649606252397
6.49281431345126
6.508444974979168
6.5124790444395835
6.523527164571328
6.527843144411353
6.520776192902603
6.522476049582981
6.510954086724388
6.472472487821841
6.448569184178036
6.491937905831723
6.513078998813301
6.529134562609535
6.533724172539144
6.532521353271312
6.574824345738058
6.556895069329944
6.5759764516690185
6.57773012510311
6.582893621407008
6.58684989830539
6.571380509945071
6.568044346271183
6.5604357033436544
6.58631809314145
6.575816129047064
6.57621424867344
6.572574728033681
6.56900946592983
6.539062503133227
6.520727685450486
6.509213385119563
6.461180312292813
6.458334861447668
6.45782072831126
6.463163854236214
6.446388861087675
6.437106968230342
6.442825518654222
6.442825518654222
6.44767662775866
6.465183200564026
6.448580031519875
6.483043919470876
6.477223185364088
6.495922593602724
6.481818860529955
6.479609737790106
6.48325135973756
6.490483627033755
6.488975523661099
6.4866786163294545
6.516953973965897
6.522244810955692
6.503020094618996
6.512329520933554
6.5172396510305735
6.509995920957443
6.5202950377119695
6.523118077777169
6.526623460831422
6.521807707412439
6.504128856894151
6.531229030656444
6.503391809942311
6.49069012500824
6.459322288412136
6.428739878223102
6.450433631691288
6.456773353150003
6.4593284185242075
6.465672227850976
6.492773271315613
6.533732378232311
6.565565988688173
6.542480619524
6.562845521820429
6.548093092806292
6.588915496950582
6.577994373273839
6.57388501689834
6.568571688968914
6.5667885649848365
6.581724240329145
6.58858669596617
6.588680086258176
6.5575362801982395
6.555730296562484
6.551887793115251
6.5501558942715326
6.553925729752701
6.555768323764443
6.540159162880076
6.540313962000034
6.478312005056478
6.458214186418026
6.458640522183248
6.457823043311787
6.471997308286542
6.415307724052642
6.40462275138718
6.4098834897233345
6.422438440513964
6.441524005909009
6.394390516328268
6.382673937035729
6.38591011623563
6.356790576445904
6.383853905620028
6.384467388283477
6.424501270833979
6.407033144921865
6.410879229887619
6.415620848321398
6.408660755455707
6.371710699154373
6.3729830734096735
6.358012034816677
6.359825497907377
6.36732340958208
6.373937565826448
6.363228425901056
6.317144337792815
6.279014210162065
6.2787333144751205
6.193315175871842
6.180754471020474
6.182775884095346
6.200886833978466
6.213390645703057
6.236976428325459
6.260235533860721
6.283495114597893
6.304494495236169
6.384039467989097
6.36558187589218
6.4043884654155265
6.451429666344434
6.4663580901696305
6.504081408705414
6.504594896680749
6.506288300324852
6.516853486127865
6.541445451579238
6.564903272619291
6.54477374762848
6.551684014370317
6.558104140585069
6.5638320528189125
6.56273219550849
6.552655183716918
6.526928050850599
6.527557209483711
6.559634694121455
6.562098664514531
6.568554126250351
6.603665940732331
6.619591208638029
6.626301347332812
6.625640332998552
6.6257647870975305
6.562134179248115
6.54928904857097
6.569784273277243
6.582157751067257
6.544660478765714
6.547798213087413
6.542937461887755
6.516245831210646
6.482740269397655
6.439210248790427
6.456755347455866
6.435435839926502
6.429518769316967
6.414323744497663
6.3893768733267615
6.382278575226742
6.335437794311286
6.327472151348022
6.298780900216906
6.2920956918912765
6.283039433256186
6.279903916894863
6.2836669453852725
6.2785097119384
6.278514783162916
6.264904351919476
6.256739166687537
6.246438372265844
6.276930116582651
6.311189994237815
6.307939190375915
6.20486935132609
6.225800087501352
6.322983213387415
6.370011181295381
6.387288705852427
6.39833775544302
6.407841878730944
6.409977996336824
6.373195006531099
6.338011226084565
6.375427032677607
6.38048754639033
6.381217854154769
6.401988353334586
6.436209888520525
6.442373925662001
6.436750281601976
6.446327526349222
6.454563958302981
6.446763515411191
6.4407434231788026
6.421174469453736
6.431117145384326
6.4389563935588185
6.451306784850199
6.469217026750926
6.480333688210868
6.4719690294105305
6.450130449292472
6.4739401626481285
6.48553504112735
6.488962971876014
6.517774966461032
6.535308664072616
6.513057415414782
6.563067428687063
6.569507914650183
6.596660653968864
6.614382536594076
6.618220518219033
6.61952898902393
6.62518442256313
6.647766090106234
6.6560619562938275
6.669962666293098
6.674556313812928
6.675010330991444
6.657370807995484
6.6473101562351316
6.625183240977556
6.632967999667176
6.6321369839191835
6.640675891881907
6.6439954525664
6.634381125115373
6.624514370348903
6.610535862680504
6.619708796847784
6.628402986972179
6.63311880033534
6.629859938905418
6.630914602360424
6.612039751880337
6.61797826623003
6.615080118820678
6.649263114536681
6.636175237828601
6.634033763719207
6.616461584895735
6.601076951222485
6.6081039869895015
6.607195391043687
6.596055740313141
6.575760595928841
6.570306318923886
6.552755256365608
6.5239956158750845
6.522870112756742
6.530367495523833
6.534467869704055
6.5331741201365805
6.538838503463731
6.526104546080751
6.49353685800446
6.496855782248083
6.475383612143226
6.47879603735431
6.480990055395195
6.468794007015984
6.451951872991224
6.406447702703254
6.407624407437241
6.3995394750605765
6.342950371053772
6.3331664790071756
6.313245116586352
6.301781017564036
6.328976228095321
6.32608744519969
6.334965699312633
6.328478104396333
6.320124495177292
6.332973351939823
6.379034207247584
6.395894940486135
6.407274122718378
6.418259435066869
6.418325351299477
6.414583070482307
6.41406843376213
6.3864968800056925
6.385137264365594
6.323781581520313
6.296021350324956
6.257755515699238
6.277349071553338
6.3305514373371885
6.347607201338672
6.367463600783943
6.380464104569108
6.362576752916881
6.344272654421431
6.321137091170667
6.356205138563363
6.387472371352098
6.391984949582093
6.426086939848246
6.432343931720693
6.458536126801636
6.462713369768551
6.482027959486465
6.4834380799708144
6.483570491404603
6.4916330632397266
6.497404522770798
6.494554972584294
6.504531646455943
6.490083290061656
6.490053206873027
6.501719180027413
6.492409066096586
6.4912352873794354
6.488254525123821
6.489406600712476
6.492073960614811
6.490590792593997
6.480342438888034
6.434640651693756
6.434004589720446
6.340605922296668
6.2958217974196335
6.357094000686335
6.388093938842108
6.404319469374232
6.392768664520938
6.347533071633336
6.341124950851219
6.314797491848841
6.310684957536766
6.307622841590156
6.3031816394497495
6.295204379634762
6.294453505295508
6.313808588869888
6.313004261971781
6.326694621651435
6.344866135784951
6.327622236696149
6.388009946047843
6.384329068726381
6.380171986673246
6.376775377726985
6.380165382470796
6.380078215149608
6.398464759770674
6.426203720601328
6.445686275685119
6.429205124832721
6.425836086002194
6.357854977073097
6.3731565993600165
6.356744656911701
6.369792472275025
6.345758219700266
6.353999899192023
6.369712097522413
6.328902590180201
6.3145913480417235
6.267250166709312
6.279994833412847
6.287246076579955
6.287246076579955
6.292233607045039
6.292342829247703
6.318214848292162
6.30409336826997
6.320341573668468
6.322309614820018
6.322967360094856
6.308912832658991
6.308107048998015
6.296514441689607
6.287847615321409
6.292059193600607
6.300254030648432
6.303528422514616
6.2957702215665154
6.287645220324316
6.319241076787808
6.283324866996983
6.268531646048032
6.075181346742539
6.017693738385608
6.132318330739979
6.241220500630406
6.242354873454817
6.254059865990948
6.225156643869245
6.217610479236782
6.215156431081264
6.2324166592650645
6.2307508951181845
6.231490754934347
6.246430077048475
6.271416725068308
6.262786381220079
6.269658115523492
6.2564160160486555
6.236900818942296
6.234541382617026
6.30690983819216
6.299817777053659
6.300237729983931
6.294422290427422
6.305189614863329
6.305144737783199
6.345599434035443
6.406192955036296
6.4435338147486565
6.419915485356145
6.357673260348124
6.3449226570532336
6.115390992236631
6.012647502012577
6.131690074994546
6.1842062584734645
6.181263658690992
6.194893360200334
6.166610887972685
6.158981185831365
6.157354012396666
6.139580676490282
6.135737669832494
6.135071081667377
6.1157959037761485
6.082268409426193
6.099523400931811
6.071321347645633
6.095095747397007
6.115020867326373
6.137415927357918
6.207292841780818
6.219087338879849
6.23201472962549
6.22989598621647
6.249984483345738
6.255884517879041
6.3008435741245306
6.350764849391701
6.371820493322755
6.367725421205549
6.351686127400082
6.3314685477996635
6.332104258053104
6.355242035758619
6.372879047458876
6.39081291974755
6.403103557229207
6.438282014652013
6.44371517071786
6.455059391474358
6.457367476773707
6.486043058867015
6.487318093094817
6.4948986588982764
6.500239784888927
6.508581831750587
6.524536921485513
6.535672645971155
6.53811405350187
6.534150657560271
6.527740600646694
6.5255097706437715
6.506096618773067
6.508341304906559
6.509998698090913
6.515087920297126
6.5089258401711625
6.4914772941286065
6.46051553821011
6.423000545145584
6.430381007358701
6.448445403844995
6.449304402053173
6.4529766360294625
6.4542886030261295
6.450437171105502
6.454349728642106
6.444354349082612
6.436337013399247
6.436121818911018
6.423932903188719
6.43078042356731
6.417130689749249
6.413910064792404
6.420392085786177
6.410339021513957
6.392265204000632
6.327919070551309
6.296133431039061
6.326523632269055
6.371902650476571
6.401360474980352
6.37803584058416
6.411518138313315
6.44798205585324
6.473530565983915
6.498166760932443
6.530898254841677
6.552935082559585
6.558309578121854
6.557777503960369
6.550514239026077
6.54328979133355
6.550829599896499
6.549218459943989
6.5594211242138405
6.5495033433317555
6.546745726666431
6.557813647995544
6.523823248787707
6.517027926670259
6.497725673171927
6.49601094454637
6.460025012698983
6.4565755001647185
6.460965695751534
6.461758130432188
6.444933496115454
6.4007655433885455
6.391858854200884
6.458206544834809
6.49707036054122
6.527655168354979
6.484078200193807
6.48293653831292
6.494373611864243
6.486231401090624
6.486029027968888
6.4979789487610775
6.484348162359771
6.4884715359711125
6.492485167570571
6.514054487809465
6.518425901621253
6.506199527741034
6.510286734036095
6.500731502727413
6.50738616053199
6.510886406322684
6.507737570333495
6.5077000872298205
6.514941245852021
6.524835965861572
6.53268761668577
6.544507973234301
6.5611548141275895
6.557374834639461
6.561807000326744
6.562407886911129
6.554644598294988
6.535659383936788
6.490906538762894
6.477775732817422
6.453910392169104
6.445907879604118
6.500804780287238
6.493059963756551
6.507756654446719
6.5177012666146625
6.508418032478211
6.49559635029423
6.496415771847394
6.502977173418809
6.503487315445289
6.503713647577956
6.5057896641975175
6.500810561916995
6.49391097405485
6.496040654576407
6.495584648533277
6.480656343786396
6.487957230727186
6.489003658147227
6.498093565980218
6.487905091485259
6.465851969515981
6.447676137302963
6.47894767768728
6.445729598324854
6.434331743423761
6.435763985654592
6.493152819508398
6.461355160154741
6.465274930434414
6.486693706149795
6.4991566763597275
6.546545800967155
6.579449118500793
6.570544676872466
6.559492311043865
6.444449478371143
6.401041881099201
6.450576069617172
6.482188882675372
6.473690196238964
6.464448182848139
6.436440264747005
6.430682800501645
6.432608369755782
6.425413155098425
6.437700516985393
6.4446386193536185
6.450184401298639
6.44401611700782
6.431745128228236
6.453571448292967
6.454721352821878
6.464445891379212
6.471998352793952
6.522885839084677
6.52675634235114
6.530767797371609
6.5648209116069465
6.578759110623572
6.574070496341074
6.594214573748747
6.627169998631427
6.635369088447753
6.613784997441827
6.593845734249818
6.596590718491526
6.598313411613225
6.599022579733953
6.615323282679521
6.61542384797783
6.613332205987495
6.636969206172861
6.645460336067682
6.648800725686901
6.644756488867294
6.643223491621762
6.636113418136205
6.633818403584842
6.640958310062241
6.653494478260241
6.700321218578558
6.6799166416778295
6.676397517838966
6.6631870303403975
6.656145509036838
6.644239915818229
6.641845942794242
6.644652465539774
6.6100869576699
6.592958100910085
6.6016460138388
6.582377294531569
6.563567302396427
6.550305103649491
6.538088561338171
6.516772549990114
6.52028087473282
6.526890037211061
6.533017786374351
6.519559083341147
6.526037453173573
6.527376449913333
6.529148800507435
6.5226804831843594
6.5314003861330026
6.533061205841308
6.547689949980137
6.547510335591123
6.532159654116783
6.525792716753327
6.515687823036205
6.500823649782781
6.508114337182713
6.515160012808577
6.52126346911228
6.5332260315954205
6.533700819637171
6.523189749097128
6.51478463612811
6.523998211014824
6.519229290361082
6.510168858935845
6.500259685418361
6.502548592778742
6.501867534836105
6.50223210368932
6.4982762743488065
6.482105594753733
6.464928453904011
6.45704575974541
6.441837409786224
6.415984204550241
6.412599822749105
6.388116117608573
6.389978604281228
6.3773281446397
6.372543828446139
6.337377284983801
6.34462096208106
6.3379160747818934
6.339606306114963
6.328150864579539
6.256449894048352
6.211987006601564
6.220692283287071
6.271807807412551
6.268143453739307
6.241942597897267
6.242760191233289
6.297294437285067
6.311620744826335
6.3264198379469
6.345473087035924
6.359718761953484
6.3655351729202225
6.374287213780564
6.361111790890457
6.365828785042546
6.372943943052122
6.383556268977143
6.392613926374036
6.416693582681387
6.439275631329612
6.447009996820779
6.446925970362473
6.445881338108137
6.438582001398907
6.441729148444247
6.454170952060825
6.447409479566357
6.450659364123307
6.446998547066466
6.452822485709548
6.443135877711513
6.408877549477012
6.388441839807529
6.376202383807067
6.383118824185133
6.389548981479723
6.3898433327695034
6.371333172822815
6.347644308311546
6.326226711708047
6.313382581371976
6.303212752313962
6.275801479531528
6.256009300143558
6.272544893225594
6.290046303851544
6.277615486547557
6.278067613674522
6.27148306151027
6.211552013824236
6.208743149611767
6.199906110697813
6.284402633617949
6.321322962085489
6.3362406083327185
6.342075512923111
6.322810472679788
6.350617031106876
6.352962770399105
6.337423535295672
6.303887236675729
6.237807645602523
6.239950801517722
6.221221804339996
6.264089072188726
6.256583232392845
6.259462777830494
6.290838446953459
6.341085252319229
6.384699768883914
6.388972796429093
6.385852532909434
6.377162240523023
6.372990960169641
6.36475403011372
6.365444269624007
6.339458913315847
6.3212302291055575
6.293747335646189
6.290826731858604
6.321759422504871
6.31585694666617
6.318816816186674
6.317438323660995
6.309313960280601
6.304603220018606
6.289800302694409
6.268417179138735
6.273409131319401
6.261922954557184
6.259203453788366
6.221137945154952
6.17270886920482
6.194466190758252
6.21214078934087
6.271341544241723
6.320569431678788
6.332414378639824
6.326448322510696
6.363689110846136
6.375380435880593
6.3844401600801515
6.393094966989655
6.393352781614057
6.39926666632247
6.400595978828493
6.35335296426608
6.364677836339641
6.346488245170739
6.36158684142191
6.359892658297536
6.3979952942917615
6.44284407627907
6.445135740467884
6.453042269022636
6.45824366172152
6.460766359170101
6.482004797213114
6.500907122509769
6.497126166730168
6.512436582267493
6.50737972037092
6.510738057491939
6.512667635987653
6.493403405703933
6.487624606209231
6.476084471069298
6.472810885250192
6.490570229740379
6.493588351943009
6.4591802806479235
6.4428491001755885
6.43787291751419
6.446909968583153
6.445692677131611
6.44188796192164
6.44343419692937
6.4527024413603495
6.4716711277221455
6.475511800056845
6.485940574082169
6.484634997515901
6.465097945853844
6.456518676327573
6.45074424745159
6.450115067382288
6.448033529386363
6.459275669930485
6.438759308919037
6.412137342607372
6.3876518888569915
6.353025947422878
6.351022985156245
6.414654526237001
6.43486773103085
6.460826258719556
6.4931927504234626
6.488818057820413
6.476405677716427
6.454169397404388
6.438295372570682
6.429659310908489
6.411412183105705
6.411721154121847
6.409673065142112
6.410597365252696
6.412991709021664
6.410202010058904
6.370790866774491
6.34933801302602
6.331586012720917
6.325638306612201
6.3289779077634325
6.331414000967525
6.305179655808092
6.3064534556051255
6.3092148682672295
6.303238356580611
6.291297116710867
6.304971930623798
6.339323110278768
6.355378925934165
6.35122153156962
6.34723414218915
6.332851560489112
6.322954474192303
6.305024746180992
6.1995328980436755
6.15486707624579
6.1512661342565265
6.166254892326991
6.168976777000871
6.1678048311670075
6.125702620829788
6.11559678549777
6.106224006154868
6.105831739993587
6.150811612163676
6.151603325284813
6.054672214758728
6.051359076300416
6.034517705516955
6.028557546246269
6.029777045998881
6.02226559828701
6.0283751355162085
6.029880190769418
6.102381148445904
6.113622753642385
6.11945578191463
6.091168351068686
6.0607845966664735
6.030131473949526
6.008631212727791
6.003531016850372
6.16357774004702
6.215563094128132
6.248665499007141
6.310883012243435
6.319793216664308
6.325347553763317
6.322390153293607
6.322779573184442
6.326208309462994
6.335277977783406
6.333782913448876
6.3435902052759525
6.345655464563941
6.315724174462918
6.326427863722469
6.297088199103487
6.296378786365035
6.294447132305842
6.299264848427624
6.299952822382199
6.2982428369624595
6.29967740710438
6.301091047580696
6.271222777117787
6.260747265151455
6.250880677332939
6.241478762775175
6.173882721943783
6.135391258871708
6.06420853202148
6.06628352347727
6.1226504155747525
6.1319013186578415
6.135877538435418
6.008359440118687
5.936865853800932
5.937227038769078
5.994255584544032
5.995552052967076
5.992332734002833
5.981533323645204
5.960498115729251
5.939769123076963
5.940966698431166
6.053437169890548
6.040092715212387
6.036689060400543
6.036007483735787
6.036944160157432
6.028282301986733
6.033545264524545
6.016123283867969
6.045597013771578
6.04406419585789
6.178733202486755
6.168408227499553
6.140064576581
6.13952211862641
6.15860194879533
6.188137878024812
6.197140954469594
6.17467288230225
6.167227844969485
6.1786339878728365
6.157937018125268
5.914377318571555
5.840633935344638
5.845496474437539
5.8776098973446
5.853033250909889
5.851177378122292
5.948826047558245
5.943199220543285
5.911951637965918
5.904855041065504
6.037258022071796
6.0655083066642455
6.060808979505496
6.060049323122873
6.057239320519228
6.048455881122137
6.052764403912922
6.051226406196284
6.050141655656475
6.0670626792797036
6.172815898141148
6.214355197992191
6.237656910490047
6.250333013118104
6.257221218975803
6.265203919898415
6.3013212949761215
6.323302682118866
6.2756014098310136
6.268654317285519
6.276425848210731
6.308424184413578
6.30770523430966
6.308623285867793
6.317871341273065
6.325795180169593
6.3386989466327535
6.337364550238787
6.335053456205308
6.3443834204510186
6.351933987964643
6.338161848159991
6.348609265370057
6.345396584631476
6.349361139090333
6.352588825684783
6.3531433504975166
6.3600635090980315
6.364832517851924
6.360191289719112
6.362187028712034
6.319959593203337
6.302305321990767
6.285713427212997
6.272840671104384
6.276740579161997
6.266690591755683
6.167413363773757
6.121169048274347
6.041676265571369
6.039075089101628
6.03164703984272
5.9649004663339875
5.960836046180035
5.982936393981325
5.911885348917292
5.883529261291983
5.899223141704541
6.0722382047058145
6.108584703279943
6.120010591993518
6.12136082533277
6.120235546383563
6.1264778240232145
6.126360618064804
6.123227719862563
6.11942648106516
6.118618867450258
6.112969248207292
6.111156186532565
6.112126024089724
6.101821384618939
6.120760710120238
6.184158090291709
6.2209760213140965
6.239804757393545
6.218453204241425
6.188009110236918
6.143186825088118
6.076859161625347
6.0668237506971625
6.093651765084407
6.116035736093739
6.070694254181343
6.068979534065858
6.083943220173957
6.034499556711078
5.98973482263842
5.961848217945241
6.1310619806813405
6.115635530783492
6.069279545914113
6.070507705035084
6.077400612022028
6.096367620081722
6.07658941194062
6.150011123830151
6.164497754577652
6.195060799099699
6.213655811435262
6.2247022666216365
6.232208539776439
6.240487276364992
6.250386257365672
6.293138542675717
6.309126932246305
6.326705382814945
6.362978509883037
6.365012818285366
6.362366374400481
6.3690638977863605
6.368719390912552
6.370711767370633
6.354630294432653
6.325710834295884
6.330021635278711
6.339298906394185
6.33283879895238
6.34044511858993
6.310817580729466
6.295845577941057
6.316416955521914
6.350455547846877
6.353927529538729
6.352370000922327
6.350742422472362
6.358743153751016
6.345656481301275
6.3415444201860245
6.338602457175565
6.322289487455638
6.28961899706205
6.26749343419525
6.238694264431744
6.2320837865824
6.277146706383098
6.264170994690936
6.259718877981507
6.286317143954598
6.288727261520165
6.298679288953363
6.295546328754107
6.296981483377349
6.2720753802500155
6.262681512167122
6.224426625092168
6.218705323834267
6.2099403991872
6.280207104459906
6.283433825938475
6.216225457114015
6.2111721540543074
6.204355732917659
6.1591524692901265
6.185395534449139
6.189350552835061
6.1917828644434385
6.167107024305204
6.284052621786935
6.307107758510726
6.347061828516868
6.3712664246243405
6.371162332821933
6.373216007243722
6.376975544209179
6.377418158966751
6.360659779366609
6.35426813668805
6.361907167392446
6.229914035013808
6.190027883590276
6.196131409380069
6.237394266690509
6.234549911300055
6.242787872912421
6.241652144904484
6.24843168408236
6.249396828026518
6.252187006077164
6.237744941847376
6.22665696059752
6.183764245311294
6.188019268701512
6.1648798524034385
6.088976864099716
6.110823927685777
6.100010443678277
6.091260498245512
6.048589861360484
6.253380100975783
6.281637363650363
6.335050543456009
6.352436084731172
6.364628498809767
6.368527253392011
6.391797230400397
6.403005155725835
6.420704562798117
6.419931705739536
6.436450746132683
6.4367422456801195
6.436817317714296
6.427106412005791
6.431269839119214
6.431269839119214
6.433045678748711
6.470321594173152
6.4759959862538965
6.466545357207128
6.452279551980367
6.564703636158896
6.568068220198441
6.57132984532733
6.569096071818608
6.56558385110297
6.561874460353123
6.55401123339621
6.549105967684225
6.545118253685716
6.5413071199292885
6.476318750282158
6.462575839900212
6.437670975193395
6.419649941683402
6.432704555411633
6.441401961768447
6.43990595701735
6.428643735232281
6.394865320979228
6.392740302688199
6.376299893203288
6.392489597886246
6.391313901019726
6.388386268218799
6.352600196253669
6.357019969602154
6.344473692464197
6.334577429557626
6.325258990748312
6.30827912063806
6.294459731588361
6.308499641443371
6.304150248554238
6.292787457559795
6.325270512521825
6.344590300340704
6.3593794167001185
6.368597562610587
6.379759511852194
6.379759511852194
6.381051245083147
6.420147100804865
6.420791071356142
6.4130680068619315
6.411958831205991
6.401092937595871
6.380416206268105
6.333099486328343
6.341232777772876
6.322922840316039
6.341543447767535
6.34063676333532
6.265326048608143
6.266651303852129
6.277306801141287
6.2607703960297885
6.2574941105987385
6.26792641670176
6.351336286968128
6.360762988944559
6.360731629383584
6.3546519895398035
6.255688112407615
6.262673508906571
6.269718877129355
6.311436251809386
6.320457637459207
6.328382652593617
6.3287197264925235
6.325568781418641
6.333110488729043
6.340111209164796
6.388045981523045
6.459228542205686
6.489250699108873
6.500401299853816
6.499013242569303
6.508626607663813
6.525244625848641
6.505548002267524
6.514094014112836
6.499413775269213
6.50498894911076
6.5374463437775825
6.550558219645839
6.570266102743535
6.563885267205871
6.5376418258682225
6.53822608663584
6.529670175387544
6.518518898726289
6.519009769247415
6.518171145311826
6.532189707003913
6.532860918768699
6.522938663581482
6.509430860838358
6.506651816152459
6.499284281222548
6.495406440943133
6.492214108072932
6.491474912497532
6.489052067309373
6.442616945872535
6.390817796288418
6.358806972598695
6.346882471854943
6.373383354657985
6.359352655859976
6.353031474513489
6.359912336839643
6.3444569007994165
6.309973879733293
6.311211185936677
6.263260338666886
6.245761144939352
6.202110251243251
6.147956611030702
6.154254033805435
6.133458417503506
6.130542389166448
6.113960017938364
6.107834168660476
6.101044290427746
6.09271140470762
6.066933335849057
6.06164840513764
6.092092982485494
6.087322354556237
6.087322354556237
6.094014594377825
6.094224978441549
6.104900555872855
6.104317140991886
6.159302716829528
6.185243507773962
6.205198739567193
6.203635320555062
6.1427449197977655
6.109617542233136
6.152752813951525
6.170116782258535
6.131165682667876
6.136939068765124
6.156861637736151
6.167859318354636
6.214413487864587
6.248372033056497
6.262427050678214
6.258612089618908
6.234947469868505
6.225626555668287
6.181149662317156
6.1379793932758915
6.211216438870352
6.2286099268055235
6.207450573646956
6.1936886438601775
6.297674135249887
6.315292021594664
6.346112645795332
6.359464124398021
6.358783938903013
6.368831971109327
6.379979732811077
6.428260233817727
6.457819264750605
6.480488871280439
6.500834978414027
6.5194900592682785
6.531423099468813
6.526960523528178
6.518786379364112
6.51648504224305
6.517033980986793
6.520646002892039
6.517006525160368
6.511661647168717
6.4543413230462505
6.403160390841294
6.401722395082373
6.401722395082373
6.401118890873101
6.401118890873101
6.364709120425143
6.324768869484821
6.3078594957207414
6.303976315581562
6.316021590389169
6.2924720481037
6.305182958236777
6.313672499562155
6.304896840516413
6.322155936549985
6.323024245569738
6.308401847786314
6.294880922392426
6.289311006539175
6.268717362199405
6.2561201073580595
6.19481265023594
6.1806209158983
6.158859502004362
6.168259280952109
6.165172823031333
6.169986586237433
6.220437127098611
6.335972114741696
6.340950872375346
6.244915550133131
6.257048778510453
6.255271503908063
6.2577102567726195
6.261369467540431
6.275518526414151
6.240260874853917
6.310770859304063
6.333113816129258
6.345329597536303
6.341009219945907
6.357423716431127
6.365980636267829
6.358006964029171
6.359907146952899
6.355833937856308
6.356197033067526
6.353122905703629
6.363984154137808
6.358289936705959
6.389939894802323
6.382676387892079
6.335748121392869
6.333565756964131
6.329299976160654
6.318010784237762
6.272363645670775
6.264840048150049
6.2680383012144105
6.368526478126739
6.390787395526723
6.373381056401707
6.3228499630486015
6.3276810545950255
6.329338907938255
6.341658030043
6.318641718204187
6.321437704606149
6.386489885400067
6.396068768772434
6.4316774457482
6.454338296749877
6.486862512667445
6.494036373259086
6.524016953474112
6.526736933964427
6.5366520824261904
6.539576049955294
6.536470559783521
6.523127828623517
6.546315057223231
6.541643948372803
6.529805074351178
6.537099516712255
6.548829418052567
6.558626135313152
6.579999811867762
6.583381166032332
6.612309643075172
6.626308876716526
6.652306493567028
6.6486206372425585
6.657737904292782
6.648352252135642
6.684337330913524
6.681722136413322
6.679004159044337
6.686756259611471
6.682284591876497
6.6427101870844645
6.616509122276145
6.643437129221067
6.657647616071301
6.622074447693271
6.6111469075822775
6.617123691645142
6.612949385040688
6.63203836195449
6.646219590739657
6.649378595495565
6.645092209047735
6.6551186487904115
6.634936229113322
6.639866111620777
6.6470946154001584
6.634830579576222
6.636368126075404
6.6261185506737394
6.6254457261447115
6.615245986502495
6.605026361158719
6.570836892701744
6.56717183085522
6.551076917530014
6.552531201371453
6.434390419580048
6.429396768763524
6.42168578509434
6.383378131487839
6.382761847264849
6.477267551401648
6.497547235693411
6.493469094604021
6.500561924116705
6.519467374323147
6.519908473924982
6.504741135909871
6.504196134917452
6.476859989341289
6.458410263597814
6.459953542990703
6.4242200087813215
6.391412226945288
6.3554909481692405
6.3379512837983745
6.303770983092158
6.29923377588492
6.293707130025432
6.261828121251034
6.241540107168886
6.277698254513991
6.275689389650147
6.312554969349372
6.31709086991374
6.333257223228691
6.317539459079935
6.3684699082608
6.35773951437751
6.367075657975572
6.326655099461629
6.344144787073334
6.3261012090199475
6.320359319237903
6.331546570994052
6.34121217443444
6.364327670087501
6.395683877217234
6.418370840342163
6.426061134765823
6.386518822604224
6.388361138877455
6.404210333725391
6.34279294413911
6.338955067694842
6.315980257455499
6.290239055631538
6.291446434222452
6.305603061601271
6.327614316795045
6.321212111025937
6.310780842345322
6.345086793066583
6.360278052297975
6.3946397172183715
6.400420926723165
6.393400662269155
6.3839545595088305
6.240258473807202
6.2228151028183705
6.21574332613186
6.207457932309805
6.188606057213201
6.3610236878469495
6.400986546829439
6.402657495158605
6.437223329830766
6.467817928729719
6.465225632503123
6.462676105179127
6.4640989026791225
6.483964449673465
6.496894581726857
6.486582127696361
6.49304437093809
6.502030712117076
6.507602245212077
6.508634715366545
6.508177323232077
6.496175958567402
6.4617883874627555
6.4334449955823345
6.43321184708067
6.4197520025420935
6.411629737499488
6.366733134848316
6.339827631975956
6.305026016739201
6.30608905036744
6.117586528595485
6.122468919862154
6.1337592939910754
6.151428424529705
6.179225245106309
6.327918955292649
6.349990610157815
6.36644688707878
6.367720109858491
6.379234451913377
6.396735590721149
6.38517897660456
6.380216180127624
6.3596135342357245
6.346343785401829
6.34908199061955
6.349763579168588
6.3221249330704214
6.31895889794866
6.334501534091863
6.390733296319851
6.4050531820929795
6.389835440601302
6.388993126545863
6.387531289414719
6.394829809019894
6.400832528991895
6.415734367227632
6.4181184484706755
6.468348968641545
6.480979902662949
6.470262557941129
6.458939428916276
6.4528619654273305
6.455216530169824
6.45443752690492
6.432031315837788
6.420344690407695
6.422836213536083
6.441992743107726
6.43303386268511
6.414559190352387
6.423624380953271
6.410734439407471
6.374786313176699
6.4061809299919705
6.36644462414404
6.198939088789253
6.1619912839158095
6.243622948803613
6.323751877351087
6.314705859091331
6.3075097085543135
6.314088458594884
6.317024525464196
6.3183239783497385
6.3599175118463736
6.368443878659956
6.376032081555805
6.404011148389074
6.492486820172779
6.508727593926072
6.549887748386447
6.595178640366833
6.612356112044855
6.596824791638718
6.566246314288135
6.566874861206992
6.581619180829385
6.562853437812677
6.573165308442747
6.573638868014251
6.573597909870157
6.5658557745630555
6.569167398859662
6.574580306156568
6.581850958685942
6.600402129668701
6.631380515170508
6.648369287215506
6.649058909966729
6.6497485404824195
6.654172521147288
6.654646270432075
6.652179278812532
6.651623018912018
6.65148627358975
6.649963497810488
6.645542956020018
6.647537805707432
6.667206620333272
6.65995878443289
6.637474284290892
6.628411172970098
6.608408329358924
6.5742960210844235
6.572810900091102
6.562794781851794
6.562187601059753
6.557684855865265
6.550150003722936
6.538072648682265
6.545807837444982
6.535471425553456
6.538932559614623
6.533776323156967
6.4935511086219995
6.479874983278226
6.385607596248778
5.997307275621427
5.834679496977814
5.972642766720613
6.141573211423844
6.141762298778366
6.122995583234024
6.1010136863790025
6.09702995747228
6.102096937802688
6.191136643394902
6.187527929522578
6.159289233196864
6.187965742744609
6.381563486761247
6.37211934051195
6.3611004572803695
6.376605601794385
6.371272734164729
6.365923446897976
6.345515317226912
6.348471289530123
6.3357098881276315
6.336122377078406
6.335868069614075
6.293705931281015
6.289408153137419
6.265820872152667
6.230791811227374
6.184792668434157
6.168101366664332
6.074908782487633
5.690580433616993
5.558573927548064
5.740677479344955
5.920280155772835
5.9394134805080565
5.944262432933248
5.938846769636112
5.932660118677074
5.986166681466479
6.060774018118862
6.061970654668545
6.074250886743696
6.161923339592619
6.353905191966472
6.372764995247506
6.418812630577741
6.456599259700691
6.467082160225289
6.471800211320121
6.485446134206954
6.491951553440557
6.489997651250033
6.496080454386992
6.4990613208893
6.517014603515415
6.514985717601061
6.519666443388278
6.527011977863573
6.527011977863573
6.535836641061082
6.5354895320453545
6.535354052976292
6.537283500992851
6.527395764457282
6.518109603030138
6.507845399152779
6.484498903736285
6.471021344865503
6.471577678822079
6.335120198555896
6.320295891964476
6.310152155311629
6.310422906765249
6.340779988785522
6.412126623189171
6.441302485730578
6.4164102485582175
6.41548640493491
6.419992498543246
6.435266862180179
6.430104152898887
6.4419170674138
6.4536257638598755
6.446866557532752
6.458530593166287
6.466990956021345
6.466384881735513
6.464574572189231
6.460102131524583
6.460171699272526
6.4486875343982435
6.456274747304444
6.4605755729361976
6.459143316691181
6.46511888237319
6.471074417404407
6.452645808489622
6.505085967823017
6.498815329689129
6.493590862731747
6.531169446355716
6.533029265284808
6.538367902889731
6.545410616036947
6.536525093069749
6.509629586374329
6.49233897468288
6.512743975909594
6.494648795892212
6.484659416166373
6.472631398079067
6.465602231997412
6.449808333308516
6.440216607322839
6.446411949054186
6.4261213167417655
6.362996366000392
6.3652561249039294
6.360295515899461
6.343855597590633
6.3801714662122295
6.367176978680206
6.357990295456017
6.381058868711672
6.381123316736759
6.386574894177303
6.389765257060243
6.368433207031775
6.333646374851452
6.3226034636363
6.345643615885907
6.340332565836148
6.372329673701638
6.366213432842258
6.358124370968014
6.344092190947813
6.3437139707396275
6.37222439325172
6.345301960440291
6.367354888518028
6.3844950816813855
6.383004344360198
6.421232247953387
6.452207313874174
6.456385879313061
6.46692333182824
6.497253427528971
6.526345634749478
6.533027150040043
6.5393240765412335
6.539159505036381
6.533620590550322
6.535906145382101
6.545357139646018
6.540009307236963
6.5398815545396
6.535702917894124
6.5347722853621075


