Rainfall Prediction

792.5212830941703
796.14387137289
798.5965214057679
682.827346866743
683.3906988861397
665.6244927430747
636.6667110280179
670.4505304112133
624.5365613681064
702.7760478608102
710.4114349796886
710.8299362827786
700.5560104654822
709.048422764158
718.4453962930562
720.3067283417378
718.3798695085225
723.0890462789931
707.7206573951994
708.8417661602061
723.1605250281879
736.1109460662911
626.9921918832906
638.0208955921717
627.9537567161442
736.3924958329351
735.2936874152048
734.5526708276675
725.0749940840791
725.0749940840791
725.0749940840791
731.7500190644039
724.605498315763
731.2017024542461
732.0269319234048
716.5497637383489
711.4120094495257
553.9725084118203
715.3094769771099
577.571433008426
583.4963380636218
643.1189367081814
579.9652170921182
597.2116969458157
592.3110897216814
581.706701729494
647.8133167184374
648.2045942277471
666.1914589901842
634.6334321652073
668.5991445723769
629.824754320091
664.1577399126185
649.4377678889094
654.5043042499158
675.0227254831552
683.4243666753744
689.1568071417367
690.3275986002028
699.3894647604252
724.9106163396496
731.9055621400126
731.4686265935945
737.8258554434522
746.4596214453173
747.3929691536589
759.107900273082
759.107900273082
759.107900273082
759.107900273082
759.3547411948921
759.8463718234073
759.8463718234073
764.399047934917
780.2139259053235
780.4128155225188
779.8815399181113
777.2495464716859
777.7958691928418
773.9810010151879
774.6866033025327
778.4795972756988
800.6471340602151
802.4074038953626
803.7230759006586
807.0605811677702
802.9486899181685
805.9085869989755
747.9839873397742
768.5773213198378
767.5599517364735
767.5598532727283
770.3951913447916
765.1477493981358
758.5212330398938
802.3598967643607
802.254713094046
757.9891812957565
758.7371801744147
761.589694046048
759.3085178226365
838.6733842463734
844.7494533553545
850.8301283079728
823.616728698932
819.5660451492622
821.1945898349337
821.1945898349337
823.7139142945588
784.8811798858748
800.7129397806203
800.9726006849962
797.6128632037392
825.3872152653114
829.1594320636858
861.235515649112
859.0382968529112
857.2442182545428
854.7377569092513
849.4905030140221
841.0320170056283
837.3333222639284
838.5204120041974
835.8164759409422
834.3407067554175
830.1372089868893
825.1137643806096
826.1568733339606
830.8089510180248
834.7977516205906
840.5819684776824
841.1876882755704
805.7648766465055
801.6791314526981
793.1920662956612
788.7280838532613
787.0077889185303
786.4194440063942
786.7307446579919
782.8344057940079
778.5361015883087
783.0732008831156
744.6463627738414
755.3316582989032
755.2034614994991
745.2788114212436
714.2435744759957
718.4650735964736
723.1103641022706
730.2431203544808
730.2431203544808
738.53655043845
739.7521876926953
752.4794485685774
756.1621849937417
760.7221940170252
764.8454063222852
770.1368375165871
768.9837438767505
765.1992468117801
761.1690874587591
749.671985049234
728.1020596131765
720.4366046373508
718.5798234578774
718.2039861817456
718.8295804526103
719.4511925560081
715.0144495143375
714.3638479626002
716.0464795338261
735.3157709422153
782.1040596859194
787.1778731837466
779.5879574108291
779.5879574108291
779.9212226598959
784.7249865446943
782.60824505327
783.0564671385948
777.9548669205075
781.620051230821
778.2865460586981
778.827197580615
772.921144666417
776.2954282639777
775.3262007588389
773.4971743055546
778.5481279631831
779.3548283064845
778.3454068697838
779.2915615646825
776.7090259524899
777.9408494129887
777.9408494129887
777.9408494129887
777.9408494129887
777.6002319357809
777.2584222353619
777.2584222353619
777.2584222353619
776.364077053693
785.7676360685148
784.7174206226254
780.8394791007535
782.0208031641325
782.8651809636576
782.5418020712098
777.55808236146
777.55808236146
776.5300856870972
775.630320881305
774.9325112142974
773.1658667128222
771.7265638463995
759.5687105042638
751.3556282716459
752.6721629455683
752.9263709792618
749.895061774469
746.4871023808606
752.4033417473618
748.1575152802443
753.8044148544891
752.7534099290422
752.7534099290422
753.4553351915905
768.7711424407646
769.5152465706678
770.1066484187987
774.0783760263045
774.0783760263045
774.0783760263045
772.5985823935667
756.3928646267451
762.2382672608195
763.5762481660071
769.2397330349377
771.5886169177003
772.5279612763758
773.8138531337913
732.4139093223183
733.8670544359165
733.8727969362128
733.8732813406855
736.8199899134602
736.0916066517485
735.9348151836911
736.7822695493177
704.7326440066363
681.6472696958222
685.7577821245698
674.8545946560954
663.3437106854963
693.5114940127274
668.996871764072
694.3672928788305
677.1267877467186
698.0196318920101
703.1338110018704
701.9545673082004
685.8613843744939
685.8613843744939
682.3908211080458
672.2828572664012
784.3171197863279
778.2353424878494
754.7780073084951
770.1534586341693
767.7697391629124
766.7829339434205
765.3999141552022
765.0122402371385
765.0122402371385
764.7026809112737
764.7026809112737
761.5343598194274
760.8881709821562
762.4081980901357
762.959449829739
763.8242991184479
764.331822679856
764.331822679856
764.4485751990817
764.4485751990817
761.0301048232982
753.2928618922363
751.7980250694778
732.9402581406088
702.8505514415667
676.3591085674079
687.7969773299579
714.2680899599744
726.7594873334283
742.6877232745671
747.4523234246615
710.4855662933729
607.6538833217369
608.0597305821673
608.0597305821673
624.0619832645416
641.3418557629582
749.565174882953
668.1563474688671
713.5997516392237
781.9181033445298
781.9147408588046
781.909620280379
768.2553786100898
769.6028514533992
737.4280282453215
737.9402186634102
742.2027169689704
741.8095410711288
741.5140363669487
743.179205939022
749.4331383519484
754.1478023429539
751.5529003021508
751.7310215220037
752.8809570126595
752.2634440950758
752.8809570126595
733.2791513842831
764.4802792560478
737.5892463758919
735.8773232549901
737.4863433824818
728.0912814015534
731.5435255877164
731.4888016122244
724.7024374432076
722.3364363610311
722.3477596140191
717.3561648687087
670.461613126534
639.5030536426448
625.4866920532788
542.6089066828025
552.6115911016132
525.9066140713605
594.9428405849358
563.3049929266402
473.05875911945117
436.1179523511533
671.3367814375564
708.4465389639176
724.7525893690657
759.8663072051177
768.2055575003941
776.1552024609357
798.3921969233826
801.1640354260907
805.0771995331824
795.164406613026
825.5307984957659
826.562100457559
825.7730998413884
828.3631319755859
827.6301056935854
826.0642968716296
826.3960336890229
829.3721813718238
830.3709109984017
832.843319808159
816.4926670664881


