Rainfall Prediction

849.9786416577184
935.5672329786069
1047.448423060082
1036.6551242770129
1064.640158263628
1063.755215570095
1097.8864908832104
1073.9981881287167
1097.7905683422614
1106.4131830912359
1117.4052858739237
1178.3288408454584
1204.6485741011047
1199.8887976757067
1191.8975083607904
1192.5520454888515
1191.0659509013267
1235.7835928437034
1293.9734456204205
1336.3959214718295
1324.0802392542812
1317.3261836792178
1253.8771177141596
1246.62183736996
1233.7326357548743
1226.4675391278902
1197.6301276202173
1169.3700344941446
1197.3104456141446
1135.9628679663813
1055.716193619011
1018.4781364678054
881.1637259611538
751.3141370021897
772.8183284498209
680.9243965391735
682.3582465703547
671.4890621403943
681.306167465749
702.1147698773757
697.5201673523908
694.3829301706038
682.5072145398254
670.585077461792
648.1807303097671
651.8771049351442
636.698630819536
614.1387117137945
587.8941684158544
571.0140763406221
532.3850718873106
503.06820226665036
497.5712352373877
489.8500870656223
513.5068963394651
517.9818888008573
539.1136217322888
525.1716935877143
520.592636843768
525.2773008975419
598.3345437398831
623.583950770663
617.5493937893202
596.7981678162205
532.9594943380446
560.5440993352961
566.3858327131232
560.612488248437
558.9474739836653
542.8658455973268
508.15672910302925
540.6224586039641
537.4269018958306
527.5680256581896
518.6708409616485
516.8136964564686
502.2128804589339
505.5993635353962
520.3407737535221
563.1739034227198
575.8312092084586
605.2494557025623
606.4443874047827
604.6340947351229
651.2707556627224
666.5059732923492
656.9057917294772
635.6999013562497
638.7310288242371
650.4291174628261
596.1799290962389
560.2099370317296
579.1204886361885
568.1547500583641
580.8991522900646
591.5743287972488
510.7821692859532
505.36747199664694
511.38676282991884
505.8765951643736
506.887865875919
505.3460770140599
494.01631100196886
494.4738998428465
494.4738998428465
494.4738998428465
494.4738998428465
494.7921239252403
491.2772580019359
490.56577261316414
446.01910746018166
428.3404055975392
384.4977376990654
382.59016039015364
374.00672131489034
350.798032541023
352.51643125115083
346.3227450621578
341.70244082379463
376.0549955858622
403.5481892797136
366.964159091011
358.6003408842576
345.71419191407784
363.72213367276936
352.8589584009146
403.5736692647927
479.8814811172985
533.6687451827388
568.4182991958057
568.4182991958057
599.5772156376383
626.1501045555738
638.4278105806729
660.5685004828326
670.5139785119657
713.6608307092354
778.3124440951556
904.9478435662895
1031.8336935586133
1051.0834639417722
1063.5587408507147
1079.3812402189674
1035.4758798772257
1071.2303307766629
1088.9013245450324
1133.656454378205
1093.3255839703438
1082.8016090828287
1111.003490571313
1091.3764886117121
1028.317370572528
1065.616722913751
1087.3646282040424
1080.5417018383828
1098.30261001045
1108.943353499282
1084.612277358631
981.6915906247873
894.6769094069747
883.3987101019542
963.7681711634452
893.2679257866234
942.9649447941229
931.728165666485
979.8502138563523
988.3327431518036
967.6783547497188
972.696917875402
904.7593153952907
806.2732077876292
793.0802422717709
787.5739969565506
817.8217290509566
831.3832980495854
797.6771776584173
793.2296539121725
776.7926899724782
772.8136629648154
773.1268628400616
711.3905348208473
708.7433413004276
743.7805062134231
781.362785755559
789.2607203997217
848.1490071192941
827.8252687334165
816.6887277355328
815.1432697807343
839.0149902557336
767.2820004223134
768.2827310992201
719.7827821823137
712.0964853715979
684.3244327182714
684.2792952833121
550.5760761416365
550.3656763513486
547.2577519084667
494.9502869314834
503.28264472035147
524.7057770283297
682.5208476203679
677.5319598130001
652.4601826984335
641.9337111969098
638.6509171285926
685.6175133918399
681.3051486053897
700.0784854367248
702.7780337154144
724.9665579147385
709.3022799721144
667.2357723322467
617.0973695263748
574.4828548600626
519.1085500797653
518.9508500517459
555.6506250270652
550.1713612354863
533.3906162667038
537.6232940435918
551.8767897763556
539.1365987004331
597.1170137971728
610.9908479354492
628.2787606672085
650.2958758575778
685.806563389201
822.3708042436449
915.2510210528031
901.9775929450925
896.6096180004105
794.8870214920937
838.0991040370858
843.3751498137714
848.4120488417124
857.6621485839701
819.7998662624186
837.0210660008715
839.9999329240424
947.5048078237943
929.8984631084817
929.6566400566093
929.6566400566093
914.9066714129259
929.2458106854108
924.2931869635739
920.0076079431668
885.338211929324
975.0371978787031
973.6563673341168
953.7431763169959
973.613773460368
971.5533167187076
935.5939831809877
923.0163179818751
909.5935623612112
892.4500977116592
850.1788047433423
755.5232989023822
660.2446768992849
653.6379529673287
637.4004258306016
623.8668080865791
578.5026552811418
587.7227058577828
620.6903950084471
614.189317150675
589.6080630540254
580.6373312444124
568.2157466004044
488.93251977687345
497.2769065066232
519.935413170328
579.775362526893
593.9148391002665
575.1884480420964
591.0496656197117
619.3840920813008
669.2181577421504
609.5431042870881
607.0149616932586
619.7245332692228
574.9786737457958
573.4347262057275
572.201792021256
578.8557168035436
587.3663267738582
601.8439693660755
606.1604150916531
589.367421013522
591.5092121154717
616.323418479201
618.9227054198027
618.7905867879232
606.4809431686047
583.642474163217
539.4124635716954
533.2129457338834
548.4793361497373
487.45187096324844
580.6251266056313
595.2014155213934
663.6978944609804
652.9844169160865
631.5198616177754
640.9534302927347
644.3439048302492
627.8313523490323
643.2239631636772
580.2198282529006
591.0926374083872
626.8705701772021
629.8517635163737
652.3720769325746
666.6602635165979
684.3833790616721
703.0276322039864
696.7644615220396
718.6129210517213
733.9811234811988
753.8312253160248
771.8536367004849
740.4606940546657
747.3632103269052
752.367198386246
767.6484909631845
759.0692505569396
778.3030263383107
815.7549231274863
805.3148017759514
789.9673689978
734.3505050171856
729.7068413704483
670.3145078306733
707.1791881617348
666.2461472541058
632.835659740612
630.0788913707727
638.7856921734035
614.4860700478273
622.1360517583971
619.0907477393041
582.3816441554314
572.7653233851372
559.802108247085
613.3471486976599
643.005354314356
625.3823358197186
659.6650690717893
658.752665114327
657.4973963490881
638.4469281286068
674.3072904641597
688.899626894406
700.0849100951359
726.48960319553
731.9575743280883
739.4490038737396
724.0051436575501
727.6812186483551
722.454080565033
731.2695240644072
726.8659181298683
711.1772899966005
703.9290467496587


