Rainfall Prediction

530.9473657470087
530.9473657470087
530.9473657470087
530.9278358470123
522.1981192616645
522.1981192616645
522.1981192616645
531.6927325212537
537.5235510212501
549.9445774198055
549.9445774198055
546.9171795601324
546.4711923906169
546.7761627236894
548.0068006516359
546.8585461648981
535.0496168438452
514.4764140397433
493.8924943213901
485.3377335032053
450.24758287688775
438.08602160161513
427.7161788543185
427.774430607493
427.8442789042917
433.0113449420093
422.8306868470022
426.041539855215
426.041539855215
426.041539855215
426.041539855215
426.041539855215
426.45649719356106
432.21125256244716
434.15836154599384
431.0067016295929
431.0067016295929
430.73740900315283
431.979002013607
433.78458602854624
420.05761142049437
449.6142549905858
457.01731484288604
480.66680929858126
481.57719160900984
495.85101141833564
499.5014232732397
502.7387854328104
502.7387854328104
498.4841472484079
496.05474155565173
496.05474155565173
496.05474155565173
501.0253526487494
500.0868260070749
498.1773933555799
500.56225061070586
381.29457139942696
322.1468290272684
312.1405688428833
282.90887355641684
502.4614959708799
502.4614959708799
338.26437759652447
431.4376961859548
419.10235835014385
370.7518842916436
385.17235077789525
405.38846023674233
415.12277799143294
426.0509757772725
458.03942395110664
414.2542892857437
429.34878476235195
383.82603776196663
366.99525169736734
497.29008353782854
491.8615705189163
489.7761184511729
490.7039105537627
509.99068746058487
530.9054602964309
533.7787712313236
533.7787712313236
238.94666769393746
319.2405040014595
302.20250775632024
326.98438738034025
342.8105467889634
280.39167814854324
540.6303589023703
541.4354613618322
137.96960574985334
541.4238067629157
542.5009164947198
541.2318772588261
541.2318772588261
541.2318772588261
541.2318772588261
539.1186524380965
537.7976822928339
525.1434959129306
509.3838556133014
509.9314949391751
505.59259550863976
505.6335168118635
510.9911912026605
515.7761722330143
517.570678719143
516.9605701759226
514.9067162747949
500.8176710836023
473.24019146827084
462.73484796300545
463.77714243946133
459.6038539979456
466.0870452405919
468.4883275845091
458.4238646915413
467.2310175026649
483.35751039907404
483.35751039907404
474.2428232807831
473.30741090313023
472.6327594499432
472.6327594499432
472.6327594499432
473.30741090313023
473.52344547430596
478.96875155374016
425.3977639511173
463.34245750609193
462.6150913737328
449.4368808915187
447.00093583168524
415.119929636062
412.64896548935883
368.02208495898054
320.36701715659746
498.2544916962266
498.2544916962266
498.1561744249142
497.70241212319354
493.1542092256932
497.6826270631817
525.4515752952212
525.4515752952212
521.8989051063755
529.5449500775186
524.9715998878928
529.8375616656969
523.5734249148846
522.5222070466436
527.1766143689861
531.241701385632
542.0683197313963
542.9747645104934
542.9226736548386
545.117718921896
547.6067856251162
547.2360254124358
514.3466362323229
520.4228175498884
520.4228175498884
520.4228175498884
520.4228175498884
520.4228175498884
520.4228175498884
519.6242225902914
522.1129612601732
525.5463843385927
279.4966862093526
286.2774388995134
497.5768076161689
497.24409052429513
330.3947091309701
486.9435234400624
487.58929015905096
487.58929015905096
472.01149063266706
469.5309460933823
472.2212541990198
476.90063950294774
356.2243118078289
445.44973874442354
231.8671791070829
283.23622310578975
219.76731781640788
298.99481628365
296.2993275716094
391.2756280450816
277.7878867861958
346.37623942675435
311.25872784851447
368.04140434246335
368.04140434246335
377.68361038439787
356.3916994446316
359.0836380428415
319.4719286578428
325.9559511065062
336.34745536517454
264.9710433575041
288.7298079984785
364.32360854281325
387.0243275905308
397.00580817055715
397.00580817055715
0.0
0.0
382.0803451580745
391.58366605535474
391.21033354560336
360.0746119249778
364.4515082471561
311.7197807425375
465.5447534557015
427.335259556232
396.14852032296886
404.15327636802493
405.7647897421972
510.318530919171
381.7406493626977
527.5869549447955
172.98942983035275
421.7576054026218
421.7576054026218
423.6769854240403
413.8962036862814
417.3516572517121
561.8465937389243
274.6112964084931
561.5945003618605
213.97774383378044
326.1390035503266
305.67241894825753
269.58448457090105
263.99507865932077
278.0102906225545
288.85395986700274
378.1800455959531
412.11897981174457
493.79617308569533
483.09527752734977
517.6109243230973
516.9277955087734
524.8761817901797
522.0683241591889
508.2030583560906
515.748981289907
472.37758111876974
483.8742035941185
450.62445921930185
372.13927167209624
305.36121594642754
553.4649067343263
546.1277371962024
544.8827021880302
546.2313244842665
545.7029112766547
545.7576937300415
539.4687929483338
534.8950777091594
534.8015709870685
532.7518245926022
529.6428570770587
529.9355277869539
529.6467005057905
529.6467005057905
526.5571742965932
528.0007461818687
519.5998336573211
517.4612124514009
490.64685752360054
478.54494515678056
422.09506905772287
423.303608762251
401.7796535381185
443.075933246578
448.247423572315
448.89503779708735
444.8449586652193
444.8449586652193
449.0824346449372
443.43765206949996
443.43765206949996
443.43765206949996
449.3442520916732
444.11825985343216
448.5586540662977
448.5586540662977
447.3378737441917
265.28749731553046
404.2549436734732
329.5510706274549
483.0879427855616
352.40809583828997
471.5780857841533
475.7964624161741
468.25963122802784
497.89971995124154
485.1847270961604
438.94691708238395
422.2828231737446
400.3155494886695
442.0532664539021
449.02894422939534
458.5598187960383
458.5598187960383
411.1038303911159
353.04411217713647
387.43897719737834
357.32963060197847
367.2480495281813
445.07031840315324
452.29804102979085
459.6055061671235
452.40834293654996
439.33300186824675
461.0331622489435
460.1016389118324
462.36833099292653
458.2764086706993
445.43185987741947
447.07066500148164
441.76542497724546
456.1542012331074
424.2544061266827
448.21461979842303
433.20076999365904
459.68188978398723
422.8453184414047
490.0491809168413
512.6591196172706
372.7550296924517
453.3487908536584
461.21418522267976
452.012965120667
423.2114175190659
369.9024295406797
362.303734666009
408.26490091577017
140.7269225026832
358.9876098182632
411.11105714254506
318.33399060791527
526.2168814371314
525.9742620624819
517.8639388025615
277.66774834977224
514.1549249495714
509.97536788921593
208.59836748793455
325.0335531374141
385.0451141167859
374.4702204693192
467.070760809588
467.070760809588
467.55423433282255
416.3093973427565
479.6911301545513
450.98322497161365
380.313699224094
540.4590479601553
538.1697774472578
538.4986207696693


