Rainfall Prediction

600.9039717921515
578.9039717921515
577.9039717921515
630.0924086695455
619.7721929997227
620.9390659291039
616.8410367084568
622.2477391537743
629.0026090961287
643.6856095174621
643.5334730886486
643.7011271787112
642.1031437676547
640.2903293971265
638.6237672551084
638.7449895210941
661.9537075770437
599.9039717921515
599.9039717921515
481.90397179215154
410.90397179215154
328.90397179215154
162.4527061452141
135.85094415616882
138.3378749310612
161.2151581972665
163.03485802232632
163.66756257269014
161.88534444413727
155.55499994220276
149.49811464349233
148.4605904660348
176.90397179215154
177.90397179215154
236.16919145848604
177.90397179215154
176.90397179215154
321.49857610494337
175.90397179215154
185.9215078813908
174.90397179215154
186.3432989983287
350.90397179215154
357.90397179215154
361.90397179215154
376.0663547060884
406.90397179215154
431.90397179215154
587.9039717921515
622.9039717921515
776.9039717921515
776.9039717921515
776.9039717921515
777.9039717921515
772.9039717921515
772.9039717921515
786.9039717921515
786.9039717921515
788.9039717921515
804.9039717921515
804.9039717921515
804.9039717921515
804.9039717921515
744.9039717921515
743.9039717921515
750.9039717921515
750.9039717921515
750.9039717921515
750.9039717921515
745.9039717921515
745.9039717921515
719.9039717921515
716.9039717921515
542.9039717921515
535.9039717921515
531.9039717921515
531.9039717921515
486.90397179215154
476.90397179215154
392.90397179215154
411.38167375889867
268.9438301883176
268.84764841319407
269.0109843608265
303.04858711708874
304.04562962230244
304.29393213827007
298.65952704306613
305.57258195962635
301.4592979462997
284.8154423889518
283.94751534144757
284.6894002558878
295.8457239353743
295.6524387000531
295.3373228538751
288.1690699723481
288.38479376803735
288.7426794254276
289.00247671626164
295.3945623688735
307.8045718205921
308.4410593640028
308.63144870006636
310.95524310942267
311.6133321178793
311.12034596316386
311.8878374018434
309.3022649217137
293.7005972326169
215.41615714840415
171.81195293518562
165.86441142035173
167.73383475049016
169.6892904365704
132.83172232789576
132.56145826962242
139.33092137964013
121.52727672676214
119.77109220666323
122.42471846537947
231.37801366168313
256.97374616972184
256.7016109218381
245.65428299038314
251.06748436208832
283.59364327377364
283.7186168203899
283.4141155900729
270.47222989159536
268.5230429653056
272.8142659190663
260.585433370924
260.587619776822
261.3194978412564
282.4871791438439
400.9641599924537
483.90397179215154
548.9039717921515
548.9039717921515
551.9039717921515
581.9039717921515
584.9039717921515
576.9039717921515
621.9039717921515
694.9039717921515
766.9039717921515
766.9039717921515
758.9039717921515
758.9039717921515
758.9039717921515
893.9039717921515
802.9039717921515
779.9039717921515
779.9039717921515
779.9039717921515
774.9039717921515
744.9039717921515
744.9039717921515
744.9039717921515
744.9039717921515
744.9039717921515
744.9039717921515
744.9039717921515
744.9039717921515
743.9039717921515
721.9039717921515
604.9039717921515
530.2110488079222
457.95793631700707
557.899992279657
559.083294211999
536.6287344987358
529.8737124926058
532.8964964234843
483.5699298994435
410.11694393505974
337.57491858808066
338.44541321694123
358.13898536500903
359.8587212411473
382.386063252837
312.7839479066924
310.02875142799655
366.0542083672638
428.03762197254423
444.76398547660165
463.25513866483334
463.06993534386413
487.100847054582
494.075305199742
490.2810783020771
490.1973666166022
492.67205473612626
491.98371588317843
492.42029244875334
494.0380959459014
493.95930219870013
495.24976508951517
495.1934632570731
495.064564022046
396.2601132871635
388.8960361357361
424.8288829463505
424.81121517545205
429.14619995254776
426.339394993693
427.1892337832638
428.2117796323502
427.6006356250097
422.985113414688
408.75141152259
385.37598736003605
310.6980493781537
305.5679070642512
261.0323190122924
186.4246208356035
201.93185916700497
198.13751632136297
198.31298501839487
173.3787708210131
289.4590532355923
326.0056282335514
432.4922002297978
507.7615730502293
508.0968199326805
508.0968199326805
511.95437651523696
512.393798521045
500.4764888909119
499.84760529523663
622.1770931396685
670.4898736724441
670.9632595014094
631.5477191134839
686.2796712233854
692.006232255028
730.6141441251691
840.7789714778303
857.9039717921515
921.0411970801113
953.9039717921515
967.5166028484654
955.9039717921515
965.2118356258411
964.6695944611695
964.9805625370876
964.390128754802
932.698877016099
924.0625242175618
916.6084637489297
916.5369707725085
795.5170043535898
759.2126151123967
736.6046591098225
671.9891790574856
680.3859401104056
681.0483588053881
685.4537130607611
682.3234539752326
682.8969356208847
677.9039717921515
622.9039717921515
587.5833860452469
586.3825963394925
574.9039717921515
527.4809502027315
534.6466193579712
497.6372067849437
553.0191875865921
515.3120175011142
469.913556148971
411.8276996384257
854.9039717921515
854.9039717921515
854.9039717921515
876.9039717921515
891.9039717921515
891.9039717921515
891.9039717921515
891.9039717921515
891.9039717921515
891.9039717921515
891.9039717921515
891.9039717921515
808.9039717921515
797.9039717921515
796.9039717921515
816.9039717921515
860.9039717921515
863.9039717921515
887.9039717921515
979.9039717921515
937.9039717921515
933.9039717921515
933.9039717921515
927.9039717921515
927.9039717921515
929.9039717921515
937.9039717921515
797.9039717921515
869.9039717921515
869.9039717921515
884.9039717921515
465.9184156386174
467.19199831348266
464.3340655741703
575.7824765638755
632.0075761427988
709.2939575837145
740.3915315119871
800.8257457022869
799.2918644608452
778.1526027392229
1020.9039717921515
1126.9039717921514
1177.9039717921514
1177.9039717921514
1168.9039717921514
1148.9039717921514
1141.159212799128
1229.9039717921514
1229.9039717921514
1247.9039717921514
1223.9039717921514
1223.9039717921514
1233.9039717921514
1241.9039717921514
1344.9039717921514
1344.9039717921514
1336.9039717921514
1317.9039717921514
1312.9039717921514
1319.9039717921514
1307.9039717921514
1299.9039717921514
1356.9039717921514
1402.9039717921514
1326.4440372157117
1240.1404201963453
1170.4766620579219
1138.267874435434
1105.012100814721
1096.0955674684083
1088.9159965476274
831.3881088757578
780.194166063036
729.310184218182
733.316119046292
728.7788923047075
790.0292247287049
800.1739474199178
681.8249755131087
724.8810016608833
621.5600692352034
633.7254497584538
738.7983061581565
728.5407670567237
721.155743796784
609.9155256224007
609.437586901122
609.3248440172891
621.6042579540415
594.1787391358151
589.0365123366698
569.5230628195314


