Rainfall Prediction

556.781026964662
564.6665480179701
554.2198704433603
603.4722514107887
629.4048286455637
633.4474009945699
629.0794289470641
632.8837712513848
671.5682914135739
684.5841768648324
629.9481534264106
601.3375693921724
585.9939346919404
611.9388210057929
589.6920492545055
595.3224296208515
579.3560994425209
574.3504011633587
550.9180050065952
390.1395293944644
316.78219164027945
218.8766954022782
26.64446925826659
0.0
0.0
0.0
0.0
0.0
0.0
0.0
0.0
0.0
0.0
0.0
0.0
0.0
0.0
0.0
0.0
0.0
0.0
0.0
151.58251470987204
161.68838832587025
182.4773609722691
224.4057903886975
266.2987012915488
287.9431590944067
446.5524615431465
485.15912028413004
639.3315705634813
641.6827940081911
639.8476128554391
613.6265875479278
613.1495782423981
630.4363126345394
717.9578538147623
775.8889493710882
799.1496118068654
896.1655015781973
919.1945433904748
930.3265948087956
759.0002639211907
726.5550674743336
940.0845238845794
917.0420513629504
914.3945966856677
913.7116360965629
913.9138703186073
909.0472876629102
914.5694606836247
695.1457813055581
678.3225531525561
498.56306713630283
490.30235581138203
486.60031205297037
562.9590065609742
524.0985731666161
524.8850895811064
341.16035018427436
446.90503227032127
290.9870627166152
298.5684619607006
317.35285245895017
327.6259354602718
329.89337493137623
328.76827194453296
265.14787390036946
179.23794416362813
148.28187099770486
134.2186958527293
129.27085466937135
135.70609021373338
155.99703441405842
153.6025772407504
145.598848760681
130.44157796014454
134.61223530109135
135.3196344521889
132.1620743988624
139.80147945694569
153.8979108342058
153.25103319315002
162.32181479210323
183.6176948424898
189.88608352769361
189.0430733451583
197.2587657110263
197.1542185672617
175.4255892982537
115.76432090216477
87.4376497130578
82.36381597319863
86.55121629518317
86.54771788590672
49.39293308807558
50.21096153279995
49.33173074820899
31.04997929749431
28.799228924720424
20.96401475463273
129.23253956526884
152.1373541563102
146.99078974100007
133.03965051193438
142.88334908188915
199.97592380189826
186.78493174829183
191.6555136297485
196.83435283470405
191.75149601785935
189.67920094770773
184.49199794478523
184.61480902759843
183.99665184865967
195.0013698794123
308.48287964925316
412.0710661642778
469.7983934364759
492.31151856433723
473.45891112899733
491.65372407202807
484.32327993607686
465.5398327744961
560.5948800359929
566.1480507529831
636.9290069620299
634.6848780727959
633.2714895251004
692.030522560742
649.8379299377784
795.2078859009888
720.6920347711837
709.6837179155989
705.493203481158
698.9215154953032
695.3574060846211
688.8434450963211
703.0702813080744
697.796933555725
692.9759424152721
701.9344315451528
694.471110670248
694.5894426763392
694.2675798769168
694.4649980785091
682.2000891228935
639.9660855510647
485.9851292811562
394.2212224500768
728.1184988767477
645.5393939869763
534.314185963107
508.4764242609144
514.5270079136988
479.9423841513822
410.03737371821046
345.5581585719587
353.25331445478264
375.1953838123114
416.07819573831
454.4289343643626
386.00775392832617
386.42743634063515
413.1888319134493
409.16585931358156
406.1721147905654
450.2273425627676
454.13392286798233
462.02852602489565
464.2955861072167
489.2904450040351
498.45601885920746
497.6212178766074
466.3267342705897
460.2778127605436
500.32402327524676
498.6030794357214
498.73992171461737
491.12840599620984
489.28454909585537
393.7492934861783
382.28602647606164
416.08268765960645
417.71092121255975
411.97784747771755
411.758906869893
412.67353262337724
408.1907407484819
449.18758189410505
411.3252084560169
398.36525582647954
482.9541728428352
451.20434137582174
221.98061399240703
177.97522802055062
73.13475887223356
85.71805962712892
70.22815623762693
66.64346835032948
46.19370076270844
160.38979900235648
191.56488552879716
295.3413579694366
371.88682978120505
437.6866135239966
409.9808005098495
491.7479962987896
440.4327578314161
494.32496803445787
479.9766987217822
606.6166833945083
655.8210436670595
661.2442646054723
660.2684393049744
685.7651970114902
638.258653211775
674.5198077694251
782.3917232481369
827.3969943235852
892.6064395561979
955.8861341319217
946.0036136912005
1076.2080476415501
966.4061224913523
927.8576945311959
1057.2949666047316
1048.2809873494614
1009.7661595477994
1010.9566218252746
1001.8799165418646
1001.5318803628325
893.4778931381552
841.1825850064591
819.4762993096568
751.9285740191684
681.6039608734146
679.5412002455928
651.4419538680503
650.6865119134205
669.5586632790539
646.3818343488657
590.0447867345713
546.850632958097
591.6472639680313
586.5748365359433
539.9005628698578
539.8906018333739
507.97851727283785
536.8355472254617
446.9623751918909
442.0758055609879
384.99728540892727
798.5829157645414
798.173035040938
796.3071460941638
793.9605979333792
824.8323895215901
831.5177631168364
811.4453595974472
795.4767630852688
800.3198348833758
803.290414909204
801.3762146558073
801.1199247110075
690.079211995226
680.1305107426626
728.3157491539098
749.8702979508193
796.6356971462507
799.5941221266262
823.4350069590645
915.0834927924881
872.8978709784062
865.6811107424012
816.1878782769196
808.9769564048262
803.1219717534497
808.8105932552769
833.1190998015554
802.7043044230255
917.3997924330058
817.8703579851801
845.6411799066061
509.87188366224643
530.3783795226828
524.112967563378
508.9622574918343
599.8106972073466
695.7327452015627
827.9361080475411
723.7935777678073
712.1766608840915
715.1247799539399
1153.84954691069
1264.366532253993
1145.4872953965978
1172.5518672692795
1190.3093209914268
1221.4124216399803
1293.7037098107671
1493.1580129470492
1241.3345489476862
1298.3847762188893
1286.140895811513
1227.4255796994269
1331.753077602154
1197.2223382195227
1301.5590837938469
1606.1780790118044
1284.8976251526433
1401.0176759789695
1359.2151857401614
1356.7425237714926
1347.5238732475063
1319.9044204758216
1361.4979483429227
1400.8870912396746
1346.0889543089854
1235.8274675087225
1217.250484301471
1162.8280986921463
1047.862075034035
1045.4173663728832
1027.4760845640665
781.6726870844494
747.8137620708405
688.774659182732
685.1910118528323
681.598835099938
783.3815484735233
740.4064040518126
813.8120736003921
700.2483315200108
553.110027003818
563.119667854491
660.6015523678523
645.1113344021895
633.6880648827338
700.1367660805778
561.57271507946
605.4012303025223
649.4054928376869
701.839007210684
593.0242962655805
577.9607821353044


