Rainfall Prediction

831.0437121908242
886.1492888758903
969.2689290975127
957.7982776735765
993.3457374414912
989.9736985246532
983.0782615537909
995.7190030820973
949.8191427763571
955.6797191598343
953.6877970904707
955.7158065281519
963.4793937013429
967.851573181202
971.4744872294297
964.8049826482008
967.5584172444042
971.963782448641
975.5406258864191
983.1559938752276
975.2984927325629
969.9612797554958
920.6769858693057
920.0669319205743
904.2209779547949
893.7832542646393
874.6575423718214
863.8603985178692
882.8455017148174
840.6354576880896
807.9010734094809
782.995598208142
712.7407152318044
654.5929282698065
676.7462412080522
630.2354833847278
632.948540349608
631.6297365376806
629.1807099946951
635.6216277530547
632.0519691760592
661.8932665250688
661.3065803376601
651.5870861910153
647.3009098120503
668.8826150499738
665.686905065462
664.3573929082463
660.0797185038473
635.9004154220966
633.9403688774509
616.7833033867745
617.7703736446477
581.9525318183862
597.1049108404403
603.5138203020306
609.9428116299944
602.199658787764
597.1205765948732
583.0101027869578
632.9995205070165
647.839235254485
648.7052043405544
649.0719319383012
609.6087678950793
631.442529951829
629.0140211865042
625.6298403422641
632.9474025476641
631.5024286972907
623.9848848341899
626.686429181125
625.9018268844486
623.2070579068097
620.7206781938668
621.256422009612
615.5007016335126
567.91986217746
618.5078330909403
629.6661499917881
631.625092161762
634.5418072965665
634.4233570134459
630.8482682784243
657.5753132476638
664.8812795044083
660.4617663615649
658.0615274538659
661.2937826788472
672.0260962668971
654.9454604279983
635.0375210303025
633.8042076046858
630.9575816877699
631.7756392581007
627.123375528448
570.0373396043091
568.561619374498
570.2306667767449
585.4312395325575
582.8970105965642
581.69182191888
593.5084887359303
594.013324789765
593.75870008819
598.4394594054966
594.6456669114631
594.8813841183406
595.0190738299439
569.936209841085
553.6345494276122
568.2387669312542
538.220874541014
537.0055617089047
531.2441102535561
495.35274703331453
520.7631539169968
497.5949119529934
519.6102204376493
519.5014755298183
557.4113543965636
544.2545480558881
528.8006497087423
518.3308392013581
524.8223394358457
517.2274504321765
554.7441322543262
580.7515155048984
591.735160316403
604.9200929088917
604.9200929088917
614.5917847318979
629.9764837155798
634.9835198944064
650.1414544319525
650.7806790053634
679.0026350793648
708.6962621247949
787.4516220317988
875.4030856356922
880.0987757961387
888.4053853259965
898.5166209203046
898.2448408047618
919.8762690115128
927.8982486853065
938.9396395403887
907.2455162674073
896.5344002321201
921.0428576791111
923.4010303806314
868.9638002072261
868.2574837796552
885.8278971613104
879.9876553738384
873.6617872687718
894.4771394079215
893.9884923118472
884.5273051786098
917.1974491277723
914.69414708909
931.9954139633871
927.7090052945618
917.7935435695003
918.048336381228
952.2196038156397
952.0345080121114
948.511889272034
947.0308382820062
879.9486335023169
796.5333393837112
792.3370867779843
783.6472933362497
772.9977717534701
775.1951777863119
746.368970656909
747.3891887259849
739.7488744758922
738.8544118712578
737.9998017093113
678.2797943587509
679.0082231550168
694.2129309738782
698.5190278568044
721.570281238757
739.5936431260596
723.6064263749478
739.2306795438654
714.1215195134594
711.7816187115055
661.264979157437
658.0562191083467
650.6257748651414
645.3997726349626
640.0637664801424
638.8094212682595
579.6351799997632
581.4510543342757
580.6381749824642
549.3379984138113
535.3971951096306
530.2585759260669
599.3903234956246
599.6031559296673
600.2194020855806
599.2508390938913
598.5200328513836
625.9813578294861
630.1583675142243
650.7880322188175
653.4747682480657
661.8193362545998
652.800473483733
646.9890647475206
637.7872767638127
623.2509491947449
595.750893117161
598.1195411865796
612.6498668169622
588.0892456088723
586.6053505747972
590.1693258315667
614.42629566256
574.2375948104326
604.1293826184507
605.6759181648431
611.5739424207948
619.9767453632395
624.3817279117461
696.8207602419811
742.4343606935265
741.9736706252439
740.4137026896489
680.6401359827994
699.5096862470087
703.194551080117
702.648598872102
701.9754660666285
679.3980831242516
680.9576361582938
680.6656486686154
740.5699919733114
728.5518791507291
728.4681361027514
724.7124216815879
721.7860592052629
724.4609980025895
721.4685531823698
719.7555910087613
714.96544472715
767.6570414242714
768.0511174332157
765.0252472779761
775.5403445550713
772.5558699637055
763.1921931966865
762.1879392246564
758.0609735765651
759.0168200029339
760.7140363153131
694.4977718063215
643.9277805833233
640.3470840667001
631.7829465242395
628.384726990361
630.3414986115911
631.6470948236488
644.1299624770764
644.9321938270128
644.9083268438773
644.869664754559
648.2636444469915
581.9398818145893
582.5450010222993
600.3050293151132
641.8013875538126
654.1826718778862
651.8008878592
630.9168192614811
661.1197551469878
709.8005774027055
666.1938024982452
664.7665714151927
667.3811412221517
656.1287947457554
655.7990728031243
652.9293673295089
653.0469615509321
655.358411542342
650.3912282350233
638.246772642337
632.7288214534192
638.4667316283145
640.7278578530972
643.0348874532552
642.4611721407814
633.4178401344788
626.832684305688
606.7965754466119
608.9923445618523
610.0526050285094
595.4398316699038
618.91437680658
634.5022747351129
695.8587925555303
684.3236017933654
658.1297797316598
658.4614950993745
658.8160241871817
643.9771286645255
671.7055734043125
629.2198337312525
616.3710839352627
624.6224444532943
626.4640847917913
621.5333914589074
629.2916141963581
636.1424181700883
649.6806107600586
648.3189004802314
672.6661240199267
694.8219193111958
699.7488194418744
701.2133825818822
699.2950150003797
698.5513913454737
700.1072914781511
707.3638942263898
706.0944710555425
715.368193331085
766.5989130551011
767.9592543857984
760.940860371609
751.6880212082042
749.7923478157055
689.6667560247753
695.4955550578725
675.65511422789
667.0009178652259
665.2916757112586
672.5290072769387
666.7727357686904
667.6308888094011
666.6647653314026
656.9415281161693
653.8794250299463
637.6096826732226
672.1882634317931
684.3934216244002
672.7857672694441
678.7415192857569
657.6475264184742
646.8845628209634
665.7726153154922
692.8334127441974
705.842913688602
717.5774365901237
731.3617257809569
727.7062407529888
733.2503266444347
722.3524839813936
733.227782185382
726.2256890656074
728.6225513488791
727.6266036822368
712.4241180493909
712.5422954243046


