Rainfall Prediction

929.1697821546007
972.9387242141183
1054.1465570267105
1131.6531322939527
1229.0261825157374
1239.965941472159
1264.1961380332134
1258.4964995096636
1251.8446937935566
1184.1513250602882
1047.4799961240085
993.8735578122247
985.9478956849127
982.2557634844279
1009.0030071598867
1083.7654269364652
965.0014128172787
1004.7697293668997
1082.2514957246517
993.5560992929126
877.3547785242705
913.616337731722
903.3500558208423
835.0335180568768
745.9145139011113
698.9200647401872
686.2452400124095
685.0403339825939
656.2202534491817
654.7882806530481
647.7712770659055
637.7498880387759
504.29117934902894
426.35092592271593
357.7593143795591
256.2761806008021
237.89097265715057
209.71793183443157
215.12358440369042
219.79047803875974
214.77481723685827
224.07502460802874
253.0080675185751
257.59414181143575
240.85604438705806
214.87548038124964
143.3210205545263
139.06304075741627
49.729556741619206
0.0
0.0
0.0
0.0
0.0
0.0
0.0
0.0
0.0
2.128629939288132
1.1849166468091994
6.298578475657877
14.074296352873233
223.70850476927967
259.68355814597254
38.914957692654184
0.0
0.0
30.949037727846587
19.551222073097676
31.081015255083585
20.80558762696353
0.0
0.0
200.3697705998817
196.84701279725755
191.28113665135174
153.09141625838112
40.938040926090764
42.856983443501434
0.0
0.0
0.0
0.0
0.0
0.0
0.0
0.0
0.0
0.0
538.5667022503249
534.1562542867284
575.6712765397947
136.13151554866033
0.0
0.0
19.46081629291288
0.0
663.7007441643541
690.1786274377286
745.6189442534005
712.8878355881466
708.9948733657519
708.660267026829
708.7631705592541
0.0
0.0
0.0
85.55416065772548
182.5025547483289
261.1006331766041
321.6113465116
336.6404946149304
322.44104530454626
288.3527687500022
343.6755186082527
483.4885301254412
0.0
0.0
0.0
2.1827186549724757
178.04408918844553
0.0
17.567944859760587
84.96758625430584
108.9656634295229
27.68687977719813
0.0
232.25722408894774
258.15386788779324
0.0
0.0
73.32387572978942
55.114763577561575
0.0
0.0
215.33564835471225
217.04804733215215
130.72280705142072
47.55464025016157
0.0
309.2152281284465
283.67837698779795
283.1147516638789
279.59366967484874
294.63869323735634
290.8867347516387
203.9110612700659
292.3795698177261
273.8180319669363
271.4739183835495
394.03241160348057
373.5295895320464
345.6825743274466
344.84852655960714
351.8686713083044
349.6039645313698
346.55840671104534
455.2482604347841
454.98710873763514
467.6870122451396
461.50701088105086
477.15276386826247
525.1317850045004
547.9690235385076
599.7472981841933
622.1645976596818
634.0403067250722
633.4288125556732
0.0
0.0
0.0
101.73358528281634
106.95120213621907
238.10031529101795
262.5342875322653
227.16506723916513
237.62599319374513
206.97784235943988
0.0
0.0
12.712114555309029
0.0
0.0
0.0
17.938314548982817
0.0
0.0
0.0
0.0
0.0
0.0
0.0
0.0
0.0
0.0
0.0
0.0
0.0
0.0
0.0
0.0
0.0
0.0
0.0
0.0
0.0
0.0
0.0
26.955808535562213
0.0
0.0
0.0
157.4695310863293
198.54316143041706
216.58132307974654
209.06185100414115
208.95498091042887
209.9720633207163
99.56231883425873
92.07018105163553
76.29606865603266
0.0
397.9942200462823
380.08020546081883
284.1368731392275
284.56205736070524
260.88893129315596
155.06632564413678
49.46520996407577
37.35570741456935
25.116819517426606
26.575059738694364
105.60553396702815
135.9764004052177
129.1773734217262
213.03969356031547
213.94052438400144
207.55744616696865
210.06094027914003
214.34292493696148
153.31189153978204
194.05075715480513
189.17180668626264
159.25167393416882
299.4773251006307
412.45144410826714
420.0281269609874
464.06604830043455
453.20091519221035
512.7913207331559
526.867593008532
558.3254927290042
554.3500489857064
560.9563846267156
85.62760401485987
101.88940874732343
70.28733712001419
62.4377101151515
80.38954359986975
84.18718272556394
35.59893045427722
145.5098377536961
94.6978742070771
14.28577717154964
0.0
0.0
838.2794233280678
837.0913932662438
855.7277968592296
0.0
0.0
0.0
0.0
0.0
10.527562196216465
915.6766147979107
797.6990726723615
782.644083634804
822.3021724531187
0.0
0.0
0.0
59.07926774307694
240.7385745552075
245.7662301730336
0.0
42.217038509857105
84.31860209462657
90.28409918530102
100.18011903151996
135.73096349218594
187.88410673994974
78.07138012999525
6.337217646154301
86.62870469587055
126.10919691662609
282.2852715635083
33.57426649570769
59.40339070089567
239.41860104609384
138.846209667915
0.0
22.38122715254451
28.22267986105608
127.36335179275041
84.7537075118099
111.57446171754673
127.39470008855764
137.1505941071531
46.774777564391414
537.3338798778002
0.0
544.7682990790311
340.78517395037477
294.6816017382189
290.48104996498216
270.54317014301336
214.88936351582805
92.00183701998387
109.62422909639419
75.51062908635838
0.0
0.0
0.0
0.0
801.0020930738518
668.1980820211674
435.2949349967039
308.0160525335689
306.2125389293781
312.2634539343019
0.0
0.0
4.604036531750083
318.5622344583577
210.54474978889806
181.92739129820842
146.7170336089141
176.60288695203283
167.06897063644988
156.70428304310977
158.08816384095778
143.90838234459417
107.710586028417
129.10573177972293
174.36103767812898
180.87200980324084
191.58163180272223
159.5272613462102
124.79278353102438
91.61583056782169
106.83617536998318
182.162042408575
207.3938138376584
258.2376099950922
264.64321859681036
0.0
0.0
0.0
0.0
401.7388395620038
401.23696360831957
399.45569237364964
388.55085987588416
390.03362249455773
386.7824496848596


