Rainfall Prediction

928.2637682464174
933.3543529048213
1014.9507873638131
1156.3927111370076
1246.5797053379124
1276.7967357550604
1266.7805012140666
1274.3195816330526
1241.0823751492915
1192.1800420769619
1062.3151685936443
1033.398127024983
1028.1524400888889
1084.3126061111345
1107.434662761621
1182.9734864196605
1062.8592233881734
1083.2711193055545
1154.381300654051
1018.5216058927492
933.7721403004192
877.9262732856048
904.9671910167833
857.3921719427533
775.9350482903615
732.7818228930353
733.0363192736289
734.0796683992634
697.3241830561702
682.9324331033421
671.3767853113371
668.6029398616915
524.4856632952464
431.2143460842104
391.7900540383378
306.08094053698636
282.703293369023
222.3529628560965
251.73179745585313
272.56080989321265
27.431723628998228
0.0
0.0
0.0
0.0
29.66820016632682
0.0
0.0
3.68171602332734
0.0
0.0
0.0
0.0
0.0
0.0
0.0
0.0
0.0
0.0
0.0
0.0
0.0
176.7644278230992
0.0
0.0
86.76616123610921
0.0
0.0
0.0
0.0
0.0
17.407219026975184
93.39138649962266
115.26561874021424
113.59228813245974
0.0
16.563290386350936
63.762291417561144
46.95620862851122
530.8533378220966
536.5665237781261
557.0560127934954
549.6223573085174
514.6448065987654
522.3889931573823
523.6043354196705
521.6013533283668
539.2106546669243
540.3050918456929
514.6658958684056
506.15586799266475
0.0
231.25179503795337
104.34776504460726
92.76427913590469
195.70433394077963
120.91503073859278
0.0
55.08543686617244
92.79493179014048
96.20349528998912
96.14236167692383
66.23958200235684
83.89273947087324
183.30655415072812
182.48747875637486
248.52007815415388
286.3206572535719
158.4468576787879
0.0
0.8337354854821655
16.256842907206355
88.93467614215179
88.61934346951372
0.0
63.9328005325274
48.007545203691286
0.0
0.0
49.64950105287376
0.0
33.52225877526387
0.0
148.70762619729956
124.44304487783972
101.72747288688727
0.0
313.60607971821986
317.1977175319335
275.7699099459602
243.82403280089434
228.09688329821705
232.20081169582494
229.86977499918584
217.03201203945702
93.19931773482364
82.41036396899005
26.103114968318163
0.0
0.0
0.0
313.7534490934527
0.0
0.0
0.0
0.0
0.0
0.0
0.0
0.0
0.0
0.0
0.0
0.0
0.0
0.0
0.0
111.30541308025116
44.0415507810814
22.320853997378137
180.41008506336271
0.0
0.0
0.0
0.0
10.34019367152844
41.96779880187628
0.0
0.0
0.0
171.00038407216596
172.43163094449355
121.27224384913336
121.15037680624457
94.52630916071016
80.97205015570303
94.65591561780454
5.603926717148596
408.7809580803201
401.1518798337396
441.15274999365533
347.72913908207164
320.21522705922445
273.58328875646447
266.43742280260415
266.65536598058844
270.46503349990394
324.37946217010017
205.47017071876462
213.53723977019763
238.47340482307504
245.4133618317989
248.6661413215402
308.4358449701667
304.8540163139085
275.5585192093502
329.0162330180463
0.0
0.0
0.0
0.0
116.49960488108512
117.48059134600756
0.0
0.0
47.614784284414185
0.0
0.0
41.22847153541559
97.5941937051303
463.4387621210177
435.4231136329704
446.8417925392246
483.0402357032684
489.2373187814964
509.4572346532466
507.164792479205
495.005284369649
447.0770147004743
453.1064575608157
434.6063688218664
399.69876251418845
380.93393442037575
377.7204186507674
257.8498933493261
258.2015882367714
234.4660686519407
145.77951631289005
43.470736085164745
44.88473754923319
56.07347611630295
51.66492837597986
129.66492837597988
160.65350601384347
149.14000553220544
228.75708308751683
240.21237180774241
234.06386860243904
239.19430949583852
251.35203384184913
191.75876380368302
60.74019469749356
59.511383162963135
40.660756648334285
32.13193454824348
0.0
0.0
32.64725316324502
23.800221138252038
0.0
0.0
0.0
0.0
0.0
0.0
0.0
0.0
0.0
0.0
0.0
0.0
0.0
0.0
0.0
0.0
0.0
0.0
0.0
103.72291309934013
74.16903930502026
0.0
34.03477943943946
6.516088959900436
0.0
47.726801660075125
0.0
311.29766769498815
181.12774130028868
128.41456832124763
124.63556590166371
79.6829816780562
70.96430419425947
112.57058901915632
130.87560972555713
68.22706536903421
486.2454504586408
569.1234309197359
443.5678700743656
450.6757681801344
445.86905505748587
458.31604026404415
459.44384529109396
494.34189225590575
495.5272555019018
551.2467343142357
771.181671522136
146.71399531673086
323.7787481905383
489.89460338926295
604.0329088323952
245.65490277885544
370.79355322892127
160.76727051947879
0.0
61.569883502931845
217.19944918765304
142.81206933273944
0.0
242.20773974884642
0.0
194.51539041338674
58.50476649363968
66.76383154760704
15.8420024745982
426.80896383165896
0.0
272.4706195030568
110.69611808780547
9.236087771939625
53.55629795275151
212.33591832043132
241.5411956950932
21.344073120636605
0.0
0.0
0.0
615.2698556750183
300.17392936289787
133.10532599724996
133.27586288282544
95.31321522007437
625.3342842449036
543.3466214652166
488.9116068078471
278.05387377032
185.41656094428404
181.24455914631372
164.9271970866193
184.95374053930618
186.5374794368837
182.16122525915225
175.25867698280283
156.82408715978667
128.80415987197551
152.3250380464042
221.49059605130424
232.97719972035213
0.0
0.0
0.0
152.25914674570106
178.17405085203586
276.9764271707947
276.15101254694554
260.6637310331959
262.9913609426045
259.49814705707587
269.50198063667847
270.3318955195403
357.4905631123401
406.8518765115663
427.0950309049606
426.8891326686394
407.56488720889223
398.09618769638337
398.19665270355745


