Rainfall Prediction

1489.5147072961083
1466.42687948202
1755.8814886031084
1723.454671897474
1664.6598765016165
1715.9112893087004
1674.409229117063
1663.3642615337862
1582.7004815965618
1632.4885439656168
1543.4885629464457
1212.5670228239146
949.8335181081354
761.5149021329376
630.9933336296033
555.0946551323925
399.8836543582763
258.93838216956874
82.67219610993106
0.0
0.0
0.0
0.0
0.0
0.0
0.0
0.0
0.0
0.0
0.0
0.0
0.0
0.0
0.0
0.0
0.0
0.0
0.0
0.0
0.0
0.0
0.0
559.3966698789434
840.6106838259043
1001.8613648549958
1214.7177559177458
1214.6314762550578
1254.3083578666974
1480.8865079108991
1795.740629051114
1788.3547151251273
1771.4264413966657
1762.1431346725626
1572.1167384529722
1451.6129388053305
1566.1627245261034
2104.271058622913
2539.352462190814
2728.615457110561
2670.9719408290966
2699.16700604078
2712.131205984474
2720.2061040035314
2609.712449165913
2535.0396881981724
2679.7952934263817
2679.313544671114
2697.796319748558
2618.488414085407
2591.6100989791103
2539.338896006661
2336.3188356258847
2143.689712447651
1755.822380065838
1565.7199178447916
1417.9653075480387
1114.3703628871547
1041.5301969253346
1035.9479515266098
807.3094987317561
683.04457524556
682.7651707572311
708.436813497199
723.451872900102
718.1490787113685
651.9909249101745
449.1967825023246
67.1828557474746
0.0
0.0
0.0
0.0
0.0
0.0
0.0
0.0
0.0
0.0
0.0
0.0
0.0
0.0
0.0
0.0
0.0
0.0
0.0
148.25774240501153
287.142597578203
269.0096397490204
545.552123223218
547.1249292077559
548.9710607755758
459.9422296136315
375.15953651705536
364.0017242385243
428.5723581183047
478.3464547574316
350.3651308561185
286.8338999626453
447.8561811377831
460.67426325610336
450.10811645663057
656.0741201837141
643.5383701659173
604.975714266523
607.2062137422549
610.8037407720522
707.1885287963221
759.769019802816
737.6633415004856
580.4249478726708
558.309529880285
416.50274733569063
406.0217442697094
267.50274733569074
145.98889026029235
132.45880985305723
18.750706220324787
0.0
0.0
0.0
0.0
0.0
0.0
0.0
0.0
0.0
0.0
190.7164743801677
317.4833359779965
269.9118409022208
390.23637616690837
483.6708334961065
463.72711759253116
464.31573787412185
480.65208532660347
646.6146087398433
710.7505980895476
670.0962429105562
598.7505980895476
593.6932126775118
623.5584431364505
682.1112256587701
788.9380302334791
852.2824218953776
898.1566052507758
1010.7975825332117
1019.8329050534662
981.1855458490434
999.1752871952772
892.8477262726337
920.8753006801082
941.1527725367982
1084.3515497690307
981.2928585239295
871.7112533240186
909.1744120507872
868.5936493362217
1054.5936493362217
1053.309442681819
1058.4395067709986
1036.4717321552073
982.1254921336124
869.4034956479179
1008.1062315932029
842.7581843714459
993.0861897139257
829.9067626401929
811.5058147397954
775.5609110854143
764.1307697390309
772.6144716197382
880.534903325402
870.4020202535532
820.2657444131339
777.5962965079607
790.9687652439061
764.5369075765443
775.8230854637602
873.833752096446
855.9243291829175
1071.6663362518807
1048.1555792810436
1022.6837796825566
959.8060778582924
984.8785776134589
1050.0
1001.7116205618468
1206.2959950392728
1035.7756292777624
1070.5687332335979
924.9255908162406
693.9255908162406
575.9255908162406
409.6502375929931
206.81286478737297
592.0577243471178
224.11551291570868
187.4054266419423
0.0
0.0
0.0
0.0
0.0
0.0
0.0
0.0
0.0
0.0
0.0
0.0
0.0
0.0
0.0
0.0
0.0
0.0
0.0
0.0
0.0
0.0
0.0
0.0
149.71747006885698
150.48653805187473
567.7882815818584
582.2697676431164
389.488813712916
895.700532947033
952.4831124884113
1451.6047097818546
1532.675249007445
1551.5594178593733
1567.2652694978879
1784.3795246925833
1693.370586828405
1773.7148522147704
1587.188788483751
1562.2322576174824
1398.5113106283902
1240.1809075153078
1055.450015403926
1057.8243380370623
1444.85801297644
1744.8516434432509
1853.376077272952
1886.4706220631397
2142.72052024337
2220.7557474936043
2260.8010118359025
2552.6399331762586
2558.104406027077
1937.7694768036986
1841.4889221025187
1555.970281916164
1599.927593942446
1370.7399129947207
1344.2751811596522
1146.5305822681662
859.8233170527988
866.8493863846122
615.587672533959
570.2094898727892
558.4289454014311
542.0471908205052
435.1472714596355
402.3344988487481
392.37382709250096
215.7398659751184
204.04349882769566
427.69249530994057
719.2762891396806
990.1669398914446
965.8080465972005
579.0370497470719
425.2932641875823
360.9800039984009
369.8775036595209
463.07148070909966
987.812864787373
994.8878833687654
844.0102051443364
674.8601954531132
679.8601954531132
896.7164743801677
1076.7646733831752
1044.8775000588264
974.5345674337486
973.1938258514474
1336.5143729788547
1157.7163799790615
996.3916269630449
902.3486546939685
1087.6023032641706
1086.6533726021553
1117.3071152281677
1231.9469872476434
1228.6306603417456
1204.4379344884605
1572.9429207445355
1587.8725940202958
1490.8604477077015
1647.3180777484376
1573.4346444712678
1572.8383397802845
1547.1356219052377
1608.5442947929419
1592.1120325819152
1574.058858134722
1400.9984541320664
826.6743494276686
1035.721237560131
867.9677163535032
1135.6393864524402
989.3666905781138
838.7535726984418
673.7044181708959
660.1318606818661
633.278939142826
547.40304323228
273.3282646595767
559.0386355788557
983.3396787771276
1182.6681156501213
1057.3580023442669
929.7169663067448
856.3776718810245
744.4109703637928
768.3766384839194
772.7742144636081
565.3287310881528
666.5369684057655
651.6414784012
403.2021127153482
322.89295944357787
212.8890029661252
128.35569563074296
128.33739852513418
214.99090984209965
213.81065389609535
174.822301497946
460.20526338571744
331.793471156579
662.3720842474777
573.6535595001687


