Rainfall Prediction

1127.3551684426227
1210.418148817117
1190.5389342318856
1190.218153927295
1275.7249545283648
1299.3636466261119
1465.5883180302676
1350.8097809098763
1292.3241495680984
1380.467501600367
1274.5947624235885
1181.5551497789208
1124.7788284533815
1100.2922881417176
1062.1330525190242
1083.779794943608
926.2197655916025
955.4215058961395
1054.5051188414607
962.400668060975
1061.0801029217707
1056.2250582024462
1041.7212230387374
991.1193524510145
1005.2760178608052
965.9374918237869
984.9762015424024
1006.0718921844187
998.2906868020299
1187.9784498660192
1167.293738336388
1150.5589837276975
1230.7220362042258
1265.6833784579733
1225.0833533543373
1236.3860900097425
1146.1826603149113
906.2474918891139
977.4014901627409
1028.3250808873527
945.8911566181879
1062.6083396027884
1151.8953264973093
1228.4448754962718
1388.8916244354803
1369.5543437284562
1381.506557554362
1428.1818204570725
1717.9566313495397
1612.3942561003016
1798.975452892223
1838.3878800515151
1817.2253364098897
1765.8791885118908
2016.4699865659172
2450.5845549629753
2468.586738714316
2620.478752457097
2623.044655401312
2476.634285955875
2275.0
2236.4185088654435
2287.7957352278745
2422.1504520394797
2342.590211463557
2428.2895352940386
2468.339595918168
2470.663346859789
2534.4224738874714
2594.9511386395434
2583.402171952256
2508.3001892009765
2340.7453756714904
2180.303750188532
2056.424083454211
1934.1097928469826
1956.363070421118
2105.909120484776
1996.9555702132488
1896.4869814288695
1887.2092544327218
1911.451348376378
1858.6809929680999
1874.3262201001176
1883.5671508057603
1663.4802398522268
1243.6414767966555
1151.8862636464805
1137.4643989845897
1138.9657637226358
1060.8873159117318
1050.9075325935603
1075.226774871224
973.3321128650063
818.0813737574638
765.4824589081763
708.5594435732411
618.1845533607034
593.6552639634772
533.8686096022764
527.9673542591534
521.040455888023
508.38654187305514
558.5054686603443
556.7485496719863
566.0604343785599
529.5333710480254
526.9829410038341
365.1802274386476
373.03257904614867
271.65799620527065
167.24272570566973
184.9167427198215
144.63937928436616
226.2494023651816
309.6604922454527
315.5511525682461
306.3576886770623
284.20833737120705
261.0
318.5178164368298
327.77635850116667
326.6452595147976
342.57233425509213
660.2092544327219
805.7978059709402
848.9079084216603
952.5917712085172
1205.8583727384778
1323.2408976745287
1288.5827630176202
1441.9882769458668
1374.763134118611
1365.694171991312
1374.9544886339215
1410.095044472153
1397.279372033656
1436.2092544327218
1572.5341366519644
1514.0
1599.0398785254347
1601.4969204937915
1620.9587980039994
1639.7206883237811
1634.887940416449
1710.5154934497841
1676.4754246388256
1668.5235007732872
1549.2690563841104
1608.3982346099858
1641.339842539758
1580.5562519023617
1574.9136968734845
1596.531161491956
1829.4758517310006
1602.2999862578476
1499.195857584394
1770.494603720185
1796.2359901349782
1579.113946499852
1643.6131792616945
1753.2038369834524
1731.956379399639
1951.992160794168
2068.093959731911
1968.620787177756
2158.329521777612
2296.5603568913466
2200.648731739448
2311.533810638929
2327.3847715353145
2360.822397086163
2364.466921735339
2409.4185088654435
2545.1945158282456
2564.23489216702
2843.6586580103744
3069.786303884958
3168.504471922338
3213.9377336323687
3251.3833657417904
3296.5064586636317
3261.444714350759
3457.296607534209
3653.0761962537167
3439.579103365696
3228.499037757185
3241.2061977727008
2760.749969971839
2610.1736348096397
2608.1736348096397
2676.2680492571158
2582.1843173429925
2372.4316599474846
2496.950641571325
2204.7868944182233
2245.6605437541566
2323.619846581437
1950.6751022799688
2239.0524816431403
2155.066747007364
2153.284804152033
1763.8763764118385
1798.3926202342427
1627.4185088654438
1665.6184412033551
1726.0642729979904
1494.7997915582712
1356.5105048411328
1463.6556879003026
1378.012818608023
1365.1746709490305
1478.7811040266754
1390.0
1371.1866248614178
1092.9127190129338
1177.441004375149
1159.609484548594
1156.4882797920964
1192.9845358746416
1171.7352284139452
1194.3617991625267
1190.7084541260467
1214.9477509088858
1237.917273671398
1186.4988923334818
1191.5983022802197
1145.0
1051.0
1059.0
1071.0762676479426
1052.2462638410307
1020.0127680428716
1016.2517257988588
1040.135206913714
1075.1778966112852
1035.9223786358727
1090.3335888670892
1078.68763096185
1139.902808664627
922.2580193193469
890.2092544327219
952.9092261383555
1003.2408288761488
921.5899569573087
984.7773736288012
995.3633295350874
946.7759349733628
962.4666484724315
1002.3041981835165
1006.290897122667
984.71877989747
1020.8881623975852
1054.491935733657
1082.677081069985
1148.160990207759
1173.2002767879449
1139.271701289361
1243.837935325072
1316.5032787584619
1302.2031709485846
1248.9371046085635
1231.477855022758
1239.2297697125964
1271.2297697125964
1243.7803757084864
1255.4036349926298
1252.492245013665
1212.413927122445
1177.2935205603394
1040.3045620999978
1089.386364351126
954.1618527272511
915.3150952596428
718.6610574880683
721.0739203725013
745.446692181024
732.9494156175435
740.6927918055866
960.1081069774405
958.1174275723419
973.2128448801118
1006.1894668313683
1091.0958770767886
1166.0627423242065
1097.098742918773
1002.2775965256213
1189.4524118999775
1140.0342242034121
970.88145176743
866.7570546078381
860.5925241205312
956.7628949560653
905.9165917880649
1033.7885935252052
1006.758682777046
1010.7485172793141
1065.5143972518717
1034.9800877999778
1061.2541028193639
1113.365327616388
1108.4632791956988
1054.3211904417724
1088.6295119157344
1077.013001313553
1031.811341643156
1200.133593462027
1286.5630854613353
1321.7539001732466
1488.58118943465
1303.5559041895833
1302.1792524555
1474.1577448977716
1404.3761092963714
1314.3398183840764
1327.6714381329582
1678.7526637404326
1690.998366124936
1723.2130598465942
1730.7260608175507
1745.7083361629514
1747.686569673181
1738.2343971175385
1768.7985350225363
1767.1207805188847
1689.1090840596803
1659.3655323698051
1663.6953345748984
1584.497962319755
1584.4294462735372
1614.1582641911805
1731.9809689576336
1922.6289875893324
1916.4302353592063
1968.739618189514
2079.635959229256
2131.248686462122
2143.585989575525
2036.5628148057456
1815.7750845789617
1710.175296035774
1669.314359219515
1690.9293716055963
1564.332401237388
1686.9408324449394
1742.0241657782958
1793.1424670538474
1396.3503587762457
1465.871787225098
1324.8527171520502
1419.0760768170842
1500.7470224698084
1565.9338284299188
1655.2191169419011
1607.0863534942484
1606.4415958979785
1806.1205041211952
2017.7400796728632
2468.2787386339714
2646.8439828328123
2716.9507312307014
2745.619973543601
3098.8416506733943
2913.208798608946
2820.4185088654435
3043.0370570547752


