Rainfall Prediction

524.1172131814375
554.0954550396332
555.9474411167423
595.0
620.0
620.0
620.0
629.0
656.0
698.4361413471522
662.7421110280068
584.5928618568203
583.6947783419727
583.1204532903162
583.5312741547785
563.9821723973978
478.27961939652266
369.3744562888256
252.01475658757377
219.93545840652328
110.82386085366467
83.0115508736236
62.08364627690338
172.0
60.252974878694985
58.36257160925177
47.99566152978403
47.66255646879904
47.73640204027507
48.55963576356919
116.32194310617353
123.20865591530776
128.44407652887497
129.44407652887497
144.44407652887497
62.83758691048183
66.58290421112972
68.70523554789239
60.2761615500978
84.14198778507286
71.92411425054674
135.58118475655934
165.36814605286247
297.9687804581186
298.2837663544983
357.2837663544983
381.3795006481867
390.0
391.3712611616722
381.06681547693194
373.6377085042628
372.44705464275313
373.5080666151703
373.5080666151703
389.0
389.0
389.0
388.99090833947
389.0
389.0
407.0
407.0
407.0
413.0
417.0
382.0
363.0
363.0
378.0
383.0
430.0
527.0
445.0
522.0
450.0
450.0
391.0
367.0
360.0
361.0
455.0
584.0
617.0
617.0
638.0
640.0
650.0
662.0
671.0
671.0
671.0
687.0
687.0
687.0
681.0
676.0
676.0
676.0
676.0
661.0
656.0
540.2917130661303
437.15855631858324
443.868873530291
417.868873530291
417.868873530291
446.1320377358868
472.0791120715755
485.0791120715755
483.0791120715755
482.3720639898028
389.19550618523516
273.48573904119695
184.68043221695763
232.20915892912646
173.4322801117724
223.60569814828378
242.4316316096478
257.3913688662616
236.86276890803452
312.1394289005083
313.02943725152284
279.02943725152284
279.02943725152284
281.0
281.9643311523818
279.3867522741638
277.16155644606795
294.81291538107433
296.1012001666391
542.6969947822769
561.0
560.0
547.7399090549353
539.8460235783602
440.7179921405466
440.7179921405466
412.06458340348394
386.09692571927513
404.0
295.1955779436447
295.07100930727404
371.7354683901966
353.7354683901966
371.7354683901966
523.3845273720568
522.4601679216589
417.2560938034794
547.1394386530101
454.36511184824997
527.44486800039
419.62935036745824
474.64928813149896
518.9995234067698
554.703887602057
639.703887602057
646.9324940142988
648.2089396636534
661.5176100015797
676.8716638594994
688.0416908072696
444.19497242006366
521.0
419.1004148504095
419.2847298994908
418.9689935521958
418.3433323396767
418.07198503524086
420.2299427841359
420.35619739115685
532.7620999227555
580.0
580.0
832.0
1213.0
1290.0
1129.0
1129.0
1129.0
1052.0
1052.0
1048.0
1072.0
1070.0
1091.0
1182.0
1191.0
1184.0
1184.0
1171.0
1258.0
1268.0
1378.0
1337.0
1339.0
1339.0
1344.0
1348.0
1349.0
1349.0
1349.0
1344.0
1320.0
1320.0
1129.0
748.0
653.0
653.0
653.0
653.0
653.0
663.0
807.0
779.0
779.0
739.0
617.0
523.0
489.310238944154
489.310238944154
525.0
464.0
667.0
540.0454858934319
605.0910346561914
792.0
759.9375609162372
784.8590646441479
783.0
789.0
849.0
850.3643578734473
820.8042556402567
834.8042556402567
874.7865280406683
817.7865280406683
818.504545830265
818.8338445855877
821.4846986557375
824.622441673568
914.0
921.0
1049.0
952.0
1108.0
1121.0
1159.0
1159.0
1159.0
1161.0
1161.0
1159.0
1099.0
863.8699329875592
847.6333571089042
777.9464797217889
581.162562473866
707.0
707.0
707.0
579.3873626878791
641.0
611.0
611.0
605.0
529.1112831101473
523.8785776134588
523.026324907905
523.026324907905
523.026324907905
530.026324907905
460.02632490790495
454.8293306320154
239.57201695490014
183.1461975786503
37.81639773474902
25.206963265532664
0.0
71.24579204179295
79.1243806259707
167.75070622032484
81.64658861393991
82.35903012108523
216.0
79.06147737885547
79.50747468431214
160.2078438912577
218.0
169.73707127106252
169.80607785829227
154.2331580317368
205.0
198.80607785829227
251.2712646555861
289.0
327.9117073853986
474.0
598.0
621.0
657.0
768.0
774.0
774.0
774.0
760.0
822.0
855.0
855.0
855.0
758.0
731.4040820577346
766.0
770.0
861.0
989.0
1016.0
1020.0
1020.0
1049.0
1116.0
1135.0
1166.0
1183.0
1158.0
1138.0
1174.0
1123.0
972.0
968.0
971.0
948.0
876.0
1000.0
1003.0
1016.0
1226.0
1238.0
1330.0
1330.0
1331.0
1381.0
1381.0
1363.0
1362.0
1291.0
1187.0
1168.0
1164.0
1164.0
1081.0
1014.0
995.0
990.0
989.0
1025.0
1024.0
989.0
989.0
989.0
878.0
852.0
839.0
754.3929829960344
616.6966523888391
509.6333210212459
581.0584003412077


