Rainfall Prediction

889.5776159275125
956.8304603219008
967.77403828209
1116.5800018721063
1323.0927946110335
1292.556410201606
1222.9684193195956
1230.1857459786029
1257.787756935777
1112.6918335314076
1073.7008202330255
1010.8377411429567
987.262169028149
981.3523729988746
1104.7017915342285
1087.3876155886685
1018.4007173379296
987.5815452327895
1147.820957924206
1035.6942634586226
962.9925671135724
941.9590964160672
877.6798335758685
825.3919770791879
801.1622285988052
627.9634050976431
618.1460782932646
647.5866839675616
724.869818315018
720.3718145505404
668.9337257521887
688.0752464999786
409.9465830894826
386.61747865942726
366.062698562258
301.8870351538517
272.364687548787
95.24391574918934
93.79913207057518
93.16499682139022
92.15435684621013
93.35919239352177
93.3471117970883
108.46639486236546
118.50565820712478
111.90395902243779
50.203731579036344
45.68845609232943
0.0
0.7713981865222515
10.06147499782902
0.0
0.0
0.0
0.0
0.0
0.0
0.0
0.0
0.0
0.0
7.323068142128093
46.44389876263807
255.39852750635845
251.67303040350257
476.1032380144442
457.69327160885825
456.6394736662942
466.4000900525217
452.7278188565937
449.7702433454215
502.9363715016866
495.1448993908043
494.63426508543785
488.9802537368064
452.6268968040024
501.31953419984734
445.9797785404388
500.4891925422236
565.7677633883957
550.5895907860248
615.1350598736425
538.843182118226
501.23573720431784
484.46733249596264
486.7716726610548
486.75138773602805
492.5141885121204
492.5188558618257
474.7827330000817
475.157198792232
624.8519571806526
692.7646131182652
695.362938187197
689.0249048068733
671.927157612699
743.66012347973
674.395621638757
706.2980711190153
766.6126230889278
766.7022742732898
762.7083594680739
766.6000444541477
762.6000444541477
881.2267170495566
877.6357072169717
885.6874160108172
853.3461906244665
851.6861469732886
961.0908426859119
1021.332099857162
1021.2977231037497
991.6651743673741
987.4663896157897
982.1328385955858
1122.295886089075
1279.3877157873214
1389.4361263488233
1313.5093280710694
1293.463480355566
1322.7952957363527
1444.374695139581
1341.9550139000755
1125.54763847042
980.162252623941
1036.084326164731
840.7076447872262
687.4070254839198
691.3016092331208
680.0564157670403
653.569423371329
611.2648570305803
617.4695749064263
617.55540650855
623.8167611352195
544.9380475507968
473.0384063131411
502.65075408399576
411.3496664355101
396.5213822579898
407.37680933825266
338.25830317731874
338.34171428443193
338.47249777601604
394.25264058828236
396.59046519880764
297.62972279115326
386.17392655510116
338.2746631010547
414.5712984959491
406.32673654977117
466.71050994148175
398.68194028383607
404.78830775292056
411.5775089474808
414.1835693877501
414.25402261619377
479.6452126992871
479.6410021722801
550.6910617278954
551.109413079826
588.7514481823988
527.8972847195482
528.1423262469298
669.7300458170852
626.6397211478874
641.3143351825374
698.0087719016326
760.4812707764241
759.6818623226487
759.6913484965609
685.2442869755525
684.6488711348328
684.546297040588
684.3717511744396
615.1112483428176
637.8642625709135
634.3624668189718
349.9345117426193
352.5070196955345
471.9993778704901
209.11571926836007
211.33105588183184
250.66906928368667
245.44022841111007
235.12724975150428
232.3747577903311
348.1240823527447
227.85515459233397
219.08566045491784
253.6572539807172
290.4801155661942
282.52902839541144
307.4197136085355
303.5222782755314
219.34722655775528
364.6737999605625
360.78674033221847
353.0249240583476
477.8138156405415
477.71671978703546
477.67698410678554
351.6528092694909
478.075298009875
478.075298009875
478.075298009875
372.20914798652547
390.90289156508464
429.22899794191324
551.9482693610285
551.5355332873718
380.5380053550949
358.5380053550949
517.4717016244485
508.0996460099649
503.44012311302663
503.44012311302663
503.44012311302663
395.1429780306538
416.90200919524995
443.097427101763
397.59293237742423
345.12234636340895
382.69276873639524
304.7747750754666
306.7747750754666
273.61809094245035
134.77220180472392
27.469311400633188
29.764078470735427
29.703306642471972
29.703306642471972
106.13717378523316
209.7128429969573
78.4518868972809
208.18442599181924
208.18442599181924
204.41313694224664
203.7881574075643
203.8552258328184
128.39624526549187
128.39624526549187
128.40382102709344
98.87183975523268
292.4142609749175
364.8855962291463
359.7868731399582
408.2425926802921
408.79796524665915
429.26347430081796
446.5946843908423
476.0211790199594
602.3264506432533
608.2494465434511
961.1376961930576
924.3865621990179
1054.2197296980921
1033.0594923660437
1037.1422829632784
1037.869370059586
1038.2067921554221
1038.452543522826
1038.4626388772767
939.4840378083311
969.285160042301
940.4487009603536
838.1875945521156
838.4348502439146
892.3011731386886
928.6744460267304
963.102301891234
1036.3511295778515
1043.9703508822686
1065.0486207227445
1015.0672876416667
828.8871159400484
766.0508715698309
788.3685730752482
867.0274207084333
867.3545881266539
763.2434181745541
896.3808223115834
846.2045192616234
818.4300868732812
821.0008222739332
480.8146156887598
543.3098697089364
482.91475645058
434.77197559279523
451.00927564062556
423.11768913486935
422.7210357976596
422.31144856222727
420.29173326673754
549.0973361519736
827.5141448076821
991.4427807501805
1246.4605646687532
1271.3460982478598
1388.6147850697705
1713.3649753881007
1668.3887506703375
1788.2839690571855
1973.794420490197
2025.729630652049
1917.6704497433627
1979.4270300756693
1949.2871193275369
1889.9905093310867
1875.2785255133
1873.4873335087077
2004.949736659224
1943.0963823937163
1877.9525897753274
1933.4519740147728
1940.5366426203275
1938.018601359933
1774.6267618525062
1909.2526586438537
1891.7792484969937
1763.1321275536961
1773.1133617975079
1786.0952766340372
1801.904886812585
1803.9107634060413
1752.327764676878
1589.2382924078988
1282.4928060102557
1096.6694383402746
1096.6571686714067
1006.6127757391907
657.6947912772467
571.3910491411127
505.59933680889577
348.2591222577972
197.39969564712908
237.8271137808947
153.61570104631545
235.2184701753543
235.16815623198892
240.47453957698752
240.69964036089226
138.2556119946454
190.1807813251967
142.09538656541923
263.8804359248227
237.86005738940315
213.85420943433508
215.7821385886594
225.78134055995616
142.31057857829524
208.41592319450137
322.41972696607087
212.7248612702288
227.15653787100314
244.5317265238366
283.15288440036034
278.7026901090715
272.7916587378203
365.2904869808012
400.61390417815676
487.21070352368616
487.2163692477498
400.65662396311717
402.2153061949238
402.34785878128343


