Rainfall Prediction

535.6471678508672
521.1461573201468
521.5643914141609
502.0570747600412
515.0229869750141
515.0229869750141
521.0965454429619
525.7928277167442
530.8665822162887
561.2568726903642
561.2568726903642
561.2568726903642
561.2568726903642
561.2568726903642
548.3891651443425
468.4816397452192
397.0536195704893
319.6172719825962
275.4008831363932
327.6993281589609
181.3629772984703
0.0
0.0
0.0
0.0
0.0
0.0
0.0
0.0
0.0
0.0
0.0
0.0
0.0
0.0
0.0
0.0
0.0
0.0
0.0
0.0
0.0
0.0
0.0
0.0
0.0
0.0
0.0
0.0
0.0
168.77549688836586
357.5472551040983
381.49791905890214
270.5116535716704
236.37072593982475
236.37072593982475
264.5069756325633
264.5069756325633
264.5069756325633
264.5069756325633
264.37519136108045
257.6632760717066
257.6632760717066
326.2298396847677
328.8917386825127
312.9956797159303
304.0082386289057
303.22619689016653
305.2932340200208
311.80546391622806
324.1533310241519
371.1224280532466
341.06306848884185
203.7411448414673
434.4344994978543
211.06875137416162
380.97053743474015
326.77226958474904
271.1081736023487
0.0
0.0
0.0
0.0
0.0
0.0
0.0
0.0
0.0
0.0
0.0
0.0
0.0
0.0
0.0
222.08652015535242
182.73786111678854
411.53860096631126
411.53860096631126
411.53860096631126
295.3922222615807
293.8033598073773
0.0
0.0
0.0
0.0
0.0
339.1476610919915
404.13130675081743
464.9714021983807
467.3140240926618
479.3914356631658
387.57932584528004
299.10349358142867
270.3419646320255
277.6872730226289
244.08366596162134
266.89047198740934
282.98523759654273
288.37465641211054
276.50945180282605
329.52202079634225
327.9032166149176
299.7594624036867
299.7594624036867
299.27871291723255
299.27871291723255
299.27871291723255
299.699819752698
316.2018865194315
317.8726580639478
221.86532021666414
477.6005954961492
245.62267071092356
480.03584896334615
473.8674583147861
432.31123733858385
432.31123733858385
414.35671213051376
396.8307394454013
387.71225325864043
383.08256560457545
345.6948082257908
312.2506272882644
298.9078593237219
310.3537629234824
369.4106947069354
318.5877383900511
311.1240857118188
339.1175953518343
304.3451129477578
286.3183955448128
280.80508895681584
416.23979561102516
444.6906215937403
458.8141512820088
484.31142134827945
492.2638075510077
520.9025326631297
526.6096453479604
533.1161494743039
538.2627856997873
420.7584162342933
438.78686802698144
430.249131391943
430.249131391943
430.98442689497125
446.07754493726026
494.019415915512
486.7888391237903
439.97884659577664
496.36054752437065
527.0655588464828
505.6885033191473
767.5874569277092
1012.1954878537009
1081.0834409326767
1011.6605176244732
1027.0571384337622
1027.0571384337622
963.3817105047431
963.3817105047431
959.9782021167749
965.5796330888037
979.2689911028749
997.3799862312744
1070.2558664338958
1077.103493084968
1070.8513153713086
1064.2293789210771
1054.7842672461904
1116.0753040730335
1122.8524091344307
1194.332554645654
1168.3081204041807
542.5475630272265
542.5475630272265
810.5126529341416
676.5582099275707
663.9646960251985
449.60350043957266
972.2460646975928
1051.1806956497408
1042.41003212419
1027.32227516128
928.6907564179937
692.0885576559982
610.560930022355
590.8360808168461
554.6312053149625
555.2485649759626
562.974532331188
573.6972065738026
664.5289838186961
601.7416822301203
600.8971355387174
615.0998220703884
573.311873061897
498.87645617370043
497.65596591652655
497.65596591652655
494.81541790150527
414.3922957922712
622.8581936432145
541.9842375683892
599.5241513449554
712.5343713774649
712.5343713774649
709.2152555321285
706.546383083767
710.5451480770857
749.1401313302081
767.5863472059866
696.3919431276414
698.6586896249735
745.8308739901497
715.6812635658371
712.7077101477677
712.7077101477677
712.7077101477677
712.7077101477677
753.3117780781082
406.8203338615344
535.7260679048017
475.02200567489155
607.483899852459
411.89320965677723
561.792017535265
454.5818121799947
474.90820993385194
420.023007077433
391.1776358924311
410.8830262786622
510.45975489741454
365.9281506108562
388.0148898096793
203.77630083108505
646.5301087710617
655.730634336515
655.730634336515
655.730634336515
189.23225176665
602.7647416898232
526.585086010255
459.8950648854835
440.81487702413324
416.9892691141469
0.0
0.0
0.0
0.0
0.0
0.0
0.0
0.0
0.0
0.0
0.0
0.0
0.0
0.0
0.0
0.0
0.0
0.0
0.0
0.0
0.0
0.0
0.0
0.0
0.0
0.0
0.0
0.0
0.0
0.0
212.4039559269923
560.0717662052069
583.244345050634
615.1876962636629
710.5261134778796
705.7819463964017
688.8173670762395
662.2327247975093
186.47894499268128
610.5750875221768
685.4726445806004
650.6210427940318
620.0192672174678
0.0
0.0
0.0
0.0
636.4291490863843
865.7979857266316
900.7114850866398
931.4885776929374
668.0168848278884
784.5109138940405
790.1487595615016
801.8092614477224
833.1755684951213
818.4157888505213
762.73257630626
697.8363124227827
678.0008288904396
659.6610717836135
394.17392738093446
805.1960012155639
808.20253726479
756.6529565675158
772.3140875784553
415.12448881844284
475.73021787211303
501.2564000358501
665.2275884259914
676.1040158110744
737.4367444191703
797.2715124150683
830.7612942517213
896.9344500213366
909.704606504794
906.760557339332
905.9407008129958
857.9454172184376
747.0129517255507
740.099264995923
700.5090876211337
701.1303823227862
367.34516713204107
0.0
0.0
0.0
0.0
0.0
0.0
0.0
0.0
0.0
0.0
0.0
0.0
0.0
0.0
0.0
0.0


