Rainfall Prediction

1216.4844921576112
1186.3757690135435
1180.8970671230265
1178.9858323395356
1204.9486909990044
1279.5241292030994
1478.5715149297182
1304.6714847043168
1270.6235247893806
1365.8078883344378
1259.1787534534062
1191.1504532055749
1101.6533415401937
1116.8767079883544
1097.3100446543724
1021.7325334907795
972.8125
981.5008209148568
1089.6037755426098
994.1034093817362
1063.458755278343
1039.447834908756
357.89507698643865
927.4512468566038
927.4512468566038
933.7015529651511
960.8816157568912
966.1515410750259
1007.97724022536
1080.5395313214856
1105.026102236628
1108.026102236628
1204.2900310317377
1192.8898966696397
1190.9156912792637
1192.5900299027417
1115.9617318797061
892.4933247811916
894.210619343238
906.7428650372584
841.7957867148883
997.0371849267772
1197.8619258863366
1288.1262163250706
1345.3661716881566
1289.333333333333
1390.2110275729935
1497.1933533632864
1661.9338849271767
1603.7144506980824
1672.5795164075423
1785.5954997377046
1794.179689229429
1817.0250423638188
2007.3946082739562
2452.1081960243305
1323.3581956524063
2496.01678629051
2534.917055095206
2413.581491317291
2360.4479818346604
2420.270909685538
2445.7085599005195
2445.824094194664
2565.9761403021757
2571.2758620689656
2646.3140605923636
2709.3140605923636
2676.646517892017
2674.0011069050142
2713.9907214498153
2657.214014715009
2516.5696350933763
2326.7833838657616
2175.7570628684375
2046.319718652712
2088.4951849755817
2180.487004598703
2051.2946253432992
1945.7065450003067
2014.5272050950791
1922.403787173501
1778.8162593719221
1806.76712311874
1819.4790345958702
1587.9243022019357
1236.1872033299085
1059.8240301489884
336.482940266612
461.5994245365467
469.48080895618597
488.19452644725914
450.95408230295834
422.8068921203145
287.5547173767627
201.02209002550077
654.5796204524119
549.2138123678837
537.1781769732363
507.53783129707216
495.2968399746865
507.11593994855036
509.5347948936419
491.23639149001986
489.8581165914752
473.17787406745583
481.51373069345533
446.2274360166864
327.6024609505244
314.06430261007677
218.61618102965215
128.1822462108224
101.62562462736368
104.44661608478367
148.3239853924691
248.08121375743198
284.14925818839265
269.03749660540984
267.5593551814209
270.37607368597605
290.66672662505596
298.2628515415678
299.17143297833695
321.1856736279791
733.0668070558777
857.3968998704619
901.2228568028194
705.5859991357846
1223.7815802103917
1275.6109993595678
838.0772231702258
851.8324395251626
869.3447212256185
872.9873202629807
877.950771994764
984.4707508976641
1002.2132618820345
1030.6782584452537
1095.3955037830594
1057.103256543735
1757.406848651154
1157.625916996483
1120.9715317118066
1211.5628694190004
1241.8907374697026
1190.8044141960886
1217.4360643071536
1189.0651016928582
1198.200044681912
1143.7502393108095
1143.7502393108095
1109.6187758565923
1070.9494094555753
1589.3156964291843
1858.1679278842798
1555.1160775116928
1412.6393160757925
1641.9283222130844
958.978069307287
1597.6224381803722
1586.2854959583362
1030.9823747113167
962.2933728302993
1991.5130887810576
1942.6054588599095
1962.9581883658902
1175.4755120921163
2371.7212513013446
1329.3709119893865
1431.433375852259
1388.9928358183422
2274.4280236705845
1527.9560732801658
1495.519297163914
2708.3630659404876
2793.145587163595
2943.6647640881415
3165.275114229091
1905.1367100277807
3358.2197349539706
3384.8808829830896
3420.575008487101
3500.089585185934
3630.4965962830106
3880.6848798490837
3626.323826010514
3547.6128547742314
3459.5891818903365
3125.7373441130785
2869.848191788442
2901.533007786123
2857.857785714357
2700.9866320437463
2625.9866320437463
2534.092719023492
2530.732069995863
2550.5933169179857
2493.788209877254
2298.528568076282
2326.1687502410405
2261.0957328756162
2250.5040005032247
2052.529757808367
2038.339115316465
1774.6456871224857
1685.9961401027356
1593.6238675493746
1417.676679169674
1284.234540319155
1371.2285740395548
1341.882794922124
1312.9424960428132
1475.1233345988242
1428.9987448079382
1335.472017962328
1078.552702033589
709.5058586269699
754.1927441770172
590.2300616913357
1177.4319626758409
1188.0266811127062
1185.2366589986702
1180.1747774481896
1191.0384615384617
1264.0
1122.1153846153848
1179.2307692307693
1199.3622714023988
1090.1105967826113
1078.7272692981226
1033.068085512637
1022.478913066709
1011.4617101748694
1029.0890701861704
1019.8991361802547
998.029127656484
1009.0040030687069
1014.60129893684
1055.505275869211
1161.274784557309
964.2053021208814
974.4654101937191
977.4993663188493
1090.960955887009
1064.4093437648926
1040.8814774501113
1040.8814774501113
1040.8814774501113
1006.184400563188
1077.7344201650824
966.8629685210162
953.2523880984495
944.1918095869722
1067.233493364528
1068.1571649395025
1189.6610610845175
1130.3321738787174
1145.5953587606907
1166.3759324340929
1300.4051405158016
1239.8529827195207
1244.1540657195887
1310.0646484387157
1246.33399600571
1244.8518878095938
1265.542908822353
1258.8620853791454
1269.3895409556835
1171.2657690497738
1163.6396552729466
993.023021333116
1012.9067047464146
973.4568432576272
920.1536217080428
707.6287461175049
758.2574922350099
721.1197915785518
721.3960411078591
724.2031758141271
916.7190562836639
976.2343271873655
950.1905834881807
1036.576089854694
1089.8202871230621
1214.14037187388
1152.6836691551102
990.3163722295316
1129.443209301626
1055.174870488345
997.8272628511734
887.3455247392615
903.7156842962679
879.8788987234695
919.2779550684677
966.7950415462067
975.7267220616088
1044.8137098247012
1129.438364160501
1103.2105310115678
1115.9553771764831
1116.2530161429588
1057.30127133445
1025.5962028766794
990.5521510433982
1002.2948276231996
981.3938440691018
1117.4133162737614
1238.5256168754665
1379.3134106480375
1623.7797801092665
1454.512705943941
1464.1905073032342
1517.662250509633
1508.0182607198715
1428.7780987781944
1480.3321752433949
1802.1273148980645
1781.3956348645713
1835.8637947762452
1825.509321591761
1879.985257461361
1833.6809937156615
1896.6361606986666
1895.4615384615383
1925.6538461538462
1835.930976257696
1831.3628709453426
1768.569327245576
1675.2776690095557
1675.2776690095557
1776.6861434796401
1868.9007677591428
2066.3264588666802
2074.043041065919
2109.0151363205064
2269.7023932748943
2522.2683064204175
2154.6782912739436
1907.879226890931
2103.8998029479617
1945.6666666666665
1893.3333333333335
2256.0
2521.0
2565.5763391473606
2000.4611315992997
1723.7384910565281
1309.9886244211932
1366.1125710302877
1220.9464939598172
1390.4154583187683
1438.5910908786495
1475.068730045004
1535.9889477839213
1619.0087356629049
1640.1051377742494
1699.2233882386317
1290.553471509565
2375.3710332163214
2607.8079320315783
2645.47814050119
2663.874761206307
3009.7985807678565
2895.1818171546047
2944.5855583553775
3113.969065910714


