Rainfall Prediction

513.9465379712042
575.0
575.0
595.0
620.0
620.0
620.0
629.0
656.0
664.6514540528702
631.0168023168501
609.7351708696411
587.8816197495595
585.8134981088041
587.0001835201512
569.2426324532859
458.84616336459754
352.8068791465705
265.64248639721575
222.10637965606912
114.569000191415
96.29664452321832
34.47572347899575
32.90830590615806
28.717423522033187
24.854005706622246
10.195462670638534
8.656430494949149
5.0719376332479555
0.0
0.0
0.0
0.0
0.0
0.0
29.078141204339744
46.313943711697874
54.603873769251464
46.36997112679511
73.11624202678605
46.93705601833979
168.79291326118502
220.60132262611074
302.4362243929891
304.9222822979735
364.0507405673418
388.159436026038
396.82562996211027
399.75785370869414
388.9178909856951
381.6326430803327
380.61019148528834
381.03066453659466
381.2675948884852
384.1255520556173
385.6552934235454
386.1232703364877
386.2822067668974
389.0
389.0
407.0
407.0
407.0
413.0
417.0
382.0
363.0
363.0
378.0
383.0
430.0
527.0
445.0
522.0
450.0
446.64255232483214
387.44303327555144
363.2312725814934
356.63162222030144
356.2904018644707
449.7541302814984
579.001918501105
613.223251934033
613.5298535857522
634.4016946980053
635.5987630136979
642.3592060450148
651.6313716684413
663.1074450355527
662.9103392100191
658.5665143006521
674.6420474811317
671.6442715037437
657.8041144059767
642.6788096266084
639.7238961919684
639.7008564285736
639.746950597734
636.4080926948617
621.1937332109992
604.6705209635536
495.64591365737624
392.0330175937958
390.82933284512876
366.7002446656883
366.96790856245394
397.51781555764035
422.62134859816365
414.6332396735807
405.62408200092034
411.12125195436965
325.60061037988845
198.53309906706107
162.57247724043103
188.39091620954724
209.7777119952881
235.25705437266492
246.3221832006182
249.74958008332393
239.15653729650177
295.8782869891776
301.9064075272387
269.0265858088042
266.98534071985523
284.78488466720523
287.6343594104067
284.31796320092195
282.6802415378305
302.6223077785954
306.97909780997264
551.0235109717869
545.1386731214271
535.9836814317782
526.4174166422865
516.4677381946932
447.57341760000276
447.57341760000276
421.553396002295
395.4430658751526
379.7406167911611
380.1614969481221
380.03787380424757
377.90616992223636
359.53497303935444
378.722695006367
528.4771684938622
523.6966866709755
500.4572771941033
552.9963024798087
537.3897074174386
552.8074385582082
501.9267903127138
497.3275520861293
514.5964771118793
542.7808428835075
612.1569880423776
610.0786812796326
631.4281805745554
654.864565072858
667.0694499879453
674.5272174922966
437.4203952508741
487.7062234711117
504.14742001049444
504.7798665019482
504.1847255420445
503.799808141151
506.51052124939645
506.0754102999762
506.2315107038101
543.7818588863738
565.4482935168371
566.532640270602
821.9743439623653
1203.8917250377247
1281.4021514054737
1122.3446208810694
1129.0
1129.0
1052.0
1052.0
1048.0
1072.0
1070.0
1091.0
1182.0
1191.0
1184.0
1184.0
1171.0
1258.0
1268.0
1378.0
1337.0
1339.0
1339.0
1344.0
1348.0
1349.0
1349.0
1349.0
1344.0
1320.0
1320.0
1129.0
748.0
653.0
653.0
640.572725655815
653.0
635.1641094272243
641.1495506238714
782.3238635083654
754.4373170094764
752.3214304597309
699.8616589711437
577.7836325053437
483.4191681234231
479.7682111411017
480.35788497582365
480.3481558466498
415.42855371143105
615.5950060350121
520.8976781384943
586.04160720441
734.7916234840065
730.4186271639359
726.1973799332635
694.5830903965305
699.4433978835793
742.8356470408492
762.7424550433166
736.2868923895569
750.2868923895569
789.968473318527
726.8391129258
723.639613708862
755.8001070748331
780.0459871978194
813.1867616840808
884.3699313348952
906.4783415924961
1049.0
952.0
1108.0
1121.0
1159.0
1159.0
1159.0
1161.0
1142.9313035223086
1142.8250369167445
1077.875887951899
860.9203808240927
846.8079140226932
772.5676718257419
658.5825785526158
661.4563240133285
661.1328261110747
661.1364106443184
652.4597812651566
595.2922374429223
564.039738074795
562.1844453488169
548.4866078845919
504.8028472098122
491.77542616028825
489.19682791381075
482.3064966102328
478.4796200965167
459.42637266281
385.52084649960176
356.42446487410723
227.14130026218785
0.0
0.0
0.0
0.0
0.0
0.0
45.16203594876802
66.7972485286194
92.93987713073224
136.5770141253617
135.48209626944166
133.49424512918577
137.93128662542497
172.09259173383498
168.79525525856667
169.13230413227637
169.8251816495254
171.4162358929188
206.79907106503535
262.54716981132077
259.60651882119043
301.4625898515217
451.35499645845755
572.9824764766848
597.2438061026147
631.2146787044455
741.8749365033251
745.7660858674827
742.0172451680843
741.0319694696326
728.9367890113872
790.9367890113872
824.3641607625739
826.6317862794795
855.0
758.0
751.0
769.0
770.0
861.0
989.0
1016.0
1020.0
1020.0
1049.0
1116.0
1135.0
1166.0
1183.0
1158.0
1138.0
1174.0
1123.0
972.0
968.0
971.0
948.0
876.0
1000.0
1003.0
1016.0
1226.0
1238.0
1330.0
1330.0
1331.0
1381.0
1365.2770020223106
1344.4356234386298
1333.066825156493
1266.8950437317785
1161.7899159663866
1134.1111095519673
1128.8990999559137
1130.3469122416577
1047.638308403246
983.8772798225053
966.606699751861
957.6799501026593
949.9591566712669
987.1027640344687
983.6881820320012
952.7887592910959
953.5440290469804
956.4943151875522
846.0933897468276
813.1919005983716
796.7470828843249
752.3035142917274
607.392086310544
596.8711694852004
584.4472557841231


