Rainfall Prediction

536.3492590847376
529.3444985940295
536.9597369040793
516.9138059897128
523.7820399475467
515.218146412717
522.0294711822687
526.1570224111276
529.6221864269204
550.3775920780078
547.1014522564866
547.6635753970595
556.964840160715
567.8455620585675
569.7047799594717
511.9002889736876
448.17793047497446
379.83312939166694
338.05340041391094
390.7047692644781
341.9541478557051
351.05955449534656
385.94151126469006
394.48281108686325
392.409055197415
383.0362260196248
371.5194797993274
367.2223848271025
368.5152985940383
369.38856079211837
370.2560498114967
374.4192168459432
366.1106176491636
363.7884608949174
379.95661911941755
372.2095092811724
372.16183157159736
371.6173478904096
359.2573438796203
385.500293538731
328.28267003339755
412.26030816775693
429.14499694622344
480.9259368115753
471.4682628774433
503.16180308788813
515.7940076481689
521.539822076132
532.7047783674501
533.4437312435894
491.85956547986586
466.49042004471625
425.74472604590505
269.0048834146397
213.82509801908594
197.127231153983
221.68070050997304
226.70220086979958
224.04920394574293
207.3808643320154
206.57840958967094
208.10558425087376
199.10285327142452
277.7851025133439
310.500141803582
299.4824788151654
292.3936012684578
291.7112231813756
292.1044493470579
297.56930280236617
305.2110911488021
336.4238001322757
314.48945574166305
424.8900393882333
399.4945230252255
393.8911183114114
357.6846083672783
361.9218616482201
369.2043418211927
408.8201036120614
467.13625313386103
572.8082846357258
648.3520873143053
649.1081843275483
671.0302374714804
698.9102596508715
715.5097131316697
746.1558282728083
781.1987152538311
821.6523444465371
826.455694233556
836.1852189026911
841.9137802267602
836.1852189026911
806.0842921766559
802.3844820988279
804.9022304873522
804.9022304873522
806.4329894877247
802.7267001334956
798.2469992053332
737.2734497911971
661.1610790167565
680.4568222488431
619.7947458096778
620.2882455907368
641.6707408692437
659.2618073901659
655.6251668360251
657.8850895546168
644.1262802957343
582.6895369839666
432.7107889431382
388.25881822718367
398.7866881700487
396.7044448533948
406.29076876040216
412.64060153136245
401.2832775581154
387.9659061032986
401.0559686032312
393.75532399585865
392.45372657512394
389.6250388447614
393.0772815959809
393.9106463598884
389.00095204994574
388.08969547452983
400.26590238434335
404.7983124205892
547.0085571940798
550.6892431861891
564.3368274689029
560.8340961557877
541.829860016051
497.7692626567898
494.6889523474716
480.06110006879504
466.3663349942112
454.40930432447493
440.16842784384386
369.47040414280644
341.53969862147693
341.7615213964767
352.8673985492701
403.9102138393196
362.3289567695029
358.37848855252116
390.2123014906622
366.77233179759645
351.62254745095413
350.1520165956774
464.4567857398709
474.409532453232
492.7701627467988
523.129298150561
533.5085119066525
561.11895443017
562.4529229282908
568.4436834371801
568.0384919926355
452.74257601066097
468.3496268793723
452.3037425325677
450.18821101587235
450.3601139134282
463.7051567792035
518.9687237269839
549.3748998700319
568.6267470371843
589.673214049225
599.2275296863008
608.334458766943
734.3232781389263
847.1689149332813
892.6275335290904
868.5773676813335
875.6799854707368
864.293896729587
818.7678289472994
866.1401440697628
872.6740697928601
907.136666651472
875.7148608101911
825.7054440791527
880.7463276098687
897.249094548035
906.6110030199709
859.1985739361616
852.5563845252252
876.3332914287042
897.2813055467805
915.328220773002
911.6821485100484
914.8549726027601
911.7573825741456
914.1080546552934
905.001525512624
858.5391657912697
814.4360901572161
777.286451035534
818.960928704661
808.0230485466305
831.3239811346492
766.4367116031021
631.4729214965414
576.6065195192881
548.8621497764776
517.0665130797138
526.3365891518707
523.6887869767173
531.8172818307647
596.627145042368
553.0376044298415
547.8867376379973
560.0911192643305
529.002116920685
478.6255786955011
469.5615947640501
468.60793166998184
465.6201428596227
459.6165002803269
522.0797319786896
509.3677564241368
536.1505458139812
595.915202987879
596.3892796146957
594.5369147576798
594.6120797753172
598.7714778443383
636.463227819122
647.4918343388275
596.1518524459669
629.698517941023
635.5111734847161
702.2996400841887
696.4294896988706
709.2895869739762
713.4249165007051
715.7308320206997
750.4965924037433
746.5713839853539
791.3243800909253
742.0880898013721
749.2770018395476
748.955931026437
720.1775783977624
638.8465100861174
659.872564547683
657.8955356234447
657.8955356234447
624.2483387792603
725.0220836300077
677.4468810205794
780.4876237607108
795.0927759470906
739.2472323857424
757.5229117585906
785.1524624584589
804.0509280533244
799.8001794602272
759.3232087861996
788.3638249276338
804.5590233643433
787.3165397958263
730.2593986541904
691.3531844090509
691.3531844090509
689.1649321368924
711.5541608817309
723.5881412018084
684.4285489722785
692.0557911234207
600.4322401746526
552.028980426856
399.92936413665984
381.5866531434192
330.3808875761761
448.80169639250187
449.71671190237294
445.97414358595574
445.97414358595574
445.97414358595574
430.83944407416595
410.00842697918523
354.5678920696756
336.1955252944316
353.7389438778448
326.28018498456925
339.7270829842956
279.3563605698113
316.6419921716187
363.7441409707448
421.3409156956017
462.7359089618949
501.27180904167284
602.4553908886779
666.5711191502959
680.1983285206896
684.6580399624428
772.7490351567724
761.6667068841426
739.9761895814438
717.7324021728401
908.3078885087778
953.9420545221249
972.7925105954207
979.4873221645986
984.7840591349647
927.57432085562
923.7598138752724
936.2168742440734
936.8217085996612
990.3076127152684
1060.9621718444491
1075.2699487463517
1055.2752690173218
1055.202613682914
1067.474060602049
1108.6277036076744
1136.2328796240215
1151.385042167692
1169.5739513921092
1145.8089741363508
1119.5490115074597
1068.3560387424982
1040.3408721661465
970.0116639377583
1004.4001436428308
991.7318947569156
948.8405998741192
858.8075706620724
935.1632284979564
936.5507798695647
940.418220012473
815.3838201885193
804.1486674431511
833.836250477468
881.9208870704923
943.4676558598636
995.445793334953
1008.1627913109922
1012.4434007253725
1012.075350357189
988.3125637670602
1012.7128090509874
1044.7862613153534
1060.9597287590807
1088.556055899157
1065.7132428417776
1035.9562519974506
1100.3494379425647
1138.2281946276937
1124.202745290133
1096.8935092495947
1077.0803446766486
1036.8715412742752
1031.5395872089673
1049.4877667235369
1005.2305035507985
980.9358211534031
973.8733445430813
964.3311336518749
882.0994011290863
893.7452237917302
943.5107776830704


