Rainfall Prediction

889.2192895006928
929.4018713247285
996.5016817930206
996.0953216958185
1024.8686718895694
1011.6205264111891
1001.7938771703537
995.8513453642289
980.5624061118176
979.8284108307116
962.792090572815
960.1731083710446
958.85949768384
962.4541351544564
960.8802874751167
954.560099811871
965.816906333515
978.9299292028076
978.9299292028076
984.2056089848113
980.4949024686738
975.858034194988
914.340200079156
911.9502471987429
896.3408095796938
882.3197708485325
863.3808195570308
850.1442013374678
869.914720828042
823.4583355607909
787.5785670027453
762.0910816108719
693.8182373541501
640.9327172923954
687.7359876543501
646.7770760337152
656.8090997506129
656.8090997506129
657.7113567776032
658.3829203235457
655.0009024997034
653.1725627270331
653.4340673343547
653.4340673343547
647.2393537190939
652.2345197263671
651.0178525916185
633.7443175846421
621.5045468006897
632.1260414563205
622.2761830071923
606.0203460990664
602.9341667955584
593.5627279405074
629.8742840602588
629.8742840602588
640.7885391971381
639.1497790254523
639.1499203750318
660.050110040684
692.1309508539861
704.8983084237835
700.144075355792
696.9804832890115
640.4962832631602
631.6879802547243
628.3687428912955
617.9561795975885
617.9561795975885
616.1246931714601
616.491602618664
616.491602618664
616.491602618664
616.2170907844943
616.2170907844943
616.2170907844943
610.9779321799338
609.036355023168
609.8692164006768
651.1935213700499
660.993147470079
662.01624866773
662.01624866773
656.8848080231668
683.7780877408703
693.728828301335
697.9007648504219
692.8937973925667
700.7366754404864
711.7239509600113
667.4027537817549
647.1902732137956
658.4383075545978
660.7634344200526
670.7458528001023
671.8399148064733
616.7307948730976
616.7307948730976
623.5314029787141
623.5314029787141
624.6332989466642
623.5314029787141
625.152540919411
626.2309680644386
626.2309680644386
626.2309680644386
626.2309680644386
626.2309680644386
626.2309680644386
625.4223220386588
574.8255503911266
552.1749632500574
551.3605456628419
551.3605456628419
551.3605456628419
525.5712511020267
521.7973856526733
506.64251580574927
511.0768585128444
509.7095708281202
559.900747733297
560.1259290247617
550.2512490556788
538.9945884962619
535.7369056678979
523.1912919117789
600.9768663610653
606.8987393430838
608.3506631586474
618.4497489375732
618.4497489375732
644.1267753958311
658.3943654951449
660.8493428605512
672.9727682136614
672.9727682136614
674.925765732207
712.7440596830668
784.4637666586406
855.5544918568124
855.5544918568124
863.0827406443976
872.2776352256369
872.0304015061542
894.0089099342273
908.2273065271356
927.1038632574035
899.3353724015367
900.7681161885696
932.1741939227385
946.1187862673355
904.9303173817071
901.2857383234036
892.5686494189249
885.6389433626666
889.8085192051353
895.660573781611
894.2803528814347
890.1268493414632
938.0464945153121
938.2602390871372
963.9542875556757
952.1079221040295
948.0762346788179
945.3015047798181
979.3825258554003
979.3825258554003
978.040492683687
977.1447667978039
920.0922863039336
854.4368992159115
854.8432582190782
847.0279048156685
837.0030791725409
837.0030791725409
812.6506649162046
797.2593770226102
768.689401080932
767.56931933945
762.6214162232209
715.0996595375874
692.1676048014898
702.5262718764213
710.6103464069892
706.8929748927798
729.4624956815671
724.3503088197643
717.0608240702862
653.2094199853565
653.2094199853565
582.2797471193437
588.4238532761308
585.4348036647255
575.4287781169439
566.3714094645288
567.5764469791154
491.4216843599734
496.2938874685375
496.2938874685375
441.96519174227046
441.96519174227046
446.95287724397235
531.6570500194961
533.2552455793009
534.5303615509287
536.1587852790706
536.9708137820846
577.9586794908347
586.1344834483439
622.9900666116491
628.7410118714189
642.08595952332
634.0377194205421
620.4855698739184
617.6460437182342
609.0523396301488
585.7061803649037
603.0773101766399
603.0773101766399
603.0773101766399
605.3185161237982
605.3185161237982
581.6461706836039
555.1421726415352
651.6426782213315
651.6426782213315
679.1168845620148
712.9206325921657
730.8320977256828
809.4822963435078
846.9874690273589
846.9874690273589
843.0171309074964
790.8808417450915
790.2323974098595
812.8303844421636
816.7393921941222
816.1781281080144
826.2904796674536
890.4152439330192
872.2608221208669
921.9925839023335
915.498726273517
914.9376515517844
914.9376515517844
910.6245937652751
910.6245937652751
902.6954019111015
891.0535448618746
900.6465803564372
970.2048104500349
978.0116504178789
978.1883544880912
984.981855179105
977.9261983302571
920.0986493813089
920.0986493813089
898.7784091584439
884.4098927048982
883.822458353732
812.893235713594
772.9740012010355
772.9740012010355
772.9740012010355
772.9740012010355
782.0672436901959
774.8835442732224
813.4470170229708
813.6561533287764
776.1998616739778
694.9293061497085
693.5129643906045
621.9489337969011
632.8525591042967
651.0866420956853
712.5727928281914
722.0652476777444
722.0652476777444
732.2822583367227
754.0148099252153
787.6077509206037
713.7525820973395
701.1346394886609
701.203669363234
692.6673383812039
692.6673383812039
685.7048355148859
685.7048355148859
693.4091743778305
693.9032911091958
671.8184488205887
671.8184488205887
695.137046318383
703.7127705454487
703.7127705454487
703.7127705454487
702.6285688404632
683.6869776216039
630.6234282104488
630.3523108394519
626.8171138587634
633.494797568337
631.7211066230603
651.6449655233489
712.7399634023803
699.7724015105653
658.2510862565422
661.4763698430448
665.9061978558665
654.72970319612
664.1582661495952
640.3811767975565
648.9407672432964
673.6001900755416
686.7526007278163
723.4413236675813
736.7536780538985
756.7928865241269
768.7719690508667
762.0887940595179
768.5573692989913
785.5180281488
787.4355312359139
767.8621493452798
759.974480880525
759.974480880525
763.9446747367242
763.6325253651398
763.6325253651398
773.2544897825719
787.2742446544577
799.8638528744553
793.8156097983546
797.7417397083806
793.9229260178558
727.4118016846028
725.132868952558
706.204415887515
694.7071234951338
691.7573554987252
692.003649748767
667.1796053104398
675.3033554418166
662.05164312288
638.4663374442738
626.2804391403679
591.0151012265019
626.2018108406032
637.4845049437979
624.1690303200935
632.4134694498415
609.5533391766689
596.9179805926515
626.4580533256136
663.1619733722498
688.2522061833905
722.4717566829506
750.2749311619555
759.3140887052384
760.7020098776111
750.8952834237766
761.3449179916096
756.1441747336374
756.5995068518281
747.541078598458
734.1826829266205
745.7847642991886


