Rainfall Prediction

1671.8494708564112
1660.3181605610675
1674.3079679554041
1645.5255985613517
1641.384063417563
1646.2403630874835
1637.942440850416
1635.8102218956574
1627.6982788136738
1630.8240275730961
1388.0199920063935
1293.0
1150.0
993.0
863.0
786.0
4739.292236095039
3099.85746944531
5899.094518404723
1677.9465486884524
1646.9971696182317
2209.318032339864
828.4733183006415
992.4831652061434
1130.7761744374627
1091.8448871503565
1093.103312528256
1124.4835269719042
1106.0123855290162
1010.667996947024
1005.1220619719275
1005.0020960596829
1091.3332979340419
1083.2953909974826
1089.5243134808975
1185.8880667126393
1183.0526903564723
1193.334659689624
1189.3220518329842
1197.3902081873407
1362.7805133416218
1493.952865549633
4612.786768818573
1148.0
1248.0
1453.0
1453.0
1460.0
1460.0
1836.984116850044
1838.2378163349529
1845.0640479258248
1457.0
1252.0
1538.0951373108676
1483.9115518990036
1806.8101661311982
2116.5830649484346
2216.616400532327
2209.5632697682054
2240.5549358223075
2273.933140346281
2289.0102615493115
2203.870618344121
2147.3269190135848
2173.3613229499974
2137.7397624746404
2137.299635785371
2122.7424282822667
2104.3555579886074
2104.039903666276
1962.1038153407662
1914.6493902734837
1753.0164202827636
1597.621424871376
1439.2519326257125
1200.8623575932472
1218.717665952537
1234.1123564608843
1134.6107643200498
1169.4932697106383
1175.338758971089
1168.5392350755708
1175.3059376137517
1168.4740806276275
772.0
769.0
1957.4158190846317
1564.9148953651772
1002.6585061316683
1089.2612620359237
1113.1258609171691
460.8639331092161
391.99020933835965
386.2793779211517
458.72987818179115
459.1655540502741
451.59897868463867
460.9271540981495
473.1686768123455
557.3908540570119
568.6851702482522
657.5164865406277
529.9062278834731
622.5964376202319
674.5011641273807
687.5664380637356
788.8286489521624
554.4512941148703
496.0109467192759
638.6699169128608
637.5982062399146
507.2273277535061
476.04310979497143
505.422631806396
2987.3984695337363
340.0
335.0
4946.400780280901
2035.6714484280615
6894.397307930719
335.0
335.0
305.0
300.0
300.0
300.0
305.0
685.9163139376265
772.3759638050791
783.9801878859943
768.6653982545847
759.1147435540483
756.4799697114693
758.8687439784946
317.0
287.0
731.7362015470628
679.9277785328708
719.8709762474996
786.8468273623134
736.790522838765
716.790522838765
709.6681160605366
713.6221729078682
703.9433077170105
652.8932550450396
619.1687644365486
613.2991648795814
614.6018875478483
619.5395432135028
621.7051725239807
787.0659514449853
927.8300611158294
978.2717325852453
880.2479873904974
853.7506407962662
1118.0743049288835
1259.03638310441
1198.0426800821137
1111.7596645011295
1176.124869709085
1161.2110113668114
1275.6516006771053
1302.5208681085755
1293.27528982678
1295.8623013428642
1424.6178396633536
1373.7157837254965
1396.989777147092
1393.6451729568162
1361.4078885556403
1435.3773416321806
1577.4169929672667
1643.557432454637
1687.8737120042547
1759.7001774847147
1861.3604176758151
1859.1245194331564
2074.8709697032127
2318.4111249185044
2386.698467278099
2422.6523953233414
2412.6637918405027
2400.8313604536024
2604.5243239390675
2587.7329224308214
2658.76078988473
2389.310677583803
2291.0131087410896
2258.419797636984
2257.665359759227
2187.759219766352
2194.895601145761
2141.5823048861816
2121.1640093649125
2121.1640093649125
2172.5753012700025
2073.0090761586334
2071.7390317850804
2061.400553915667
2024.1190587572555
1980.469610236311
1906.7750772373151
1773.4743470751168
1722.7981077263403
1673.7241990661605
1600.8598257911763
1499.0874337211048
1673.190221149356
1463.2665737558195
1248.1491674377892
1177.2177773482015
1163.9584852976336
1009.3203985326489
584.0
329.0
314.0
223.0
223.0
178.0
173.0
173.0
173.0
176.0
2863.542707876064
2555.4278049455024
2681.3987520849555
1213.0122876708156
1242.4300297242053
1031.310854498736
965.0392909564475
987.0392909564475
987.5677510313717
967.2036806883204
925.3483407727302
907.6113587897994
1019.502118470861
1103.284220450996
1658.812538540477
1472.4567251207409
1903.7157324239893
2157.456725120741
9623.05492893898
9821.372755006487
9608.904413098087
1224.0
1224.0
1229.0
1309.0
1329.0
1329.0
1339.0
1339.0
1339.0
1336.0
1176.0
1176.0
964.0
939.0
889.0
889.0
861.0
862.0
1245.0
1250.0
1300.0
1305.0
1305.0
1282.0
1282.0
1312.0
1317.0
695.0
835.222141030008
868.4475507112564
913.3450866782689
907.8380209970629
907.8380209970629
1916.7415602362598
21191.444831248748
678.0
678.0
668.0
668.0
668.0
668.0
668.0
698.0
718.0
718.0
718.0
718.0
718.0
695.0
312.0
307.0
275.0
305.0
415.0
975.0
1200.0
1185.0
1197.0
1212.0
1332.0
1284.0
1250.0
1250.0
1782.1937624059033
1693.6681944903853
1247.0
1247.0
1260.0
1450.0
1450.0
1463.0
1579.0
1624.0
1601.0
1609.0
1694.0
1719.0
1976.0
1976.0
1976.0
1976.0
2036.0
2026.0
2008.0
1898.0
1338.0
1161.0
1146.0
1094.0
1067.0
947.0
947.0
941.0
941.0
941.0
941.0
941.0
1124.0
1114.0
977.0
990.0
977.0
871.0
826.0
819.0
791.0
706.0
694.0
485.0
513.0
513.0
513.0
513.0
673.0
741.0
751.0
1026.0
1091.0
1109.0
1184.0


