Rainfall Prediction

531.7060216319518
528.6217007094149
526.0701839433742
511.34359481231445
523.4815233930279
508.49300824925484
506.25088463859606
510.79037090539714
536.3464034849037
562.9418868327664
560.1147147459831
561.753957110117
562.1591491767751
562.1591491767751
579.0213795044288
603.6433633473843
535.1024301916582
444.1579951998091
332.8363636363636
299.93963812699945
199.21542571092883
172.53478833892942
152.9689875994632
152.9689875994632
153.24709820723024
153.0658121720824
145.52521919158622
146.11358169677032
145.6993431806451
144.34405007182477
144.46223923912962
145.017860411334
144.6951586198822
147.05891407662696
145.27477098085186
155.4568909204315
155.40960227967372
156.71184726794647
149.3315490935834
159.86647852402945
119.09496447542489
211.6921204715647
229.72866885255004
298.07769429628394
297.63532384608686
350.5712445675661
361.9878909835786
341.5518591284569
341.0472483831583
337.7552579801545
363.2381987475288
370.0587375541765
375.91323059129377
380.8269421239967
381.2785727731163
381.2785727731163
381.2785727731163
386.1053724119227
387.3314484696841
387.2149135205623
405.93821200684874
394.2427084180367
394.2427084180367
408.9181796980104
405.57727581279386
372.4726151357838
356.62028688757135
357.3213136284518
373.4281339278431
376.13537256344347
422.8708438121591
514.7153193708268
436.5922534901306
512.5484007456299
446.8318112332212
446.4065825670993
381.4356963592621
352.7509537509255
345.73451254841234
343.2588892334632
432.13262877664624
546.5573510436301
546.4768400259803
537.4854903041721
633.3714707773054
617.9867949712116
630.1472074054374
643.358396746686
647.9693013650547
660.5531948770242
426.4226197046247
442.0166960706256
685.3590405469361
414.8174923689668
542.2535684119923
539.7096774193549
538.2995529733387
538.2995529733387
537.1800371438536
519.4221151976129
521.2515337621486
435.0309747937488
361.55927895403966
369.429461743813
384.2703938908452
399.9252020633488
427.10582022678454
450.1074943432149
475.73175383539785
476.3512423974983
490.38545326218843
389.6144729717593
290.853855730798
258.42758127432387
263.48281548165954
245.65959768992522
263.3147318997028
277.0699790884932
279.12984359406096
263.5652590748725
320.25600495688496
320.4636000576704
287.4461382335468
287.40085543027385
287.7230359520639
287.0554827014833
287.0425196329347
287.26567964826955
305.3308307235458
305.90836439906377
548.3736627230571
552.7516794887388
541.1383901990058
536.8049424863649
530.1329183290687
462.7207464483283
462.01004036480157
437.14952729969
414.7722699331071
384.60743114297014
384.14897797850136
379.2301406634398
381.20278080316393
349.83015674659885
366.14348011820186
504.80672877682787
512.231712967572
494.019028556232
542.7769587489328
526.6044701683752
566.0831535877113
522.7308120610434
502.86433691622756
541.7424789543103
572.6067631665259
631.9118846126377
648.4069838564888
640.9223218791726
649.5924810686153
646.350626037247
665.5697010998636
441.26168028720235
480.0592878780921
481.2079677154668
480.9129893838554
482.47153041256377
482.9639272550239
479.86857973958485
479.46951295534006
478.9059799047682
504.98070898615356
577.3054043621644
574.923500685928
736.4586771590468
1125.548503506493
1280.0577490926423
1042.299928906324
1002.2038219660617
997.8163223706766
957.4795636425204
931.6657483517148
902.32866918631
923.6216697848247
1061.436077002708
1058.087323687329
1181.7029578511035
1189.8899821373323
1181.8564880713268
1180.3126360309955
1170.2417750564098
1248.149463949094
1265.8991392608616
1371.246274257062
1334.3798497400178
1330.8740008727825
1330.9904718393186
1335.587125749189
1339.3052854057503
1343.82052894972
1346.6375887575707
1346.3075747222704
1342.2059011822025
1319.3738095034098
1319.4420888783739
1125.4765039626836
742.8182292077832
645.2861285403277
644.1373759497175
650.5065221968465
650.5065221968465
647.4435684803346
658.8719164737342
802.8405630858198
775.4690725726692
774.387128114393
737.4075341300198
607.2578923953708
514.3018851224926
515.3344778877542
516.6796167832977
517.9190565442475
445.88219325806176
660.6584221880507
530.2865137775581
637.7322186567576
782.8257023876023
782.8257023876023
779.2913053878817
774.6339281765428
781.5908516353239
803.6022364721198
877.3730777948192
806.4395966926122
862.2889853051349
900.2656961380396
843.6184278024175
844.7255377825942
844.888562051694
845.2346695777342
844.3295480377755
908.065721429555
914.0288954113104
1025.4899187952558
933.9352353168729
1072.3902135822163
1093.6999331944382
1132.219971285155
1138.6394856197255
1131.8357887573861
1137.3062947403741
1148.6912253481823
1153.9954261082805
1094.7638959646367
883.5598443123974
869.4448762895775
793.0289727513539
683.55646701657
695.6221882570809
695.0322781607839
695.0322781607839
689.1338429854449
627.7232580497771
600.6573153553592
597.6888711220031
567.9260478468166
553.1462484715893
548.105322118527
539.460024094923
535.6576848766929
534.3427768710887
538.9121087895182
468.0257325672997
461.3740352543905
344.3962145110186
288.9920187471167
146.19345354374343
133.50899249692344
95.41223909689737
149.68349422648583
170.41044107293075
168.14832896752276
168.14832896752276
158.12508987438508
183.4862344133207
179.26967859009883
185.5553087499876
188.19994766266095
204.11735617144322
192.8646874474137
192.14351830270692
191.52668216435436
190.55138560142103
233.42465753424656
277.1044052733946
285.2580081537566
315.24861146645895
477.5813754868978
580.1087817903835
606.5451589495424
635.9645974321744
743.2171466351327
762.0809956742363
766.0729039460903
769.4290203224895
753.5937717752781
811.3589191120494
844.7958491393254
842.399134507106
842.8068143173537
753.929506974827
748.5758660578571
763.7839316269022
766.9792932415327
857.9055262904036
978.7424458082293
1005.8010479347604
1009.4852746398329
1005.9010920855384
1038.460225758525
1103.9763044483195
1122.9929755253256
1149.3913434278186
1169.5172004447345
1144.9700819534796
1126.806361873598
1163.143807635107
1106.0443660398898
959.7609294196052
954.9100392697677
957.8009197302832
928.4524137893832
863.8654881820096
970.6060682096853
965.8593533709441
1007.3968730800904
1212.0601308585835
1227.9230408466628
1321.0402511499158
1321.009479689059
1328.8171428153012
1377.43938223222
1376.6317280639657
1362.9705928629653
1358.5248673674755
1283.382675868076
1185.6514935331227
1152.8874025447967
1149.9710258801463
1152.6062696744916
1080.007750396268
997.5497382435619
980.3214617584971
989.7082404026811
986.7131122023769
1022.099588993902
1020.6252068366714
973.5986802757375
973.5986802757375
973.6939277749381
869.3458300824998
841.5671805594702
831.1635817752739
795.7581402214341
643.5169344365421
640.60509310425
628.3303068857803


