Rainfall Prediction

629.3566526122065
416.5554694791701
414.678544111498
323.48750920376506
348.72501940510017
272.3773940184236
299.01839072431926
283.2557116851376
228.115354501948
625.6564519713529
715.8746640407751
960.3147163606538
1001.3681683168465
757.2484522363297
488.3950962682766
466.8397277275211
527.8006804822445
128.46018748639113
231.45346374163933
54.24507515616157
84.99439630733167
238.2554466784398
224.75879136128384
344.6149622227129
171.97342096787256
177.07834494881928
194.8557672309991
202.2151005425462
33.86618402762211
119.17955673977283
256.2188359700237
113.0
78.0
79.0
76.0
29.0
41.0
49.0
52.0
52.0
44.79599717867194
188.0
31.100782898073476
243.0
122.47529258052973
14.022740606926565
157.78373559739455
25.463027658794843
42.45925132046643
54.641435685791464
79.25554700691396
80.86286833159801
80.86286833159801
80.86286833159801
80.86286833159801
135.6896315353613
225.54529903272083
433.370198109243
385.21386681305785
61.82136309601265
274.1312770753684
345.080856656394
292.55339561932794
274.3474582193943
499.5196279745423
564.8477956760682
118.91732159917663
454.7834788440723
442.5476847814085
517.7336007732471
485.8956725262209
226.72908233858698
107.90342569670099
689.0
282.246534895137
629.0
267.5354685312602
284.852506300356
360.7454927833644
331.27105815737013
191.1392717706329
220.0753059962916
175.40307511345168
309.2711124747274
278.45786958747357
392.9585400276551
426.2448891735206
344.5523084829847
155.98446843662452
197.54791213457023
51.14803599779944
263.36129738453417
251.64598213539307
196.77181754060726
696.0
770.0
239.10639613479665
239.10639613479665
315.44385053400356
383.0920274201162
408.64654654113986
672.0784875933
285.906884409985
201.79669402314312
329.41559358032447
321.25091428549126
685.9490069494295
654.742400856534
552.0292861153341
574.4941836114087
640.87609018584
585.3732225275011
383.5204139050479
354.9075723955699
233.86589487287984
397.889889243134
138.10988283170576
295.45803915356373
268.9343292013053
278.581161378929
223.55286358585445
217.40814028451902
429.36515195700485
317.3280164014493
239.73368518876325
273.66381989328806
330.7140571619831
532.9832446985056
512.6069160263959
519.9324806424227
659.0
191.26863487978449
582.0
537.9984098278906
333.98821186166106
375.06911198823434
413.06911198823434
576.7986686247318
559.7625876360794
554.0029097085903
488.6294993690382
509.52245013192567
503.61215655584806
527.4250212722594
492.7317940066257
349.1786998560174
484.39840435099086
481.62725656451084
554.9596394909682
515.168817206146
747.9251725597652
589.8032411380702
624.8823481930871
580.774447556366
538.7009316489982
437.5243266432401
784.7635617288361
730.4809120182422
659.4287592680766
613.3478193712945
594.3291011039069
377.38001048031657
1045.509951268619
270.607176820949
639.6146412940479
366.8003858457562
508.060822544767
154.30602502183046
57.173141046934546
415.4669417442067
198.00553931372554
819.3936861756622
634.1826189564041
358.04339000442485
910.4927084232716
1306.7666871457257
836.5524534257504
618.8798881518569
957.3771461237228
1350.1814400918047
587.2466746160244
424.8188174274845
325.6898501315265
642.1495645768367
1022.6723737356151
577.1928512180059
585.1589304988921
957.2083233083795
1278.5147137558301
1254.6478681146536
673.5818029426802
1077.910421573381
647.2025999951957
656.0200960105772
789.7034859832729
740.3760718365261
843.8129992919461
1167.9271955287718
1104.0412089105284
758.864190977232
230.08333668682593
378.39314788802284
533.2627811549453
260.19825975991137
88.80423674692608
190.3153867241332
133.51720625779143
44.272406007420216
41.0305569410301
111.11608578705484
205.8225470090418
146.26958172438276
382.3653630021848
323.5620817483232
235.10376100977865
244.10655758250027
64.66836577114016
77.55673640012401
107.63857820953949
43.79585519611123
154.46435657017864
198.87610698443547
161.76614691119707
52.76461789161719
229.4716086745475
149.9644469648097
239.3563118799915
82.22382001346013
427.27159017210784
243.50119758716818
271.77888512022014
407.4246843534965
193.5040725969095
290.9372465275333
275.63112922314906
160.65490966665163
259.0813658077081
309.8559066267542
381.7527401363411
398.51053197681426
226.39546680888319
698.9375836604527
748.6979780808989
515.5651349746679
396.0629258454946
81.58540455041665
272.2803597319073
490.11685969638984
472.84398347319063
972.548000546451
918.265398794091
362.8453078029735
368.2972230757738
235.6658589518672
238.63962268113312
218.7326677032599
64.19512432015235
391.19911483101816
391.19911483101816
391.19911483101816
696.0
371.0875383566092
391.7072212180603
391.7072212180603
551.4189731119111
239.17352959190725
371.4201355067728
433.11312574447993
291.3538465531076
389.7961461743742
231.00550206587684
142.28379843890394
236.31078285847616
127.01254480653134
201.13095525145198
80.07800924829512
176.53475063365113
114.86811594250344
316.96092146812515
201.12851170661392
304.90030534906106
380.75401155888915
268.7920420202454
254.2256643463007
116.40003921376581
385.06850264120794
218.59983413600565
288.9552184166646
123.35024787180066
83.35344241549384
92.02962339727276
70.46890736024994
378.58919961428194
186.88040470139075
39.663570370092174
160.82976680185902
177.7031716680996
276.7207939420778
124.1812345058483
807.4011991968946
323.0143147828071
346.15862467239106
363.4448708485419
340.590995067726
303.7559618161149
625.9775130509352
570.9615058243367
506.9132387785688
366.23700924452663
647.118530809804
324.4001159880662
296.03470529515937
139.53972624799206
371.82424637604765
337.45446805990537
246.30325292263507
66.04817520815158
578.6972211713687
402.7252522157304
307.8273139218852
102.39408843669372
102.39408843669372
124.74440679383702
173.0238431739017
0.0
200.66856042739326
96.23920793839386
96.23920793839386
34.841588595150796
32.92337965542578
147.07735382310278
327.7895002357442
610.0958916359745
544.7592038451694
557.8321614783423
577.1275057798118
577.1275057798118
607.4143863265647
605.812311905168
696.7677621773232
736.4547871198722
693.021123362929
646.8719526279535
855.220114089755
744.2746870843658
767.0775516233219
243.59038273487198
759.0
649.0
808.0
633.0
783.0
733.0
657.0
716.0
559.0
618.0
468.0
498.0
521.0
521.0
520.0
506.0
370.0
376.0
399.0


