Rainfall Prediction

1648.33937586588
1645.299585295607
1597.4850437883322
1621.4602617199491
1678.8058266631776
1847.8058266631776
1637.4988716260636
1681.9379600189661
1576.7430812570858
1415.8110931189808
1338.2439170424427
1159.722703088986
1119.7846547394438
1178.5758332983746
1150.5874704696391
1041.3350816962745
1090.2195561903893
1093.5406306862778
866.9397464785529
530.9890291407619
428.2089730686545
372.31970548022133
288.65206541356457
247.25874740501422
148.09144593490333
237.9351233134076
322.1144901647841
396.1309784405855
312.1309784405855
267.1309784405855
183.13097844058552
172.13097844058552
405.52573936443287
279.67835477254124
228.63840860669677
125.17465713732446
46.77064505830333
3.356053726048046
0.0
0.0
0.0
19.0509682956245
0.0
0.0
0.0
0.0
0.0
0.0
0.0
0.0
0.0
0.0
0.0
0.0
0.0
12.540207044728731
0.0
0.0
0.0
0.0
0.0
0.0
0.0
0.0
44.85691145397911
0.0
59.036409359038814
37.27438309103681
0.0
0.0
0.0
0.0
0.0
0.0
0.0
0.0
0.0
0.0
0.0
0.0
0.0
0.0
0.0
0.0
0.0
0.0
0.0
0.0
0.0
0.0
0.0
0.0
0.0
0.0
0.0
0.0
0.0
0.0
0.0
0.0
0.0
0.0
0.0
0.0
0.0
0.0
0.0
0.0
0.0
0.0
0.0
0.0
0.0
12.222200800156045
0.0
0.0
24.081419332763524
179.0541284011284
347.0541284011284
428.0541284011284
422.3878995000697
236.38789950006972
187.10051453583492
248.08418274795662
189.70445459735845
203.56561911486693
202.8361435565697
319.99424546897075
303.66528927724653
185.85895861464743
149.19090447523362
13.506012714983697
2.348979613586593
0.0
0.0
0.0
0.0
0.0
0.0
0.0
0.0
0.0
0.0
15.918846603808863
0.0
0.0
0.0
0.0
0.0
0.0
0.0
0.0
0.0
39.49167044501429
8.659249756254045
17.19322479305589
5.210888387357379
0.0
0.0
0.0
0.0
0.0
53.264115159509814
74.80038138383516
109.80038138383516
87.80038138383516
109.80038138383516
129.85208320687207
111.06053774583178
185.75549399709007
152.81124368527065
47.036598758662926
134.90690849401986
57.51632618364236
36.51632618364236
0.0
0.0
0.0
0.0
0.0
0.0
0.0
0.0
0.0
0.0
0.0
0.0
0.0
0.0
0.0
0.0
0.0
0.0
0.0
0.0
0.0
0.0
0.0
0.0
0.0
0.0
0.0
0.0
0.0
0.0
0.0
0.0
0.0
0.0
0.0
0.0
0.0
0.0
0.0
0.0
0.0
0.0
0.0
0.0
0.0
0.0
0.0
40.84620009766344
95.96661863893677
68.67372691699885
85.7206463418555
138.30775817793838
73.67712863700876
93.2175359910755
130.64481572075442
355.6448157207544
359.1411306069185
316.15146571934446
226.15146571934446
248.15146571934446
193.15146571934443
250.88927457093143
308.3489853048318
259.10119788413954
254.10119788413954
226.58105930189538
168.10786463426356
0.0
0.0
0.0
0.0
0.0
0.0
0.0
0.0
0.0
0.0
0.0
0.0
0.0
0.0
105.28990853851224
147.3288746902246
126.38572818431848
7.902168947605844
142.72386320648238
16.065706432670694
126.04606276059022
229.1605264828486
354.0062604683143
210.4999889586336
454.9484364614068
498.6633693767161
461.2306427104908
487.9328558680104
438.86960265666687
388.48993189568364
192.6340382617932
669.0482963303467
579.82729151052
369.9718453584008
397.8425170779428
222.93927753904774
224.93927753904774
322.52425835418614
59.75311934740516
0.0
0.0
0.0
0.0
0.0
0.0
0.0
0.0
0.0
0.0
0.0
0.0
0.0
0.0
0.0
0.0
0.0
0.0
0.0
0.0
0.0
0.0
0.0
0.0
0.0
0.0
0.0
0.0
0.0
0.0
0.0
0.0
0.0
0.0
0.0
0.0
0.0
0.0
198.0064832743422
216.550966264362
279.402803626088
1.060506434473524
14.891925889363563
0.0
0.0
0.0
0.0
0.0
0.0
0.0
0.0
0.0
0.0
0.0
0.0
0.0
0.0
0.0
0.0
0.0
0.0
0.0
0.0
0.0
0.0
0.0
0.0
0.0
0.0
0.0
0.0
0.0
0.0
0.0
0.0
0.0
0.0
0.0
0.0
0.0
0.0
5.267405253518888
0.0
0.0
0.0


