Rainfall Prediction

505.2752567501597
554.3010631778851
589.0141724929427
597.0346859787086
626.3802796227367
637.7906914359243
643.7418619526369
644.3589962957445
649.0808502173672
640.1375521442835
630.6904186244795
606.5246263018456
596.1258925617404
595.3095130217393
603.5611638560209
610.1162058747292
606.1382442895293
612.5521214290955
593.1943851344626
564.2735454212955
556.1673589855461
581.0406477347752
584.3573905723985
574.9393598637912
575.2701545196434
543.794143227437
523.9341323717674
528.938908634898
489.37175598451586
470.1589340947173
456.68554850183716
444.5223068583609
397.4096692486695
366.0190922146997
336.7521195620004
296.50006629469397
281.87137184367793
272.6010226279522
262.5924311165292
250.02623000429207
223.98826879069287
214.24811665864374
208.41657236801146
220.8018966304862
219.84626846131874
230.1095149849639
247.48665026708227
248.23273814651932
329.9411956022203
820.2323914145953
1033.6694528273053
641.1744219673867
412.6880430514371
437.1322004801892
482.65215008333445
750.0337020294683
792.4751868518472
747.6031248449463
616.5220225919531
686.2162793453784
856.776678835313
772.5134606116791
359.13368473083733
330.8382363437732
305.4647893047165
274.1723573079387
289.9705468457847
294.97817641826634
301.2191929465506
293.5740244777646
283.83004428315803
281.5421428372064
276.0999294396277
284.26708148512444
307.50257442966915
313.569974143107
312.4266552508333
355.5193759665365
353.2464165947572
390.11859253492355
398.68475759924604
404.64482826068183
420.1725897162178
448.07873061384873
464.93417648193247
465.2926288393529
432.1701546817131
416.970514592663
420.80996567641665
418.91145898891307
444.2679457032033
445.34157202405504
402.82441481180877
429.60756092723045
456.1863536641413
456.70524804173954
456.73217100726686
442.4179165053689
432.8146804413341
434.0093301684893
435.79112571132475
486.0904487479547
518.2730330830614
523.0226096262841
478.427834937434
441.10972428127457
435.0476057447898
435.9868383364235
400.23379395245684
399.6284607907837
370.7427799835473
390.762697451702
385.12417408554313
374.33785814975226
364.45522751003745
384.1410536743974
385.4542626944587
400.39623020000977
401.1558149643214
437.5725063555402
437.3536902556051
420.6477442432593
398.5049373156608
380.71248508607334
358.3179251807208
347.96281918336217
339.56293089820315
349.6975049090232
349.1555477469612
342.8080227236728
333.37028156960855
336.22462197903144
333.93633162564186
326.25808039888494
363.85379253435457
391.8554218116041
399.6637440351915
407.8744809055528
420.0915217273169
408.8401468565163
448.8349767293852
430.72450187161127
361.7414864096355
362.2165229498664
354.45690454228145
337.12133699565004
284.8017846884952
275.011108717374
265.23316700039226
266.14499860757803
223.31216949766514
225.1734646055486
219.98942351385762
247.16839641433432
248.89969406228852
257.14894661968015
277.7146864692111
292.095522008943
287.4376387796061
275.3030129855003
287.4652486923177
262.82628246009347
254.92588176682804
255.53082231142753
255.84219117607068
257.0280463277023
254.90199818891756
258.0830503456272
252.21083250866636
252.95853371857055
262.4313095669297
257.8941725693225
287.73356236446205
296.0564785541741
287.07132889130486
282.6943905760575
286.10703418158045
292.5045217297758
298.8635212580974
301.4708883683429
304.52956341607074
305.8883118011738
292.3278009348464
312.9750560544899
351.5831636320284
354.98785241314124
362.2111639794633
315.48370476526577
393.4806867807614
398.3152035821561
378.27704794116914
333.34381242304494
326.3068112757226
332.0461296844461
444.0888267022534
456.8395151267555
414.71524124195
387.77334778662174
380.00517054770137
366.8613475924481
365.3690034501248
353.2103777592167
394.9097885530156
328.0507811205768
324.90603255967164
337.11188410036976
355.6327970059482
380.1262158671535
381.16475919993843
357.4144965403391
398.36842659225334
420.4757534268623
415.14468668439054
400.141090107169
398.53811027583185
340.1571328564354
341.15984892672355
371.21757353263934
430.5646902467474
426.55089412164375
422.1205956823434
447.215699674985
467.3498255362588
538.0713931821879
577.9172309757895
438.26571485849524
450.9817649630633
592.3960766535098
822.2482207651703
813.6547708148855
813.8466992578915
806.8789036146296
615.0117021242579
502.4378996790536
465.3364641535952
409.5383220950092
412.72023223702
401.77648465889433
372.6534247034584
346.52388857090307
393.4637493562176
338.21250133786333
290.1672985317171
299.7808600101518
243.39089405078562
243.41756458387195
244.1347996829444
252.52234948419897
228.99517746694127
213.5581991567516
198.46424251590778
200.32330759619646
205.90664671004
210.7745499630526
268.35218531838507
276.37910970062336
281.47986652413897
288.1581757622437
279.3768164958623
279.28457676381174
275.7609499251263
271.4656844141406
274.4495827840017
267.01177252850664
259.5360140344663
270.55834859169704
272.6695139124176
283.59442067371157
295.37801413206085
304.50636610950096
314.80363112702264
333.71777873341466
339.7636034782103
350.40145616225925
354.8436883710536
355.53771504272964
345.3588174608014
361.3497802640234
374.4412875898763
374.16050928069626
369.20095094220915
358.0006488543987
355.97735501283694
348.3850312201382
356.9392180279096
343.3451857269253
337.2887558292895
320.773395191943
314.84215101799657
316.5482169162676
332.4300814280012
326.7627559432753
324.0122623950117
323.23750865612647
331.1508794371057
348.7526378157878
340.4530219977864
346.2418948083985
335.63922873416675
336.6605196571914
363.4671708867681
366.409004312481
360.8596115815694
377.85668991152704
395.20402558255614
410.64343022418564
409.23190483109937
418.5791845738065
410.4552957345419
390.4262750936522
399.633000284244
412.66574004961785
416.7663578860817
413.22572377806944
417.2347787442877
406.11732568920286
426.0648219044317
432.8091011710071
443.73620789612664
444.46435972699203
431.14569854857854
426.96075577970305
440.5301551576448
439.08459266430503
438.60966663667404
435.12915195837707
412.2549241636983
391.4700411767548
380.11584093684417
379.5760280517459
373.2555466205707
372.9357837145789
353.16258129282454
330.44991843002754
329.9647564492588
294.24769310538625
261.95077703857686
237.30105912506508
222.57281447582957
207.36423800546854
204.55478383478558
191.92474480375265
171.55420250967737
174.10705561549221
168.2795894680171
178.86048038082123
222.13142405897457
243.2250284509563
285.77766903249534
311.83751768319826
398.91260317440776
407.97180834307596
370.1007517842689
443.4166747969038
475.3131735611193
512.8621828638002
509.78512237173584
510.45335399343094
438.5769329521655
391.5195951435884
391.8635860603117
396.7772147910308
393.98728724240556
401.0586926350638
383.5589787795993
383.63975876584345


