Rainfall Prediction

720.0
783.0
783.567518928122
755.9383986404766
726.7620178682764
700.8215513961753
638.0
623.0
590.0
664.0
718.0
721.0
760.1812087921444
835.0
905.0
920.0
907.0
947.0
1042.0
1034.0
1057.0
1173.0
1353.0
1356.2692523825706
1365.0
1250.0
1235.0
1228.0
1246.0
1246.0
1246.0
1305.0
1242.0
1197.0
1197.0
1179.0
1176.0
1176.0
1141.0
1133.0
1061.0
1007.0
980.2167726194657
869.2578354201532
869.0
799.0
779.0
779.0
691.0
586.0
586.0
563.0
447.0
264.0
154.0
109.0
106.0
106.0
83.60633857089678
55.26611523185005
65.0
65.0
51.08631462248743
121.0
209.0
209.0
206.0
206.0
206.0
206.0
206.0
204.0
204.0
204.0
204.0
204.0
204.0
207.0
215.0
219.0
229.0
294.0
622.5532184018859
589.5280112190883
637.2106930736992
720.2608879302014
750.3106735344306
834.3268287656288
977.9274321470651
1216.7200449344234
1220.4284784351808
1219.9522136939581
1254.9073792459365
1223.902923281276
1161.0759783667163
1171.9591357381712
1207.5714504579566
1220.1625003190588
1228.1407209613253
1261.3126394059157
1291.1058084399576
1328.0
1338.0
1466.0
1444.874380383858
1453.502602783248
1477.3736633141232
1477.6100653453873
1515.0650210500241
1576.454109519195
1831.4390019628622
1821.9797438290432
1764.79886989164
1442.363861296144
1540.2204179387725
1514.6015191692547
1447.6588282338632
1391.2986668575613
1317.0707129220116
1174.8112931956075
986.0
984.0
1131.7458529623927
1102.921132329159
1078.753229120228
1084.1467486213428
1038.9533343730704
1059.238884452082
1051.233362210675
1071.052463326135
1220.0720791990948
1209.332483560283
1322.0
1327.0
1202.0
1127.0
1099.0
1101.0
1106.0
1061.0
996.0
714.8826685233427
714.4982568244324
844.0
844.0
764.0
747.0
780.0
818.0
880.0
880.0
958.0
970.0
860.0
900.0
932.0
960.0
1004.0
976.0
976.0
941.0
859.0
861.0
796.0
781.0
778.0
783.0
788.0
753.0
748.0
761.0
741.0
741.0
766.0
648.0
648.0
648.0
647.0
614.0
576.0
491.0
491.0
413.0
421.0
306.0
316.0
348.0
370.0
307.0
307.0
307.0
354.0
316.0
324.34113503045523
334.0
323.60331122505164
322.74191517308725
329.0
324.0
312.6459295964616
313.9183662620804
301.8155930100503
299.10081263390606
572.0
567.0
576.7582968402702
589.8865733600563
598.0
598.0
598.0
584.90082746341
584.9344122861644
585.2223011243735
585.2656282844332
565.2663154126038
580.3357938977946
527.6789482461462
462.292288802913
402.05676328849313
393.9363934897523
393.88285018964854
434.03808710457145
378.7364496091603
431.97520094106267
420.3126376532071
421.6971537970148
441.0
441.0
449.0
457.0
512.0
512.0
512.0
634.0
533.0
913.0
895.0
964.0
987.0
1000.0
1018.0
1023.0
1023.0
1023.0
1023.0
1063.0
1056.0
1056.0
1064.0
1064.0
1064.0
1064.0
1024.0
1019.0
1324.0
1378.0
1383.0
1475.0
1705.0
1877.0
1772.5973593040378
1728.0401213803964
1728.277216486856
1735.9562257816044
1692.0
1532.0
1132.0
1132.0
1040.563959347928
1027.0
1002.1722637951898
984.1327623802803
979.0782151938536
979.0422605168577
979.5374103931689
980.1762296943202
951.0
943.0
930.860660281556
922.4282847405489
922.2402491592012
922.0460931447602
922.0068345610673
922.0527331429385
922.1231484897719
563.1706121782211
501.1379876083843
514.3850963617538
414.48390407256454
184.24803432366326
25.93354241457157
89.04264618883052
494.5415473164258
596.7665962678067
988.4677426067303
1050.0
1050.0
1155.0
1123.4158590178515
1121.3457865405403
1165.6220071585244
1201.4945311020088
1201.4945311020088
1237.8870887108917
1387.2125352073147
1415.9563393854453
1415.8286265634142
1443.5221850434868
1385.4554930550908
1433.9324749447937
1380.2951983980986
1399.8242642414648
1406.5583264294244
1409.2916579916214
1411.8858447413008
1410.3411046330887
1442.4176190161445
1464.277949816885
1453.1846157874031
1455.0972177976726
1467.534849358793
1455.1164907659263
1461.779589348559
1267.1268827807114
1251.1419001342038
982.3886953570702
984.8209563757493
987.7929926565597
949.0
980.0
980.0
920.0
900.0
900.0
867.0
722.0
662.0
662.0
662.0
765.0
785.0
782.0
772.0
772.0
772.0
772.0
814.0
832.0
922.0
990.0
1023.0
1370.0
1412.0
1330.6735969028884
1142.4365905680593
1084.8058683654124
997.1507585437162
967.9196030216971
1031.2035440637205
1013.0386367061242
974.8457988657469
982.8817350095219
1056.1995182221478
1081.9089342471796
1157.0
1450.0


