Temperature Prediction

449.3232576563697
449.3232576563697
449.3232576563697
449.3232576563697
449.3232576563697
449.3232576563697
449.3232576563697
449.3232576563697
449.3232576563697
449.3232576563697
449.3232576563697
449.3232576563697
449.3232576563697
449.3232576563697
449.3232576563697
449.3232576563697
449.3232576563697
449.3232576563697
449.3232576563697
449.3232576563697
449.3232576563697
449.3232576563697
449.3232576563697
449.3232576563697
449.3232576563697
449.3232576563697
449.3232576563697
449.3232576563697
449.3232576563697
449.3232576563697
449.3232576563697


