Rainfall Prediction

746.511888719798
771.4142855820081
824.4962098154242
840.8834639829707
828.5921795431091
801.3145449821811
695.4164220091442
684.0124267877009
673.5799878262417
715.0384605040488
786.2556836042586
844.4341300539669
885.636494279679
922.8759396581969
960.780932366999
982.384853303429
1006.087471346304
1036.7473173343637
1102.257683121329
1105.9936708679666
1106.3480465025461
1155.3674740098925
1260.3261482648054
1251.6329334113896
1151.8593664158834
1100.0
1095.073056923601
1078.95505003684
1044.7468592917617
1116.2437009900661
1117.9168126475245
1151.4686274493108
1233.9740677988334
1217.3274004966781
1261.7487864071834
1252.2260179376567
1251.101914313938
1274.3845573452309
1255.2772602098707
1242.6902268868137
1202.1156350368294
1140.1916505570457
1091.672111945707
1050.0438086099073
1005.7415174884648
964.3837410491738
917.6595229168605
888.766561027135
829.1833331658326
761.6692195434972
761.284440928619
759.6545267422554
676.5559843797112
510.9755375749411
390.2640132013199
328.3306260463681
305.0704836591046
300.51955011280046
279.33313444702543
228.0350850198276
207.59335249472704
207.12315177207978
198.6630312866488
229.94999456403562
275.4396485620761
220.19990917345996
219.0844585998742
238.44496220302076
241.44978774063978
245.25904672407088
256.34742050584396
307.99350642505436
392.7136361268858
438.13696488655233
451.88936699152373
454.1409472839903
454.1409472839903
456.3354029658448
465.9935621872903
479.98749983723536
487.54692081890954
548.1496146126531
795.216951529581
801.5110729116598
829.4576541331088
899.7460752901342
937.5307994940753
999.2637289524724
1088.9926537860576
1212.3266886446079
1229.7227329768284
1229.7227329768284
1246.998797112491
1229.7227329768284
1201.939266352506
1200.5332148674604
1201.939266352506
1201.4054269895737
1185.5340568705733
1170.1145243094797
1164.9961373326523
1149.5042409665134
1065.8151809765143
888.0923375415418
707.6899038420712
635.0062991813546
629.0421289548102
629.0421289548102
633.3529821513434
663.7589924061293
652.0874174525989
663.9811744319262
671.7380441809144
654.626611130345
627.5667295196583
622.768014592914
525.2037699788531
504.7098176180051
493.3822047865123
482.9347782050906
418.9367494025799
381.61760965657754
423.003546084427
416.8356990469986
413.8067181668273
415.59114523772035
406.4984624817171
411.0547408800925
411.0547408800925
409.3849044603379
422.4855027098563
422.4855027098563
433.2712776079208
434.0898524499277
413.13920172261544
400.0424977424274
395.04176994338206
409.0867878580289
410.01463388518215
401.58685237442717
368.0434756927502
326.683332908185
341.88594589424116
361.6904754068041
308.82357422968863
281.8794068391659
282.7171731607403
288.8944443910267
295.8479339120015
292.16433731720235
253.4561105990542
264.4503734162612
317.616120497685
299.0652102802999
305.9411708155671
394.517426738034
451.1319097558939
475.2893855326458
468.61498055439927
468.61498055439927
462.1763732602522
441.5801173060218
493.6223252649742
527.8257288158659
526.5500925837921
533.6178407812093
535.3298048866699
537.0363116214769
517.752836786048
517.4785019689224
521.9559368375841
515.0514537403035
507.07691724234496
492.7697230958899
448.1963855275944
448.1963855275944
448.1963855275944
441.3014842485803
429.89998836938804
416.3844377495393
384.43595045208764
393.2747131459128
362.9696957047516
348.2068350851258
296.8636050444715
301.6753221594368
279.8213715926645
269.9814808463721
291.0876156761053
302.46652707365814
314.89839631220735
337.09642537410565
325.36133759252954
448.03348089177445
551.3075366798463
554.6296061336791
553.4238881725291
549.2658736896003
545.0761414701619
556.8374987372887
556.2553370530479
569.8104948138459
570.3560291607339
773.5063024953319
768.2753412676994
780.3749098990817
788.9980988570251
822.0340625545878
844.6383841621217
866.6533332307675
866.6533332307675
879.6658456482211
874.8942793275082
873.5261873578833
888.239832477693
908.219687080169
866.68333317308
812.8499246478406
755.1225066173037
722.0574769365663
715.830287149126
742.6964386611801
711.9381995651027
755.3078842432403
653.4049280499804
518.1312575014173
530.4318994932338
533.747131139831
545.1953778234001
552.9312796360864
567.4927312309825
567.4927312309825
525.8136552049594
655.1473116788316
600.7004245045945
786.193996415643
778.4054213583048
807.8539471959025
761.8110001831162
729.3833011524188
690.9717794526777
692.6665864613364
664.012801081425
664.012801081425
664.012801081425
602.9477589310702
577.6642623531424
581.3088679867185
583.5066409219351
583.5066409219351
583.5066409219351
583.5066409219351
624.6150814701804
572.8158517359659
703.6874306110633
695.4696255049532
864.9872831435154
869.0224392960173
932.4966487875438
962.9319809830806
955.0246070128246
1077.4785380693206
1112.27154957771
1132.474282268697
980.3346367440049
932.8322464409127
801.8578427626683
829.6119574837383
810.7404023483718
885.2124038895976
955.3009996854395
946.78403028357
1049.7580673660002
1062.4259974228794
1062.4259974228794
1062.4259974228794
1040.7636619329098
1036.376861957078
1034.5554600890182
1030.157754909412
1030.157754909412
1030.157754909412
1054.8222599092228
1032.4243313676795
1032.4243313676795
791.5945932104387
746.8232722672747
710.098584704969
663.3128975076545
448.2967767004353
201.49441679609885
323.17487526105737
661.737107921265
707.2481884034769
891.6277250063504
913.6465399704636
914.2209798511517
958.8430528506739
937.2683713856986
926.0431955367956
856.9842472297843
753.3883460739221
753.3883460739221
558.9051797934959
559.3120774665965
570.8852774419743
570.8852774419743
601.4898170376619
602.4948132556827
606.2177826491071
606.8236976255954
637.963165080869
754.2466440097695
706.6045570189877
795.2571911023501
899.6971712748684
919.3519456660763
1111.9249075364758
1117.1204053279127
1246.4990974725972
1254.8199073970734
1252.0247601385527
1254.8199073970734
1165.0562218193593
1158.5944070294834
1040.4998798654424
1108.730805921798
1155.1484753052312
1143.5567323049609
1188.7640640598117
1188.7640640598117
1151.7985935049583
1139.2102527628515
1139.2102527628515
1123.9301579724606
1043.7902088063481
999.4788642087435
1000.471888660546
1000.8026778541312
1216.036594844086
1242.6161917502925
1241.8148010069779
1229.461670813694
1218.4235716695568
1216.5212698510452
1186.320361453853
1190.4511749752696
1221.3828228692264
1238.6315029095617
1253.8420953214165
1159.8469726649287
1339.664137013453
1360.044116931506
1325.9034655660269
1229.5283648619093
1216.4920879315246
1150.260839983697
1063.5285609705084
1056.42605041716
1002.2245257426101
950.7996634412531
954.6412938900139
989.0070778310943
1000.5048725518532
1028.9096170218259
1142.3659658795864
1116.4945140931056
1116.4945140931056
1115.6545164162605
1116.422858956229
756.8355171369801
718.9436695597229
738.4307685897169
737.4686434011958
664.5449570947026
673.0378889780277
682.4661163750184
636.4998036134812
553.2404540523045
474.7967986412714
499.4406871691573
491.70722996514905
403.65331659729986
387.8827142320214
387.8827142320214
387.8827142320214
344.84344273887535
345.950863563021
339.01032432656086
317.214438511238
317.214438511238
317.214438511238
315.8987179461164
294.86267990371385
287.3047162856885
267.31255114565795
146.91153800842193
123.95967086113129
126.01190419956362
135.8970198348735
83.94641147779933
99.81482855768475
121.04131526053408
145.29969029560937
153.98701243936125
306.76538266238583
359.90554316375847
426.90748412273126
464.00215516740866
557.2468034901591
579.8042773212354
604.0231783632148
637.5570562702604
641.8177311355615
709.2319789744396
825.4962144068256
851.320151294447
877.1345392811755
890.1123524589467
907.5103305197138
907.5103305197138
940.5636607906986
1096.256812977689
1105.2022439354707
1203.195744673326
1254.4704061874077
1314.3698109740653
1310.1175519776841
1318.6083573222188
1344.2380741520453
1343.9616810013597
1379.1591641286368
1390.9101336894487
1366.0435571386442
1329.1636468095267
1313.715342073769
1174.009795529833
1118.4811129384348
1062.2523240737107
1039.1361797185198
957.6794870936727
998.1983770774224
1014.4900196650532
981.7331613019904
990.233305842618
958.339188387911
903.8185658637468
904.2433300832248
918.9211065156791
908.4921573684608
920.1396633120431
1024.419835809518
1032.7269726311986
985.4313776209889
982.2474230050186
898.9827584553556
852.6875160338633
778.3231976499223
783.019795407498
799.4635701518863
807.5047987473511
851.4881091359996
792.7237854385347
725.3378523143543
724.600579629909
759.4761352406013
801.3632135305439
803.4849096280527
803.4849096280527
768.3215472704121
743.3693563767612
701.974358506064
669.0538094951706
654.2063894521361
670.2432394287913
665.0736801287509
642.0210276930187
602.681507929354
582.3890452266423
564.2552613844199
571.1987394944075
549.7053756331659
450.4686448577748
419.4853990307648
361.33087330035886
378.4283287493154
377.88887255382366
442.9108262393232
546.0
540.4461120222811
492.48350226175086
418.04545207429294
377.74594637136744
399.51470561169583
384.57248991575045
376.88725104465925
397.5713772393581
375.08265755697107
440.45204052200734
444.4929695731981
488.5488716597348
492.6032886613731
521.4690786614293
549.9636351614532
605.4931874100648
616.2564401286205
648.2314401508153
654.8801417053353
657.6305953953176
669.0590407430424
674.9311075954346
696.0775818829393
682.0366559064109
710.4280399871615
711.0063290857544
745.6480402978339
764.2695859446455
822.2712447848338
821.7542211634815
778.3450391696474
822.6670043219189
871.2605809974419
885.7985098203767
887.6936408468858
892.3104840805133
965.905274858772
991.5321477390434
1013.3489033891535
1145.6072625468119
1081.559059876066
1197.1691609793497
1188.2310381403104
1205.891371558815
1186.335955789927
1189.5705107306585
1130.1663594356364
1108.271627354955
1075.4468838580547
1097.8624686179958
1114.8206133723936
1154.3348734227864
1166.44331195305
1136.4233366136054
1148.0792655561722
1122.81788371935
1121.991978580952
1095.970346314169
1030.2426898551623
938.7406457589871
874.1052568197952
891.0185183260784
829.2490578830947
926.521451451611
915.2114509773138
967.5236431219653
938.3176434449051
803.4550391901217
782.6985371137472
685.4589703257227
615.8481955806966
648.1766734463682
584.1001626433602
627.0207333095135
620.9573254258298
686.0029154456997
727.4242228576114
830.6431243319842
929.7021028264913
925.7483459342502
977.8854738669554
986.3518641945176
939.3002714787215
939.3274189546476
940.7241891224015
943.2284982972047
1000.9395586148047
1000.9395586148047
1026.3332792032031
1091.1645155520775
1223.717287611808
1262.170749146089
1337.2008076575485
1345.8372858559092
1194.1624680084365
1193.6079758446658
1213.4743507796115
1213.4743507796115
1227.1214283843306
1230.687612678376
1229.9752030020768
1225.6920494153496
1187.9246609107836
1174.293404562931
1091.5127117903849
1119.9062460759828
1041.470114789666
951.3122515767365
855.7511320471625
779.1854721438278
788.370471288721
703.7726905755865
674.9222177406815
692.5662423191012
637.6833069792559
635.23224099537
626.0031948800262
570.8940357018979
570.8940357018979
553.6424839189998
475.2010100999365
356.37059362410923
362.7257917490842
193.25371923976004
154.2433142797444
233.38808881346105
296.8636050444715
269.36220967314625
275.23989536402604
249.9559961273184
241.81191037663962
241.81191037663962
246.32295873507206
246.32295873507206
246.32295873507206
246.32295873507206
228.4731931759173
231.49946004256685
231.49946004256685
231.49946004256685
234.3096242154812
261.7823523463719
356.90334826112235
354.6773181357951
341.7894088470267
340.8225344662527
353.4968175245712
352.4911346402913
402.33692348577705
491.42649501222456
546.0256404235977
546.0256404235977
546.0256404235977
516.2015110400201
574.3030558860017
590.9179300038204
655.0893068887632
621.2205727436915
620.4337192641934
699.0679509175055
839.9761901387444
983.9837397030501
1087.7058425879675
1142.523522733777
1146.102089693584
1146.102089693584
1161.4624402020067
1161.4624402020067
1332.824069410513
1336.8002842608914
1337.7570780975145
1365.2124376814033
1304.637880792981
1236.5314391474242
1253.4711803627556
1254.9804779358124
1256.7290877512144
1263.5877492283628
1273.3907491418336
1240.8763032631416
1171.2941560513311
1105.398570652233
1105.398570652233
1105.398570652233
1092.7264067459887
1036.7159688169174
1078.642202029941
975.4532279919935
1046.4860247514057
1075.0930192313594
1102.5071428340045
1014.3845424689791
946.6065708624675
790.9892540357296
744.7455941460815
829.6360647898572
838.8897424572552
837.5888012622901
895.4607752436731
855.3946457629952
921.0591729091025
965.3911124513215
934.354322513681
928.9348739281995
1033.2173053138433
1022.5751806102083
1021.6163663528498
1022.6983915113975
1004.1284778353813
988.1973487112784
986.590087118252
978.5141797644018
978.5141797644018
984.5074910837398
987.7195958367942
987.7195958367942
982.6672885570172
945.5897630579553
909.9862636325892
845.0118342366573
818.5016799005363
721.9847643821855
647.316769441361
554.717946347511
553.794185596057
490.7708222785866
441.5201014676455
520.3076013282913
510.5291372683835
452.7515875179236
374.3527747993863
304.87702438852295
331.5720132942465
369.4996617048519
413.99516905393955
327.97865784224433
333.22664959453647
361.6890930066872
363.27262489761046
403.9455408839167
459.4779646511898
497.78810753170876
599.3896896010141
618.2232606429493
658.5438481984324
689.2677273744941
711.294594384071
744.0295693048765
778.5178225320215
782.8793010419934
813.8181615078396
869.0454533567275
869.0454533567275
869.9540217735648
918.6691461021209
921.9788500827989
951.5014450856079
965.6919798776419
859.923252389421
878.5209160856673
916.6056949419418
949.4040235853228
998.8333194282217
1049.3798168442158
1062.8038389091375
1091.8447691865358
1118.6107455232138
1123.5550720814713
1146.7645791530188
1167.9606157743506
1125.2022040504542
1013.3903492731712
1019.5572568522084
995.7183336667051
1027.7762402390904
1075.58170307978
1126.0195380187681
1157.4165196678334
1156.0722295773737
1178.527046783399
1263.163884854218
1233.4926023288506
1188.4241667014348
1203.594616139504
1230.9910641430345
1213.9934101962829
1200.7310273329326
1123.1206524679349
1102.774682335426
1105.9150057757602
1066.1449244825958
1033.3232795209833
1013.6715444363622
989.7130897386373
853.0322385467033
827.6134363336545
783.8348040244194
757.7954869224282
923.2042027633973
919.1332873963383
956.6556329212722
962.7787907925684
985.7043167197758
896.74188036469
869.0339464025557
846.640419540669
806.8822714622004
721.3113058867162
694.3522160978533
688.1860213634102
611.9558807626577
547.3865179194679
578.6726190170052
532.6246333019155
583.6368734067443
625.2679425654254
623.0617946881353
623.499799518813
623.8918175453177
626.7264155913647
735.222415327498
744.0443535166436
792.9514487028824
833.2718643996088
1236.3146848598053
1305.8215804618944
1314.4675728217871
1436.3063740024272
1488.9036234760129
1459.5403385997934
1525.6408489549563
1570.239790605244
1559.1100025334968
1540.5116033318284
1498.9126058579934
1513.954754938205
1477.755054127713
1465.238888372814
1465.238888372814
1467.6811642860312
1457.2398567154278
1440.2305371016128
1422.308335066627
1402.497771834237
1380.7041681692715
1290.917115852137
1238.0129240036229
1272.4928290564155
1336.1332268901929
1347.0445426933736
1452.198333561914
1327.9585836915246
1333.6611263735629
1272.0849028268515
1222.1096513815771
797.8245421143674
746.5755152695539
717.219631633156
656.060972776159
611.7646606334824
546.1867812387993
513.3419912689784
536.2331582436879
600.7578547135276
614.4167966454041
609.6868048432735
611.8986844241455
619.4223115129128
629.5426911655793
718.0125347095272
820.1536441423643
864.5819799186194
856.3124429786128
843.7973690406957
814.9073566976801
790.0999936716871
812.8173226500527
854.5080456028486
920.9071614446269
928.2025640990225
957.0057471091801
874.9342832464619
874.0308919025689
854.2833253669418
829.9397568498571
821.4986305527234
1003.8525788182246
1038.473880268541
1151.9088505606683
1165.583973808837
1207.3620003959043
1276.5277121942945
1360.3999411937652
1326.6273025985859
1252.9165973838801
1222.8229634742715
1222.8229634742715
1178.1315715997086
1159.526196340557
1153.9943674039314
1102.1374687397213
1049.952379872535
1070.611040481089
1079.1121350443614
1079.1121350443614
1079.1121350443614
1079.1121350443614
1062.751146788372
1014.3963722332606
936.1362080381253
958.0981160611891
955.2884381169908
983.0239061182591
980.9709475820372
969.9608239511532
969.9608239511532
969.9608239511532
843.0480413357237
824.7011579960342
670.8673490340694
664.6359905993655
673.1418869748042
644.4160146985796
588.9312353747251
595.2411276113236
596.3589523097645
663.4952901113918
663.4952901113918
667.9970059813143
667.495318335642
668.9880417466369
668.9880417466369
668.9880417466369
626.4902233874044
660.3786792439622
720.3880898515744
737.4815251923264
752.1196713289714
818.5218384380468
881.2956371161722
909.3712113323138
798.2142569511019
730.4245340895935
697.3693426011785
713.4059153104915
755.2734604102013
755.2734604102013
791.5674323770528
744.3560975769595
695.5062904100869
707.8643937930484
717.7186078122818
679.6234251407172
638.8591394039847
639.7061825557105
656.5851049178622
679.7234731859713
648.4581713572587
654.3852076567746
648.7680633323438
676.7200307364931
675.288827095488
675.288827095488
675.812104064436
675.812104064436
634.5833278616765
574.4832460568367
549.9736357317504
533.6853005283169
430.82943260645504
406.2289994572027
413.14404267761137
414.1666331321247
426.20886898327205
437.43228047321793
405.8287816308745
414.2776846512494
437.43228047321793
427.08195934738336
450.858070793903
447.3890924016812
447.45949537360366
431.9583313237516
416.902866384965
427.1311274070294
430.34869582700026
543.0580079512685
526.1074034833572
508.267646029137
499.2274030940209
499.2274030940209
463.6032786769308
463.6032786769308
463.6032786769308
468.8027303674756
482.56502152559705
472.66901738954704
470.87153237374633
516.1317661217918
547.3828641819179
547.3828641819179
507.94980066931805
424.219282918634
423.6602412311073
419.91427696614466
482.95341390241776
509.2828290841936
479.04279558302517
478.1694260406033
558.0851189558812
596.9087032369356
641.9174401743576
637.7209421055577
637.7209421055577
637.7209421055577
621.2278165053461
580.7615689764605
469.8936049788293
494.499747219349
558.3815899543968
574.7303715656586
677.3344816263233
746.5212656046712
750.9587205699124
753.9025135917773
747.922455873602
734.6890498707601
733.7983374197573
700.9793149587226
660.7616816977209
599.1627491758813
590.0610137943363
592.6719159872517
678.3155607827377
678.3155607827377
678.3155607827377
682.6946608843517
712.3201527403249
761.1997109826041
749.4251130032941
688.8867831509036
691.2597196423353
646.1338870543783
671.397050931861
671.397050931861
671.397050931861
671.397050931861
672.104902526384
743.3242899300412
692.7524810493284
591.3104091760943
554.0830262695295
513.9260647213761
522.5514328752721
516.118203515435
521.7470651570549
532.9971857336585
538.7763914649564
552.7223534470087
552.7223534470087
553.3624490331811
580.8287182982604
618.8335802136145
620.6996052842309
545.2669071198068
545.2669071198068
545.2669071198068
521.0594975624185
497.89155445739385
500.71249235464455
501.0249494785664
498.9288526433403
488.020491373057
548.543526076099
689.9275324264136
703.9531234393381
725.1661878493785
725.5680533209825
1163.5600543160633
1164.3204026383803
1186.1770525515994
1145.3488551528744
1146.486807599634
1133.613249746138
1020.2911349217928
1017.0821009141789
1006.0039761352836
982.1649555955456
975.4306741127224
945.3380347790943
945.3380347790943
943.8643970401682
876.5751536519844
902.667159034824
901.2435852753682
839.2377493892895
839.2377493892895
845.9787231366993
849.3291470331158
845.9787231366993
788.9486675316716
789.08744762542
794.669742723353
723.1058013873211
737.4483032728463
665.8002703514019
657.8594074724476
666.4405449850722
665.7296748681105
316.771210813104
281.9929077122331
277.982013806649
276.8356913405495
275.6846023991909
257.90502127721356
258.3911763199355
258.3911763199355
248.48742422907443
248.48742422907443
252.49554451514587
258.3911763199355
290.40661149498646
307.34996339677673
323.4748831053193
257.332469774026
255.48385467578964
313.41506026354256
313.41506026354256
300.0149996250188
293.0853118121071
293.0853118121071
292.37133922462374
290.9742256626865
295.8884925102698
279.78563222581676
263.48054956675645
263.48054956675645
263.48054956675645
246.5157195799083
246.93318934481042
218.71899780311722
198.76619430879086
175.2198618878579
178.50210082797346
178.50210082797346
174.11203289836115
172.07556479639985
172.07556479639985
160.04686813555585
176.1249556422939
178.77359984069236
177.9887636902959
167.03293088490065
145.52319402761884
148.08781178746617
157.378524583248
238.57493581682044
235.64167712864375
271.6854799211765
357.39334073258834
375.24791804885473
468.349228674501
496.2650501496151
513.6613670503165
514.0077820422566
556.6408177631245
645.5989467153738
674.2084247471253
674.2084247471253
660.5111656891198
659.8818075989063
663.8403422510567
715.8714968484219
716.5542547497711
714.5040237815319
714.5040237815319
721.7416435262691
736.8588738693454
736.8588738693454
758.4853327520578
834.4459239519359
835.4340189386593
832.7964937486229
818.8101122971065
818.8101122971065
795.8391797341974
795.8391797341974
701.5696686716153
646.289408856435
574.456264653803
303.6379422931199
246.86838598735156
231.65491576912413
268.0149249575478
263.48244723320755
260.697142293505
262.7888886539916
253.76366958254684
241.14103756930302
243.99795081106728
361.5923118651723
373.99465236818554
372.3331841241121
346.0982519458889
344.69986945167244
341.88155843800644
355.6880655855633
390.1422817383422
427.3043411902107
440.38165266050765
668.3472151509274
619.1478014173999
625.1815736248151
625.1815736248151
677.942475435785
701.5383097165828
862.7838663303806
941.8444669901714
1061.6765044023532
1055.872151351668
1066.0938045031496
1127.2178139117568
1123.3187437232586
1123.3187437232586
1134.2023628964982
1134.2023628964982
1135.7486517711566
1114.8564930070595
1047.8368193569072
1034.1295856903039
1026.1101305415516
941.9363035789628
917.1204937193368
921.7608149623197
964.2603382904432
987.473037606597
1012.5645658425935
1014.7393754063158
901.7205775626949
819.346080725355
794.8830102600004
682.6543781446069
677.7506916263532
666.7383294816641
666.7383294816641
623.2182603229787
615.9797074579649
516.5200867342915
450.7826527274535
347.4838125726147
346.59774955991855
328.3747858773569
286.31625870704585
286.9146214468688
286.9146214468688
279.19885386584235
286.5798318095675
285.3629268142588
275.43420266916746
327.1666242146347
328.8282226330337
352.3038461328517
367.5731219771108
383.4292633589669
384.8038461346248
354.78726019968644
344.6302366305081
308.966017548856
292.4038303442689
300.0
298.7975903517296
298.7975903517296
298.7975903517296
298.7975903517296
298.7975903517296
298.7975903517296
298.7975903517296
289.30952282978865
340.3248448174185
301.56922919953223
293.38029927041794
298.86451780029023
299.78325503603435
255.1783689892229
253.4245449833145
273.7882393383617
240.0937316966022
221.35943621178654
233.41807984815574
405.5613393803705
440.0159088033068
447.84818856393736
424.9705872175155
421.1341828918664
485.35141907694054
487.9036790187178
484.7112542534989
477.61281389845476
477.61281389845476
470.6399898011217
456.3748459325952
456.3748459325952
457.5805939941072
483.3466664827636
602.1278933914289
688.374897857265
738.5729483267038
738.5729483267038
787.4071373819265
714.5460097152597
695.896544035103
690.6344908850123
719.733283932319
762.4873769446941
770.205167471629
770.205167471629
758.9367562583855
752.8744915322872
748.177786358296
803.7163678811077
758.9341209881131
657.7963210599463
633.6229162522454
677.9070732777466
708.3897232456156
680.418988565134
661.3644985936272
674.2981536382848
678.3848465288711
683.4588502609356
683.4588502609356
683.4588502609356
683.4588502609356
773.0071151030888
761.4617521583077
691.56923008474
624.9799996799898
578.0830390177522
645.4765681262179
592.3681287847954
535.4922968633629
533.7583722996764
566.2225710796064
539.5053289820222
496.290237663406
441.30714927360964
442.1176314059415
442.9401765475785
449.85553236566955
452.8620098882219
402.6735650623219
401.87062594820236
436.54323955365516
486.2468508895456
465.59424395067424
445.7409561617599
367.00817429588676
377.9933861855257
366.90053147958236
362.2264485097686
356.2976283951382
382.25384236132936
398.6201199136843
445.5513438426597
349.05013966477657
347.8275434752113
347.8275434752113
358.68091669337525
358.68091669337525
316.1676770322988
312.80664954568977
472.4880950881197
473.13845753648053
448.37484318369155
444.35346290987763
437.0217385897411
437.0217385897411
440.0545420740479
432.12498192074014
426.5489420922293
410.126809657696
359.76103179749754
348.6660293174545
313.03034996626127
255.32724100651694
278.48159723759125
281.43560542333654
284.39936708790333
256.5833198008008
372.2902093797257
403.1624982559762
478.21543262425143
512.6402247190518
499.65988432132514
457.0842373129924
452.26761988893253
452.26761988893253
452.26761988893253
458.0414828375264
517.4562783462966
538.7708232634726
539.2151704097355
307.06351134578006
321.32849235634245
306.46696396186
315.6897210870193
422.5423055742466
480.36236322176615
535.5315116778843
568.4188596448924
695.9698269321739
787.1937499751888
800.2624569477192
820.8495599072952
845.212399341136
825.7796316209308
794.7452422002915
796.1281303910822
789.0754083102577
789.0754083102577
729.4504780997815
710.4224095564554
699.169507344249
658.395018207155
663.7348868335912
663.7348868335912
663.7348868335912
663.7348868335912
663.7348868335912
649.4797918334334
620.1967429775813
597.623627377633
597.0552738231193
594.7764285847245
562.5068888467056
562.5068888467056
539.0844089750696
537.0884470922829
490.4579492678246
440.39187095131535
400.76302224631456
484.4512359360847
338.4420186678953
310.03225638633154
261.3599051117061
178.44887222955487
173.68937791356154
173.68937791356154
50.139804546886694
50.139804546886694
50.139804546886694
247.33378256922362
430.34637212366505
539.8425696441509
634.4320294562689
677.6237894289131
767.9837237858625
803.4923770640268
813.9901719308409
961.2866377933275
1017.4812037575928
1047.3986824509566
1091.1645155520775
1095.1894813227527
1091.4494949378097
1091.4494949378097
1092.6975793878194
1097.6757262506992
1007.011419994828
1054.6127251270962
1054.6127251270962
1064.2617159326928
736.5283429712667
740.2202374969223
741.1403375879631
827.1795452016448
880.6514634064944
931.7891392369843
956.3331009643031
980.9576953161641
980.9576953161641
985.8088049921242
1118.1820066518687
1110.8330207551448
1056.4714856540143
984.89187223776
936.1570381084576
836.4837117362179
802.0049875156636
835.7894471695608
600.8593845484982
595.4981108282376
451.19840425249737
555.7697364916518
703.1500551091494
876.7188831090613
920.9706835725011
930.0376336471552
957.7812902745595
950.6629265938585
948.7807966016177
951.4147360641415
946.8949255329233
998.3987179478949
1055.4927759108539
1073.9622898407558
1034.6303687791112
1000.1749846901791
972.3764703035547
957.2585857541316
941.4425101937983
1001.5203442766402
1021.9921721813722
921.9392604721852
908.5218764564781
913.0520248047206
985.1923670025058
985.1923670025058
1027.41422999684
1031.668551425311
946.0338260337206
978.3910261240135
894.367374181326
904.089044287121
912.4582182215249
843.7920359899114
748.9652862449634
766.498532288223
856.6609597734683
879.4509650912893
892.0179370393848
876.2105911252157
871.9633019800776
869.4049689298997
826.559132790873
784.0057397749075
742.5967950375224
736.2302628933425
736.2302628933425
735.4087298910722
735.4087298910722
735.4087298910722
706.6236622134869
693.0916245345921
668.5259905194413
608.235151894397
576.3245613367524
501.6472864473604
501.6472864473604
465.32784141935883
480.84300972354794
548.0036496228835
497.8071915912826
496.2539672385501
516.8287917676414
434.0138246646067
437.5568534487833
436.7058506592281
369.45906403822335
255.98242127146153
188.87297318568372
169.26901665691804
132.33669181296622
153.6782352839855
157.0413958165171
157.0413958165171
145.33409785731632
147.74978849392645
164.0243884305014
164.0243884305014
164.0243884305014
180.56577748842665
185.5478374975036
186.24177834202507
197.75995550161312
296.2768975131203
374.72389835717706
406.8513241959525
449.01224927611946
449.01224927611946
435.52841468726234
522.0632145631408
481.5007788155695
486.4257394505352
491.15170772379486
477.87027528399375
481.65340235484683
536.6376803766206
614.99186986496
645.5540256245018
645.5540256245018
645.5540256245018
645.8134405538491
645.8134405538491
629.4402275037717
629.5236294214857
632.6136261573885
632.6136261573885
636.4275292600092
680.3087534347916
742.6843205561836
742.6843205561836
725.4102287671438
718.3842982693874
713.2671308843553
705.2949737521175
599.3004254962616
528.9848769104841
501.62137115557584
451.3778904642982
462.24993239588474
462.49972972965077
369.1788184606479
347.0273764416865
346.2975599105486
343.0889097595549
345.8410039309972
342.85857142559524
296.9983164935451
226.61862235924036
185.29975715040752
184.09780009549272
184.09780009549272
267.14041251746244
323.14702536152174
299.26910966553163
286.91113606829555
292.24133862272123
354.1948616228078
370.52125445107737
365.080812971594
348.0
348.0
346.74774692851287
346.74774692851287
346.74774692851287
331.46493027166537
330.4209436461315
330.4209436461315
337.51740695851527
338.52178659578175
289.8965332666122
280.0678489223638
285.4785456036933
288.67628929304186
260.40545309190435
260.40545309190435
282.9593610397083
411.17514516322603
458.0545819004543
485.18037882832806
547.2951671630218
560.3204440318058
560.3204440318058
550.6323637419073
519.6065819444555
560.9117577658718
769.2996815285966
864.9271645635833
811.7462657752112
803.5751364993818
845.2094414995612
866.5385161664773
881.161733168208
891.4600383640313
891.4600383640313
891.4600383640313
908.3644642983344
929.553656331898
929.553656331898
1003.8739960771969
993.1309077860784
1029.799980578753
1091.8214139684198
1077.2437050175783
1068.4016098827256
1068.4016098827256
1068.4016098827256
1054.6283705647218
980.1479480160125
1031.9389516827048
935.2090675351689
811.5817888543335
777.4458180477917
777.4458180477917
709.10083909131
709.10083909131
531.9210467729209
454.200396301016
352.4358097583161
403.74868420838226
392.6168615839111
371.09028551014376
364.03021852588006
391.2863401653577
391.3055072446591
601.5579772557254
612.3528394643075
772.8648005958092
791.0221235844165
903.3991365946727
854.12703973121
875.7157072931831
877.4462946528408
859.624336556382
891.1453304596281
974.1303814171898
1016.0688953018885
1045.7944348675796
1109.0031559919025
1139.0662842872666
989.2588134558116
1036.3175189101069
1524.3936499474146
1530.2610888341899
1557.1098227164325
1584.273019400381
1682.9545448407096
1684.045130036603
1689.3010388915293
1746.7910579116208
1686.0400351118597
1631.5596832479036
1637.6864779315972
1637.6864779315972
1581.534697690822
1579.7620073922528
1441.1162340352705
1425.1147322233394
1290.2821396888355
1307.6387115713576
1203.0344965960037
1221.7327858414867
1210.1904808748084
1195.8503250825331
1401.6454615914827
1367.4794331177343
1291.4720283459492
1245.6504325050425
1197.57880742772
1108.8002525252239
1051.839341344485
1064.0751853135191
1056.7951551743602
775.802809997489
774.1266046326014
802.3714850367004
792.9596458836982
652.594820696579
650.7995082972943
646.9652231766403
607.6528614266537
598.8839620494107
598.8839620494107
594.4510072327239
594.4510072327239
591.6350226279712
591.6350226279712
529.0482019627324
540.7975591660894
548.4906562558746
457.88208088982907
454.73508771591395
412.51181801252676
384.5880913392925
378.378117760528
253.5192300398532
252.0892699025486
228.58258901324922
233.0021459128649
312.95367069264415
506.38424146096804
693.6858078409851
702.111102319284
752.4499983387601
710.064785776622
934.7684205192214
865.9422613546471
853.6685539481938
853.6685539481938
853.6685539481938
852.6435363034192
854.8344869037516
854.8344869037516
859.2787673392146
921.7917335276989
921.7917335276989
975.9164923291337
1035.4424175201632
1050.093329185554
1042.630807141243
1045.232510018704
1071.6958523760368
1062.7243292594744
1139.399842022106
1139.399842022106
1139.399842022106
1139.399842022106
1155.6885393565171
1152.846910912286
1147.7142501511428
1065.3656649244897
873.3040707565723
708.203360624616
691.2900982944859
616.1314794749575
607.6034891275724
301.516168720684
301.516168720684
300.55947830670715
300.55947830670715
300.55947830670715
509.6233903580172
577.9749129503806
646.6281775487363
702.4969750824554
738.3535738384422
799.71244832127
766.2747549019216
721.1012411582717
751.6541758016116
751.1930510860708
738.2404757258979
697.4482059622779
691.4954808239893
578.0700649575274
594.5224974717105
594.5224974717105
594.5224974717105
594.5224974717105
680.9530086577194
714.5271163503874
719.3323293165683
840.7817790604171
867.0057669935073
874.1287090583401
903.2031886569047
992.9546817453454
1045.3487456346807
1092.4046869178107
1167.989725982211
1253.004389457595
1417.6529899802704
1307.3014189543283
1277.8043668731143
1369.4210455517323
1355.5028587207037
1262.141038077758
1245.6263484689136
1230.2792365963103
1206.6453497196267
1133.009708696267
1136.7123646727875
1136.7123646727875
1140.7629026226266
1151.0386613837086
1179.7304776939518
1181.482120050913
1181.482120050913
1181.482120050913
1164.2164747159354
1114.4505372604026
1085.921267864296
1097.942621451595
1042.2408550810126
1068.9260966035022
1080.4105701074939
1046.7779134085702
984.9675121545888
907.1471765926409
824.3445881426044
706.6625786045275
668.8968530349056
557.5751070483689
525.6196343364658
479.70720236410875
338.77868882206866
312.10895533451134
318.4148237755271
301.9337675716315
310.80540535840106
335.70820663189033
334.4024521441193
363.0082643687331
375.56623916427844
365.07533469134836
382.6225293941799
381.48394461628396
350.01714243733835
350.3712316957544
361.0041551007411
377.2956400490204
384.45806013140106
385.7460304397182
440.2817279878873
436.5409488238188
548.1532632393973
543.7315514111721
545.8168190886023
556.6363265184909
578.9784106510363
596.5567869029737
614.4900324659465
604.8470881140125
622.9678964441106
617.3605105608877
600.5847150902193
568.7618130641332
499.82396901309164
489.3720466066692
490.66383604255975
485.02783425283957
459.9880433228672
752.5636185732073
730.3595005201206
913.8927727036692
961.9963617394819
926.1031260070339
876.8198218562353
873.9038848752191
873.0475359337544
848.2782562343563
805.3049111982368
784.6043588968902
780.7816596206651
759.1521586612265
745.5065392067329
679.396791278852
673.747727268894
689.4555823256491
624.9927999585275
580.9475019311125
546.4284033613187
485.20305027895284
471.19422746888574
448.2856232359008
448.2856232359008
448.2856232359008
448.2856232359008
448.2856232359008
448.2856232359008
443.355387922601
440.49971623146365
429.99767441231586
285.5450927611959
275.8477841129053
120.797350964332
51.61395160225575
41.689327171351664
56.213877290220786
83.37865434270333
83.37865434270333
79.49842765740718
77.48548251124207
77.48548251124207
127.53038853543887
166.7003299336867
168.10710871346282
169.5022123749422
195.1409746824075
352.0241468990444
374.6892045415774
398.37670614633083
458.04803241581556
514.1740950300783
514.1740950300783
512.1132687208955
514.1740950300783
514.5852699018891
521.463325651958
539.6545191138493
545.1614439778368
546.8948710675572
544.0027573459531
527.5139808573798
522.1034380273702
522.5169853698538
523.7556682270847
490.57619183975896
491.6248569793842
488.23559886595734
479.08036904051914
481.00207899758607
481.76861666156714
481.76861666156714
481.76861666156714
249.54157970166014
184.52100151473272
184.36919482386423
190.78784028338913
213.64690496237012
203.1231153758725
337.04599092705433
430.73890003109767
441.7782249047592
422.61684774746027
501.02095764548613
510.85516538447564
510.85516538447564
523.2972386703373
526.5292014693962
506.68037262163614
533.181019917251
576.8821370089388
597.3692325521963
625.9329037524709
710.8938036021976
737.4510153223737
777.28630503824
777.28630503824
789.4270073920703
792.9344235181117
808.6519646918568
888.442457337559
937.0645655449789
949.8326168330924
949.8326168330924
949.8326168330924
958.8013350011566
981.3490714317714
967.031540333613
876.2271395020813
836.5918957293336
764.6849024271371
671.339705365324
622.6564060539328
610.3408883566625
537.8178130184979
527.1053025724556
599.3746741396403
600.6671291156193
591.2664374036464
587.5508488633133
541.0951857113497
519.2687165620514
494.99696968769416
460.0706467489531
394.3729199628189
362.68029998884697
327.21552530404176
328.52701563189595
399.94999687460927
448.499721293113
442.8634100939024
376.9151098059084
420.8325082500162
512.9912279951773
513.5873830225972
581.7525247044484
567.3728932545156
560.3177669858417
560.3177669858417
560.3177669858417
557.9390647732063
561.5977207930958
671.8333126602164
671.8333126602164
676.1538286514393
676.1538286514393
684.7130785956991
645.8266021154595
637.683306979256
661.6162029454841
672.374895426651
679.0125182940296
669.8693902545481
670.301424733679
670.301424733679
670.301424733679
680.0705845719251
680.0705845719251
678.9285676711505
588.2992435827196
528.0719647926786
522.1455735712025
510.51346701140017
420.16663361099955
255.63450471327224
265.36390108679063
240.43710196223876
240.43710196223876
223.4144131429304
223.4144131429304
223.4144131429304
223.4144131429304
233.51659469939176
79.50471684120383
81.20344820264715
84.37416666255139
129.352232296161
130.0769003320728
141.16656828017037
140.66627172140448
135.56179402766844
153.64895053335053
168.03571049035975
167.57088052522727
167.41565040341956
167.41565040341956
167.41565040341956
176.81063316441126
178.93015397076033
196.57059800488983
323.8518179661803
378.24859550301045
397.87435202586255
421.6491432458982
530.8107007210763
545.5355167172894
534.3032846614364
537.5499976746349
557.8064180340702
558.2687524839627
609.979507852518
656.3230911677572
656.3230911677572
622.9285673333661
622.3568108408552
614.8755971739325
595.4628451885138
611.7336021504785
598.880622495001
532.8883560371721
532.1578713126397
516.4881411997762
470.46785224922644
378.1494413588363
378.08729150819124
379.6709101313926
379.6709101313926
468.0897349867865
491.9390206112949
480.3623632217662
549.4324344266545
512.5973078353027
488.83330492101294
479.4058823168527
463.1500836661913
373.34970202211224
363.71554819666426
358.98467933882637
371.56426092938483
480.4830902331527
566.3567780118818
535.0261675843528
509.4349811310566
545.8681159401051
611.3509630318741
616.3521720575015
627.996815278549
684.7758757432974
644.9224759612584
896.5935534008706
951.5765865131403
1019.8686189897206
1023.6640073774207
976.379024764461
968.5989882299071
1026.929403610589
1025.7953012175478
1025.7953012175478
990.8299551386201
977.0486170094097
976.5858897198955
938.829057922687
938.829057922687
946.5009244580799
971.9465005852945
1000.3639337761032
993.483769369183
1007.2735477515531
1007.2735477515531
976.7292357659825
892.9759235276167
818.2909018191514
803.0890361597524
821.9878344598537
778.4394645699819
716.3532648072458
711.197581548194
728.5135551244053
675.1236923705167
669.5647840201872
431.6248370981448
385.0908983603741
337.6788415047647
401.61424277532785
479.0260953225826
524.9914285014565
489.87345304680474
552.0163041070437
568.4056649964003
606.4775346210279
702.314032324572
818.9352843784422
875.0988515590681
902.6488796868913
911.5234500549067
1007.410045612014
1015.935529450565


