Rainfall Prediction

556.66777743388
535.6265758447535
550.132541196605
504.73215096352504
519.0836108820172
519.7191890941954
531.5492764972355
536.4202395051111
533.2737117158647
537.901301681879
543.5816499686994
540.2943808724267
539.4791407704474
539.4791407704474
523.8496025748717
451.23213727387144
412.4772944894648
371.0439475108167
360.726248340634
461.0880125146893
495.1994586511632
574.1579409610192
773.4763140748338
804.4763140748338
801.1990323855027
781.73435947381
780.2064354412096
757.6226182978701
732.8527118507072
731.1089321795813
734.9989461876892
729.7440907940792
689.9893377901946
672.4359918246683
661.0231493823094
643.8622484069775
645.1648810526947
637.4985630588179
629.6556703844306
631.3679234784753
619.7849538976316
613.575471850848
615.8788766645794
618.8947275024726
620.5305838409683
628.3596418196629
629.5366040759096
629.6902331115493
625.6902331115493
621.667102965172
503.62390459818346
429.549204256111
341.4706823378588
144.47068233785882
118.4706823378588
118.4706823378588
139.47068233785882
139.47068233785882
149.42503067502156
149.42503067502156
169.73239878592045
164.73239878592045
164.73239878592045
224.53586916652222
226.31659608878303
224.79215836425988
223.09206953721008
220.11177502326288
216.23558522193872
220.8989671784384
210.9889434692978
219.73389825106202
212.94113946647937
387.9272921552314
392.7963171443477
395.89114482412367
388.74312349422513
479.3986476526824
507.07463502612325
693.7597011491401
737.0543773609597
898.7664686092638
900.4618197985538
898.7648972823854
901.56297433221
896.7282117664518
896.4238327953403
911.4055000904651
911.0272539894972
908.8690828824517
924.8690828824517
909.9225218853906
909.9225218853906
914.812907559765
854.9507281161933
853.2504662668106
861.7000976951173
861.7000976951173
861.7000976951173
860.4052901979229
855.0334593027384
851.2493133765064
820.1578112219486
817.8942214685786
642.4573556817176
635.4573556817176
633.3146179442825
637.6355419569173
556.4751444883168
543.7147955337982
409.4867916665215
418.11366875165487
276.65409072019855
275.4047477363465
275.56301210687127
308.7651815993412
310.28486106317354
310.98811046541596
295.16417046688684
352.6354955822186
360.2640070364829
344.2640070364829
342.6156708739529
343.18672330636474
348.6679059797802
348.0875886764899
348.0875886764899
339.55532544167585
340.7036131729147
340.9582837643246
352.37424147382376
358.37424147382376
370.301468499273
371.78713575138585
375.59687342167757
374.34832763552356
374.71694389631375
372.52440291331
367.60209841145183
365.1986620641101
350.1986620641101
278.1986620641101
229.40436906419137
221.27636056871756
226.05885756300637
231.99543465439098
194.99543465439098
193.28544485902177
202.89856038880168
183.61530185235495
112.5346989524498
100.14406278357518
207.19883446414002
230.4080313134796
228.59363800104586
218.6185818795826
254.97701898946764
301.31178923636463
305.9864080292445
310.09004405093935
325.0154173004545
317.92387157284156
313.5420814199915
303.7688499423035
305.1387043483351
301.03565143237097
321.8212851364755
447.73673986278254
549.7210976953768
616.8188942976109
634.510744987279
638.627024762114
675.7856579030574
687.0078921401889
691.9161425097122
738.9976257642026
811.7557378360085
890.0924762354164
890.0924762354164
880.2866050277652
880.2866050277652
880.6932263941834
1016.2234130956472
925.1312852553424
902.5164463269016
904.2988959724893
905.1651087986168
886.896601106529
846.23944692592
842.9408164248898
841.6472844186264
828.3369643509413
829.8413697246183
848.6074898152173
849.2415589953762
847.0902354574142
845.3253287184267
823.452228126625
700.1641566089069
598.1009815751056
531.2595825523881
605.3929718618359
608.8176202514109
577.3865134562658
572.5026294101626
593.9405418942692
554.9215545424786
478.99079741714615
399.272063253937
400.272063253937
447.00639479492054
455.8309866274995
482.2863980492416
416.33692812869657
415.33692812869657
458.56385720678094
525.1986577785112
537.9481323130179
550.821510319669
565.0404094988412
589.2374539999444
592.6726232158101
601.6498307584035
598.2256201317103
586.4320464088589
589.732971187216
589.732971187216
589.4287330299869
589.1825875078855
586.5597455252682
588.653832188882
589.6362764022872
493.65383218888195
489.4850721779493
529.3360958458818
528.2844936247398
501.3984625860331
487.8226014602625
487.6707421760741
487.6707421760741
494.445246950797
430.9097512434001
423.4221229914838
402.5398324557959
330.3452225772753
315.4943658653819
270.7897200178291
199.7897200178291
214.7897200178291
210.39319234836225
161.34438674824028
137.34668315572364
252.1021422722518
304.55183734600206
409.4631145734955
483.9077558401784
482.8837171769727
482.98415882707053
485.3325291479284
485.3325291479284
485.2836562329535
484.6155677465832
605.341425466443
652.341425466443
655.8740937724903
616.334117220832
674.9684062889239
709.4782593641875
762.6640631890886
871.2079770736561
920.9713465915078
982.85523144672
1039.6639316430812
1037.285792804188
1033.7671365201272
1018.2357206595979
1017.7840672017601
1022.4833775306341
1044.9706677346653
1014.6746109309321
1004.1987710092864
1004.1987710092864
1004.1987710092864
883.1421137259515
850.5624733967147
828.5624733967147
764.5624733967147
775.3230074420361
775.9704631047491
783.3186739128639
789.4928348946564
789.6597196781735
794.2096729422409
747.5661208734876
704.7608384079512
704.1257026675396
711.064985964524
660.9963988869696
649.1121755756913
604.4505987006786
660.73163194932
614.0881923730201
548.681367314102
490.6018940974645
948.1258734966501
963.5239292069988
968.872305024046
996.9449234876746
1001.4726536136827
984.4925339865443
994.4345885044813
1004.2055324663063
1004.8399175653608
1008.095195954294
1022.9471000979486
1012.8842228021715
950.5475831464119
948.3778358473991
953.5639211166887
975.3921656532034
1008.4602402223176
1010.8878910777713
1047.677761825101
1138.2055732274293
1095.9474309499462
1093.0224097179355
1091.9491689149613
1081.70508614859
1081.4636862642326
1083.6449176368506
1090.226729257679
948.4784610941623
1024.4745623738265
1022.367884086902
1038.1263190332256
610.6617820086212
603.0652798493031
602.3929286290162
695.0154701631099
759.4737273445589
828.3794179496554
852.149362145399
877.0054332924849
875.9013563411962
881.6363817111026
1119.983766894563
1224.259503948596
1246.4817507867162
1229.4536147279352
1213.6695782096
1212.3730535200918
1188.8725943754803
1324.5946407696779
1314.677098425041
1351.2250704441383
1331.6039691901483
1334.417662048241
1344.417662048241
1352.417662048241
1452.3463059890505
1453.3330316586141
1444.6064185842556
1424.7384845082217
1415.5675848385872
1422.3566021271006
1409.4202643883739


