Rainfall Prediction

6.554386280611718
6.549580307336312
6.565049788588327
6.575098080643885
6.587914272897543
6.5901099950906
6.586487743618204
6.570043270820456
6.557981766824447
6.557662835213403
6.571226363249698
6.5749390387261695
6.567054755096668
6.5826337158818635
6.58004968074133
6.584436803495822
6.588426622116847
6.579133022793057
6.566524432353239
6.550133538659727
6.541403666453764
6.509006377787227
6.501863297460194
6.4963644399281275
6.496901606910912
6.494076977267142
6.470957445376874
6.431333143240026
6.419376085526629
6.420105427131256
6.421053697526653
6.4170692025384675
6.419018902652873
6.40553779937612
6.399978123762962
6.363395033585648
6.353713590420294
6.326951416577857
6.363865047516949
6.345905453436682
6.356956104941991
6.326144139703372
6.366284800814263
6.35976542600282
6.385357434445084
6.366985804386275
6.378865200359061
6.394139469907804
6.392591891262627
6.385478960503617
6.373758184349098
6.371824218208149
6.3792491932435444
6.381204747561318
6.344781991254249
6.31730955102612
6.317389053121552
6.326228425416589
6.329190243697719
6.322076224993211
6.300228577169994
6.305337259240006
6.301379799626172
6.2945890257831465
6.344681166790586
6.372897524308572
6.3268626821604395
6.315632563876239
6.292628368620489
6.339474634272182
6.342488171486231
6.352673536162719
6.367457496600474
6.363815326497388
6.384774686244799
6.35336117196419
6.352270059805305
6.33519049696803
6.3282933518573525
6.331285831392954
6.334195961975849
6.35796558185841
6.394737639378526
6.449279912365432
6.460567805330491
6.469520264442544
6.482096186642932
6.49989801078612
6.5230911767753375
6.53572638690402
6.548445377316721
6.554282358403705
6.567471195513827
6.5587990407919055
6.557580820634703
6.5440107208974245
6.535838770735417
6.488734179348745
6.481448266566538
6.455777894238968
6.5040333737508895
6.505531569292202
6.491897908104607
6.474723891856633
6.4847180879310224
6.487643124885556
6.482980153644576
6.489456114213734
6.494198488255158
6.501435555121086
6.4982287031159185
6.504635149917667
6.487809166658213
6.458287501481973
6.451477029586979
6.4733952610150745
6.4655254672014095
6.478497865271527
6.502830307365727
6.5095603751509925
6.501819111024478
6.507066045168161
6.510224407373871
6.508505736309499
6.506908744205018
6.505646350029289
6.489216589044393
6.47955106348201
6.454544163707878
6.459872461024448
6.475415780241293
6.519127827252885
6.520840245153645
6.530856819457457
6.55859300158386
6.5925539578554755
6.599027843411628
6.603079104110909
6.599242575543815
6.59481843685831
6.586743314206805
6.583907917197953
6.569811689700728
6.570545775088764
6.575173004914383
6.576948674806648
6.595277817321169
6.594145263562841
6.594726526120257
6.5939982208178245
6.587717648224491
6.5883113928272286
6.583767030319202
6.577174770353674
6.569692091157695
6.5760605929111025
6.587436436225939
6.574127928740975
6.562926074669271
6.532798608290504
6.534620659121043
6.544735013273925
6.510155043934372
6.518165278856641
6.517839043799591
6.533824320878395
6.531942953537446
6.5036902584043315
6.489039760120368
6.483908155553112
6.48354221212532
6.482431570613787
6.483514250517166
6.470917533588878
6.501456924981016
6.5227084850240775
6.538665764244538
6.519339195497659
6.517081183015623
6.495033858491445
6.483531404933775
6.4670842502452
6.472085118356674
6.4580050447608475
6.442556738458578
6.409775064246665
6.41748044212078
6.422839428454321
6.396928218299477
6.3712020699601775
6.335197735750473
6.341176762326899
6.358135430957872
6.354190837935247
6.3571545189386
6.361859971251268
6.377040534604366
6.373317337968031
6.342387273121865
6.323729712014778
6.327130259728679
6.327130259728679
6.322669129481497
6.315646644242399
6.346413436166166
6.34651508341142
6.319053249087283
6.291491207786585
6.27126199694093
6.2743661305990415
6.249471359160067
6.245906254748614
6.238735887472815
6.232897973178359
6.22474218602907
6.24247951483638
6.240097207476962
6.221337785023467
6.249311550290667
6.264386300740744
6.269557245750942
6.269844499213608
6.2662075961164705
6.2796458502761325
6.271514007199559
6.298259281689145
6.3321561188541535
6.322831344283099
6.290567973290659
6.251574806175929
6.234232473358077
6.247499036029243
6.250842874870033
6.247015136945796
6.254398500528071
6.23774350068677
6.265827515792033
6.2638458385034586
6.250168850432026
6.232656177549558
6.233239632089308
6.21652156996762
6.213902734871598
6.216170144460661
6.1914877591867885
6.200299999607301
6.212721031254979
6.2151504247585745
6.2151504247585745
6.237299005094316
6.247425737800558
6.28459152833911
6.291373486758726
6.29219890149143
6.270677691375381
6.285607054284952
6.3501165342910255
6.388267758938088
6.394968812849111
6.403984719180385
6.4085066873346985
6.407566948602972
6.4054826712034885
6.40157669094272
6.408545157521086
6.39476453454867
6.3884005226012235
6.373308619311858
6.36821595782624
6.336180060943264
6.333946835727849
6.338940389722629
6.330011627624079
6.3288216984592225
6.294820219126766
6.253114943090642
6.1859559435590405
6.209476288664105
6.179235903797551
6.244701736387573
6.274486205180382
6.284572267226493
6.311241429933647
6.315877655939102
6.322313974743598
6.319582535125143
6.295576384885392
6.33379052500789
6.3580313650520495
6.344682266694429
6.296328323487016
6.150135586635445
6.2463616430255335
6.368786002577735
6.397556085418126
6.420040712700272
6.451582825522005
6.480568523755477
6.495275032313
6.496848640308597
6.501469231725758
6.512314316793235
6.507951475273938
6.502353940863001
6.503664265202754
6.503894779196111
6.515054710768866
6.518979487741323
6.498302595852042
6.4938420264849395
6.485062173845966
6.464103975596332
6.45436524049355
6.476939381396032
6.490839547496979
6.520175933775108
6.512460214026554
6.528080781706295
6.548402367830027
6.578239042262755
6.581572583526161
6.583549560919394
6.584694632258335
6.585817157740759
6.596489323634062
6.599450234925543
6.586239175269617
6.582758003514767
6.5731278777847795
6.567909019883421
6.575095623447636
6.575614603113863
6.576901228118809
6.5941520848694175
6.588353016798534
6.603477414315082
6.604282331353646
6.599361009977304
6.604151467423955
6.591032404194207
6.594256887431083
6.598925946814956
6.598717335538094
6.5962567640657
6.591341333122298
6.590088111249349
6.592971791629323
6.584957231180562
6.5931611933209675
6.574859848532731
6.562884363009738
6.563360255122023
6.5763695676874026
6.5768783828932955
6.574080019765684
6.572848695567608
6.571222825238459
6.5532360223642145
6.552043725529881
6.555374023414732
6.545559917436373
6.542599856368438
6.542249939671895
6.5310091636980685
6.501526185264438
6.494105037590623
6.471371777216423
6.426085242522415
6.4106924428181
6.372644444265388
6.362626276459567
6.367696158957498
6.371289034047157
6.374028194517764
6.3891529024112295
6.447475374895916
6.4810334503586216
6.527181659672063
6.536051871160954
6.5445074038732605
6.562034381960448
6.583859372235312
6.599680876566259
6.58098680806099
6.573130017150313
6.5709454624015
6.576832744520061
6.576241641559589
6.579491385473302
6.578166809666552
6.5763680780193585
6.581796565327352
6.587070298048095
6.58744937033246
6.581029548804394
6.569689952982779
6.560856853308312
6.436581889570346
6.398678490917615
6.399881268260321
6.396367650091131
6.295733055119198
6.355785567822561
6.374318687194106
6.380366759409239
6.385021823463703
6.491942168033331
6.4717849696156975
6.462309398082001
6.458546777810943
6.477481123005478
6.505255374229376
6.494520840048601
6.509027091705471
6.494065229221745
6.497411992472864
6.501917224507494
6.5013050878939325
6.488530005245225
6.486615975821996
6.463530137230427
6.459688658049481
6.463211193490407
6.482224163868976
6.475590079377514
6.449579917225291
6.428197629239243
6.428943142615002
6.370818366123746
6.35789715351219
6.3584715709863495
6.358360841572759
6.366273255239042
6.325633635992638
6.31918874691788
6.323094813903942
6.331272701444355
6.337484296984616
6.322789295755513
6.337301853036381
6.347750025853333
6.328800641103548
6.343919263887242
6.3589030944251
6.351034390055397
6.358923828992349
6.368876191489958
6.374830910451887
6.352106153368512
6.3386561545594216
6.342929241216414
6.3467605900522335
6.354796487289871
6.343643839813579
6.308073403503224
6.308195214273093
6.331630402378121
6.328404670053792
6.327785635424518
6.373283714928105
6.393000180866274
6.400484989084676
6.423359947885859
6.420953621120322
6.380638575503445
6.393344042551062
6.4457062470099125
6.475948167836499
6.487856114460096
6.496844109128394
6.501940788694869
6.503101301231662
6.485576356454351
6.454778190682596
6.465865234656032
6.459511472424367
6.456486481305836
6.464329788627758
6.480350486528311
6.480779184647228
6.466254528527966
6.46790804828316
6.451442498489765
6.427134772281244
6.419951790652343
6.417185167575457
6.419260802023821
6.413818605281284
6.428900201923818
6.452153739869731
6.43638837754334
6.423633458612951
6.454770849311056
6.466287663019344
6.4742254014597655
6.4182222076639315
6.4258391833642605
6.504358706451253
6.535784693572798
6.552268229391817
6.557597973555852
6.56511711334626
6.564925702324075
6.555827953906297
6.534440831768968
6.55432941695296
6.5588203646961425
6.559027867933862
6.565168602338886
6.567193099554753
6.566076786559398
6.554792743356243
6.565003397509277
6.564332562101786
6.570307652828937
6.575961096135853
6.586176403251933
6.5869274981983565
6.5911291580275595
6.591998455413527
6.583794680663658
6.590422939162609
6.599877390796704
6.600184168836533
6.61225316052123
6.605092167794735
6.600018759638823
6.614707675891248
6.613643275755743
6.5977218622540645
6.616739329936749
6.630808261014877
6.635048282888941
6.642446353180034
6.633398971416582
6.6323090875191255
6.622212220226633
6.640088106139048
6.641132751566345
6.6477245068632485
6.650477008023097
6.649555074821269
6.64486984267567
6.633668619567896
6.625305281091574
6.620140684056755
6.60761469206035
6.590526655765236
6.598253063888023
6.579166971171523
6.577249166379618
6.5760286036099345
6.574879480559407
6.572227745294616
6.550121820944254
6.543855693293904
6.5575429335235755
6.529310052899046
6.535509528131006
6.523313607009747
6.544607869195722
6.54336502347234
6.53091032965436
6.543763170541475
6.5347076708823035
6.555736905546191
6.572471303803614
6.590953602105635
6.5735020990737585
6.5804027131763725
6.567351840119693
6.5515149667658275
6.550897567207512
6.564203882934423
6.570784584591257
6.567156915616589
6.585394250007024
6.57970958998299
6.565108401474275
6.582491983450009
6.591930923510285
6.597265010864378
6.58878148343171
6.5967928146455534
6.578100166424555
6.553310992715783
6.555666565169869
6.551188833009547
6.545232154478215
6.540253353283682
6.544887826995457
6.537455392704598
6.55038033527273
6.548342520878989
6.544836656356437
6.5429927735516085
6.520238098322311
6.512323852889638
6.512629863483106
6.512489034052725
6.516197049713453
6.513217752349577
6.506495150050977
6.514521933038214
6.494954638411285
6.468962786891119
6.4688112732129195
6.399265148435976
6.37787227819528
6.34958879324092
6.334961384926533
6.3318356351674705
6.343692581009939
6.363865449660012
6.360794105175022
6.374850261580892
6.381424153359401
6.363425403526001
6.3917081620176965
6.396937352317119
6.397353301550567
6.416640261139146
6.420137473274714
6.45325681515715
6.45365417002312
6.4633883220432145
6.455809765438698
6.465418312297415
6.471295824283672
6.498552017610314
6.527845665279331
6.547272465109197
6.57054194946155
6.575427071024012
6.571584829482364
6.570859502056926
6.569365556766115
6.566040686396848
6.566906090653813
6.569466986817134
6.567489133772801
6.561667235069724
6.57207199230099
6.579199125101485
6.605608586753048
6.60655252062267
6.612763581336225
6.606957277135379
6.610204951940075
6.6015283264727325
6.599971579919607
6.611484605403525
6.604862351135287
6.605450766660466
6.594969712335722
6.594698929118135
6.590057295553869
6.589512344684357
6.592463550948288
6.592066804841499
6.58870483514136
6.58389437214187
6.567862842417176
6.553847527292774
6.546839061216039
6.544003461492533
6.536802896366677
6.536823822968666
6.53738595957439
6.534798792130254
6.5305646110614095
6.5305646110614095
6.520925436934208
6.485108622702157
6.412644634991465
6.304148623822182
6.252367375458951
6.297456307879019
6.314370762759873
6.321451394293869
6.31875916928742
6.261076736079854
6.224215073878007
6.168015442351086
6.170248314178035
6.185333764050873
6.186332652040326
6.186332652040326
6.190889323357676
6.19954301778425
6.188434807937247
6.202569348957155
6.197609098110918
6.196996254426793
6.244294346912362
6.242250291550548
6.234886980851053
6.231547535889993
6.236180115955886
6.232696905875173
6.2634556266083425
6.30036807241248
6.322857914680009
6.338816979166056
6.317634585449985
6.309294265302175
6.209866314926661
6.186911822969478
6.264431136904528
6.326530748829828
6.325393429956602
6.355385844624772
6.347836963933337
6.345009200809313
6.342360966552042
6.348839465002827
6.338440060007225
6.358291625625373
6.375350317788328
6.3920074221771
6.4187131978720995
6.4139521930624275
6.396010972833221
6.378517314179448
6.379194655620999
6.393579151080065
6.392534038003321
6.393327912384088
6.390307347019265
6.401482979400257
6.407843980379498
6.429501060544491
6.475900236507374
6.4927935869827795
6.501076172410943
6.4793227010791945
6.477560146373656
6.3770742074065545
6.3424823905817735
6.39828331123061
6.4341790929037455
6.43785655864564
6.461665887300159
6.443387263056287
6.453108184546984
6.4512280121012004
6.459203123565887
6.458729778171398
6.446370364229472
6.439286440347475
6.422580215180318
6.4336786999493984
6.435489527483053
6.436598932360132
6.437295596430518
6.448863615087902
6.509171222008943
6.516939737646985
6.522483282408747
6.520207416538693
6.522424008212869
6.508364188461734
6.533020378731121
6.557309739301127
6.5688408220712775
6.566486426211329
6.557144574839184
6.541293151558996
6.537827930053357
6.545092416443264
6.551337386214012
6.548671355649313
6.550274188805849
6.550839428754817
6.549041837036208
6.538338709936743
6.5382460756968275
6.5269635088659985
6.5243279089064
6.5238250217057505
6.519128656289764
6.509526747940905
6.491944953748617
6.476552013725465
6.5016392586537695
6.5281728865824
6.53284094351618
6.501440802678994
6.482214485217698
6.495958340021196
6.4948729899272735
6.51226202216555
6.5400497994963285
6.531442859523681
6.503252117280347
6.467106894196466
6.461401620465727
6.460772790073001
6.454647422112284
6.457079898755504
6.452192994904772
6.43681112411177
6.449634585188212
6.44444923686714
6.453830783418775
6.459838382401351
6.455499482050737
6.465008106794732
6.4775224895653665
6.477039854233851
6.495250029795802
6.498342879495706
6.4992548319157954
6.468564063416231
6.468987554723441
6.500602019156669
6.516317169852735
6.527176860237207
6.511577029225242
6.5152329618376745
6.525762910763058
6.537059125223978
6.540579926954768
6.537814788664182
6.5414159970917325
6.5435037490608545
6.544693885852811
6.5520547793183255
6.556133311598877
6.57345601987095
6.575804888016639
6.578106409193948
6.5781913983583955
6.566023583844447
6.559177999056912
6.528658000719632
6.5262054823322275
6.518916891551743
6.514754823359997
6.480932425126164
6.4853462764051155
6.471773232308587
6.463509604487569
6.444018118403303
6.41552706566234
6.352805704334251
6.3577003442243765
6.372952060916203
6.38126602649409
6.351218635035178
6.371576854327378
6.383987013135588
6.400754767143189
6.414306496634536
6.432771849067056
6.420723495838598
6.426697193841942
6.427341878616588
6.440385528749762
6.450836554116894
6.442685199675651
6.446431210101132
6.436415392392451
6.436848882451308
6.4519820204162865
6.454026966544584
6.4603489975724475
6.466738049982448
6.474410151788064
6.481624269412569
6.496461687309024
6.505637334227963
6.517255212742684
6.530201637821946
6.532734692723462
6.52821996650176
6.586163020190288
6.5817077447994965
6.5819992845283775
6.589246582659724
6.593466884613196
6.622021290850346
6.634601862913447
6.659899443077395
6.657470499648792
6.652595911567898
6.6457717093917115
6.644827626116964
6.646600021297113
6.644717778633224
6.643122822252886
6.6416103040109045
6.640721393240242
6.638823773992014
6.639937218706024
6.63783751617294
6.632689487122271
6.635129370449945
6.634254437977841
6.629780687250092
6.631162827568554
6.612769995309128
6.599102218301813
6.604760219004747
6.581086545623987
6.576013758337272
6.57722307939258
6.571084874256769
6.547014629693394
6.530213883989506
6.531781439956069
6.532235767340662
6.551261388440018
6.54823262622182
6.515956907940533
6.513953980668923
6.416315553214363
6.372136132936054
6.4292459868817815
6.463907502353404
6.457544182269105
6.4548501056182666
6.429397964057933
6.4159916166340665
6.422073411093431
6.427085714004646
6.435386221083281
6.43789344420494
6.449576860554096
6.446963971571849
6.45980837612884
6.460107845940547
6.46527522388641
6.4637671572081
6.4750063238674045
6.5250156633941625
6.523529940140227
6.525843708261606
6.551181327427389
6.553859228406711
6.557604619526843
6.578617667222671
6.607331106467963
6.610634748481136
6.605245954276473
6.592176861292855
6.589435540084814
6.577446324121217
6.576568600158728
6.582532834070157
6.581519222263479
6.580591120213789
6.59842414465968
6.606242592230831
6.618127865681444
6.607586933182576
6.592236642076057
6.582757257932072
6.5739182966724705
6.553576497867002
6.551811699098714
6.583933162227414
6.592826681813044
6.602011540471725
6.604512754617874
6.592187140535332
6.586511857846686
6.591784944020157
6.591429780584085
6.585756808203817
6.58151130622262
6.580804953923389
6.562481004078011
6.552558376129008
6.549871711328781
6.5328689161891
6.545289314475021
6.544119133942489
6.548691185306215
6.556363815268581
6.548982851084061
6.557341737471534
6.559283866767604
6.562980264835075
6.557332024757466
6.561212862782849
6.5599897602525115
6.575841083867354
6.575223833486351
6.580194856540295
6.583663847967495
6.595718029018454
6.591284109200107
6.576951102851909
6.566315808150319
6.560385729755845
6.5642618172240805
6.562527522752491
6.556849365958153
6.5594874552120395
6.5531651899324475
6.552562595189991
6.551021216141743
6.553877147661694
6.5546256743132805
6.55410226238379
6.55527274661787
6.542891811176813
6.550859388206699
6.565327654414441
6.564026592168044
6.554501074075542
6.5475165783124485
6.5449756986943
6.523997872949781
6.524117381235779
6.510742119558964
6.512045658212411
6.489742343615654
6.486090132831471
6.476812819938472
6.470253351537584
6.458325622344752
6.426732986900049
6.393330897179149
6.408017421459571
6.436659295257947
6.448705412533617
6.425094641145767
6.4260636305932906
6.439582652558723
6.436784242407289
6.438057570946299
6.4513917754596966
6.455975636969303
6.4485261226622494
6.446693710654361
6.445010476006887
6.447352378992037
6.440498146599952
6.411649471697204
6.409428890923656
6.403698962979527
6.3928366428768735
6.3985827818610606
6.396773696535222
6.3987510402888
6.39624647895299
6.395176186627896
6.394735709413101
6.407766590775125
6.404832967390812
6.412605918716881
6.403569998847814
6.353372998349588
6.333609920806079
6.323195908152341
6.337530621615419
6.330371674149141
6.32650393105013
6.326801279876483
6.348824158548052
6.342738322129977
6.346371293874011
6.359735817286036
6.352644349027257
6.342792850661404
6.342507646045426
6.388620717575012
6.3940191054388436
6.395530227006465
6.392101728474161
6.386818478496126
6.421279783201861
6.423928650944991
6.414605177144885
6.416037886524416
6.420269741801429
6.421176197648183
6.417312332714021
6.40070867408109
6.405462144440564
6.402366110954583
6.388753979071662
6.362939757782338
6.316402661696873
6.316083895249192
6.294878471258259
6.325769496004952
6.34211350795913
6.355636419397722
6.38806405676098
6.406717245629818
6.429789809291008
6.431508618709449
6.429440352492971
6.423451737695974
6.418945833687221
6.4132395878405815
6.341201901651797
6.332891991818752
6.326040109650391
6.321561394454619
6.320768173797571
6.322292591473375
6.34694636055595
6.350592018264695
6.353186881209564
6.354091382626214
6.356151559729666
6.35573679463378
6.344908801679937
6.351983763538376
6.366028753302869
6.334157350138917
6.319918246803731
6.323974939962628
6.364309003523641
6.364958302850962
6.378672546067938
6.399469079399829
6.414997586979897
6.4073282326590135
6.427201538465737
6.450698358854451
6.450530502674192
6.451571055220477
6.451833542462291
6.457904928369654
6.457953693441416
6.466660494162655
6.455545391164701
6.434383827074716
6.438223831577977
6.437328025797832
6.449868838247092
6.455057187005671
6.455986495772043
6.443692065532567
6.45924070158572
6.461336955922196
6.471981359457633
6.493107734562573
6.485940450919141
6.503524677670999
6.514511285707924
6.517589730120047
6.4972318352301155
6.477878512365801
6.480664905293924
6.47828542031823
6.501518082880256
6.5029459012617465
6.505289624757457
6.481119764123543
6.465097511982911
6.493372716654611
6.503820307706668
6.502634862853326
6.509796439233664
6.511589933297005
6.493308199521776
6.5073570244340235
6.49845418540038
6.501264681783715
6.499316335291166
6.49377736281768
6.487007836197092
6.482385716426121
6.485657684386272
6.494214406911082
6.506496984855749
6.502391861355967
6.524377158741165
6.528714984809454
6.528496768248049
6.5211404765640335
6.519088583651492
6.5210613431269
6.525059869796117
6.520038724398864
6.515419367279138
6.501668443336876
6.490478626791167
6.489017925116102
6.496807975109827
6.4799411134696845
6.471293295044786
6.463017510241826
6.464259442369588
6.460126190338745
6.460976276829198
6.418469911803319
6.3974842576304205
6.387226249775104
6.3908035516799515
6.392129839242703
6.400641552839689
6.390295317199162
6.3918259530033446
6.385344075170622
6.370455523448943
6.359290655892333
6.362414190228304
6.349538446119004
6.339300160775126
6.310376791822987
6.3135482570944035
6.390242132803079
6.415824869800565
6.444198809024796
6.491241362858979
6.489499110127479
6.486835518612434
6.477900775230969
6.4798129358363585
6.4737328269066605
6.446765521608102
6.439544256867138
6.439016903248484
6.438254437306678
6.4214925698364755
6.418730164307375
6.363423074568623
6.363348442573438
6.354105811685724
6.353080055201049
6.352938926517194
6.342559424647457
6.337535361813034
6.334603270291649
6.3386824822475365
6.350915640509696
6.3547764315772906
6.332425616853896
6.301900440138342
6.279796366750535
6.251192154052352
6.230998687203742
6.283993853631123
6.2997285105705405
6.28522070207548
6.181922459156222
6.151852054437796
6.1576623541630875
6.186706898615521
6.186956870128494
6.190026510592162
6.187519329799974
6.199308734670012
6.200214833421151
6.206943786750515
6.2593024344752815
6.269561784733162
6.2536183032596435
6.2443432750168215
6.240523481118702
6.225462158313993
6.222258235678688
6.216547327609394
6.225243642874012
6.22935891688847
6.298160383997008
6.290197785473858
6.280448203803762
6.274450647920572
6.252198475755916
6.240163090892615
6.280980013201344
6.2898333141024185
6.3612299680789945
6.363569756020052
6.366723398799227
6.29936050825264
6.262649832448437
6.2595898609787834
6.287786313139115
6.286584696854815
6.2872705780096725
6.285915665675354
6.276123126179918
6.260039913299325
6.254851934143824
6.301992176613002
6.298585397102034
6.300006746690404
6.299339388402305
6.299163168127495
6.294577185930134
6.293841136599108
6.277770259334053
6.296214586612922
6.2927945024819785
6.342006327728594
6.330042446132561
6.302922124121794
6.302922124121794
6.306068087244816
6.340310468358588
6.337050141828952
6.340636616492404
6.296177969527472
6.309806779806204
6.302290484991744
6.1964863014980605
6.155845301617541
6.154863604260873
6.183784588148503
6.187441448396681
6.1753580600592475
6.1635898471730854
6.137000579080766
6.124899666047607
6.136765768012433
6.228848803437063
6.241018042007557
6.236058947646267
6.238249695676108
6.236725951534496
6.232959505120485
6.238440598523112
6.2356496411604665
6.230347439406536
6.245797472854536
6.2952763757792205
6.296038188225795
6.296442415882133
6.296442415882133
6.299521275889022
6.288949609487582
6.26943946639766
6.257601486379736
6.226402637660828
6.217661744232348
6.216434216013699
6.190433788508022
6.194941088183379
6.203299123921175
6.169714828414435
6.148920474370896
6.156487392632371
6.277902524438158
6.290661720314265
6.2999674733868645
6.291187626299087
6.27624428710366
6.28025733968232
6.278342472550094
6.277174050455095
6.27871104053014
6.2770772479009755
6.289340070280607
6.29374055947183
6.30479605114981
6.28114717700095
6.267941990085096
6.306668604249554
6.333598508505704
6.345718785741829
6.3381031351274295
6.324216422073449
6.3142324587288785
6.289058179941163
6.234920334371408
6.2448620976226845
6.262515477930065
6.246889044292532
6.242663473741096
6.251299935540286
6.225415986409422
6.208131755776353
6.2496890479502465
6.325785894867185
6.337390912528058
6.335809435094427
6.337703695565085
6.336578902014994
6.330014554558431
6.327223145212286
6.323248562438925
6.319240282129018
6.318388573346838
6.309918368437826
6.306051428229878
6.29527701570156
6.281862000211168
6.290956979802406
6.311412420981203
6.3183138837876065
6.317061809815138
6.335039282619745
6.330723335889919
6.226960268624339
6.186381502320604
6.1734452586991
6.17583634540282
6.185133342018236
6.159229432675158
6.169172832788343
6.185823056276472
6.1893769078175875
6.187288229082742
6.146094127872791
6.242287915858138
6.255797055638284
6.2699010839172065
6.264702159291468
6.274722110312787
6.284874335306413
6.2895756481560445
6.290662473310572
6.290662473310572
6.290662473310572
6.29212952163771
6.307810119376871
6.316246016902963
6.3246927520830685
6.327558684443779
6.3530517818016765
6.359250292234121
6.357925615092762
6.355523706873873
6.354925520595691
6.365653074886767
6.365406707574566
6.3643148736703345
6.36444100136403
6.341489592942748
6.314754760359303
6.31032394892131
6.307799403782051
6.267317508291807
6.215809275342215
6.154360361845174
6.106427923239743
6.016662584887843
5.988850924835805
6.00440181899393
5.178047759768145
5.174511764185048
5.1608688780300245
6.129349412139485
6.234843106023047
6.301155284900246
6.331718217175444
6.306784976310146
6.297527030317379
6.271646052714521
6.269898395911148
6.339614345043707
6.345479947554711
6.381661285942072
6.429143490641815
6.43310974966788
6.433600181620864
6.4406975123247
6.440153895216373
6.432754094690772
6.4286591443204575
6.414054286709268
6.420270590433282
6.426184038163941
6.423464236008609
6.424017243190721
6.383610401623963
6.378170892607393
6.374522487011925
6.351452972325985
6.362548472340013
6.364151962628748
6.366868764747329
6.353778719323759
6.4027930094959
6.405738786400394
6.423436486845555
6.423143365347132
6.419390580161869
6.407889962164647
6.404842597518508
6.4031314011113185
6.342569780880623
6.325285845381812
6.277283384829669
6.168653518914999
6.155721680456512
6.187136434209442
6.220497258231134
6.220240816475961
6.221817103781183
6.242943040652237
6.2331188842121055
6.221908596609227
6.211564551154481
6.345596936557108
6.343977784830649
6.318925274622956
6.314848096412049
6.294151720944127
6.240384140831928
6.254743234890226
6.244334229137349
6.257994599397317
6.241496717997366
6.391357278146414
6.405853628121006
6.430726212333695
6.445567879227812
6.458182092147911
6.466160359708049
6.498785024836526
6.50418957481045
6.525403072515299
6.533321641916517
6.541889207315684
6.534394314127469
6.526684707400815
6.5086066971998555
6.520001001746769
6.531556939132474
6.532986783032845
6.542618080057596
6.547952729614296
6.542769346469736
6.537183382696288
6.537590650357892
6.536298289515054
6.537250449058047
6.556516706291002
6.567540389226988
6.576027120397429
6.5767123794589954
6.579676320102671
6.572818713530837
6.5712758686216315
6.555142251425794
6.555021945673623
6.542013445713486
6.518118518603607
6.510838117846953
6.510730173870005
6.493941247383317
6.506610114120646
6.465414331131024
6.474062682191763
6.461378908895497
6.467448628231274
6.468256666672939
6.4673861947405
6.4385054972153615
6.395944150701112
6.343035913668123
6.318014485901836
6.287146180628502
6.30488290580252
6.3005207522104225
6.318510029205733
6.322674776853645
6.322929203366653
6.3360911910138995
6.341881454118773
6.3458273041122215
6.3652535703766135
6.3750638561944255
6.369638501875546
6.375291018319425
6.408419848487158
6.4193443666528935
6.409545575067471
6.420589085021383
6.4198834701051215
6.416482682961324
6.396603112069988
6.36198190275444
6.365434520805806
6.365597401526214
6.361662395650988
6.337516003691284
6.337714638512062
6.345218719424706
6.313929196455286
6.29353828249986
6.301251433448273
6.384108817723032
6.398683548214915
6.392226808487152
6.38629802243104
6.3212049118067855
6.334446120200975
6.330193596977576
6.354075428674241
6.370643456892479
6.375671073403987
6.372273859652436
6.367587586695944
6.367587586695944
6.366794388327335
6.364606886421159
6.384572886234098
6.402228898703868
6.398695554479006
6.398087699184136
6.389718686375624
6.37930799615041
6.382339122525133
6.369777016532952
6.36180708572807
6.377756092658803
6.37076735417321
6.366370019026725
6.365013365909816
6.357198567178938
6.357895846359663
6.370136305191815
6.413571693795538
6.416620422825816
6.421343497439655
6.421871535739447
6.420540216896228
6.416673737277428
6.4174454476532645
6.427310303989225
6.417050973685105
6.412639475021487
6.40992065468577
6.407451520830766
6.414078456907049
6.417932662800416
6.426764711581429
6.423677934966545
6.416915549266211
6.40772978379178
6.426366051074655
6.420514217613394
6.442030125221427
6.437256280894356
6.429071092424789
6.406849482533863
6.395046662762722
6.365608426055697
6.381329931729123
6.418366057304699
6.425040210740539
6.433723369767012
6.414428901107806
6.411465905486002
6.402147155056624
6.429951785513387
6.434543372302936
6.436506437054453
6.412501952099598
6.409589136677632
6.421261300911099
6.421261300911099
6.421261300911099
6.421261300911099
6.421261300911099
6.426155170934103
6.430411060211904
6.4524414794733564
6.455783735119317
6.458872781010998
6.458400146666946
6.4399195054736875
6.423610417668491
6.437679433661968
6.446346785870559
6.430785377457363
6.4303034112003274
6.434308539133954
6.401525786914439
6.409374299957994
6.377253317579083
6.337205116419835
6.326886764287566
6.30343324533786
6.284845364607758
6.250192525896832
6.151009322244143
6.152061246142994
6.126380416933937
6.120479156664074
6.086266069278732
6.172098526959802
6.186712862186678
6.217329631632484
6.235079464935569
6.280249799657833
6.28566631788626
6.313017263561315
6.339211213549666
6.3600304287821015
6.36428449302786
6.384083629273629
6.36805728696778
6.36256019958067
6.355117967353595
6.353190894630675
6.33753244422331
6.341873338116379
6.366966464084905
6.430210343875042
6.431347368111045
6.4064200318923525
6.421264509957249
6.4201914537748666
6.4201914537748666
6.41984641468264
6.420052010338297
6.398684061983268
6.445236277950778
6.4636143491273685
6.474384472857721
6.4742310662719404
6.471286430229309
6.471746268256753
6.47229713322448
6.466901894802039
6.461713416749568
6.46066016838467
6.4460756838956605
6.440677847518556
6.426567854640436
6.434614283653833
6.42303179242117
6.399758797667052
6.423297027344974
6.406984081829167
6.399717903070732
6.383099148372567
6.374950866218736
6.3972142352429024
6.438771020737404
6.426540655454582
6.360680365193696
6.367257509533414
6.365942940623318
6.369660602468781
6.374766652320694
6.375904849822511
6.354048388194595
6.37365592788887
6.368129369645901
6.397522390483081
6.410783069840907
6.413225456915416
6.414100396075984
6.418811364432374
6.418029076578674
6.433895183106776
6.441245426137183
6.440957448550352
6.444278669402748
6.460091289800024
6.47376460514196
6.4677379910954
6.44127193185929
6.392465718990316
6.395945332058975
6.401188313367063
6.395163735408946
6.419711476293244
6.471753071376119
6.546608976782258
6.56022321469206
6.554566630421979
6.496618190681579
6.502567644903597
6.503389875337796
6.523488792811413
6.542265010525488
6.551075672307489
6.588327974809374
6.596022014257125
6.608989926239026
6.617679705535604
6.651852434827994
6.660704767120963
6.6723092648478985
6.676526817857668
6.688216801167107
6.687107374994285
6.685460497320076
6.7033955016791715
6.708904074045053
6.7239578384856475
6.723967597605655
6.726393813052304
6.729875781059885
6.733036180581104
6.740414353721997
6.739752658058608
6.735238080302262
6.711932269870841
6.693839395385989
6.689859468399476
6.68573327013932
6.686024585739595
6.683398936364673
6.688632684548455
6.679590250783004
6.655911578405988
6.651185936646661
6.628596475835868
6.61281851379038
6.6361667006263945
6.642934092855379
6.608865311163557
6.601303158970397
6.600226531173899
6.592870463281468
6.585485909336572
6.591841112445348
6.588829380515096
6.546775423875627
6.554794454484464
6.499864964623855
6.495356587038792
6.503846401799052
6.495752120543356
6.496341437745385
6.493223452418709
6.492178659545152
6.5135872284823755
6.534921625057775
6.562857878938454
6.5658643966194745
6.57848847109422
6.578016441423223
6.6135729604328475
6.603904562364452
6.603084923597567
6.5820620713797595
6.582803066419328
6.583581407423712
6.58479303171382
6.578303935880947
6.575437594641997
6.574312544896792
6.563610587451375
6.56595286001694
6.569035359971401
6.547183458533329
6.532581862274238
6.537561257961733
6.528382951833744
6.5015440206842054
6.486470091332334
6.481796310605933
6.4532201444211434
6.450599205301408
6.445371723067694
6.422616737598586
6.409528150565448
6.419106160918944
6.403048149669772
6.389682918253235
6.38834713675844
6.379094629005609
6.358163455496749
6.264156762362747
6.246232318508234
6.240611710275063
6.208803833978228
6.203029574834408
6.287380858237485
6.2959814128696685
6.266695365384733
6.258664382713729
6.308903433790995
6.348445483651784
6.366718327073832
6.382466441264256
6.375205610900898
6.376639382399995
6.392971041756155
6.348387577721068
6.345764215436148
6.324691671466791
6.294637798284979
6.295965843827895
6.311525417796906
6.335332113171406
6.3362461247551085
6.330959450833553
6.368763049265871
6.373677380971261
6.4240453545969824
6.427254230981545
6.423465542765947
6.414304408325918
6.339557154436419
6.330691251726089
6.329675270453448
6.338546937925223
6.360660674931258
6.431940477266489
6.442314958390197
6.452222667942553
6.450261710789463
6.451525610005785
6.44996442240702
6.441494808352546
6.431642050396105
6.498200936388404
6.501814235455202
6.5102031634212505
6.512054659350671
6.512628224508439
6.516281531531375
6.517361976083871
6.516040531741245
6.49896389933423
6.455929443407122
6.4227484177470835
6.421657140273684
6.412948900883437
6.413717748185935
6.389304806233465
6.366507717255346
6.343022835380983
6.349447637451378
6.2362587329973085
6.2374280102423585
6.238265881909832
6.23973204943692
6.235024409760207
6.323638617088877
6.339831548630572
6.346166646836432
6.362879691457484
6.376889083403802
6.380031479455136
6.372270973763291
6.368723624926341
6.310508785885567
6.314455457007129
6.2427537700428
6.256938959394811
6.252344532618924
6.263202065215712
6.278324431490724
6.338508882527989
6.361078795245543
6.3596520568990496
6.3657772439551055
6.43496274615374
6.441718910069183
6.44546874555801
6.448189753565707
6.4494489399581685
6.496940605914688
6.521899828674886
6.527015848060144
6.529585747798256
6.545995402903268
6.553049370736311
6.554194315225157
6.54145317807235
6.534111090937067
6.534245753954885
6.542188612831067
6.537613816359737
6.529009774324226
6.540295763920569
6.535905048582426
6.535491029121616
6.550283690550374
6.557615793460572
6.556049601602622
6.557445060813388
6.560148182294871
6.558294500139676
6.550894724188039
6.547163710402001
6.54508478743014
6.5430804292718925
6.444804687408704
6.390891591735917
6.3921286074536745
6.395024593493767
6.385094183841826
6.364785087384028
6.443211376513178
6.4874931867562715
6.500299893403448
6.4847493439878585
6.48825600269385
6.473760546703888
6.472352824687855
6.490476620321609
6.481628602671285
6.480220850202297
6.478318334594419
6.492731063428895
6.484743488517418
6.481523856202086
6.475348070187923
6.474861684623328
6.445565281443349
6.296343948962537
6.252528480041811
6.3130119479091125
6.39699692067415
6.4050770183458
6.394840044153994
6.387138760590309
6.386141887029512
6.38601084839611
6.428903866923511
6.4282900182365985
6.431389340761299
6.453713126114781
6.561641244925168
6.550147297408337
6.539789309452402
6.550384289374762
6.552777894745331
6.537387695865967
6.526687681365897
6.543623229462669
6.5400029732436895
6.533457545287091
6.525873638465846
6.526872019519268
6.512767428881228
6.512625560133749
6.506088113550254
6.463570798371222
6.451411225031006
6.3867922064549365
6.20038439683975
6.165064589480483
6.227011288935215
6.291125855429673
6.276935705681722
6.263670475864714
6.277417879619707
6.275114430369829
6.274389368641386
6.314121020367663
6.306699156574579
6.285633002949702
6.338235924755065
6.43458776393139
6.428157869325146
6.444755016683351
6.454214074633777
6.440323296907499
6.440873532747103
6.435493101439161
6.426816324199961
6.4065708228030545
6.40662659434124
6.406934537223616
6.385774131035993
6.380852951736918
6.365980060929361
6.3500246781188885
6.3222102059838505
6.327480684075464
6.272366312035183
6.059190166168254
5.972196675883318
6.068652938968499
6.167025781084899
6.219944833200358
6.221991483346586
6.162040865518651
6.148846703739176
6.197189238651069
6.2275553614472745
6.232269445121938
6.236687085655727
6.271098464558717
6.367135101349392
6.371425846761536
6.175071301400738
6.188967141997755
6.195019217724338
6.301319881789946
6.308772834824344
6.312151243393696
6.312158112548719
6.312219737965336
6.323333164535998
6.320678026519835
6.318210477031519
6.316041557389958
6.31181773587355
6.31181773587355
6.316441946656058
6.315729523806917
6.334699913216134
6.420489169690939
6.438662707337352
6.440447909226562
6.421659436312909
6.465709306368338
6.451113149471965
6.452551582325949
6.360459130424983
6.355064490060473
6.356497929016543
6.370745751285472
6.392870172979176
6.465997417066992
6.483383822977445
6.500202276998261
6.502470166065622
6.508712289387997
6.525256848495218
6.5215647772191865
6.524245696048192
6.534912458830455
6.541010176537629
6.549101255544485
6.5522992318760025
6.552986018777282
6.551224703005934
6.546728228670048
6.546728228670048
6.537913524310978
6.536907807897602
6.536228691074941
6.527478262105232
6.5244176725903795
6.5223470908057495
6.506644581809605
6.488323617270691
6.480345397506309
6.485062488706857
6.4973476417763125
6.497418292780166
6.4937505904801505
6.494266114232672
6.485454253703205
6.4725562182127945
6.4829646084673955
6.474612009310809
6.46546112266758
6.471054446315456
6.461804314774331
6.472106009062241
6.491044731850057
6.483712078259002
6.484077813933711
6.492370031820329
6.4942501437660285
6.502238643669669
6.501051552066489
6.4917419277204464
6.4917419277204464
6.4787862309690185
6.4793427638951595
6.4793427638951595
6.4793427638951595
6.482464559503631
6.487356315855493
6.475232787981473
6.472341113981957
6.465866095086176
6.474951106282452
6.471764244231304
6.471915431667812
6.452555110023209
6.4421062511658045
6.4207144113367605
6.414310070163959
6.410878667306855
6.390737566622251
6.406502293263701
6.401470010039967
6.39313754837292
6.366016730138364
6.34353500287653
6.33434756838134
6.366677703512813
6.382949834083718
6.366439600065025
6.364249675285219
6.3845109533864655
6.387707637375373
6.426555335845341
6.4414505904662
6.4459039054997636
6.47229210864969
6.473693217038678
6.4702499140666445
6.4675559530575


