Rainfall Prediction

504.0524397882503
499.0135966657241
496.51689470202007
490.15346898766154
490.21706183393223
492.6820521879796
493.0402675162129
493.48579939739477
494.73121032631514
499.83234786068317
505.96748747805964
508.58523400391596
509.30926799649137
509.42510090784265
509.42510090784265
509.36734919801285
509.4135767557274
509.8866748854525
509.73141378866296
509.5510120965798
509.121152013659
509.25085373302653
509.29761190399887
509.98524288074026
510.0612481501489
510.14741691337633
510.2434855643199
510.3596732290096
510.66989577237666
510.66989577237666
510.66989577237666
510.66989577237666
510.66989577237666
510.66989577237666
510.66989577237666
510.65970784442186
510.2647104623686
509.6528823027876
509.5510120965798
509.23913059471363
507.36547831822656
501.7226941197556
494.9911854100334
491.6531314720896
491.0748598272219
491.0748598272219
490.8959672709483
491.59650969303556
488.94997094235805
489.5661123261284
490.40591938361877
492.57773605829505
490.6533578602541
490.6533578602541
486.2230240606169
485.6010910470444
485.78182677188516
487.06289632973585
486.1359703297386
483.21400416801765
483.21400416801765
483.21400416801765
483.21400416801765
483.21400416801765
483.32249507455225
483.32249507455225
483.32249507455225
482.65802559149535
482.5440263730899
482.5440263730899
482.5440263730899
482.5440263730899
482.5440263730899
482.5440263730899
482.5440263730899
483.64279827716604
483.64279827716604
483.64279827716604
481.8391309095495
483.1046299358844
484.5600159813069
483.95560954590513
478.74213134373827
477.315145381175
477.80693739437726
477.80693739437726
477.80693739437726
476.09729004955955
470.9291648052122
470.9291648052122
477.315145381175
477.315145381175
477.315145381175
485.1380475608353
488.8088720791432
489.69903368721975
489.69903368721975
489.69903368721975
489.8305626882375
489.8305626882375
493.0402675162129
496.0168860220559
496.2117299502539
496.62930904636323
496.62930904636323
496.62930904636323
496.25031333516773
496.32710102136866
496.32710102136866
496.32710102136866
495.8984089141795
494.6432744695823
494.3302915784155
494.3302915784155
494.3302915784155
493.9154652970498
493.9154652970498
493.9154652970498
493.9154652970498
494.5546850507568
494.73121032631514
493.28980873553
493.28980873553
493.28980873553
489.69903368721975
487.6975626387988
492.6820521879796
493.7739408060772
494.9051570853049
494.8185015987165
495.4122097829836
503.12916095845395
508.1901111749501
508.3320589467135
508.28066758197474
508.28066758197474
508.28066758197474
508.78337373687873
508.75881466085906
509.7982458004244
509.8204255552819
509.8204255552819
509.7648848745761
509.7648848745761
509.7648848745761
510.710544378316
511.3299029246657
511.91301350202986
511.91301350202986
512.2488305133181
512.1264320586057
512.0911806385908
512.8471756995176
513.0574745286825
513.0574745286825
513.0574745286825
512.9204836745015
512.1352252970632
511.93994394318287
511.7132548818335
512.2401379209147
512.1440107153188
509.1330114526773
503.52009424045275
503.8778883106912
504.033184052622
504.3372197757853
504.4675796887791
503.70046980113375
503.70046980113375
501.7702220888043
504.6146490923032
504.6146490923032
504.6146490923032
504.6146490923032
504.6146490923032
502.8533536492685
501.5788721432848
499.94461924187124
499.94461924187124
498.83019542420885
498.83019542420885
498.83019542420885
495.69825668175866
494.599062023674
494.77493598150437
494.77493598150437
494.77493598150437
494.77493598150437
494.77493598150437
497.17566813027435
494.86190827220264
496.92388923760205
496.05611441571796
501.7939096313327
501.08552497795097
501.03496389641447
500.6220032880933
500.46312210082806
503.91692220583525
504.7055531797529
505.1488302203366
502.414957051378
502.414957051378
502.414957051378
503.2748301411654
503.6406777395556
506.0794376455766
508.05934966872996
508.05934966872996
510.5263156125879
510.80140592201934
510.80140592201934
510.80140592201934
510.80140592201934
510.80140592201934
510.76112462132824
510.76112462132824
510.76112462132824
510.76112462132824
511.3012644030075
510.8114510058654
510.8114510058654
510.25410359834797
510.22221589714064
508.75881466085906
509.6190390009245
509.4710674051837
509.4710674051837
509.45959524199094
507.5468042409407
506.94922869225604
506.5765821388853
506.5765821388853
506.59174526483366
506.59174526483366
505.96748747805964
505.6740491829594
503.12916095845395
499.6043975603646
499.6043975603646
490.95588558793116
489.22753292746023
489.22753292746023
489.22753292746023
490.77525515286214
490.77525515286214
490.95588558793116
490.95588558793116
492.3129718153325
496.99638438600874
495.2035674609072
498.42241487091724
501.6510168457319
501.9115910848223
506.45448204250806
506.66723380353017
509.25085373302653
509.30926799649137
509.30926799649137
509.30926799649137
509.30926799649137
509.30926799649137
509.7537401198663
511.43421209340073
512.1965597347989
512.9528897265819
513.4572862955945
513.4572862955945
513.4572862955945
513.4572862955945
513.4572862955945
513.5718233538979
513.9587457006073
513.9587457006073
513.980604001151
513.987879149171
516.6393074933109
516.8247374625672
516.851700355673
516.7760081981871
516.5840657539118
516.5507643581566
516.0130792729626
515.517723068388
515.8348358715392
515.0278675946362
514.5184713572037
512.4296267920436
512.3868799429393
512.3868799429393
512.3868799429393
512.3868799429393
512.715481431153
512.3868799429393
510.94112866588375
510.07205953389735
509.0497046219395
508.25487542149625
508.25487542149625
508.25487542149625
508.25487542149625
508.25487542149625
508.05934966872996
507.3513983010847
507.3513983010847
507.3090435792403
506.94922869225604
497.8327105819484
496.55448650201663
497.2819240039694
497.2466134453587
494.37550869040496
494.73121032631514
495.1190704161627
493.582614125203
490.0895508786271
486.8166015103292
489.29598052871955
489.29598052871955
489.29598052871955
489.29598052871955
489.29598052871955
489.29598052871955
486.3954041509169
486.5655279044286
485.9600992484441
485.8712669965914
485.8712669965914
485.8712669965914
485.9600992484441
485.9600992484441
485.9600992484441
485.9600992484441
487.2245207734662
487.6975626387988
488.0035036530986
490.83575801013995
490.83575801013995
490.83575801013995
493.82130099964473
498.0326602047095
499.5755777028803
504.090848386975
504.8315358054493
505.87057650655726
507.8734566865866
508.2677795732417
507.8868461718734
508.3959394675081
509.1685073026121
509.23913059471363
511.53743954613634
514.9096427575807
515.4991014351441
516.1416914776722
516.4557656975828
516.8678409776862
516.8678409776862
516.9374644558612
516.964105637099
517.0488518671368
517.4159159750093
517.734847480102
518.5682063198694
518.5008088455555


