Rainfall Prediction

720.0
783.0
777.0
726.0
724.0
620.0
620.0
623.0
590.0
664.0
718.0
720.0
720.0
834.0
841.0
918.0
851.0
942.0
1010.0
1029.0
1057.0
1166.0
1177.0
1378.0
1222.0
1203.0
1196.0
1226.0
1216.0
1080.0
1226.0
1301.0
1128.0
1139.0
1181.0
1141.0
1172.0
1144.0
845.0
951.0
1033.0
692.0
996.0
833.0
826.0
779.0
773.0
769.0
651.0
536.0
503.0
554.0
389.0
264.0
154.0
109.0
106.0
106.0
93.0
65.0
65.0
65.0
61.0
121.0
209.0
209.0
206.0
206.0
206.0
206.0
206.0
204.0
204.0
204.0
204.0
204.0
204.0
207.0
215.0
219.0
229.0
294.0
617.0
638.0
684.0
752.0
798.0
882.0
1026.0
1319.0
1336.0
1257.0
1354.0
1338.0
1275.0
1141.0
1150.0
1150.0
1150.0
1240.0
1244.0
1115.0
1275.0
1465.0
1515.0
1487.0
1533.0
1511.0
1564.0
1658.0
1761.0
1907.0
1908.0
1551.0
1636.0
1582.0
1528.0
1390.0
1259.0
1142.0
968.0
930.0
1208.0
1154.0
1128.0
1024.0
1106.0
1016.0
975.0
1153.0
1065.0
1254.0
1084.0
1273.0
1181.0
1121.0
1091.0
804.0
1105.0
1059.0
980.0
719.0
648.0
826.0
784.0
557.0
557.0
537.0
590.0
876.0
857.0
782.0
962.0
561.0
893.0
677.0
684.0
684.0
697.0
712.0
724.0
788.0
809.0
697.0
664.0
653.0
763.0
759.0
742.0
640.0
556.0
708.0
708.0
766.0
648.0
648.0
648.0
647.0
614.0
576.0
491.0
491.0
413.0
421.0
306.0
316.0
348.0
370.0
307.0
307.0
307.0
354.0
316.0
334.0
334.0
334.0
334.0
329.0
324.0
324.0
324.0
311.0
311.0
572.0
567.0
585.0
598.0
598.0
598.0
598.0
598.0
598.0
598.0
598.0
578.0
593.0
540.0
475.0
415.0
407.0
407.0
447.0
392.0
445.0
433.0
433.0
441.0
441.0
449.0
457.0
512.0
512.0
512.0
634.0
533.0
846.0
894.0
964.0
948.0
932.0
916.0
1007.0
1023.0
952.0
1023.0
1063.0
1056.0
1056.0
1064.0
1064.0
1064.0
1064.0
1024.0
887.0
1324.0
1378.0
1358.0
1362.0
1647.0
1841.0
1863.0
1805.0
1811.0
1799.0
1625.0
1531.0
1121.0
1129.0
1041.0
1017.0
1012.0
996.0
989.0
972.0
981.0
923.0
950.0
926.0
929.0
929.0
925.0
908.0
927.0
930.0
921.0
543.0
501.0
466.0
401.0
198.0
40.0
103.0
495.0
584.0
993.0
1050.0
1033.0
1138.0
1160.0
1161.0
1216.0
1236.0
1242.0
1257.0
1430.0
1430.0
1455.0
1465.0
1455.0
1462.0
1453.0
1497.0
1308.0
1335.0
1391.0
1489.0
1506.0
1518.0
1549.0
1548.0
1535.0
1562.0
1543.0
1326.0
1286.0
1041.0
1021.0
972.0
949.0
971.0
948.0
916.0
900.0
900.0
867.0
722.0
662.0
662.0
662.0
765.0
785.0
782.0
772.0
772.0
772.0
772.0
814.0
832.0
922.0
990.0
1014.0
1364.0
1406.0
1311.0
1153.0
1024.0
989.0
981.0
989.0
1022.0
988.0
995.0
1061.0
955.0
1150.0
1447.0


