Rainfall Prediction

907.7057785402055
991.1166734197618
975.1768397590054
1141.9334012829643
1243.6971510509495
1267.0340299715479
1201.8807795174698
1261.3000375719387
1265.6409443083417
1155.0103672966166
1062.7943005425036
1011.6216948326663
1010.793349327146
961.8593915901517
988.7600509853629
1092.3005588299834
937.9668973683716
982.502751676183
1090.9975243948743
1010.3781845427908
900.1138136946136
857.5433727396875
858.9260967760111
796.771607187387
602.1944862609148
637.3104978471831
653.9656540717427
605.331052319073
592.9945373126552
592.9993168162118
610.9286144302122
601.7432943553894
459.6173765639362
376.7681710352919
303.881296057332
201.69847779635376
287.0064292873313
120.56303607864376
183.5266443424385
166.7673044755679
122.67895429174399
176.81448086730006
136.85897305783982
215.14691816242896
154.41292667972107
125.09481566411253
16.161062133508068
71.61480470784164
0.0
0.0
0.0
0.0
0.0
0.0
0.0
0.0
0.0
0.0
0.0
0.0
0.0
0.0
174.92808706998767
217.67788641107472
263.23932036294383
386.38822243025766
488.4280014729821
445.12285574036576
420.8804003864884
428.8168785172462
429.71860957473183
451.96094857532785
457.8452675187458
461.9153183027263
467.0429213444799
543.089676705479
543.765863793472
544.2829480372314
551.1043779400613
539.4992810268858
557.0151306070118
572.1087166329961
560.4893289373688
499.5059421799172
516.0304959446199
513.748888716927
514.8271298432866
546.6559113869964
538.0488084297004
517.0682498066781
470.4277146569194
514.3969475971336
763.8308919344408
700.2609512238139
704.0554858351933
763.982546081453
735.70275372863
621.2644778972644
678.2261179173661
706.0681018652049
655.306802263061
706.9011636735571
716.560180984053
691.4962438450233
787.2209929287394
787.9744858833259
876.033027699319
947.6482148307359
947.4764281776802
1024.9242099990481
995.4912881237282
1030.062587542011
992.6990094310473
998.5680347363193
1011.4277957481423
1161.8503201043795
1302.577677346697
1340.8501297439345
1370.4175118258745
1360.4198255367478
1393.340658246106
1439.1857103659754
1395.0257135438303
1115.0457468038576
988.1576923355755
988.0943777521643
850.849662105137
782.1081118920657
709.4651893517739
730.9843024906796
690.1241881607034
677.4216931481366
622.9130690514619
653.2904810717151
619.3398307203245
530.5263366855954
529.2842766529137
475.45251513368214
384.11498649204606
388.5714599886122
310.55397763168605
302.8600288169986
291.6541579161364
264.96161153365705
281.82587583374806
232.7513969765987
167.5014172061941
268.5381874122713
230.76189449366316
218.94506994178363
367.88324556160615
329.2176780323393
333.5817775432482
263.5890345705356
267.4019390871639
264.16360062403925
297.08318889906275
437.5386305664096
433.84504288092916
428.12406346936837
411.61129268083755
463.4804615969902
522.8197327739347
540.4882390405279
589.2628422998289
549.6087438120119
632.86379971939
601.6625713496012
611.709404643687
611.709404643687
643.3414874746284
656.0266984442758
662.5390929010688
663.5362059279462
665.1565145966221
646.9489625349839
605.4594919569095
592.9229420300051
350.4547570633147
347.0036160403198
386.93265736008266
280.779020613482
280.779020613482
229.05692254926652
222.48956772948014
228.18375371888953
260.0889223222822
317.23753513431393
207.0048582205021
220.5805785662899
243.8348529554856
266.26425400396346
258.3522754749273
319.73361293523095
318.6848154723722
277.0739575973752
356.33753031171494
460.3132545961503
437.83490330301186
460.04438527811874
461.56890838044285
410.2370013447041
431.7380530228414
445.17583224086695
445.17583224086695
441.69013773912286
445.779334546123
466.0028123922726
464.9477501962284
526.5011570966088
500.1070679731031
479.6026201347535
490.6125600326191
533.5764074244762
537.0938243237499
537.1096824743549
534.7639915967433
534.7639915967433
474.6966073062272
468.341845120335
440.4670347647208
427.18482741881456
405.84022542455597
398.63236023790824
298.0002928860414
290.07491546018963
234.0207164505041
141.41282700789256
33.663775411189945
24.708183354868126
57.303645000707355
55.78338729340717
125.19348222212435
155.85319501275256
146.18418286801725
227.55286405786111
230.2159184679849
235.9377594336175
250.28526388056045
250.50809746348952
186.6334034182676
155.46025083892516
204.9795434682681
177.59944109760306
319.23109233670596
301.0228624439388
312.10143087442316
435.44810311250205
412.6799980629246
493.2854188678901
507.89387265124196
526.0916676827978
558.6970660886028
574.9871802533642
900.1501959638333
874.0006728641118
1021.5169459928965
1006.8877481449904
1041.440009094915
1041.7438205848757
1042.0476320748362
1040.528574625033
1040.4634721628986
958.7011761875793
923.4237133414479
921.236690612968
823.1517026065493
825.6122442069284
841.706448299126
896.7298543208509
960.0678475624763
962.0778525860304
985.3155518068799
995.2536045706298
1055.4951889355748
860.5752020985235
751.6817398782327
664.4940119952159
793.3764762998771
799.2116342014925
720.5118482199531
732.2441197650338
759.4174095751491
802.323916526953
808.5038529973759
396.27487811265235
532.9416661513388
452.1366292997508
440.5532915997976
427.54897633141024
448.5763059103085
451.8183760212833
460.1729413072567
418.168162913325
518.2966262548509
765.6288980350253
1076.5122656091273
1263.5970493983493
1328.5332433017193
1356.5932687002505
1677.196077320812
1707.2459788361525
1765.339764314474
1947.1101581746448
2032.9840284203717
1990.8837619930318
2007.435112800953
2008.0514286207188
2031.2967357012074
1923.4002500364757
1908.9405729684863
1932.9057154453358
2007.8061704110835
1962.9748013140616
1902.2916232324658
1907.2194727902083
1908.1867873284598
1866.2531915743448
1906.59743755791
1935.8886760266266
1904.9571176750255
1888.9725058073611
1890.2709982657736
1861.043860097913
1864.9655157511186
1754.0695417502995
1579.691435096474
1263.0274016121782
1096.2895075343022
1097.2943023678072
1053.637665900508
677.3192205369476
594.6341247834965
534.3247089184515
307.9895841730321
222.02627503168938
176.9043394474901
35.93433197281226
73.07719569665619
82.87994902473602
163.29152380416565
134.43479674489987
168.3536024762187
101.02376695018573
124.97265209030857
179.19603453174054
12.183549704968868
215.806151298705
118.59657503414886
0.0
100.70803800211961
171.77373417623636
232.40221265796885
224.07142352660404
239.96641071914297
245.01217433276815
234.14300031431043
209.68952648491108
210.7069248817867
336.6834092335085
234.83427259857484
379.4365549823938
363.6334379282458
356.2190402971167
343.5072211032839
349.83043148955613


