Rainfall Prediction

6.434316526537975
6.4308807533209364
6.394195376678531
6.38333934226644
6.285581313127349
6.2762433404008355
6.2205776729451765
6.312583977585996
6.308947259927353
6.31058242399697
6.326855465572058
6.329239520483816
6.329044550804593
6.342953639006324
6.341113780065707
6.347712783260843
6.369726494717371
6.342649510788034
6.313056320918741
6.277092359690843
6.261303240739128
6.226861298769206
6.240315633105549
6.225641454328525
6.2462712286739555
6.297226969699068
6.307770473498247
6.27849277667476
6.2768589165145885
6.295142012140759
6.295424889780141
6.298486223452758
6.283568123413303
6.283729536634408
6.2998926701754225
6.32629898471696
6.308518690821108
6.31166391435377
6.287106032178018
6.266164211949549
6.291841275158378
6.251260792437877
6.346893210592732
6.3685949355221005
6.419356661644855
6.4098529666701225
6.435842001874683
6.452516777782987
6.465018302399121
6.463177469792793
6.457663836907463
6.456782847274835
6.451952437728889
6.442144002226192
6.428768856798189
6.408899650548147
6.379262483263312
6.3734536171100125
6.376278794045437
6.36966929323218
6.350636127700952
6.376721359104388
6.373538882668648
6.373315063682846
6.406635697641897
6.405429954241209
6.3646811597439354
6.351230135634554
6.331230470369787
6.388316645571991
6.392651707664244
6.407722629518813
6.4357392847150985
6.403686817735202
6.412977017094277
6.368406593096306
6.365029116886316
6.339389982555661
6.316643324572213
6.303466186619774
6.302231609946082
6.337512393756186
6.380840146940932
6.421143951267374
6.4336015331717125
6.436022323492688
6.4497696184823505
6.477280480906126
6.482299774845251
6.486080872890096
6.494293665922309
6.497280360379393
6.476824136973497
6.4683897153954
6.464273580848318
6.388620073163217
6.355840737749905
6.2510387428510015
6.2458980318831605
6.250417357683135
6.288188068980638
6.294566364971429
6.289140030372453
6.314517734539868
6.390168940795083
6.421656636019824
6.4266976513684995
6.437143177736011
6.443359837205374
6.454054132191809
6.456475776992447
6.466942289241239
6.4385075156944565
6.389837012914349
6.367601079839618
6.385833158820669
6.376686880518884
6.397170668620465
6.415456984500054
6.428775127418468
6.423179149723342
6.4465440094981235
6.454744009120683
6.456247152946083
6.458773182022306
6.459059067217568
6.469852085369255
6.4734688318206075
6.479355204828806
6.488558687435688
6.486219538558688
6.557487253766319
6.55701506337565
6.5541552067816635
6.534612326903228
6.472748782752643
6.384452188677852
6.349522549473417
6.3361420496194985
6.328019183044453
6.317312999863908
6.3225338575158005
6.283348253725166
6.2910793630376185
6.299761926449954
6.329588921905248
6.348656460187702
6.3485896176982495
6.296294405885714
6.29604955700857
6.290032672047742
6.306187280039312
6.285662581961387
6.24918293783129
6.245653335253739
6.253825117387482
6.271875082535677
6.2627987246554975
6.255096582549007
6.232455697745738
6.235549148077109
6.240317620450439
6.1875100298588945
6.199939895298984
6.204801597876736
6.2259137428097135
6.254532380161869
6.263426580633674
6.2668402584329375
6.276515323673559
6.276936109996395
6.2817388547549164
6.2636768814758526
6.278148296660845
6.339799353530855
6.3727712525791835
6.325611017234514
6.296675931745791
6.299278064388513
6.300884057165337
6.290142313650177
6.259586155331872
6.203798709358358
6.199276899059205
6.265075618012374
6.243247287717348
6.2528642816113935
6.339346493667519
6.356195513825967
6.347054174632299
6.31516805050653
6.3240464139518435
6.340531052499415
6.344558158488095
6.378184082498604
6.412811617313155
6.429916728246313
6.435018928641188
6.416625236077525
6.403962794505911
6.398739938303305
6.400516609102949
6.397922353756677
6.399458812030445
6.404579236540836
6.373336321310338
6.322588922329344
6.313435437522655
6.304925996414167
6.300867300569175
6.28516942915997
6.284287462821515
6.287559040448818
6.3261064284236745
6.321465226752701
6.294803401591076
6.289400954358911
6.262731257511891
6.198983545779123
6.170446019386096
6.22181814101811
6.234935878343759
6.233541911653516
6.27079158315766
6.257518520336779
6.35149653369423
6.432113361772313
6.422544068580872
6.386595022288462
6.345622906226934
6.32888176841273
6.348640048159873
6.3508910206787075
6.355684644864182
6.360105040879892
6.351923040938705
6.372694694327647
6.373059834982294
6.362904347527089
6.3547436702564495
6.363970749767042
6.355630783900362
6.35086823128901
6.3627365601113075
6.331539816429197
6.3404251157937175
6.364089887997007
6.372020685307656
6.372857211751629
6.413748305565618
6.435247677562691
6.433417174218772
6.428860034426362
6.419283246429333
6.39605815207981
6.4013004632579795
6.379521286777654
6.3202656113093525
6.329559259464183
6.338940382368556
6.345675319234706
6.343780478936631
6.326742037786081
6.321121650755127
6.301747443395428
6.318390974868115
6.3122755669575445
6.300759468638915
6.296021461733523
6.267748490429339
6.242430117800825
6.230548893219334
6.196305353068374
6.194781006085721
6.1376965594760104
6.095332733816402
6.001563807084435
5.975833917511081
5.916680265970086
6.018199988533453
6.040372132037004
6.04779464999704
6.075111863925334
6.080545862176738
6.112257077084958
6.083127229484547
6.087146567921571
6.132063663670823
6.247206121932274
6.224656730213905
6.196475431146249
6.136156159864106
6.1657603999052135
6.283796514555809
6.329750516185313
6.358866811956763
6.353265943458131
6.401806785715354
6.426777917861727
6.439355592789404
6.450448664615375
6.502995702640612
6.52709024109708
6.530652119663566
6.557486057780431
6.563778848235456
6.5772937620271215
6.582881226929414
6.580590039481883
6.581701828501206
6.56474933376772
6.546862759808095
6.538513723350782
6.556581130418799
6.5805452448224315
6.596584466954473
6.601657960684801
6.5975790881440135
6.6151671981991775
6.597009951127705
6.618578210776079
6.620006621447274
6.624769431662717
6.6280331812251365
6.599740877011505
6.5916764997606325
6.580940390540738
6.589104473633222
6.571663067256263
6.568957253779976
6.563533201411613
6.5573576994501
6.514437787392448
6.489514139562865
6.484748866408818
6.3935740592135115
6.3882188333810275
6.385780742111194
6.394141435251341
6.399907238537172
6.400838645132889
6.408787391581692
6.408660400331244
6.420252529669991
6.4653794019034665
6.438481940227789
6.472877436284388
6.496846996677384
6.507628188476334
6.5376714565972085
6.5310504365697435
6.54821161498387
6.559031381797343
6.558805261084625
6.556109957242802
6.569974097899417
6.571220916928775
6.559688533867727
6.5764829412448575
6.586531091320692
6.577371965676332
6.582566170392987
6.582761662609931
6.5821489040844465
6.5627820790905105
6.5554005788334155
6.575140412096008
6.525794431705326
6.5000557023772805
6.435347888477144
6.423479820484187
6.47027020337685
6.477197046586351
6.4821443076444965
6.49453373612657
6.546592490095195
6.6150742473524415
6.646209690379943
6.63654740505328
6.647809044371684
6.632099794379802
6.644621387745145
6.623135888631895
6.613785019668514
6.607813221217178
6.6054447054364775
6.608599079376463
6.6142214752157455
6.611860581166453
6.589940940569281
6.579177220419503
6.569836642336336
6.563382924361736
6.565628649849671
6.565060091469016
6.556397267484112
6.552412781300621
6.487574517672562
6.462829375147616
6.463289525243939
6.461641845584974
6.442004245918619
6.340280958368946
6.323892021438456
6.333260372718
6.336459730710977
6.337220349491264
6.282691259778633
6.236854750104701
6.20113312556128
6.169431844891283
6.162602432290639
6.181100752762583
6.2073860376127294
6.179929520177089
6.186283551234012
6.19461858344087
6.2071703093133666
6.153898839746689
6.155721885152315
6.11234812097996
6.107705488455707
6.115100209296483
6.14077982922815
6.1294661230793395
6.093533592392944
6.079205831681942
6.079612584468834
6.05192046204099
6.050307115059342
6.053885586675983
6.081692983188169
6.085610069998552
6.091957625212595
6.121895188854269
6.1608889440021075
6.179987328313318
6.2412033851258775
6.235247342184128
6.256197538830558
6.292046877225538
6.305187019049638
6.322491122984467
6.328615401090447
6.318340374543239
6.335452830664913
6.377190319036463
6.413037083017505
6.3668186359274825
6.3677727782153974
6.377056411539499
6.385589600702385
6.390958632603765
6.371983241717271
6.311462605714659
6.3120704762676905
6.378266869640298
6.379678957868394
6.388123876257578
6.46998210634272
6.509589574892097
6.523806333051205
6.527340164393147
6.531266260446558
6.51000441407123
6.5043512329121
6.539463357156346
6.571067233061952
6.549606420679875
6.552600302958769
6.5486693655226595
6.532547206011003
6.5157919264985384
6.4920369052500115
6.494100134919868
6.480503008533446
6.47343626412622
6.447049640632382
6.406878264481486
6.395380098646064
6.3635391077676955
6.355659839989612
6.331459118570434
6.321613086617505
6.319254165555134
6.328773627711804
6.331933159540249
6.312655468741836
6.3153367914112
6.304201525888929
6.271719258254959
6.253081442233779
6.306289093296106
6.323069582497789
6.317715909419147
6.2439067272094375
6.25421042244958
6.366378445222387
6.424821390646924
6.443196479419525
6.449227701450886
6.4463405748068405
6.442487189391848
6.421944117592101
6.405312842756814
6.430364237098715
6.434909552405251
6.435332901369759
6.442636288660393
6.461687788338857
6.465350758003236
6.4772626162305516
6.486428489902144
6.4993705871115095
6.487519804271814
6.473685798895405
6.436915963533285
6.451536118798699
6.461024769380272
6.480831060987193
6.502349442062873
6.505066464524399
6.48345041730897
6.434762836477737
6.437206157391856
6.454756508108865
6.453756460873922
6.466053747367515
6.447883421216787
6.407315547587819
6.43846539030822
6.449284468771622
6.485531533360092
6.496935013108045
6.497252446397283
6.510266060784734
6.519818380613536
6.550321867188736
6.564589185273019
6.5744114116608126
6.578409039952718
6.582316413929657
6.56509859831947
6.547274391347531
6.519730884160069
6.524595390543121
6.515801943624897
6.517575293997341
6.523480629073084
6.508046427038592
6.491986239071007
6.478755901707631
6.493036627103153
6.504799690885257
6.506958469416009
6.505567294692193
6.524924897731848
6.513083817417256
6.532021246269518
6.527456617643749
6.582252062941874
6.569156483332631
6.561524626904135
6.5487122046470905
6.53877944413391
6.570950888189707
6.574964174464788
6.562424679531339
6.531859083579225
6.521655522254781
6.509110436734395
6.499011144404125
6.506136086581149
6.521293213512726
6.537567410154255
6.539272661498784
6.562713030670165
6.558971538955682
6.54637208833031
6.539507266816695
6.51215096504684
6.505656942687452
6.517514646126301
6.497431228957532
6.4899230501824
6.468178007479219
6.487192500126828
6.472764764586579
6.41315097159461
6.401504274026025
6.371110438291244
6.354943560539635
6.38431100426289
6.3809215363131395
6.378632808541976
6.376911222289755
6.365510678596147
6.36343143201562
6.404092563553704
6.433762532768862
6.44160015901224
6.464449818073008
6.461302173328128
6.4503220524154985
6.430071058663581
6.390039983995518
6.386444642352769
6.284222223879123
6.257647868736295
6.237481144125267
6.23554693008808
6.285786406477376
6.303088259710457
6.3261873371329385
6.3346824109103865
6.342606807017666
6.373988953639722
6.336089859312367
6.378970374660229
6.423433485767489
6.428262851603558
6.480441646810222
6.484630191600949
6.510996153178633
6.513403988424348
6.521861554752939
6.5179618532518155
6.513912656658376
6.516589905837146
6.5095275243580595
6.5033714073174895
6.519455497709616
6.496528726980631
6.494889549841021
6.498530128874938
6.487069852996406
6.485683846756192
6.4840224770463735
6.485404348312121
6.489533249611798
6.4877635808864085
6.482686786314636
6.413222809795442
6.412747345923577
6.194641263752888
6.099562161225897
6.223053046195957
6.290726349229414
6.29967711053976
6.290106254821592
6.246016880134316
6.244246355662127
6.236939738025692
6.23971031234258
6.225106275878427
6.221727217668557
6.217709869958288
6.217372981357427
6.23092429453229
6.232469604176228
6.235761430050685
6.2367539598208515
6.218213852100732
6.308770486740698
6.301791199404531
6.2998503161880555
6.2984704923006305
6.309054280476443
6.309637138323955
6.348424578410562
6.4015290067775465
6.436323401689291
6.428023961188606
6.4243831262863695
6.326790919651589
6.318531124102783
6.314481453471817
6.327426148000956
6.291782513495414
6.298032252307028
6.332313690020559
6.309332496855439
6.279883156240347
6.219475150777225
6.234938295491201
6.24512476107533
6.245790584886139
6.250843623119368
6.253989251248017
6.290417381537119
6.264324166452685
6.2759196233231656
6.269427671027649
6.270143690324885
6.260933348538042
6.2627687443170545
6.257763865116407
6.253626217611342
6.254748133390828
6.258685484589038
6.265495573185591
6.254301787221265
6.242681938653261
6.280990744068008
6.266170894090681
6.260020549530114
6.206566715877949
6.229213275736076
6.281457910574569
6.37474372327569
6.382237248958681
6.4009111745025
6.390634055180138
6.386969371434786
6.382758028077762
6.407712924211379
6.406503573552851
6.418924831897724
6.443185672376296
6.482527511612505
6.470111790071405
6.478667216312635
6.466361370958557
6.452421990789962
6.450119717056383
6.488998560595389
6.483280570167674
6.483972487058332
6.482344537828885
6.491537409148711
6.4991112243252855
6.521247067272629
6.5640746465543
6.588633899215443
6.584882658368165
6.56031049069356
6.5597748434626535
6.449729046733848
6.393247574337747
6.441297035823782
6.4444855767627995
6.43825248397616
6.424089097357639
6.410844837150254
6.399016331509377
6.396649486037344
6.355822186995832
6.349334793201148
6.339667202755477
6.319478641541441
6.267259437301881
6.23666824077413
6.189002374356503
6.241458245243983
6.286872640262049
6.3301659356002995
6.331590598488683
6.347818199499731
6.375465658087362
6.374419625337775
6.395765826279835
6.408821632152597
6.441271996112318
6.463654667660137
6.473099061894441
6.466016334344746
6.445497975563438
6.41788289000049
6.415080985383467
6.438284030603339
6.4483260197776415
6.4621806167448925
6.478619158135061
6.487484878546305
6.483685330299056
6.479761526483773
6.482257399643435
6.503676760628512
6.5037560307509725
6.50840794528537
6.510398721326474
6.515240928880182
6.521492449697853
6.5306798312122485
6.531751172129761
6.523066806213033
6.49906363821111
6.477890544090418
6.439629437958744
6.439610148057924
6.437339261283589
6.44168639131528
6.430572000432534
6.402820167467845
6.3669925100665985
6.319700348645369
6.328067977740708
6.348688779654584
6.348267359375523
6.353527120405744
6.33933882757316
6.342746787767038
6.351556668965469
6.328655808103168
6.349735864766031
6.3615483224398295
6.361489865097419
6.373917203803607
6.378066103008067
6.376196588758502
6.396015202224308
6.386666562025164
6.379105596252331
6.352755936384285
6.353268689087514
6.3381713675396165
6.354843202481697
6.370264219629464
6.364256717372986
6.420726273187108
6.45386196937722
6.492189487842986
6.508016032379751
6.5224296319437185
6.5425988932809105
6.549190273799427
6.545502877027211
6.534075897626609
6.525813868567976
6.538408885356918
6.53444971252309
6.547357937464783
6.534928877336263
6.542134109407226
6.550310829444175
6.527967815639585
6.517454292832166
6.506744867084647
6.501670058674521
6.4727456422118
6.475246653466659
6.478004846957549
6.476238025705222
6.466284017175668
6.452436590140353
6.468249591124158
6.503989476432417
6.522059454416832
6.549090664779219
6.5294239061620365
6.516267118645565
6.518417990240402
6.508324705089552
6.502768505099313
6.520298749437674
6.4986366200281465
6.509081161524823
6.510121736070891
6.534901192908372
6.538213744897159
6.506981342476398
6.509314244712679
6.48185019084885
6.484081999600745
6.495402328251947
6.4949960719937625
6.496311591149909
6.50427513567789
6.519154662935981
6.535962432547809
6.568422094123761
6.597289615065638
6.593178756083255
6.617845751536577
6.6220972568501315
6.608633571590628
6.590813342873228
6.570844627486319
6.567457405549834
6.542177729953922
6.532802921295454
6.560018768845501
6.540849951285825
6.545444787272939
6.559325019954817
6.569541693507494
6.563271797350476
6.560574448416878
6.566023975079699
6.558320800574848
6.558318177324606
6.557927993995731
6.555306257443928
6.550506251577532
6.550503559316361
6.5408331239048
6.528006491982084
6.5320779312072474
6.530321124898654
6.545317818744256
6.529015400397801
6.511063990396665
6.480475402446242
6.495558322875668
6.448402658746972
6.433255114598223
6.432339858551599
6.449040166087594
6.42710962452466
6.421415303034679
6.433927846453952
6.442857797629216
6.459871155679158
6.4792591705610265
6.427102450440482
6.39870752780289
6.165665858460108
6.067745209318688
6.17751681916338
6.247342671018469
6.245290117037822
6.238402699379054
6.1944086745714
6.184295315334703
6.189348394998998
6.197430539615221
6.204569250031745
6.209314366788501
6.216000829951587
6.21064828648879
6.197450480433006
6.217331091339359
6.217496700007255
6.2274369742005105
6.230323965051591
6.331450668966748
6.333237568703839
6.335722469695695
6.353355275806322
6.36922541552782
6.359842830318816
6.397589642596657
6.460579003704931
6.489433091138013
6.470041697012216
6.460030597083996
6.460335260322504
6.455392228281569
6.45606965460202
6.479000423356882
6.476732255360102
6.47525785503874
6.513231717052212
6.528839712286823
6.534520923910693
6.528423716411361
6.5204764049281
6.51456114465201
6.511445277046897
6.512844736252706
6.533744389751576
6.594199879022766
6.559049216363877
6.5405021703058885
6.524298270473051
6.517522554311141
6.506852997608001
6.511295555806079
6.521288678117562
6.492622505957024
6.476898530424622
6.486436389686079
6.478661746150271
6.452380713208528
6.4376555035896885
6.43588376347166
6.448823722195767
6.458107070019275
6.4732681203138895
6.489086589602184
6.479675654088904
6.500579034864084
6.504889540546467
6.511458619230736
6.501720907705162
6.509315963203739
6.512066292268588
6.5396011336649424
6.541431140063244
6.541206914133086
6.529814152272528
6.517784035638043
6.48643643992775
6.493912032040854
6.497076721643934
6.505165566056187
6.513984963226677
6.522889435554342
6.5158964599587685
6.503632495405796
6.506827461964987
6.505582970846781
6.497127137431305
6.4850188439082155
6.478812167871451
6.471800914994725
6.475037180103424
6.458605713181825
6.447918416013313
6.431140130251042
6.4189244434757216
6.4062212966854
6.369194312093719
6.364428042658602
6.331197309382279
6.3344946035498175
6.314535722677156
6.307176900282618
6.247798947087018
6.263187946487355
6.244768358950702
6.241824041770116
6.205635468901335
6.113024584702105
6.064746299242194
6.104936276077857
6.192713999508566
6.203804396388074
6.162516281066428
6.164427264178201
6.243559801763637
6.274746139954964
6.295488908774784
6.328425109765451
6.343903157044476
6.347559587582328
6.3523235552083195
6.333391365699308
6.32659991255357
6.3195680291616965
6.309882141822575
6.318121150928161
6.358767147146233
6.3858045394880705
6.3979784016883645
6.397075707423777
6.394881297497902
6.3930343050855605
6.396024520119456
6.4098917692326625
6.397183902353988
6.399173435505526
6.401583235869834
6.407427247678358
6.395425737087644
6.3771821885452615
6.3698689027960365
6.356282997395935
6.371165942536691
6.383401792926358
6.3839057148634835
6.349893346453485
6.328332212268062
6.31603581981002
6.313241730157473
6.298425287376349
6.284476662511796
6.278776129869415
6.3225832134415745
6.359022627761708
6.359664543365155
6.3753958693719355
6.368001439306235
6.3427293810502485
6.3552040883004475
6.339036499041377
6.386269972164197
6.412885525552677
6.421853622433088
6.427808681821014
6.407984241860584
6.420530094677851
6.430929318981915
6.416682607275414
6.396118150411074
6.357698914493414
6.358698823708657
6.3236293800553955
6.33680714110222
6.325056072954969
6.329890846534108
6.384038508185093
6.4192605339366615
6.462587470901023
6.467283802731169
6.4608530438785365
6.456338855159666
6.460439494282865
6.4540383065807445
6.434180297077273
6.403243574290506
6.394318375611278
6.369657924853292
6.37068821377074
6.370062823004365
6.3586858268324065
6.3639170474147635
6.360753285816818
6.348779712280313
6.345595802398188
6.331875859380961
6.32078781944738
6.32363168442459
6.315846652143253
6.304551895648199
6.287536256684287
6.278104959143664
6.334737473971765
6.3466162302829465
6.374349600623885
6.414136651818206
6.411298802070877
6.4004742132656505
6.426818900305206
6.417347866708155
6.431791952655939
6.434695383334952
6.4351138313884615
6.442223055848147
6.442417190544475
6.365972238328878
6.3608063892380935
6.326777051889993
6.334495088279703
6.3314902876819525
6.356242466552533
6.378217188400838
6.380300568882782
6.38037547339863
6.389805295805685
6.391678687580841
6.419021231740576
6.465347317225049
6.475238064125431
6.500011107578453
6.498166299072752
6.505465930395666
6.501615546869539
6.470730851353071
6.4673129590805996
6.462984000719796
6.459766751642668
6.465063553012796
6.466921995828647
6.437578277194113
6.405105600957187
6.405358139918023
6.4159250193054085
6.414024497975145
6.398595629937993
6.401717356774928
6.382280066633542
6.39776830613299
6.399356507429324
6.4082288550779944
6.406012152944811
6.390411368589028
6.382435918662459
6.374395939887359
6.376865497515751
6.382230202613845
6.401339471360009
6.375305865885509
6.320355465609438
6.2736672297546505
6.214033781508765
6.206941066048905
6.334212877549812
6.3732722466604725
6.42091554231054
6.479153090197239
6.485021578673104
6.474589182331692
6.464689774256605
6.455076793268967
6.45189151906924
6.443445847019215
6.436172638040256
6.43044859505681
6.4316248063315005
6.425255341850697
6.422539799167973
6.406639131790806
6.388492623964379
6.381380597135125
6.383990887646049
6.386970878469976
6.397406992229203
6.390075972492167
6.391916408637557
6.391292747185182
6.379161668286477
6.360658562684081
6.377369711660161
6.3936892907553355
6.406447555219525
6.405145249094129
6.407049309661104
6.376282746644516
6.3527264764505995
6.320772706158964
6.125090608054443
6.040410254450779
6.036145296232433
6.094013489808872
6.0971594367375275
6.0901268026801905
6.067957401314335
6.047729394215098
6.030691892584739
6.029646381869519
6.136436236782114
6.135439437929488
6.088758452816398
6.091830047575559
6.085525896839812
6.073961948209845
6.079921369988889
6.055839852898066
6.059980308856323
6.0610312378219735
6.198385274026008
6.219022247105254
6.227657094726198
6.191238186968175
6.174780602152354
6.16015086455699
6.181206767284882
6.173258585781002
6.270386635063814
6.3030170911583365
6.3030304673661925
6.314823134079444
6.323072657372199
6.333297812084157
6.329034582342135
6.329452267405096
6.336567906241017
6.3507046284465885
6.367908603680051
6.38111858374951
6.386700457368096
6.366607491747634
6.37969168814888
6.367539386707716
6.361760433489936
6.359130715421824
6.354276346600079
6.351295259108277
6.355029642599409
6.352126311583049
6.354577299217505
6.3020108901433725
6.284169708270608
6.2660593967677825
6.261118107081152
6.219077113785108
6.204065110640272
6.177384450939742
6.183051485874569
6.148130012213709
6.145044365781209
6.146986531230671
6.114442597932384
6.084027142418108
6.080535157630148
6.09037745341439
6.0947999998670985
6.095578908671523
6.079558099694372
6.065753173606587
6.046661268976864
6.046678907398115
6.090159617881135
6.077785010096642
6.073523335571846
6.072460906802209
6.073668480142371
6.070278537417235
6.070794402010865
6.05617907047525
6.08468036084002
6.077815254775721
6.136863453432901
6.1168846839697215
6.070096962121234
6.069710465461144
6.078210596696908
6.120736113789588
6.072031971137908
6.023126845540393
6.013834381737896
6.056278028403124
6.063545579459831
5.907895096480416
5.87973152613961
5.893376035946398
5.864673880767005
5.821619014307013
5.822025517669627
5.997344846901891
5.9933827865588745
5.97499632533176
5.971010748281256
6.058030888002537
6.101616038759922
6.096746925553045
6.0979096898274125
6.095639990210673
6.092594157955953
6.090800982945691
6.085190249798842
6.075030044387676
6.095567288978243
6.1483703585617
6.214483388204966
6.252049896890087
6.2716502484439705
6.274687925425491
6.273704669300421
6.310715150905194
6.335306018273225
6.317311681805908
6.3058234432804685
6.318431187593944
6.342874517009622
6.3500836082536125
6.348056890090194
6.353109307505875
6.3548658503720645
6.3769696634073165
6.386238491070562
6.382260353332594
6.398370140246062
6.397530600742244
6.379936727123763
6.3852268819699916
6.384055643428976
6.38829316567438
6.393080024987414
6.393011341127202
6.405441704952228
6.410553640827408
6.415062142279403
6.410027879710891
6.382745331648087
6.354839702743329
6.32764227011987
6.304776550858806
6.329060799349833
6.315757921099528
6.2765255387777765
6.254596243428638
6.206073357180209
6.19347478658316
6.17800030554198
6.122128063252289
6.117320295283617
6.1328613610309555
6.106954811144643
6.101737931236253
6.1020939132236816
6.178484748795755
6.217924031744389
6.243358210584772
6.25094069864627
6.2499682261682805
6.236324486671909
6.24179553605488
6.237624764713447
6.2315129829767715
6.230212647439217
6.21979121368169
6.217023720053439
6.210379742051455
6.190854876400756
6.203428887838135
6.236762756760093
6.257591945407198
6.26789464465002
6.231397833137572
6.214196282819772
6.1692313126778595
6.124572230621828
6.114435895260787
6.129407886109113
6.1378920068755916
6.1387575267519985
6.146155952446842
6.150637580378856
6.146397733134605
6.132295871431334
6.053641311427624
6.108916982198022
6.066411674648953
5.988391726922238
6.000590803624926
6.007243849057595
6.013869918223146
5.980477851691323
6.098041799606487
6.121256145775044
6.1693827737446245
6.20146845496527
6.231081631080043
6.244018965637882
6.256879659102625
6.256263956457917
6.278052598304852
6.286969644456822
6.3186319165375515
6.344436197209962
6.345622860754322
6.338340046927613
6.349463699744268
6.349745186136578
6.359542088226044
6.349013323868483
6.324583385297867
6.327631074470168
6.335971239891967
6.30212380462317
6.2831002217058955
6.238733656690439
6.218286646600196
6.204964040046363
6.2257963349699335
6.224227500964059
6.157086192239517
6.154174301695446
6.158765916226906
6.218537503345699
6.247585527117964
6.262765643926302
6.250468103843439
6.195556655526863
6.162894127746652
6.1098377065752905
6.107068841702372
6.240354877678377
6.262684645852448
6.286330339712354
6.341502715460264
6.348095434539965
6.352026170328744
6.34030573433671
6.340856529123943
6.3167113402652655
6.323880422659094
6.297673821195312
6.284918312445493
6.266444919944607
6.375064115824716
6.376462335287319
6.341890527046518
6.341430937419206
6.3402080380207435
6.3201053003972305
6.333061141252332
6.3369445952529
6.341178530665199
6.330677503711591
6.384261080544555
6.39125876630759
6.39705307197011
6.403210447309297
6.399771393448086
6.395995342919063
6.400679562304984
6.400212237755852
6.347816391509206
6.333588940926819
6.287460111597268
6.073714956919574
6.013937625019576
6.03688653467477
6.107399689346641
6.1069170380053945
6.114692318653464
6.100953907279175
6.1008605586718305
6.090210139399937
6.093017146195912
6.120139549207503
6.119252664650985
6.099882704172724
6.120492071470909
6.120986115798103
6.093002924452745
6.110680727857395
6.099416345450508
6.107546280815166
6.094994922438393
6.315989261979011
6.341147356818604
6.373692902851575
6.386649942533442
6.406740497695139
6.414566324028827
6.457900600151414
6.479310468984479
6.511270092154099
6.512213033020841
6.51834425877001
6.514360853335634
6.510500248334246
6.499901284986719
6.517383796459644
6.523716362479991
6.525998898514016
6.545881193936449
6.549330839820736
6.545679604501559
6.538727654937749
6.5821395169430685
6.586389684767671
6.591946437946217
6.584441808530217
6.576814438619083
6.569705632783556
6.562339153675444
6.556933610750523
6.548956205194955
6.544842183492981
6.454757419650223
6.438559899798083
6.4151801894896225
6.397637512300412
6.394771803052803
6.4047188336664025
6.382096816217317
6.364450345024008
6.296744860334725
6.279896377423976
6.2739015405576755
6.31456891919357
6.313125620891886
6.3104578583722635
6.257187844323121
6.238392165245359
6.2106991881912466
6.1907876044576335
6.170156181316503
6.170715605690354
6.170907119844328
6.173257624878618
6.164444852578494
6.14390361878736
6.1584312909175445
6.1682117335669275
6.175690912957959
6.189960944306121
6.203479736984199
6.20120335284237
6.204135530591848
6.238315466670808
6.22841510328623
6.225176654525112
6.231159419830648
6.224678161423187
6.1862413661002975
6.125835886565321
6.108905896134639
6.073751403347051
6.086997971820793
6.094876382244895
5.964914998890889
5.966484952514845
5.986275301019503
5.939023705871116
5.911334246126137
5.929244784451805
6.118468181963448
6.12144785687554
6.116757290419986
6.105503979821061
6.063414231766939
6.0672388459954325
6.07524061082649
6.124780441660232
6.135288659999687
6.138606351223146
6.133393801002099
6.123892502184931
6.135902681391365
6.14469378902683
6.212415364218348
6.329627063750897
6.388643204719375
6.404592521394177
6.4038741333477445
6.4103035284140075
6.438232460345169
6.415958865066817
6.419254014699191
6.42274396375366
6.432423381886196
6.461022750443139
6.48460798348063
6.520987661973438
6.527449445858163
6.517531609451176
6.5375072889575465
6.537445062107906
6.537651647442764
6.5442856897310655
6.5460545389792175
6.553615757995573
6.556824003521991
6.554583532673501
6.542604664747756
6.538002537895045
6.5339456723941485
6.531617768696242
6.5297835716600074
6.528158138415835
6.527037229716053
6.49032001874007
6.432016229677941
6.388068957604179
6.366799604924511
6.407516771511077
6.402632924290104
6.377991764482576
6.379576163079917
6.375018004338066
6.344265075100113
6.326456958981151
6.2805657915405835
6.252857674250617
6.194805968257502
6.139761243285116
6.150012947792811
6.117925261085702
6.114262322263324
6.11769127225643
6.115519997873244
6.1038991059395
6.101649016126441
6.096391353234759
6.097139355394612
6.110888459211008
6.107925051575668
6.107925051575668
6.112083634187374
6.112214538397815
6.1169653257064756
6.106413877441556
6.131302898007666
6.143748867825691
6.152449358264354
6.146875484549324
6.053549502408207
6.027029612654776
6.055407382523548
6.061712262765008
6.018985755858985
6.023002323124469
6.05288671121082
6.138560535213902
6.192906834471688
6.191509693386626
6.18966250919116
6.177975598284438
6.139860962896971
6.121249911078497
6.077987230391362
5.97492145388904
6.086436541982647
6.097366419079994
6.08851639713402
6.044796882099808
6.200281300232233
6.23272422367441
6.290098462784904
6.320177911853656
6.339916994330063
6.344198823957937
6.3686389336285725
6.3951953541453275
6.4105754264120565
6.437622001456077
6.474105045436353
6.500283452751719
6.517871913437593
6.5086931370639665
6.513512009908939
6.512794118869467
6.518973871514562
6.533445138080218
6.527566451238838
6.517389668914328
6.499424963349896
6.497652775056781
6.49712990082382
6.49712990082382
6.496882201156724
6.497000492172658
6.482129540435702
6.435634760862772
6.412618027618707
6.436371456930024
6.458463321630593
6.4240848305704885
6.421419298171496
6.435908446438106
6.4202870421009175
6.445904899973177
6.4493446956348865
6.435559011393068
6.427287378142232
6.437371984961855
6.416383038225713
6.40076165639953
6.36498174920925
6.366621669916554
6.358809928748918
6.367777673492756
6.373975317306333
6.371374319975417
6.412456264907776
6.457453839618842
6.445573803503931
6.38069567988001
6.451047414051354
6.4503960904772395
6.45642574516343
6.465318455311472
6.482414385710653
6.462958981057634
6.504429517556917
6.515038936807333
6.513207073709294
6.5058444449044055
6.515078843522135
6.519699361185718
6.5005438992477735
6.500353147006889
6.4936594099628255
6.49587959564667
6.501154560886827
6.511623273730534
6.5024090829912
6.532797698426393
6.526183489169603
6.503475154858395
6.478053825121041
6.470236463170821
6.448113435882872
6.424747046332241
6.4243621861503035
6.422362252430668
6.469369768213523
6.478083931488519
6.470388167672666
6.376825398834286
6.3836616755688365
6.3838772458780655
6.403641559561897
6.369432984078066
6.380573118881044
6.41230468794152
6.419672824814953
6.437690787774063
6.4505221333051885
6.497693819889375
6.509872466728848
6.528389911697952
6.532154405053459
6.515364259972085
6.514931286916194
6.509821017276836
6.475878127071716
6.486833211600828
6.468093643424898
6.444699257658089
6.44805806971074
6.454248325858077
6.461085331455677
6.467617126103368
6.461155511192728
6.5060709270683015
6.513079657168855
6.568067787944779
6.5703500792391125
6.586233393451458
6.566999795576062
6.63182211053006
6.6219786865431844
6.613988229138284
6.612422499848855
6.60497173926447
6.583765302209059
6.569251346967354
6.585598272009537
6.590809624657709
6.543805470460843
6.5322697462593755
6.536700220212118
6.535200053441262
6.542292618033662
6.557062837843469
6.558864014416728
6.536892023460006
6.544547048340056
6.507130088218577
6.513401617835255
6.533911135511533
6.526246868641075
6.525509171187274
6.510769576085566
6.512977256289677
6.499562734393737
6.500749033706812
6.453304838449285
6.447527222003521
6.422479596116931
6.425195027137248
6.2177442380195975
6.20995085609922
6.209643341027454
6.1950993117176525
6.19588768816414
6.3633865234494555
6.400499992411551
6.402972598215745
6.4245077551137175
6.454324402991327
6.4533718955346515
6.439350196069776
6.438321675656838
6.438429982737603
6.411887947403976
6.418867183768652
6.426327767986464
6.38962992559574
6.372302325392272
6.373821372532042
6.3195727434138895
6.318762946921618
6.314521501850137
6.296652262865932
6.286297190767228
6.299682077179313
6.2878933922302656
6.281710463159517
6.282134011417252
6.287022235449419
6.271802229653395
6.270572692935312
6.263181278279596
6.287011013144795
6.279022056532245
6.304217707960035
6.27481556645486
6.258556814097115
6.268456090721394
6.2630075484270025
6.308083577301192
6.359193196293234
6.38595303175036
6.391860440390631
6.358945741219666
6.361586635981607
6.3898522892926115
6.345949782198911
6.347356349174858
6.342224389873455
6.319626937921519
6.321810449469039
6.347255341583645
6.385526901494983
6.391393460563838
6.386304629824801
6.412214783630224
6.426348296870598
6.469902019117838
6.4799686959721425
6.478089278720775
6.483617782291598
6.4200367134366045
6.409230505209544
6.398472358872318
6.381970238610205
6.346473449316093
6.427980272210188
6.446030047619203
6.431635614553161
6.464696551610768
6.475277478767396
6.450154946727867
6.439620185704416
6.436892783483349
6.475958512199016
6.499814124777475
6.493423433991569
6.500342154768949
6.514727719261719
6.522836631972631
6.524495464750464
6.522792283582569
6.500611484488195
6.435031653157212
6.378689481460963
6.377606303967901
6.367856311783637
6.361943637963874
6.325918819108168
6.280993771679004
6.252940083412516
6.254473900909911
6.190004616684549
6.197814712438264
6.209803107918527
6.22164920472166
6.239775040661671
6.30075603576442
6.30940795226025
6.313975830170531
6.294036519786404
6.294632921003304
6.303536970655308
6.298145013617074
6.295055618487652
6.227041805143377
6.200080609963843
6.166567696134489
6.176499628149152
6.127169987221364
6.116526265989261
6.1496440094891085
6.273286786136751
6.30255470952444
6.273557216788241
6.273335112381163
6.302742680164355
6.309591953432966
6.309397763941233
6.316784617187363
6.315820904759866
6.408379274857619
6.4149409063129665
6.395408894334539
6.374529514968651
6.358968507266083
6.35841404559102
6.353015161575876
6.343542367026542
6.337542528810074
6.339974563939378
6.3548475804673865
6.354914921013582
6.343428692231251
6.361882226825598
6.343259672932143
6.296634676563102
6.321026610073893
6.225638921557475
5.8152412897435415
5.675145006421078
5.857977813587069
6.0502336535348515
6.038418926846817
6.014218875852504
6.007915680317388
6.008300439234328
5.952954865066762
6.032550070690083
6.039668206052734
6.046080448436773
6.102392941589679
6.297929750034839
6.334426347185106
6.406758715497093
6.481995848866121
6.5087224156146215
6.504487374877553
6.502746432497536
6.502212704553637
6.530751689646537
6.525244433507015
6.525568777552423
6.525429196199749
6.545865295282747
6.532513161232611
6.53552417411768
6.542636880143051
6.542234154019338
6.56121553075342
6.592284352623187
6.611026994404034
6.614835455291112
6.619239690224349
6.6286987105754935
6.629278810993786
6.629444806156979
6.630999701981945
6.631381313380826
6.629910281951786
6.630255291677484
6.647223090267889
6.688750535099377
6.675614634126396
6.659756523879781
6.656118388286997
6.636233112763917
6.603491149078877
6.605209608586069
6.5986211958637
6.605278850411521
6.598751047160821
6.591530252807296
6.584438878327191
6.604582795154062
6.588049105353821
6.596809341453067
6.601520306343714
6.57336311929025
6.5675239617909575
6.515596275191718
6.349618649908073
6.295788792561251
6.334781306612001
6.383812972242096
6.380258449577036
6.380665940963288
6.383582082578827
6.382105022840544
6.383426106463899
6.421627391867743
6.414959758349133
6.361535924987424
6.355302516014185
6.432220218758595
6.422243989569779
6.4096934538801955
6.407695997434459
6.405595394898265
6.397114327788892
6.382528657389457
6.377973396633417
6.3477597284225356
6.347982792078206
6.3475037085733215
6.273949060342516
6.269070927277619
6.229082711453976
6.185499760551029
6.164213531822376
6.142480539541229
6.100688100492246
5.943165250284423
5.87894841785028
5.967014721900793
6.046989753190506
6.079460701665484
6.108509859407374
6.073766727325207
6.057357383364515
6.15571384678827
6.169067312267314
6.166712346522981
6.174115793751846
6.221870402763431
6.308830403372075
6.316783411434209
6.3113699129364695
6.331119697306533
6.337852411086772
6.361013221714252
6.3819301225325535
6.394991725448752
6.395171101012286
6.4058201981746
6.413048706416246
6.424830838188077
6.42106595493936
6.424212241367141
6.428548773969646
6.428548773969646
6.4360798678112605
6.435990367256948
6.440346914238158
6.4661274818113865
6.458965394722137
6.4503787724640524
6.416871221534302
6.37462010666155
6.348825516209512
6.356496072505678
6.11189460984439
6.101806815162165
6.082591414440544
6.08769299948012
6.11020966726614
6.273233793965422
6.329479887806273
6.289619508347114
6.311417662235435
6.3445357032350875
6.373859178840486
6.365720434256322
6.388094151892919
6.4061323575736875
6.3957182911174275
6.42034789683301
6.445592564739186
6.444934070489793
6.444543198767295
6.443114072426099
6.443151965982574
6.437821908329902
6.44433913709399
6.4462498679096845
6.441075572622608
6.439504028047803
6.441323607850418
6.42827426666224
6.458145723979545
6.4539306045698615
6.443892251909952
6.468920154430365
6.478876911681258
6.4881196221823805
6.500525692358056
6.510053879737287
6.482720635181945
6.459138133347233
6.481562105876424
6.4641195246285115
6.446121109274872
6.430805696145746
6.427869435320704
6.396304511750341
6.381701122471209
6.378962117118291
6.333846869769176
6.242121374232161
6.249182214616269
6.252265954329583
6.244692353000578
6.3111293191750555
6.318625690254606
6.308638796568049
6.350182800058185
6.350219579726981
6.355171084380324
6.362518748571789
6.363745668833042
6.3244996069851664
6.319092478034263
6.339621128599737
6.321416697006216
6.386209811060444
6.4043694745045805
6.390298009015047
6.366868641448427
6.362740924294276
6.38360468009012
6.36075191966064
6.392495353630184
6.403449916208074
6.392126699726389
6.439228333933785
6.449150739627608
6.455466022265457
6.488720033080199
6.521042180637701
6.54336306221412
6.551849894417806
6.568787261125525
6.570071500610661
6.562401096838913
6.566470921826391
6.579105272039822
6.572739152287709
6.573735606123821
6.571741545619068
6.574600910865649


