Rainfall Prediction

1575.370107811304
1555.1459432502536
1717.4181034979733
1667.5428494846635
1664.6998786134857
1699.3560164894236
1673.915626327591
1650.746700672265
1571.4508972985395
1592.0978850905292
1462.8659179835633
1144.5021538615488
1037.8339492633181
612.2689381700061
479.0803445803909
445.8986374497946
189.2530110893495
69.64719750880603
0.0
0.0
0.0
0.0
0.0
0.0
0.0
0.0
0.0
0.0
0.0
0.0
0.0
0.0
0.0
0.0
0.0
0.0
0.0
0.0
0.0
0.0
0.0
0.0
450.50776382207044
769.4793954282135
990.294528117531
1208.3359414216982
1214.1152372466495
1247.2560699047926
1505.2351149448884
1587.328696660773
1589.207092657792
1589.6847746004883
1571.8784386435088
1356.5072426902889
1362.8583139585746
1610.0271718897284
2103.496844624813
2460.8046937456525
2598.64157827038
2541.21752696731
2562.5430635892803
2620.806815240992
2650.719843133231
2562.796042374942
2506.6942049458453
2614.950448290983
2521.8538820854715
2521.577362816765
2500.0573775392836
2477.111796579017
2433.7023665729357
2222.99591302123
2176.159716628571
1955.9592974281527
1718.228987778988
1512.6164570701583
1209.101388466303
1185.0460664279922
1202.2499168664644
912.7706465574688
928.050336486697
938.3643258139963
939.0709927069518
958.6049564006195
948.912140829301
759.924734435687
479.44751569803185
140.39746971615548
0.0
0.0
0.0
0.0
0.0
0.0
0.0
0.0
0.0
0.0
0.0
0.0
0.0
0.0
0.0
0.0
0.0
0.0
0.0
0.0
3.677409021865121
0.0
142.46442473992633
136.5879214545516
119.18760860013263
46.22464209901804
0.0
79.13553856908042
148.6974873059535
144.76544572784067
273.09681873669376
0.0
64.48996821011885
114.86782338927267
85.40956169292647
157.20244368071934
343.46456906760653
412.04708847693905
411.1164050119756
417.1557493292132
572.7063178992036
676.7358472546273
692.0764292148806
626.038095812163
587.8452149859935
530.9204532781041
523.0204198072565
434.2437382609714
341.23709978306516
470.4400624536735
421.06067170790254
496.44614802621413
627.5789032295365
576.3614030279838
556.2226674182318
473.4162745600586
547.2234265382799
595.8994497285381
508.2660769327619
473.47449858151845
462.3438828880147
565.5937486815998
629.7318887275774
653.9118145125533
822.8266417951537
917.8059095449307
1068.977446966654
788.5488103475336
682.4492171299435
1022.7611621620888
1221.1539035967376
1128.068899556559
1027.9436088002294
1146.1621253348933
1102.1029175330018
1337.6499589378586
1432.7638158357804
1450.2243680078254
1466.349296810663
1743.8160300962907
1601.1927447355492
1572.2947550897266
1556.558704794231
1394.2133663614527
1503.4408798423904
1756.8515018401263
1926.5128366404265
1982.7647096134142
2090.9056802083546
2236.1085455103166
2220.2107972133217
2434.6865706022113
2581.27473008459
2654.5623976287975
2722.529345943048
2745.735559863486
2843.1966510349444
3014.2671957303196
2831.4930290744173
2958.608216142032
2600.7621185024773
2441.4570496134097
2402.3975239765186
2393.263401641446
2260.9968784714065
2347.258073839899
2246.8387373362875
2206.8425446319434
2207.193438976821
2326.377922923447
2154.9144626781285
2200.4299280682603
2258.411240123626
2201.233704649604
2222.8450726952965
2114.5805113912684
1877.03485370171
1781.8128111786864
1682.0826041257117
1611.339080183728
1454.8979075125364
1646.4095024799299
1442.2446024632145
1369.2599718426636
1198.5436842850768
971.7870474961737
784.6784163981976
350.36137551569055
104.91318844997083
316.89441979776365
0.0
0.0
0.0
0.0
0.0
0.0
0.0
0.0
0.0
0.0
0.0
0.0
0.0
0.0
0.0
0.0
0.0
0.0
0.0
0.0
0.0
0.0
0.0
0.0
0.0
958.0842834964365
216.23138440293363
252.91953707308826
661.3581505867639
499.07383261982386
513.1051833023863
823.3397259387004
830.3813381479878
1086.2706409862874
1133.545188687838
1143.942490676289
1216.9296509459048
1365.5827989498073
1229.9002436379249
1268.2493259561766
1066.7122682010367
1040.6331369350817
856.4045604105969
695.8131914980853
527.8326288405493
528.8442753334446
896.9106364387613
1051.5688249292866
1133.4415956770831
1155.434727695348
1201.2995246841392
1210.1537551537842
1098.861271076123
1231.7512134359038
1165.9069481373958
538.6028574153484
227.61810226264458
210.82354677478932
251.77967213319775
203.96449625466067
197.37313152700045
192.92749833941406
190.7781802829478
231.87646712793907
305.9076653810011
395.27513758397384
482.799273814453
428.1542957033531
432.14462925298704
510.3903908648116
564.2619868085288
389.7333905826891
372.23725367597405
483.90582295272617
611.5961009773129
726.594666160131
703.5691918091633
320.6267323641631
314.3461513779996
275.89142121380615
306.14907041389387
498.64557234131564
1091.6220480678821
1106.714687327454
1089.6120352658588
921.6941569151351
924.0027946675073
1090.7209357086572
1143.694546699217
1139.8800061283548
1197.6367710291017
1404.095285825059
1409.75888304461
1165.4080671190882
1154.6445084626798
1006.5617539924231
1097.7509070672963
1082.7213518993474
1087.7115001766977
1179.634076983615
1093.675789385541
1070.347306432581
1262.0918192510615
1266.3399208267751
1292.2900164536686
1619.5572565490113
1660.559671953709
1660.559671953709
1631.559671953709
1691.6321340946463
1671.636358226473
1653.5983184288757
1576.3828934104215
1060.0824318587315
1184.3318313138157
1042.3538959753
1137.2788761262536
1080.8252673496572
973.6209299856398
919.4307322610134
878.3580385626806
703.1420344304914
411.59367331537555
311.5916713510014
428.7535788135636
651.9912435982117
863.2120825573978
758.9828306854807
554.8587402226999
491.83560471268987
380.83857282554675
353.31891780072294
467.1690621603902
485.74826453005164
520.4195676127542
568.6176802328825
420.3467358664769
375.62779702396756
283.7024268490653
223.03796655509058
320.7341568536829
437.02053565545674
446.6732648761667
405.5930072816493
667.344150041797
626.473640665212
786.3220490690865
849.3601516221438


