Rainfall Prediction

6.467261472363955
6.465542444301857
6.433625351780568
6.437728220332863
6.3337043473438825
6.318465512403881
6.257103179073714
6.331339056016991
6.313792879334697
6.307880473299217
6.316622779238383
6.3220581279441035
6.3141109036424075
6.355099623462765
6.346289338063694
6.36158034741873
6.401440022469961
6.390859626696187
6.384085830541178
6.388534695865978
6.388237783162476
6.4205040996229625
6.462366283687263
6.468089138969708
6.491717043512468
6.5473125739189335
6.551392169837897
6.526139888266829
6.523117740079071
6.542285248287198
6.542295481000181
6.549809109191184
6.528713229834537
6.533512927561986
6.543321291919805
6.565363864141761
6.546986665977045
6.554143695335143
6.5277006092352305
6.512988405193658
6.515977205213223
6.53117019866131
6.547281650902066
6.553903864739824
6.552349490046106
6.539056244027692
6.532735738389562
6.531658649015725
6.54261978328993
6.535373574706056
6.525806452133634
6.527053659003292
6.514910198524094
6.491056660069839
6.450397593771286
6.400130698799513
6.34661461193032
6.338281395808753
6.344778798740945
6.330362235713706
6.290717785907334
6.310285758606516
6.3000042644599
6.29491274549698
6.3485559165939565
6.361927897584986
6.278805274668485
6.264448770137034
6.214685563357881
6.325276898829494
6.33049889206702
6.32758586246135
6.323512466367609
6.3153219079505
6.301759572275745
6.2706810046990356
6.264756671315677
6.260631196708706
6.255089960102562
6.241977561146956
6.241650640343651
6.245671557638552
6.2683313472817686
6.350955472401822
6.381383884284829
6.382599376043984
6.412429484129189
6.470259964156018
6.49267471959419
6.502746278137802
6.523434587853637
6.535659120573832
6.511633320519258
6.503126314350977
6.497721325573451
6.415951176961585
6.386475049619333
6.274809134801819
6.268574980426816
6.270743824600379
6.313918393368182
6.322100301809548
6.339758388475804
6.394603701860442
6.481848108570739
6.533104699791207
6.540113613917922
6.54321752118203
6.5414617755741595
6.551962893552456
6.560278762635905
6.5784546738183565
6.579295588167612
6.574100359204683
6.560486262464765
6.5770532388950755
6.5815234242269485
6.588412336909313
6.5905259362280155
6.602273067766642
6.596917270092565
6.582619112434617
6.587192282055365
6.6238878934069305
6.6275151588523
6.6280124639620634
6.6508802330089996
6.65374657799505
6.6644203622057026
6.6643079261371145
6.662181235116026
6.655608035342017
6.655904444136219
6.653758689940789
6.637379125159272
6.570588798858287
6.493112756626732
6.455625227659628
6.450975253298993
6.45130043385655
6.439017538747348
6.439275359669011
6.387242693503994
6.395095938094648
6.41586054325762
6.441729141782941
6.4124445613930545
6.410606446223461
6.363952107460315
6.351770647334217
6.344090291918659
6.356272833656513
6.349177873551005
6.308245902921125
6.285788408668876
6.28782077412453
6.288764281283402
6.255353988889141
6.235981097596948
6.175640643841271
6.176648216140749
6.191970523022179
6.1917157815613235
6.195629840778087
6.2084764934280745
6.255142889101643
6.318289649540403
6.340549038479601
6.34812628365412
6.356653052398257
6.3574609175267325
6.353236307129171
6.327682514348107
6.344445431685259
6.361215287965607
6.341568593581444
6.287187354194462
6.276050908240913
6.277547393295832
6.280546663648544
6.2758664677154785
6.2382719231507044
6.18405860795913
6.1705533374619606
6.235369312722437
6.193198361336939
6.1932056904859945
6.27943062491708
6.293742519195056
6.27113273052091
6.231812275098464
6.231927811265986
6.256707939060285
6.242077824665147
6.280459390195835
6.311544873800909
6.325900831840046
6.306381224723907
6.256165564493437
6.225159823238221
6.218804735798386
6.222061316375193
6.2175426656818775
6.225139379876473
6.243666186760733
6.233732253610161
6.239940487338985
6.260640078233821
6.241338031752464
6.237449642038185
6.198113413703781
6.195642885293905
6.197997121964727
6.219088040918842
6.215647862718255
6.173308217317012
6.175878013166161
6.168872646580611
6.124194211478452
6.088766567800922
6.136942931054212
6.15053713090703
6.168777835772826
6.148676964712867
6.159089092869044
6.233120424952726
6.282202974910034
6.272766675242407
6.23548877683145
6.191875034371211
6.174698265206016
6.194896190991976
6.190513468852065
6.198303310019449
6.201906476703778
6.185942068168797
6.24913881698962
6.2450148217252215
6.210734341448524
6.194454598413729
6.206897546429215
6.189674635219444
6.182193475637156
6.168982858140967
6.11998930304652
6.106477912590065
6.164484263022805
6.1702814758976405
6.172038817198553
6.255122060402601
6.298434268841932
6.302108718678821
6.295535168321758
6.290883027024614
6.294549920260636
6.314737919236806
6.32012859295666
6.2927915754472314
6.303889214288425
6.3216938177735615
6.33262836751264
6.330322372920069
6.321233461381512
6.322046118195892
6.301651886359827
6.317726072950476
6.316386608396657
6.287682859146546
6.280977028927757
6.246366355703366
6.218723128234663
6.202417172477996
6.183705974904779
6.183271209569256
6.163173619451575
6.143946228336639
6.145782842241349
6.1259775530630085
6.111064164584127
6.118292593535709
6.122749370625
6.123898015544159
6.177414137947026
6.1886064969751455
6.224614383888601
6.206865573177796
6.199027507483759
6.283117623550566
6.417729537759699
6.395612670348362
6.3304804842742906
6.17191477397687
6.264293205386558
6.444757246602799
6.468402302787259
6.523588638166821
6.499427026335073
6.494990726292288
6.493981152412637
6.501859519402819
6.5057439160130635
6.5457549052178035
6.572839451396144
6.579374018783586
6.607982450812222
6.623855103002496
6.629172865924922
6.62975811322295
6.63006820052396
6.632202945579787
6.629664624500711
6.6099482945915975
6.595530018232918
6.613401460669252
6.623302488712674
6.621509089333018
6.625111574157416
6.620241437348202
6.625170862848553
6.572429174264389
6.590580097837704
6.591289038092021
6.594265234270943
6.597475572997422
6.561652936229723
6.556166084777835
6.521674654196901
6.549527590894998
6.550740367770521
6.54541868912766
6.540997397621624
6.537856797269565
6.493377444943656
6.4442784459160425
6.430071806474899
6.337196402430283
6.296421057823051
6.289293562739355
6.289064230416327
6.277748102883046
6.2783594107523815
6.283859369136064
6.2835839321730775
6.295661612431139
6.33884358637132
6.318507800907174
6.37529807665896
6.386987543568884
6.408642278510214
6.436061008022864
6.471391204290524
6.492509237319971
6.521935434445184
6.521474217552013
6.514969694452803
6.536063111158482
6.538006265284847
6.526581074210431
6.52761259140119
6.540690412553152
6.544375781664179
6.556598432902992
6.561235317977913
6.582623443760109
6.59982783519158
6.594686184572117
6.6414813351369935
6.649999779331057
6.651068858579563
6.6539971985606705
6.640767034976148
6.660427113611837
6.663710129677774
6.664007055190781
6.663359468886165
6.66170342548335
6.667826759288865
6.669835385671246
6.6492974337423725
6.656684449168341
6.635662830650663
6.641951738688571
6.622499127194649
6.585704352985131
6.576980589009783
6.576892465749543
6.578294992477152
6.578661348535378
6.574541183476223
6.544145861556756
6.5277617919491595
6.518635794747549
6.5089143307830515
6.509181779940423
6.487837962532813
6.459839874795916
6.44879791647134
6.272463201800239
6.216400077262858
6.217966754025063
6.213542609297118
6.1379033191656385
6.077514028324038
6.081762848081454
6.096583763420027
6.111055606467476
6.218632078506672
6.230422818184183
6.284662823600906
6.301838218699485
6.290596139036016
6.311862697592351
6.332172415629774
6.366967156069347
6.367146337188829
6.36717517331992
6.366633096165639
6.353958167353734
6.319206374388224
6.322428315719088
6.33209686074725
6.336625469376833
6.347477557145089
6.372148324727499
6.368898308349257
6.362180145563988
6.343949621981387
6.344683223002199
6.30451573656132
6.302204925115991
6.3047183264326145
6.3345852437358845
6.339556417356188
6.363876582614906
6.397488203491979
6.437905733737722
6.458692073649318
6.521880160044388
6.509166790689508
6.528774588578837
6.568449245527248
6.5640075990892655
6.587936849410896
6.594983438450143
6.59476404359209
6.600371457378198
6.629062823827514
6.679910468803284
6.692835181411454
6.717341054211136
6.720417121505583
6.726324619803313
6.733818121190526
6.72671399356096
6.709706661570517
6.710124905164545
6.705307153150612
6.704629110949966
6.712948184364452
6.710190877292539
6.7067989921805955
6.711963753782642
6.7207597396533405
6.722700532465112
6.64840293513158
6.636091835904347
6.64464266346261
6.647858239629467
6.606809853490659
6.6070494275117655
6.603752174689697
6.5770552343616115
6.542891815182182
6.493994592035333
6.509406431777784
6.4985432149873725
6.49397221464962
6.479726086429825
6.437147421623456
6.4220701325102985
6.3608511417163
6.359354829535388
6.325099988375665
6.3012087416160085
6.297010804892439
6.295700815070067
6.298471974984908
6.298717046235827
6.3127624839015
6.31398378163067
6.326779368463893
6.331608792308925
6.333394088526192
6.34954659331938
6.334720798887604
6.2591401811560345
6.278018088835049
6.33713957120469
6.342262065361612
6.390861282073609
6.402390246537984
6.405495528742691
6.4112575232841875
6.3873377568123395
6.367288919255541
6.384949069778969
6.393460536222626
6.394220171627164
6.413286870325808
6.44806136661245
6.454450424474877
6.458520566307802
6.467979553646728
6.477324100927721
6.468645300459379
6.451732173943749
6.421913233124428
6.438036999083367
6.440996328938719
6.460450673029452
6.483922102927446
6.487749224901031
6.472825622643405
6.4354188960973095
6.443173628713031
6.4657861304281345
6.461089014987059
6.47910859642436
6.494212726269411
6.522961014651596
6.548012367425887
6.56473639127529
6.601080836226645
6.611935380722348
6.620759576141245
6.634374664581194
6.664160802370021
6.662443216287939
6.677633938068899
6.685788344845483
6.677723172775499
6.678139668123258
6.674589077035257
6.666469301882992
6.649198885825261
6.656514837945824
6.6621459788568105
6.666877967256388
6.672318228729189
6.687288689059597
6.677633077722965
6.649761495373012
6.6649791180928535
6.685068608113195
6.687088328644399
6.683831193408376
6.668010173609779
6.6677325818741835
6.66121906908486
6.664552068810293
6.652459577558214
6.646823423382707
6.6319788537897395
6.623900938803056
6.609743178917194
6.601709454247638
6.6008712570636945
6.584677968938713
6.583066539041438
6.57255204115479
6.554505691225718
6.532344537594486
6.535221520862
6.527007017036521
6.5194087237714955
6.52433701213609
6.519025986306805
6.50218172032349
6.468549197482406
6.473139220118364
6.446561899082445
6.449045622936297
6.46812078705314
6.446610823160911
6.417983250065006
6.371686575658815
6.384528690507685
6.38413677370549
6.318665837488689
6.31261327113108
6.2794552551782425
6.276814824177854
6.304786856672677
6.30100895303052
6.303417182452552
6.3047548311129
6.314530585008123
6.319961197307085
6.37776223303273
6.4078802552149625
6.422614852321147
6.447811671104712
6.4513443179526835
6.448086681384579
6.453866450650523
6.449608773698521
6.442530073868831
6.4237626962647925
6.413819506050293
6.3883930393485775
6.377522983787926
6.418514010469549
6.444379367805368
6.46658882681368
6.482844040403711
6.487637033114518
6.4704463965029175
6.440973643291053
6.453336409731172
6.473725755205772
6.476880110114272
6.484448791658681
6.487909688524672
6.487522784582577
6.490896552921764
6.497803235265545
6.486134170427954
6.481138278179946
6.482111640769269
6.464911997382324
6.442078906276046
6.4576274587436915
6.428283871933775
6.4203525960614485
6.424505534481156
6.408957175114778
6.408529485771067
6.407370283654918
6.406537926665903
6.406470100838975
6.4026126812359685
6.389368910819249
6.305329067846728
6.268882816052648
6.07484621841365
5.9775129666667715
6.105056390388614
6.170128932954324
6.1868642232096445
6.178863125866503
6.1298082434136765
6.128933116893094
6.121394864585686
6.130099306322906
6.142939958110351
6.136809713625065
6.132316844637244
6.132066784613989
6.156738351896007
6.156206243846596
6.177543467414089
6.208048759893087
6.193657512620659
6.30678969815794
6.309119584004447
6.301842732604398
6.302092271701586
6.3120683747561825
6.311950152269482
6.35377573252972
6.415999162658371
6.451781151750218
6.442975329322122
6.453546377199232
6.447766339934522
6.45334260678322
6.438752671695962
6.443878470121186
6.436315690228162
6.435908985795652
6.466955917424078
6.455180286042512
6.456408068952252
6.412232152060127
6.389862729013233
6.406777590213713
6.408235497281212
6.414396792301495
6.421185610996038
6.457129956601037
6.465003079843767
6.472173966521882
6.4583947456725435
6.459472485458401
6.436328067347059
6.434752803553632
6.428014078042307
6.41800862888375
6.4194344018836995
6.426280432905559
6.420041212390099
6.402771083471067
6.387440871397238
6.403392906053247
6.357309880475259
6.340442328449207
6.123146104395596
6.043801259186316
6.1514410252696905
6.240098719643618
6.2398839740294925
6.247739139431365
6.185155657335781
6.163062661285552
6.162781148012576
6.185434914341241
6.167966083265194
6.194326628918362
6.194730870499393
6.193656420116422
6.175041636736598
6.169454045008968
6.145679389685583
6.121887860459257
6.119820850157173
6.19895981234799
6.192982244610899
6.19275981682573
6.185940840322972
6.200292245293065
6.196063896904681
6.244640963915294
6.3378014100220295
6.378987025410632
6.370566711233645
6.341570803847784
6.338459860739474
6.22849761510183
6.1749001612136665
6.23602129905231
6.250091550106042
6.2480558800985495
6.24947555826117
6.246278186734107
6.243762828891301
6.24282364679433
6.20433467323256
6.202824158592985
6.180432792454995
6.169013878688862
6.150495034564535
6.149191189649313
6.114944706027532
6.1747927728840075
6.236115206780924
6.283929803862226
6.284647497064982
6.2929316209750805
6.3273389853189395
6.335446212542478
6.364998507937534
6.401083307458569
6.437737513675291
6.4481132521326865
6.451893829469474
6.446614196969343
6.443310700227853
6.436585611561191
6.437675872832028
6.47271236375924
6.4827477906290705
6.506436481262999
6.528119520278931
6.5534797905248
6.555637375856048
6.565784757147816
6.568779737287653
6.601544573409826
6.601078991701944
6.60864945383171
6.618140844359206
6.627574592397086
6.6243545486398405
6.628217733759031
6.633049960510169
6.616750023428924
6.6042195758783375
6.607129964532981
6.608235818646241
6.589501761851773
6.586461356287718
6.574950810319623
6.545817776070359
6.511471709777915
6.496672901452793
6.492002174393258
6.5086639334842005
6.507077744906488
6.515484545557269
6.521320672182404
6.494581394839993
6.482710310558559
6.468746917059364
6.434450599849113
6.418221351735702
6.43625656407014
6.420209698102816
6.417438379572283
6.374307208074063
6.37082471996356
6.383478921481036
6.369696751287035
6.3542413762401315
6.296984008358983
6.282592751743428
6.3009093728065695
6.349347906355183
6.37735052002774
6.3495164560511475
6.410198270717027
6.449513766823929
6.471391941293317
6.500563628452526
6.542323411596859
6.552535838157943
6.5566178628207075
6.5511971393056605
6.537212018114377
6.527059095731522
6.519575802125466
6.514510262400291
6.524519395831066
6.5138734773576354
6.524756416280758
6.5372987326002905
6.5142758098736815
6.498454159072568
6.4923201711643985
6.494409939100976
6.483496689118756
6.491976691617583
6.499206147107482
6.5015281828567995
6.487122030434797
6.457054043139523
6.443020780131521
6.48248538897723
6.492466119674523
6.5189216045443
6.487975753508361
6.463557755008341
6.485515904485189
6.517800057315208
6.527850658684864
6.51548473581243
6.507244549853367
6.507892756337289
6.513009019873006
6.5320061213725324
6.560108647856733
6.592004790992217
6.605840443744862
6.605233443826193
6.610772789464908
6.601314952585058
6.593134276027363
6.596497552376024
6.61240894156084
6.612911805997973
6.630717501981867
6.6219268001407645
6.6135733126980565
6.607294169153166
6.601275956682228
6.598773347321035
6.596893385513377
6.590920907680894
6.550566146550968
6.5570131620846395
6.532232901829916
6.526327887554544
6.589022105771634
6.580175847028642
6.567960257951179
6.582605037089428
6.581453920511651
6.574174697349161
6.578607309498354
6.583270880578292
6.579650486960186
6.573001446573116
6.5616013101576165
6.552910387046602
6.549167901741894
6.545800168831724
6.550985007638817
6.540042070168542
6.54660817006837
6.540098580512048
6.559354563629666
6.540894074559506
6.539376244443624
6.53324715722321
6.564440434495357
6.5477839930109605
6.539772853039301
6.540956749197958
6.5824384733998444
6.5594415908583885
6.538710226343471
6.561792145111286
6.574012879377772
6.5878710981046
6.609883641483359
6.628587290961545
6.621096479871889
6.633088116619404
6.633507470476857
6.626973626082944
6.623030596720616
6.618262319289945
6.610229841122385
6.605287804985657
6.605142368613042
6.6136882858330335
6.621171209371055
6.6309144314488675
6.638443353940702
6.649847922430979
6.644407765240016
6.624490527323421
6.651290954568622
6.652464197908876
6.664668471434505
6.667901606169102
6.678989833351245
6.6817426677650404
6.685175093060524
6.694642338869644
6.694480979083864
6.685115770985694
6.6692921884278435
6.6634237748170175
6.6485095813202975
6.614874554482097
6.590152736506336
6.5923662529439
6.582597158425382
6.583524709636919
6.5864912818644505
6.590626339681903
6.588004127486476
6.591568188833009
6.591205890887794
6.582692385513259
6.569046402675915
6.550369387174231
6.5375839229953625
6.529439934455364
6.511471995894898
6.5316282923351885
6.573254426829036
6.534591440256161
6.523737106674206
6.503312830998212
6.485184484122114
6.480235970414864
6.483939707306458
6.493047752676505
6.469399322080385
6.450542230793832
6.463933991815809
6.460460406786418
6.451729654827691
6.456090837677821
6.455370596804522
6.487828638761407
6.49251023830592
6.505408677771768
6.504053171861017
6.492183611730644
6.487505022487673
6.486536275197795
6.482366345570345
6.481675922666311
6.4929130894265965
6.497164127641838
6.5134013351890365
6.517111232316343
6.518747957913165
6.506906965928822
6.485895189839621
6.459660180097982
6.467620903701064
6.469947120766196
6.481793838077996
6.503723638703942
6.488940965638197
6.482508096977757
6.4688324103344375
6.472888059734594
6.479438444385965
6.465182704247514
6.45068438696828
6.446669536396819
6.438953554819321
6.434101895736922
6.401863261473859
6.397087169137135
6.391986843869678
6.392038021171038
6.389925878997736
6.3726434394073745
6.373508071580114
6.371897124146406
6.3752838385771975
6.368986504881531
6.360831592137298
6.333429249922103
6.350751700476745
6.326299407747789
6.331794044376245
6.325778078545605
6.292488452825564
6.267434600775277
6.243527880816586
6.280351338784075
6.2446690034068775
6.2446690034068775
6.239871578120089
6.303723205000752
6.329500048258923
6.321448656480711
6.324982425088081
6.33370503824585
6.338818013930181
6.346818443754624
6.3336930409559695
6.334551096480476
6.327818359889728
6.303871655832213
6.2950999764274345
6.330895286865981
6.3473131921039805
6.3450969017557615
6.3427227082443105
6.340685441297673
6.336547748185142
6.33852443114372
6.344588579947979
6.331627498117987
6.334631374969907
6.3332336281656145
6.329762636242783
6.295869575503694
6.274133329795482
6.259543630763593
6.260704774746629
6.287579210078114
6.305858249736226
6.305858249736226
6.278238512268597
6.247383375198709
6.257190636002007
6.305081650004881
6.303115308997229
6.27815777016164
6.25438103782241
6.314378708355629
6.340568371584865
6.3173127238298115
6.317251858381467
6.312874387333244
6.244158865239897
6.253448437921061
6.253575665229661
6.343098878407328
6.378635162619475
6.392778738156326
6.401600812710415
6.388376400330538
6.417367465776434
6.422484987972255
6.41928987923702
6.39440526342494
6.323769810799717
6.3259705585727195
6.329230112653757
6.367493608830431
6.3548445153409565
6.356251527943956
6.35658401758087
6.402788184943566
6.4419305596363285
6.438208083864027
6.414912305405183
6.4076325498596844
6.409552701909253
6.405976827158063
6.337986836833571
6.29797509680309
6.2985083160545425
6.277869312534836
6.274987120317012
6.294071303533444
6.277599097689529
6.277265010756966
6.262584068373122
6.253676576256168
6.2524144734684075
6.235766231308945
6.222267799169897
6.2199925659146515
6.194713426933301
6.156130378328092
6.122195206992396
6.127075816780109
6.114698599143664
6.116035615758322
6.150545062646873
6.186975925662612
6.186519371651816
6.185315724502157
6.196529404587842
6.18165179102943
6.197163281737844
6.207823290965691
6.207823290965691
6.213944025989921
6.21513970213241
6.138943336726808
6.133214756356823
6.083360520148232
6.098039324249734
6.096761651952255
6.124385256516344
6.161566805152669
6.162999107906821
6.157773133500152
6.180234117455311
6.185765678925002
6.2094876259871725
6.266863430864811
6.270218837923512
6.325360621377666
6.326646764684618
6.3343900174876255
6.313745651043963
6.313745651043963
6.317428064698724
6.307791084242231
6.34412182831033
6.369830328933408
6.381296135087107
6.376932968461716
6.384856925940254
6.389723843065915
6.396736933370888
6.396736933370888
6.383351208518245
6.383117249506237
6.378807515678085
6.39578660088405
6.399999299739313
6.4062770752684095
6.406518624160249
6.387277764307162
6.372939650649275
6.371918310898564
6.371607127964748
6.381382836068
6.378249474391317
6.356272192051286
6.292234916830434
6.250466569881921
6.180375844757699
6.1858572259272595
6.320495115063998
6.362959936244132
6.407218059692904
6.472594888409616
6.473177784715557
6.456732096018287
6.427507750368928
6.407799751545311
6.389013902671847
6.366034283936522
6.373551738222775
6.377151796533968
6.379884319782265
6.390766276676896
6.394566478002737
6.341546412151659
6.316466457704309
6.2968492757933525
6.292088772648584
6.298504849871403
6.324311539373474
6.32018747197044
6.324281767395453
6.328675235421849
6.315443847231761
6.315445519670048
6.3241823925182015
6.361397290945657
6.373321591662934
6.383263018237411
6.385486693595324
6.356328315693949
6.333977310640182
6.296492180141315
6.091934435973239
6.013670694253771
6.013170229214188
6.069060271028198
6.069573766224746
6.07513689240507
6.041667705088837
6.009689737832687
5.989841191809678
5.988123126352676
6.087033977937169
6.084845818879733
6.01794395111588
6.026222107185217
6.022911420040433
6.023202676590056
6.029112158617333
5.993302866090994
5.992724819777645
5.991579839893324
6.123193062912508
6.12394639631386
6.123621114120312
6.1123533177965825
6.085663372196274
6.060036053069793
6.040961992691461
6.018905955900451
6.194710255836494
6.239992655331759
6.275524579788439
6.309474738619787
6.315174837013327
6.315174837013327
6.318597910594765
6.318504785360835
6.3160066953177365
6.325407205818679
6.353525745238048
6.357719375430888
6.365675556092849
6.346204145534673
6.358678223596725
6.346990210817771
6.332712393142944
6.326031053656318
6.3096922000768485
6.296695690214824
6.294684060221742
6.293482811117175
6.292883647160084
6.251882336451443
6.24988574839731
6.249664251003773
6.244687474111277
6.196894979426
6.170759367458036
6.175991646472781
6.1853558851355865
6.1433743363143165
6.140223522291646
6.126500175932164
5.99183673149714
5.921487192999771
5.932605558568298
5.99303752772888
6.005924934743447
6.0037857303039175
5.9926640839320315
5.978958257207734
5.973897362314846
5.977549206605103
6.087494381862106
6.094540834131055
6.090163168351264
6.088393475965128
6.08499469385618
6.076367171003373
6.0870975712648185
6.083141364023143
6.096940341816986
6.100952462016515
6.234572373880522
6.2378996138269365
6.239113403998864
6.238492924459123
6.2574069987548935
6.2660324932419975
6.231636574251703
6.18278777708156
6.1846324387542575
6.176893090237421
6.1556773315576585
5.966009228631863
5.929706869440597
5.942339807390039
5.915354780469391
5.8678018174682895
5.881146133185667
6.080265418261368
6.072023334619528
6.043522138861267
6.044947252313921
6.099821682825502
6.122734055684584
6.113436470791608
6.116156466608852
6.1165089403669315
6.113401001685969
6.111760138669301
6.111073126180414
6.11211942133582
6.148345498312431
6.199344671011662
6.2678066912511
6.306109562377854
6.326707059373771
6.324512248278965
6.31318165399143
6.304169210742923
6.312472323410291
6.258880318015289
6.270946649253241
6.2895455974400925
6.327376641624442
6.320846376683069
6.317965590589463
6.326461828332607
6.330289837320547
6.350886758754094
6.327254185617388
6.32341370555272
6.32341370555272
6.32094628711369
6.305888691217881
6.26979372506819
6.265846610157798
6.259853006841617
6.257766544455753
6.2550743753796425
6.269953332090811
6.281560058355425
6.296242653169509
6.25167008524626
6.220923332453456
6.193234707857661
6.17053283227604
6.148261576499967
6.170160458668201
6.168523265548345
6.143370742890486
6.09334834299079
6.034089113066778
6.024283474095544
5.995117781078705
5.904780588409627
5.9039014943595
5.929202616923588
5.857193082003122
5.826972138017381
5.812482500147561
6.001357172757463
6.046380162948883
6.08286590136906
6.087859989197151
6.096871209912623
6.122539567319013
6.1280791987114815
6.13037852215543
6.13037852215543
6.13037852215543
6.123908300887787
6.114209120140286
6.1001813276002395
6.09993198499289
6.11708355170444
6.183069065721619
6.22341219515931
6.242909393312821
6.206033856914439
6.17913161932719
6.0704442037801245
6.037812308937554
6.020755925384899
6.043054646975949
6.122628013943859
6.120549628500655
6.137492508753341
6.147008634598003
6.156265114288786
6.151780717463271
6.144716575308379
6.224250290458058
6.203082900402867
6.120514073335431
6.132380693153963
6.1326528643992
6.139070533580509
6.10413765504554
6.228190052409979
6.252381350920886
6.302526659213558
6.326347388932771
6.3217408232553955
6.321438311681726
6.321804268476234
6.327947607159909
6.3392473500732756
6.33312228535662
6.355435769983554
6.396779535448205
6.39859741272493
6.389353987470508
6.400711767140209
6.4008085634298455
6.398438720986352
6.381473679485426
6.35141686338712
6.350209796899954
6.359723779176568
6.326023968536658
6.273227530736794
6.2385694979303175
6.194958696598373
6.143541471981051
6.169952078836617
6.171951440851842
5.893887240823805
5.892091852725648
5.900274045464843
6.229518641428771
6.3203438272456385
6.3615599898491135
6.372672710054256
6.383970063746944
6.400898114388179
6.402626603983552
6.399364366855831
6.4073469112470285
6.384810742841925
6.369678444167471
6.345723242749572
6.343484589018527
6.35591726894281
6.346830580325484
6.347901906204543
6.328095635776727
6.337666801696614
6.308855130490475
6.29561445225084
6.27496405147085
6.392211878572055
6.3905694370183665
6.335778789519043
6.331422278528685
6.313302554756957
6.252332207925831
6.276982676292888
6.277759744609495
6.277641251793516
6.248257349353974
6.3650761630478145
6.380134673974929
6.40557016946682
6.419011460042182
6.411520873124259
6.398481057946378
6.402101607081502
6.400318493312175
6.3493443291144755
6.359209181013988
6.340156442563746
6.364933426876048
6.403140585240905
6.4381836964198
6.450029239497541
6.449766739518267
6.46387365115916
6.457390256453146
6.4745092297543625
6.481899296669917
6.4879931169573215
6.390874928103046
6.38898751557823
6.364160707578921
6.384402114689567
6.384078933723749
6.357355283519074
6.367911461482437
6.368385500670528
6.367361665464041
6.348084850997029
6.436554229520429
6.45894371775339
6.494772603055643
6.509804136388183
6.511031781104794
6.509073814758196
6.503802526244133
6.516410118827259
6.516256236793581
6.516513709537259
6.515587698074659
6.499117589876155
6.489559862158694
6.467244837049785
6.484960218089885
6.501670894146589
6.5022804121369475
6.530140790992039
6.533322349855222
6.52084307148754
6.502110270204215
6.618546641278114
6.621480651994172
6.62579784260562
6.619776894211662
6.612758547036657
6.605678765370155
6.598747868059122
6.592713673915679
6.585843639804708
6.579230729015912
6.5253303941104495
6.5082924644584255
6.473472692726581
6.440249575871513
6.460300233719682
6.476812895093596
6.493527161829659
6.475630448356934
6.488720988947514
6.4777611760821285
6.467607075463937
6.48397306465275
6.481796838803091
6.478376736180946
6.418996253639542
6.356993605386461
6.29597585028343
6.268629148582456
6.229287956777931
6.246210532035558
6.239210469094729
6.211335164314223
6.2035708555948785
6.189214915797434
6.21971969880006
6.238318502110875
6.253067645900819
6.276517899293475
6.28784523506392
6.281995826399644
6.289136850945911
6.3637770474595445
6.366178982636285
6.364395761842952
6.3790048606926515
6.366964500802693
6.334145525299712
6.332566609808004
6.378211732816108
6.353475809872348
6.362740953815112
6.368962823337259
6.31391607088275
6.319965584732582
6.3190915484104915
6.330723850550723
6.354867975120601
6.356931269375564
6.337585589491084
6.319477417690569
6.311327865303906
6.308588767963836
6.24648632459611
6.227386788204668
6.2379192348352
6.296319737283259
6.3125841621047645
6.314284915375639
6.310810822685636
6.309182039711221
6.321697672070621
6.3291957700168275
6.357345118710732
6.397874109014595
6.411648015000671
6.3958636019651705
6.3947895953848555
6.40539069850728
6.4108107698319055
6.370025219368056
6.378846261626941
6.3580556527103385
6.352070086486426
6.377423595328606
6.395323543947903
6.431067433943755
6.426033658556732
6.399261445751472
6.38716250137276
6.4475126481603855
6.467810946226778
6.477811651920544
6.480567552750572
6.500184584126032
6.521421977345365
6.515854683558046
6.501532600352406
6.495156707059097
6.490747550561098
6.48789860021345
6.48636806099641
6.484908598932229
6.483067408176752
6.4486720102524195
6.406816560637148
6.392656582376965
6.395573929239957
6.40869848689635
6.389774003035509
6.3789732307578735
6.3976623519958595
6.377736932479391
6.360849572240841
6.377283591746638
6.341643440097274
6.314094845702547
6.254700910171335
6.198875452593342
6.20189491331598
6.20189491331598
6.195887024861381
6.159091641288994
6.13008800973421
6.111891515880791
6.104281972478252
6.0806528620808
6.074627498124367
6.102324222814553
6.096804373811289
6.096804373811289
6.1045464552173785
6.104789711599231
6.115277478267001
6.108194263018429
6.162253551551349
6.196768120882668
6.214661189329318
6.208679907589268
6.142233278576371
6.115711800495369
6.139938052480454
6.141445038004791
6.100810960511773
6.108113021480641
6.1370605883063085
6.2224940644412285
6.294594036245131
6.311284066943828
6.307984240244371
6.301879553807004
6.301879553807004
6.284615663955975
6.27126605850874
6.223927785096006
6.316923617353868
6.314182179467612
6.302638402257118
6.284033238391158
6.313168318260256
6.319975507270184
6.324520498283199
6.326155393499248
6.384777306057749
6.389751277129874
6.44177198819802
6.470915407791569
6.485845604046215
6.509091770278978
6.513323657081977
6.533112920327041
6.5510360504382765
6.53972484546224
6.530537891897916
6.52876555521016
6.523906102279739
6.521032594143482
6.507159753586164
6.463007256606814
6.389929563993108
6.386520320370732
6.3852743389670295
6.3852743389670295
6.38462087923124
6.384908415552419
6.34577493345223
6.292397748799014
6.270240921877326
6.279088371926179
6.302089513062357
6.287865339983129
6.303931598765439
6.323290420920784
6.320861780134517
6.339935224890873
6.34352113398478
6.313207998610236
6.303217070405032
6.311478583157808
6.290258128046803
6.282586490926031
6.221623513004277
6.231730957340322
6.22619427099472
6.255696625208832
6.25236686436598
6.266320375738135
6.310074352337562
6.439449175381448
6.467419072830381
6.414719660722909
6.340799627649973
6.3397884963441555
6.3493597901990855
6.357836612651807
6.374143639653984
6.3547376782665745
6.44109381356692
6.457903721089869
6.455260537879734
6.447970357321825
6.4643942897797135
6.472854723098766
6.469313422255505
6.472473612622948
6.465891916897341
6.467068573391917
6.4687813766455635
6.482209788580299
6.469135474176852
6.496524049204898
6.4956046546938015
6.472000073067661
6.400872928855347
6.392899956242423
6.363289381224721
6.341352312983891
6.359724525692589
6.431617585722694
6.479289827843339
6.484788638464204
6.473064785947945
6.477847417977317
6.488759877992578
6.487375008330631
6.475876989812935
6.421927144664193
6.416591176521223
6.431756175527902
6.424022010081486
6.460366613266032
6.483276577623963
6.4948534049375235
6.490991923318127
6.515920657104657
6.522845719334344
6.521319363228945
6.524622073721075
6.522594304469355
6.4764796515763265
6.499925436700439
6.478994160281519
6.457834662976129
6.460270236937246
6.464189261378417
6.475674856391893
6.482681412588652
6.479893443301079
6.527844457093354
6.528172037201778
6.5801915556306305
6.580521011391633
6.596344072231541
6.577688401431947
6.631203622846389
6.618659338065877
6.620829856015588
6.633662150254889
6.63372434490447
6.6120300026296555
6.598695645976081
6.622222886476078
6.626326129177953
6.607438629165506
6.6051825940798725
6.613482531815259
6.60416172804176
6.60709714781923
6.613143459000724
6.614843805074498
6.615571003571878
6.607459674108388
6.580665731556966
6.587933718034122
6.58348363529213
6.574405580879154
6.573204380292592
6.587739204885247
6.590828817443377
6.573505219650807
6.5776422914866375
6.533302252342521
6.529373777425831
6.505956191239365
6.52252314268872
6.320380732661741
6.330057888249688
6.329417353724014
6.288919585862177
6.289810005292118
6.464131729558848
6.502873763619406
6.505847402596309
6.529103564788822
6.559290120729252
6.578553595563963
6.56301977387743
6.561810243393762
6.544329448735894
6.540879493922892
6.536543236009774
6.48093916162826
6.468478380358768
6.429206146938229
6.403972958235666
6.399305787243382
6.3959738883744155
6.391229085453069
6.3606932379035
6.3396770637653646
6.380090299877597
6.375723429126419
6.426807384152447
6.431253101676236
6.4440477554500974
6.410289376114714
6.462670654462682
6.43448144126992
6.411627831448369
6.400186820409014
6.42192323283973
6.385659212782923
6.361875837511735
6.325529103872732
6.296803824851079
6.282833529546127
6.285591732630254
6.3007183627409065
6.318986814454645
6.283476832287436
6.2848345827642484
6.2848345827642484
6.243049863031979
6.240437219051957
6.222975095163822
6.1932522610222005
6.1932522610222005
6.1932522610222005
6.193523630456082
6.185047447273763
6.17854597529915
6.224312406761894
6.237004914680474
6.303150543526421
6.305697200053154
6.289862795183385
6.2924113372793515
6.120766673314569
6.108806661945116
6.102165707566966
6.083949936361164
6.053340889768601
6.228114089528458
6.264253984907415
6.255214745474392
6.288082390673429
6.3290630659780955
6.331695066333946
6.329232051598338
6.317936941219693
6.409882165989302
6.435741302363464
6.477062129191569
6.489327752017657
6.50402391810776
6.51514940776124
6.514384579385989
6.515290818872898
6.52290459815998
6.534132048023142
6.5391475672311365
6.540230908456672
6.5270374574209
6.521212605060635
6.473433063148567
6.4685531853121345
6.459315696217453
6.46448609967107
6.3622254883230696
6.371489022228372
6.386430105359725
6.406251940988004
6.436126538143191
6.5028777122369155
6.508479590569531
6.521305966240065
6.514282529237724
6.510485862711264
6.519850398389478
6.512458373095562
6.51470094587074
6.475501150657793
6.460397929622081
6.3746349821254
6.390467111951178
6.383716732619686
6.376527979841277
6.377524324339819
6.375681196579284
6.369631267975106
6.357109025310909
6.35040361765927
6.430891851360432
6.445749547527754
6.450119448479405
6.465334914690398
6.468511358346156
6.461062033412454
6.446298675235735
6.427287670931799
6.404574491798891
6.3706938903604495
6.357928827470072
6.339742466367834
6.324692021467606
6.317283876133907
6.314564616840396
6.338763674458989
6.332987606087509
6.314591411356315
6.308400093391238
6.285591279794919
6.225252176613247
6.244073757662615
6.154498088965319
5.7506911722016545
5.61907969814133
5.8028679670244765
5.998438901942087
5.998674910713112
5.983966444464026
5.985791935576215
5.989309613621789
5.878945134940188
5.9171537796870375
5.925088666593409
5.930649795640309
5.977322858453766
6.194009460033971
6.319955943345735
6.378597842959352
6.438155695474276
6.483276214236439
6.497914608094201
6.4695835314995715
6.47211129104657
6.474883414587765
6.460995025316587
6.456774376251544
6.453103137037044
6.4578335793707184
6.459757144570852
6.46484666493798
6.49331218917123
6.494901678699982
6.512742132724723
6.529315022862197
6.5422161091164135
6.534520984581545
6.529080044187996
6.5358488085904485
6.533538952158043
6.525555783317929
6.52167708792162
6.520840945978855
6.515471160506398
6.509283127324536
6.511845139730209
6.551617784162553
6.53834722768041
6.501300344049071
6.491541260414757
6.467717785050984
6.418224163485777
6.405891750013822
6.402143993502868
6.421340344453767
6.421818069524482
6.415432718700279
6.40727041320916
6.420060661146476
6.4112168060402634
6.413874568128662
6.408304548051813
6.343004270411558
6.339959331748559
6.231700394211667
5.844817962590995
5.715063759164217
5.880938351014902
6.062143057203796
6.065746017367913
6.0526750968211624
6.072075114302556
6.068578095612694
6.07378885241215
6.166948988882329
6.172747849525131
6.171315434458154
6.195232673934983
6.391344836471244
6.39400996367544
6.3976775512464705
6.417145091360352
6.427388864460443
6.421534292304395
6.405333506661273
6.394262513360947
6.395781135848989
6.396209336045703
6.395768294742449
6.3743087396095595
6.369771395052942
6.359324409817413
6.335809198250095
6.309682278757798
6.288275419055106
6.236641154600226
6.053461895995738
5.969843284688856
6.019479076468272
6.100967477816514
6.072668867137647
6.096106329676336
5.9733090308289825
5.976465235500837
6.012071963374953
6.053942444203098
6.052426018803274
6.063998400861323
6.134673066838704
6.24789826335347
6.25382364668312
6.117380726201629
6.1461314864197965
6.150776019891035
6.237116475113053
6.244367063958945
6.250073127203473
6.248387562524231
6.258494809358568
6.272991234718014
6.292343587638886
6.292997818550784
6.297894147230235
6.305410877039013
6.305410877039013
6.324791771579852
6.324401204599589
6.341995008669525
6.43158840761776
6.455940436979542
6.459568884433825
6.480575990272168
6.4658322841492115
6.470876949181051
6.477817411750737
6.4411930785886735
6.42741827790002
6.409111195492272
6.418380407356093
6.442780554879871
6.423485704217465
6.4410521548999515
6.385812311369783
6.375217330419929
6.374832796134153
6.384002381883097
6.383259454694857
6.406550746028156
6.406954447669956
6.39485983903545
6.424287774046939
6.443298851091067
6.442737651376673
6.438844208262442
6.431151825727209
6.431228975213998
6.4145300817137985
6.424228824633083
6.428091692944413
6.4175569311652705
6.41577961367014
6.418834423360396
6.388245841218824
6.4260944377265465
6.414781076597569
6.403759212812053
6.455637010548807
6.464532342126599
6.469958889295029
6.459012810675911
6.428290094577698
6.430775166028976
6.423752278241789
6.440159175874898
6.431061986612714
6.436515641113987
6.418181074981845
6.429386273243873
6.409219714635645
6.41367591254724
6.415388336985081
6.368044492136982
6.274806834070296
6.28345564406107
6.276922300457573
6.267163401674102
6.3346093640705
6.339799234117933
6.327999059442888
6.370065144277061
6.370133318567984
6.370795905980323
6.367537084823976
6.34851661967311
6.281516577662097
6.274353113319466
6.289059955911903
6.25315713959544
6.315815068136416
6.323768008245919
6.322741621218516
6.334825940769866
6.3261225747327074
6.3525840087109975
6.323850540467622
6.333684114773452
6.336131368140613
6.34130007648831
6.366268094195349
6.372330227644422
6.3715342251769
6.397388686744375
6.44855156618764
6.487195036571433
6.4759349452543535
6.495176715108072
6.499555580231636
6.493399298796954
6.489929103776158
6.493079669188557
6.4810085812810785
6.48162343723473
6.4801593171774075
6.484326514209437


