Rainfall Prediction

839.7635766436077
916.0567728023864
1014.4472126248955
1016.4565318872251
1074.4948490201305
1108.28678906014
1178.5562091544384
1160.4961995174367
1171.5576314542814
1197.9079006404722
1193.2738405325172
1263.0339799894973
1309.8019225526145
1302.8999315452206
1282.8300014926053
1288.4121916167367
1311.9500997788073
1370.7689914199266
1232.2043457172554
1225.836764846857
1207.0731499139836
1198.8355238739819
1118.2301212163657
1044.797608604778
1032.306083382576
1019.6473838368145
1002.1066409318582
972.5947422873878
992.8873217001471
942.4285756214379
883.1131796636704
854.6225012349837
775.3081015071177
709.6842353342419
745.2501977488969
691.2039155539487
694.7990960937989
682.3351582878737
693.5027620073733
705.441563829582
689.4509867160989
674.5626269195993
643.1632310842642
623.7368189545605
598.9582309727341
612.3706410635535
601.301639418778
574.079108310727
542.9755655088128
528.2279632898659
500.44081369539737
475.32774281744184
473.9549855544913
470.1308322338116
526.8500558426606
542.1379602677134
579.0409849460502
573.9504872497544
577.2190183638459
629.6992185032085
682.0155906527677
702.1539162024989
708.7334748449324
679.2518644143331
631.2066605819778
643.1388488336371
651.9367574564407
639.6175275894815
635.5825057861346
619.404495784809
568.3456673237162
593.7302834476334
600.4745472118946
573.8309905708745
551.8021524506212
547.3458807765544
515.8060629644326
524.7133758382723
548.8890143662147
605.3949582638206
621.1992858521703
679.7505960972608
671.6625935936261
668.0535324168279
688.0151328071115
685.7052521983422
665.5449161587369
632.5712577130594
637.2442138067515
643.1482762225717
571.6935068408
537.9783543692845
560.9387735941928
549.1794321635126
575.7743125407901
597.2172787380393
540.0182304866129
531.8282107291241
547.9840645464622
543.6604018388902
555.6243289318459
554.6703054588631
533.1488763510312
534.3253597003247
534.3253597003247
534.3253597003247
526.6494288453127
505.2272429036774
499.47196318996436
505.0479036638146
443.465400565702
418.08858022828565
429.2774883309278
432.45933796968205
434.92523837037413
408.340054931383
411.06568206283464
408.6679161863515
419.8264217434556
420.93890347874856
477.4280299576369
486.73978389276294
469.59437284192086
444.3883012513004
440.74422916472344
420.38972920867707
492.849707476176
537.6985261744725
592.7783056633571
600.1509605460283
588.0903086306699
635.1026330947054
648.1925249971091
655.2071596697257
659.5294557603977
660.6240982321365
683.2377454803716
734.4964174745872
828.2846571648397
920.3630148793642
920.4430872596223
924.4980091506684
935.7734258839814
898.4270570795463
925.6971996882712
947.2807419633889
991.1183847848249
972.7358577905502
967.4519194702418
1005.3153721869751
1008.3328887756511
968.9644079795137
1011.705559890232
1014.2708893519496
999.4534377385012
1010.0150521870369
1016.6143502757517
989.6186010955948
909.6934465386059
900.0565653456756
891.4836390043661
946.0980464719692
903.6689119711455
922.041546255937
913.9971606872176
976.7343713787677
953.4832033979646
933.3470620284161
938.514465786837
879.7872736054408
801.1650463603029
782.0490666142568
781.5772105892638
809.1786915705752
830.5416770533967
816.3824166924918
806.4627833164599
776.2537018085261
769.0804170619235
770.3050179757724
726.3034199388345
707.4060893151235
725.3380430959528
746.6236349436302
773.2274220181116
810.9745664838758
804.4637386079064
802.3931200658108
775.17156575476
805.8490525907965
751.2431525939953
754.3921960232606
737.6166849821533
733.3995809313996
695.5162893760463
695.1395856434012
631.8269233192063
673.6915223561994
642.134781234762
609.2781224988322
620.3167802866055
643.5730876668149
728.2049395873166
716.018121415827
654.0990944283778
628.3633380903746
620.611416500847
640.0561305340002
618.9069383661506
649.9442896158807
654.1542406590127
665.4732059493324
657.295233707249
623.0240959811797
572.8050658416621
532.1826238732382
498.4600277208731
501.4664044117057
549.3197498347728
546.9786537912728
526.5074355490913
540.569380711343
542.190788684763
522.9764935877496
607.8372599604721
619.7619001139699
646.9983861229557
682.4987994208424
747.2129246209757
850.5839408798334
918.5266329752669
902.8560016981294
907.5686068247328
842.6104063968177
907.6904137817528
948.1131639542947
964.6925587619362
979.7158987586613
985.3214691185932
1052.6036416581437
1052.2194698736853
1115.3041231845377
1113.2266804089086
1112.665522996358
1093.7017649454945
1079.9646704273107
1085.072306406072
1049.107377368388
1038.2636796546071
1002.1525334559868
1078.5941403251577
1084.4851341420579
1074.3722120179327
1105.9152612413304
1102.4490109315423
1019.453986937527
1034.8227817565337
986.4841979483637
965.1511101083115
910.5528786504397
822.134490850962
727.5723106660234
719.7481815902036
683.3596129173443
667.8698444762791
664.8351548570488
686.1678166441205
718.4500613547748
705.5746037546232
658.8665112102859
594.1080219373123
571.0657049983959
499.6942228867277
514.7649118453255
532.8483858601007
602.4207910907305
613.8596216708818
607.7038249322599
629.7260368095658
652.3372108467134
694.4654509605601
617.4785541642184
609.9067556323492
607.8567617860563
554.9661729361068
551.1353168608842
547.550122749725
555.0028737895321
572.2805135810248
590.6382432214713
589.6798896008353
586.7892195022146
600.0491836169058
641.9739416664361
647.7138583416203
647.0429032644229
638.7626969970476
597.4628311635993
544.0266214496361
533.9711072099575
559.6433048630315
565.6871228576999
580.3276100139365
598.0773845938785
652.8928233832934
640.2578153224925
609.3607152068672
624.0587594190429
620.2077384785889
606.0816104762123
626.8745314720466
590.1732976777721
603.3786651864806
642.2691083360249
655.3082037951099
700.8299101089733
718.4831921538643
741.9078494504888
748.5867111241073
736.8410583186969
718.266321651497
712.7677653330306
735.9903970451151
736.5095214326573
698.3030184569564
705.0395628891774
711.0498770268553
708.2785443955831
699.3984568632715
711.4270066639612
738.7961027147559
721.3206808998932
707.1320596297678
667.6580416909216
662.4621073070562
612.6357884678274
662.224381863519
642.7622429211949
624.7976981351896
627.5287466503769
645.5867876065914
623.0550306129203
638.2069665398797
636.9889148271074
592.928115226696
580.6630253530609
552.9072711971417
582.3166703331613
585.0699512955102
572.5184337281877
590.4534727816815
595.4254887457658
609.5601146059785
607.279998432902
610.8837408903025
628.0465999938305
641.3377298355165
669.0528922737358
684.49160235283
689.5687467386637
681.3935448004652
678.3971364823494
682.2939724813427
692.9086652170542
687.7529708446345
674.3690996667701
665.8203383714472


