Rainfall Prediction

581.0807698583408
558.3990718841602
545.2284077255233
514.1894964003822
473.4055369381752
474.7392039194236
480.9162359995075
472.91673692527155
472.50334415875955
484.9452326406114
485.9636082635458
486.9594207919687
466.0760716845253
470.4755559649958
471.1126004242196
471.6360983772104
424.4456816703431
437.338114927039
484.50257317914276
386.99709624455363
351.5407894807963
318.20912803940394
166.95030647184183
139.1040145210264
134.75644224070209
158.68704432497486
159.98841696700737
163.9371150412624
169.77848491081454
150.5867039793478
147.50393623200435
143.32443513726793
188.41132442765513
180.9100826302032
177.783491007749
203.93576143725295
192.81684724086045
191.53967563818327
198.91528673382692
185.99841495925008
197.94713168053966
212.36952823913265
374.24074281202803
410.5406810382184
447.36913280807676
449.82675575840756
484.9796362577489
506.7883244742893
667.3983200426766
657.7358160249752
757.9671923274
762.7574754997288
710.9155230986851
727.7708602070777
797.4321088057702
926.3170154017075
965.7669673802916
969.5490277108796
963.2937973319431
992.8885709372372
991.6133855383591
1008.447841131827
1012.227954800512
973.9539431664884
976.7674856538147
997.0071978192328
978.0631020507215
957.4510046148213
959.4570278391169
943.3288558911676
946.0048978303627
920.4750944906547
915.3486867786169
750.8132608009674
695.1382458680907
681.0951980606965
677.4284142055229
657.9487579998773
643.488593395075
534.3354903987333
543.742613597089
425.45074516005235
412.87235710847824
416.0709212012084
457.69044104735036
404.9967113049847
315.33154566637046
252.43270595036097
248.95116446039214
256.8989177315067
240.67848578961764
237.74406148982476
219.4789278168564
206.87907638476713
209.90116643529043
225.97492758456474
216.37968571643603
217.9574403735897
211.6932722851452
206.10496575624194
212.66082751500537
216.39964727172156
209.67580137180695
214.61138358447806
203.97769164323086
240.71697475423434
202.23787962441577
198.97364080354592
182.25942277404107
168.17263010516575
150.98682457010688
131.3543044748007
112.064218404392
109.08691993637049
110.14350194561831
124.64546056613918
135.28567525840523
139.3941339241748
144.55868673596703
130.852296991166
141.86523989422048
233.41216490172906
244.11365257629583
244.9975829249496
306.25755034792854
308.1381546168546
334.68558569318486
338.51146128590767
362.9516757588975
372.67606739585716
380.168647914395
374.10349739398976
362.26871032311703
372.2555176288927
377.3282931306571
411.119061302228
520.0991024191545
628.4486336044413
677.3576785821218
703.8305646916746
737.9814737427229
757.4667182378224
775.8063231605514
744.6924761181978
802.3041990154425
814.5078729386247
833.4094027882268
798.293882514124
790.3969666346085
783.5992000298509
785.5944172410199
857.5193071901048
810.4284736855866
798.1444656451304
799.3068426939872
696.0345348059876
641.5593822036308
723.6664586948441
781.1342787710471
747.0688082570587
737.1274959275737
792.0332121499162
785.0288691219054
877.6100094982195
899.4420031750669
892.0815931267279
873.4212477324405
878.588090635865
770.9660663634834
707.2456698458174
781.5324669583456
754.5067160165482
757.9765770905707
838.0657947475955
882.7187989373008
848.8559833458597
797.4602397681866
715.3563559186136
740.0508820229933
739.6844362665317
755.3454483736467
783.7160465439873
733.9892506625564
744.8889235097522
832.8723294503895
925.7495530215227
970.9930692980054
989.9332720218704
925.1511694344723
921.6134944330063
931.0727039962783
939.6687772143714
904.6616868182203
923.4883446535785
887.1095806489041
876.3976228912667
862.6352033889674
885.1848694165184
836.9151815373677
874.0135952809882
878.4290923976105
761.3803329775658
740.6003913649636
764.8350362575384
706.0126669602907
677.8521029181675
651.4376187352348
602.5337297736639
575.002877793888
581.2537232323125
566.3422553766139
562.7028903917062
545.4511348510242
475.8062061300859
444.2849121956623
327.7444266741497
279.15819366396414
293.1758538501038
282.45032384887986
283.3561428054372
255.94891577971552
342.3660800612595
373.0693118038257
447.25290619997406
497.7543261101463
454.59411674188146
455.498325579904
451.3568037324144
381.6196276835883
381.27531654158224
353.1086387428989
346.7409149139242
376.8397243890084
374.29692308841464
369.6653338856733
366.5260657224676
355.0618999514468
418.4681112979398
458.7353270498553
595.3923937343982
608.2403489442322
684.6209949757514
636.3002061623813
800.5239670636527
755.6037977902567
741.9811847369298
746.8525213802313
728.7311776890291
728.1986907071741
713.8799528536956
733.061897642927
730.0148400705893
664.6509097686312
645.3810385291993
668.5036321758598
654.2635989120678
659.4839157456173
657.4953441917949
653.5073477388198
655.0640927588188
644.5648230411364
667.5948957530078
638.7100191200543
613.3942627574322
611.7634956049586
601.7175208003835
583.0673909643009
572.6068900135867
524.4064278553561
550.9741389294575
473.2770140351662
446.318227396566
367.2397143327787
541.3232764966227
300.18904526185247
304.78900788080546
312.00741886097677
320.9390430823212
323.92160447049554
484.70674364917454
551.9722053601621
569.9746686292308
633.2041598680601
704.1039111434701
764.0691956726171
695.3036524199786
694.989409852255
745.396179970049
734.2434516424722
759.5562508255916
757.4389785086082
770.9672713160035
811.4348741209391
804.1404784862079
812.8153469732213
796.0966137759815
788.5430266135676
784.6841879429518
787.4316913425068
783.1580596658077
720.3048914218151
763.5417411538605
759.1558937586788
762.0086156611562
548.3639295968007
536.4063913452102
535.258147772112
627.7709316595814
707.6279779724052
832.7059491862871
781.0312606900707
766.2481439859672
823.3250698943543
802.8478334225256
857.5767272798748
897.0671585218462
909.6361203090921
895.0954015705602
837.2592032035382
836.1651386302988
820.604004082014
862.0581596035222
872.8373660175253
911.6966493671949
910.830206666282
903.3968524506096
914.6517772031509
915.1661155297
941.0658466182527
956.9235769158884
985.5064497777075
1000.264663627627
1041.6944186657324
1078.6255808720227
1092.5933486420197
1150.6045809479485
1136.9829534251414
1204.776542331238
1110.8974247249155
1011.3459734689535
865.9762231716263
833.3447045593341
847.019093895696
801.3438737116045
858.0679045637844
758.509851600448
700.2668564952394
673.3858833696873
674.8139252869124
672.8442520136099
774.6164509681844
783.9367347911426
740.0528756448988
806.0012194737101
749.2473427300939
784.8755937786588
839.8663129452109
842.9483147802916
886.5759291930143
818.7591400276467
820.7491427594484
812.6119922782032
804.8929960197883
775.0716555427771
755.0012344357935
736.8344831164906


