Rainfall Prediction

598.4192904526923
570.3544059900138
536.6198076582411
484.6110776404087
477.871089888268
479.07102149661836
478.20967311129164
476.78838461641834
474.971691289625
481.5473614101755
491.96987201790256
498.1676162832737
446.4606947971484
446.6840918630744
446.68008605390514
446.5029782681303
391.62375843630986
413.6955721307415
487.29769947223434
417.9409721053722
414.6515698483932
445.9971216855954
342.58279865190184
348.3298638421831
351.51430259995
354.23790749173673
356.09666020823744
359.11005242476455
356.6788840811913
319.46729348006403
316.07596961169554
315.93610157857427
316.53615513665073
286.40226787207496
291.96016435005805
334.4103686667031
333.35741324990784
331.73951007412023
331.30689460199125
330.38098668476385
343.9250142258207
347.3281533434294
462.48349992583144
618.340380130092
706.9759872186651
718.5339198484099
719.4185869813443
727.5062534925282
873.5011570417424
794.6403343548152
805.0452380618007
820.0064758894434
775.1430118816844
786.9111623841185
929.7161515147133
1207.993047160875
1324.0977686536141
1324.4422158763787
1319.287021828499
1314.0856493585327
1314.7752075156816
1369.3144694932564
1391.1675099894376
1403.573231944876
1403.8743329749293
1397.8860033509352
1339.0241379742238
1338.8147534361092
1339.6368508458263
1339.64236527232
1344.0345684410947
1326.135822010092
1329.283972244319
1207.797385667558
1052.4915301952437
965.8243370385002
960.2240876617028
1003.2661571861488
1003.0182437272694
829.9268610405812
825.4313565481314
835.0998671055808
819.1388800917691
831.7082200912008
818.8388917885086
670.8212942114656
422.6752574028522
307.67307129215226
303.43170088913956
304.11433230724884
304.03252413205263
302.99425953039514
251.34695780702498
235.0335433952791
233.0219745318065
252.5268741001446
252.55452535950693
251.69666275993896
251.71381537718858
251.70666934591827
253.75295830940212
253.09780301673447
252.5579247334183
238.5128783269662
237.00622048929077
233.96237395199526
232.38350167412744
231.6001190415685
190.56328147097088
184.1377592339396
183.02865696459406
180.02988441304885
159.00203124518538
159.0545509307134
173.7678431877329
268.9928823406185
314.80612553868474
291.10814596276134
298.02501290002357
298.3231951329067
297.7394467892564
297.83886869222124
298.1441466442617
296.1441466442617
493.2638371224254
582.0814414713786
584.5338804724506
586.2414049370783
657.2902004164055
687.2068823592549
708.2505337888642
733.5031571264477
743.8990593252495
744.251752409961
768.2651138134198
801.5471747707512
804.3821963786511
945.986150846784
944.6011834122522
1021.1919526009438
1146.502871570191
1145.959374253129
1145.7721621935866
1145.700180764731
1146.4247383682552
1122.3084373353483
1027.9565097630907
983.3743163803297
973.3810036148427
963.4351036321984
963.347478564963
964.9383093111529
967.0162992310642
968.2324686086187
970.4098706840059
768.1291423082962
667.7393943400815
839.3029929632548
973.7090561970946
903.0301207573335
874.6335640059624
993.3597410300615
970.1817098589089
1166.3644466902904
1206.4169057118154
1180.457783352559
1181.4242560256575
1396.989556375713
1256.2975424015879
1261.8398106016107
1224.8881253645234
1184.0114230771053
1266.0201813308513
1496.1491974456071
1602.2804024869615
1691.5430629650496
1828.7888434145643
1921.4175557340502
1918.4225412904182
1945.230060198336
1983.2665550323077
1992.9060457954818
2059.671344016589
2125.628905160894
2379.516992890577
2379.8703751329635
2384.0296579767955
2395.5699547853
2203.0889619875115
2067.491035973986
2070.68128543126
2068.4466319254993
1935.9608220035577
1934.905655262252
1840.176689709461
1799.9169424934685
1799.675370455927
1893.0297927944193
1699.3543303950314
1753.9725189475141
1777.5888471843473
1735.4608929471074
1649.4987877371484
1567.7095282051562
1354.522815139364
1261.978661341342
1173.4879934866317
1039.1082326716707
948.0278943392068
948.3498015869354
940.1877164319643
958.9552844534942
958.8930648826943
962.7666616062618
894.4549821597287
638.6630032791236
634.1124258139998
629.1426177367341
619.2765333863782
619.851132309707
621.4303768588463
623.3701808138878
623.4545119107123
617.576964365014
619.2809862111629
510.4618539153595
512.4464077425775
512.0144499602571
385.1806456568697
381.149338264159
325.2611909887455
294.06461818208453
293.6969656388222
293.7559018074507
295.24035010170513
279.47283582519367
266.18741191357844
323.14102132918987
346.3349032983542
479.566872963205
495.01067803361536
544.5552566656761
487.196039659859
727.3184365286344
655.242790729632
655.6419225232353
656.3078012756562
656.9844970461363
656.9252783024028
660.3593031351994
665.7318692695583
664.4733452160274
664.3063355668468
668.5743568119152
733.7751005170725
768.3474333182604
768.6900228475835
774.8209183153498
775.712929878468
774.429593159534
753.4379409463311
753.8329315649107
753.4802869631958
754.996545008133
759.1299117572662
760.2705970149667
763.297088637328
765.0523546411634
708.0813186856518
684.2916394182006
546.0354393524508
532.7718107620959
462.6335381984918
466.3757453909915
216.21798522895196
217.31915504754846
216.6619984633235
226.64731254656027
226.92532979665108
406.87637727214513
485.1615778455578
500.1418460548616
570.6863368332877
684.5360545765834
770.3634802269703
725.9460955178532
718.5035127004029
803.6558413659973
801.9373128375504
801.4604100877762
801.6186027515284
801.8000369239273
802.2256350941959
802.8207116112025
801.2399377558638
798.2533919749994
795.5913590975518
791.5402035659241
790.0595768577549
789.7960845956496
784.4271945641904
785.3326465694691
782.2695228820859
781.9342243160384
776.2918101244289
776.3213955775476
774.5179102554529
803.2469279737599
892.2512246013569
1097.7907416318055
920.0135090990901
850.5415706185464
967.5442480621007
912.9537873725795
818.7841292465666
803.9034084790779
783.8128325901183
757.9678793596319
678.7885867881948
685.4106531622489
686.2999439003991
688.0538847804928
703.198837881205
746.8068289095796
748.8734188348775
752.8505816441834
751.5013297497893
752.0757120930382
758.1865833538847
760.054757671795
779.4192925508124
827.5843659079769
931.0573263485848
961.1489838550981
962.5770826510696
1061.8287843848507
1069.840673858109
1071.7052345786465
1041.8327842198182
936.2880906076184
734.0894290486727
736.5072767689411
735.858335029586
672.0744741088027
789.996442757912
817.4250580302537
748.6691854915271
751.3862742919949
750.6663933179692
746.2418264072181
861.9763059597598
914.4851881846673
946.1364141118322
1040.1899010950874
1116.8523562873722
1117.6274661434672
1121.0792364630029
1183.806073261576
1280.4704211557926
1321.592699495174
1328.1298554712685
1309.4099244826277
1291.148837456953
1188.4898514454455
1175.44173814098
1183.6463851150136


