Temperature Prediction

385.7335152087145
423.08215774603207
420.7524931486651
419.88836493452493
416.6094734828087
416.6686799303238
417.8402643521098
421.3002339622275
413.3533786068281
430.26722561661893
427.29288774725705
424.1655633942493
421.8892854340315
405.08468082359803
389.27227583038945
395.40573050943453
398.17419416621186
393.8527546699674
403.3435445292313
388.32820171737364
384.6102479930815
421.69994371538445
415.83811487785215
414.8768057340303
460.7070914931929
415.22962994361984
418.05738366284737
414.09513891617365
412.3151746546738
352.27054659592716
347.56690839262757


