Rainfall Prediction

1525.0
1683.0
1625.0
1647.0
1705.0
1755.0
1612.0
1463.0
1457.0
1480.0
1581.0
1297.0
1250.0
993.0
963.0
836.0
829.0
675.0
623.0
307.0
306.0
514.0
316.0
615.0
759.0
777.0
736.0
715.0
773.0
840.0
780.0
861.0
810.0
887.0
937.0
987.0
951.0
858.0
1010.0
972.0
995.0
1204.0
1427.0
1582.0
1776.0
1981.0
2065.0
1909.0
1574.0
1647.0
1868.0
1584.0
1825.0
1252.0
1206.0
896.0
1242.0
2558.0
1575.0
1737.0
2640.0
1977.0
2396.0
1928.0
1713.0
2047.0
2509.0
2101.0
2514.0
1558.0
1446.0
1481.0
2122.0
1652.0
1696.0
1005.0
1313.0
844.0
788.0
947.0
948.0
1210.0
997.0
1005.0
1056.0
884.0
965.0
658.0
468.0
258.0
248.0
131.0
251.0
235.0
258.0
272.0
202.0
286.0
286.0
202.0
203.0
163.0
213.0
238.0
257.0
271.0
372.0
335.0
357.0
313.0
345.0
385.0
363.0
394.0
348.0
435.0
428.0
455.0
511.0
488.0
377.0
440.0
504.0
454.0
595.0
301.0
705.0
819.0
857.0
720.0
471.0
481.0
1041.0
713.0
679.0
327.0
353.0
456.0
503.0
807.0
1211.0
951.0
751.0
252.0
940.0
1175.0
158.0
468.0
972.0
166.0
433.0
673.0
516.0
1061.0
1154.0
815.0
1023.0
1143.0
853.0
1318.0
1300.0
801.0
715.0
913.0
753.0
841.0
859.0
1021.0
1048.0
1777.0
1028.0
985.0
1499.0
1981.0
837.0
2107.0
1485.0
2225.0
2031.0
2664.0
2188.0
1947.0
3191.0
1713.0
1291.0
3196.0
2226.0
3091.0
2213.0
2472.0
3130.0
3044.0
2887.0
2815.0
1345.0
2605.0
1667.0
2060.0
1907.0
2225.0
1600.0
2257.0
1761.0
1497.0
1851.0
1115.0
1940.0
1233.0
1237.0
1401.0
1215.0
1257.0
1146.0
702.0
1133.0
860.0
805.0
754.0
391.0
716.0
228.0
445.0
697.0
301.0
680.0
366.0
389.0
881.0
573.0
833.0
638.0
853.0
829.0
727.0
781.0
855.0
807.0
829.0
925.0
727.0
559.0
687.0
1500.0
1465.0
1257.0
1329.0
1708.0
1543.0
1435.0
1389.0
1897.0
1387.0
1833.0
1361.0
1849.0
1731.0
1740.0
1320.0
1097.0
1521.0
1180.0
1294.0
1509.0
1210.0
1713.0
1354.0
1396.0
1353.0
1535.0
1738.0
1410.0
1531.0
1624.0
1039.0
740.0
773.0
875.0
780.0
860.0
958.0
933.0
714.0
1008.0
830.0
974.0
888.0
677.0
1137.0
1286.0
830.0
1354.0
1342.0
1303.0
1186.0
1303.0
618.0
398.0
919.0
373.0
792.0
1187.0
1642.0
1192.0
1327.0
1719.0
1774.0
1687.0
1522.0
1283.0
1454.0
1958.0
1339.0
1511.0
1796.0
2100.0
1735.0
2027.0
2245.0
1684.0
1946.0
1687.0
2129.0
2223.0
2504.0
1976.0
2111.0
1981.0
2036.0
2296.0
2428.0
1911.0
1822.0
1405.0
1396.0
1696.0
1756.0
1513.0
1047.0
1281.0
1142.0
1013.0
969.0
1455.0
1206.0
1352.0
1319.0
1299.0
1229.0
999.0
1361.0
888.0
1281.0
1029.0
1270.0
1079.0
1493.0
553.0
1131.0
1465.0
1545.0
993.0
1321.0
2070.0
2053.0
1718.0
2148.0


