Rainfall Prediction

6.454967853051838
6.4482829627748846
6.412568944272124
6.404543423872542
6.281779030084313
6.2611115014522305
6.188706173310203
6.2858710815505265
6.277142627307499
6.267601903760657
6.283485526256319
6.293317161715591
6.293453282207382
6.316495135370079
6.321651466089136
6.337687945114166
6.370801071702595
6.358409616479985
6.363732393590144
6.3756787422528305
6.374398636859596
6.407766585197571
6.45981802191443
6.475219199331382
6.503000626077426
6.5661807470613995
6.573431349953856
6.547476694801925
6.545280195869214
6.570849195787037
6.57201982971016
6.578014262690316
6.584099457644147
6.586141761530709
6.600712988734514
6.6151153782168715
6.614093125765355
6.612360053749936
6.581066291136942
6.563577786132383
6.566402364722622
6.558390597855056
6.5686366409176085
6.575207111653215
6.582529288624311
6.559613546414524
6.551018301148031
6.556913694546616
6.567069738280922
6.553217127904924
6.534547827299198
6.536528321778305
6.526835170480567
6.4913943008922255
6.416138581543749
6.324808592651469
6.243327151913973
6.23229458344375
6.232744503392056
6.205879793857913
6.1273521556058785
6.147651732083697
6.144100858508267
6.133255461171876
6.273465328872265
6.343896880170989
6.312866584798365
6.30456816282895
6.282514472033105
6.340012383202292
6.342693393288817
6.340259868468925
6.338615225957861
6.331030204447757
6.316455318361024
6.290772161971504
6.288779802323947
6.282334963889455
6.268509283792593
6.261960738350492
6.262113680253453
6.268347747995653
6.305174908504801
6.424820252927108
6.438257128155138
6.442117612345009
6.466365821993852
6.501018855955502
6.515415556604119
6.534609259745909
6.561984580536652
6.567176445617604
6.5402285996432035
6.532752638506544
6.525502996967635
6.433116367640029
6.394431029115077
6.264738179304108
6.258386765233965
6.264353245865829
6.315789899540944
6.323322550796975
6.339973037878196
6.404314928368806
6.5008126206607875
6.552205876477731
6.559673046193477
6.563919209824924
6.563919209824924
6.57517689311646
6.581610940962225
6.605713685377546
6.605376685925767
6.600013027782083
6.580165761582319
6.602261400500816
6.603734733459937
6.613965588305789
6.627942031636271
6.638036768584434
6.626961067132429
6.602806850491146
6.612163761898264
6.648314399571528
6.644900845443241
6.64404045668271
6.6575265595126245
6.657577099974726
6.668351189892138
6.668224659545502
6.6674702642687045
6.6625093931734005
6.660575525162752
6.663644112151718
6.640889037295878
6.5628823375461485
6.475248172999816
6.431447666441247
6.424532624386898
6.42509855800916
6.41438791422219
6.414967923994495
6.341143599071411
6.350362222082655
6.381404601363324
6.409392073593353
6.371236645618777
6.368026136051907
6.315508919294959
6.303552672319745
6.306250150761882
6.320174499626811
6.316634119152503
6.2725855444333325
6.253059761641148
6.258788785769084
6.262733043535931
6.251116949060164
6.244728281970972
6.211834435416005
6.212174655378886
6.212648306846644
6.204366899592751
6.207095230208852
6.202744006498975
6.22882240361152
6.260180314047809
6.270751680050022
6.274856446624572
6.283019491738526
6.282145297674769
6.278741774867167
6.248531980920531
6.265816057035439
6.286901967924602
6.2560673003516465
6.1912736345002255
6.174293444549122
6.177964607428681
6.175214153475104
6.167040979799821
6.115798477734697
6.0500679795847
6.025350135111483
6.1058436356822785
6.045688626271681
6.050124535970013
6.159931418299817
6.184900896206776
6.154323420305136
6.119062138985686
6.119335648851622
6.152685735752331
6.133806281910042
6.1836034219963825
6.225430383525231
6.244923940963334
6.252417286930517
6.227877002868674
6.211834774153522
6.204739815702065
6.205692904482578
6.198252137965379
6.2024314833596526
6.27249241803366
6.257970629924585
6.261658183973901
6.273665501053361
6.263911848861878
6.259086376385779
6.240013687035586
6.237268847845172
6.238837120138462
6.2542411936044955
6.252346100157481
6.216823403056832
6.2202985375294055
6.207540101626117
6.145223490616769
6.101349228459841
6.161005906177407
6.1745589372503655
6.201813149721954
6.175785850239055
6.196158217021893
6.287349338640481
6.347913538094746
6.338789470949311
6.298379136763966
6.255047911805574
6.235429109891954
6.260190211658857
6.259885377899451
6.271626662095972
6.294974443889306
6.261667481726543
6.344998521962935
6.3442274135599135
6.337711232625101
6.331381289310892
6.343529867842171
6.323713901668182
6.320278000974591
6.31559319216926
6.293149228336341
6.2864012147059425
6.3183315443836445
6.3201123784026985
6.3201123784026985
6.369012358541444
6.390625484218792
6.387256477412414
6.384832571993582
6.377199128443273
6.380021831461581
6.410651736451473
6.399165877693862
6.349780446458142
6.363325554183181
6.385382942618951
6.4004781292684925
6.401595759960604
6.3922767339976385
6.392790602919905
6.368831291991286
6.385663969424303
6.378120783637397
6.341189644344306
6.3356107071366194
6.296448936018252
6.2638359629711235
6.246310811800918
6.22376207765094
6.22312521484183
6.199794685694433
6.176296361982084
6.1775519668677905
6.158169475894482
6.143449839051616
6.145632924131212
6.166306697150416
6.176290399519797
6.212897704850739
6.219822613743483
6.256844602344838
6.228360774208024
6.194218872299076
6.237050415431135
6.362482170699915
6.326443806302348
6.2122391638593815
5.913621315229288
6.095404567838776
6.3888093720220285
6.4238654556898656
6.50088291814419
6.47324850966288
6.470813742296096
6.475256231411372
6.484920785280839
6.489461816974185
6.532408325711534
6.560924302794828
6.56493934548277
6.598783078278725
6.618915845207616
6.626540336898182
6.62727516112332
6.624576867884785
6.626442220549028
6.62594223098467
6.6068617526169335
6.596118482110227
6.617247800683034
6.628588596267656
6.627211454879124
6.63034658194792
6.628808951223528
6.654697429914303
6.631838534199212
6.645733333509248
6.645500071283883
6.646805460304232
6.6479861499117305
6.604905375384337
6.595975355680689
6.555204746006781
6.569833094221364
6.571859038376849
6.5603991742520185
6.556734112108278
6.553091872997663
6.509076750239677
6.459087948739759
6.453490414328822
6.341340948974535
6.291911825221771
6.279580671238667
6.279343893675782
6.286079642663047
6.300566938516098
6.30714893977951
6.306649316183099
6.3208671210053
6.373592011781561
6.3499973327947075
6.401845038599599
6.439472772354166
6.456393324695946
6.50075492157834
6.509989434610889
6.544118965603384
6.581683997958719
6.584766287701328
6.578452014323157
6.576245637123169
6.574847047188393
6.560954099886854
6.578686153517124
6.596008114047503
6.603206190383682
6.609976670275019
6.613251680495355
6.626547792131001
6.634428718724861
6.631721651502752
6.676984594152836
6.678833857095226
6.678833857095226
6.679351016637293
6.665412255180082
6.684973514406671
6.686964812717397
6.687299528751409
6.686359956864616
6.683977468767062
6.68725347013061
6.690764928860057
6.667928917316562
6.674952422731577
6.648849000165321
6.658429447118416
6.630021190485163
6.577679873998343
6.564727898300259
6.563721157887876
6.571980898422844
6.571143338255475
6.566833694653398
6.5320108589466415
6.504171056455574
6.491481047015607
6.482881119838818
6.48136357161989
6.461838358822288
6.446222558127557
6.4258431782033085
6.189476084629327
6.106338450692557
6.10871376665886
6.100951679359915
5.905513134796301
5.868655825208193
5.890610550014486
5.911714405066022
5.918703366783311
6.097471923017423
6.137986097405539
6.19803257125817
6.197660949997524
6.202190550516253
6.204702757402893
6.233106543196956
6.260435117586567
6.2609129785208495
6.2609129785208495
6.260841688903205
6.250056850618891
6.210391910217467
6.213036459513756
6.216211061179121
6.220084357163622
6.234150428066279
6.27562296005672
6.276105753958265
6.279275593239161
6.266058791693002
6.267838083509544
6.236695618357459
6.236157120976625
6.239777890878746
6.275089738035195
6.283327914098761
6.296468875273437
6.332791451521571
6.384685532756349
6.410411433415645
6.470894921652132
6.460010725135861
6.473789313272623
6.513364698903219
6.497438556464779
6.527753202833946
6.54199458202431
6.548911617166773
6.552690552981602
6.586664233091001
6.6499332066015535
6.666874188543123
6.692670017654124
6.697197568431621
6.715250291606908
6.736355888644944
6.732643457274002
6.708543025598673
6.708748883641539
6.69730614226917
6.693617107988919
6.702496572008083
6.701851196291391
6.702407886936625
6.71020908114708
6.727600388548364
6.732119536518613
6.706973118894901
6.703349527475341
6.712720582767964
6.722029648650732
6.695483746362946
6.694257172523186
6.6907394547091235
6.673259225692762
6.656434677033955
6.618995612812143
6.617192549274117
6.604445335168349
6.601738595822351
6.584667981855837
6.532356157662427
6.513427627590347
6.472810231504005
6.47525913854241
6.437389093316442
6.395680735431386
6.392503235649683
6.395840053763396
6.396315419554972
6.38846247527205
6.411017228036515
6.426428338503555
6.432333664135512
6.434724109672924
6.433780751795328
6.424678167672555
6.401198177619853
6.310250956345807
6.309818756966816
6.3571237672593774
6.348509438426191
6.3901373264425
6.399527857557645
6.395651850701419
6.38994303153801
6.366643374994726
6.346141607852471
6.360726735516068
6.3707572268751065
6.371249464099114
6.379971710641762
6.40207255976859
6.406314138189896
6.403017738326987
6.412179879733193
6.417968256964395
6.409504536509178
6.388657056067296
6.3542904622431
6.371265574959087
6.37391627837855
6.395981460292504
6.417883639677434
6.421064082715856
6.405134703660276
6.359874052770917
6.365589970512316
6.391154237993264
6.384681374381278
6.404292653258773
6.417863474795283
6.459508524987079
6.483964917589738
6.511413467621613
6.555399053878422
6.5711707558411225
6.580241777375803
6.6010296864044715
6.638134125353296
6.6358637961769915
6.654117609328757
6.670788607173575
6.678597157976247
6.684007051611734
6.695877648452776
6.6878150035751736
6.679782068104019
6.683298452177534
6.6867850626319685
6.686591245324043
6.69479090176554
6.715028752219776
6.704694974145992
6.676699629378652
6.693586902196593
6.720275043990233
6.721703849877533
6.719859473992227
6.712355485510663
6.727081711328083
6.7226518821848
6.720927590887681
6.693193299307979
6.6862409834269245
6.658800036912885
6.6604331783843165
6.649101348979767
6.652868668628327
6.656278983735977
6.6392010739410825
6.637825702625771
6.623617156458427
6.601471818222126
6.577931485056746
6.5810619400623365
6.566489117584331
6.561927687149033
6.566236117517848
6.573734534554052
6.566671540953942
6.557603913559249
6.560115045532736
6.531570696903363
6.525754195355644
6.542720002112589
6.518827790282825
6.494594940523432
6.468147349706221
6.492246865211342
6.481135749191213
6.409585060418392
6.402422681051582
6.368152466826058
6.370502755815736
6.396727940687993
6.393998659182316
6.385075642931941
6.387220551333119
6.3867835398949495
6.377624242129589
6.4227611520529475
6.45730044968153
6.471239134002091
6.49795107862877
6.497391676957889
6.492489562401796
6.489930386876738
6.48662342518003
6.479359461373058
6.449689715970408
6.439401569641786
6.4085333008230405
6.379458678793144
6.398004884808741
6.434078962958813
6.464659135266653
6.476127553111149
6.492492560048331
6.479906879227658
6.439188574755742
6.453774769429742
6.468197683653748
6.469926312506249
6.474265549331075
6.476009569251975
6.47413462685325
6.47413462685325
6.483926451616392
6.46488324042692
6.460698779629937
6.463811287005445
6.450358300414547
6.424755063358449
6.453773531879955
6.426548088057873
6.417283698553613
6.415093629323176
6.401745954740974
6.3986508567232825
6.396347045778726
6.3965373732124196
6.396549349569854
6.392105446254122
6.386342129306557
6.309398573024126
6.2636711714672995
6.013430891193971
5.8965680291275175
6.056645007388202
6.135406615195996
6.146528288174697
6.140199139077491
6.111277223397924
6.120356057873383
6.134038022644187
6.151821762841731
6.1599200209068545
6.1599200209068545
6.154771556573522
6.154166929889085
6.166314803654827
6.164503785410284
6.172893088133909
6.194510079515547
6.177357373014807
6.302002681503937
6.303787650410261
6.301342838194569
6.299018453435033
6.315588021029366
6.317346749392525
6.36807282860601
6.442685760771335
6.4850517833722785
6.475501031137904
6.475541296690392
6.469504681834683
6.47386060590305
6.459205147591942
6.46393656326101
6.458720819910725
6.463420281672378
6.499609940356374
6.483631525302607
6.478781597892093
6.417096888098314
6.38184825516068
6.412406144728033
6.4147865188501045
6.418908813581424
6.429800373089984
6.479473912346208
6.49256259236805
6.51207765288959
6.506382291981658
6.508240814255271
6.502900803862187
6.504850791672328
6.497897671317627
6.4955548063727795
6.4905238322595515
6.484761778054378
6.476388498683278
6.455656907577947
6.437801538327851
6.437801538327851
6.4184372821758755
6.410888073813247
6.30809101198137
6.283767336660796
6.32792934270649
6.384324827988543
6.38219562983979
6.39082025674055
6.334215849603938
6.309562649885505
6.309007274844186
6.334590272977201
6.3056344861878175
6.35199202948422
6.351540451864554
6.346709573949538
6.323636703986393
6.31083424724535
6.274093045214991
6.240656418875259
6.238635890085046
6.262960221300542
6.256138514069325
6.255869424948713
6.247489664154469
6.260987596120668
6.262188231806727
6.295715312597229
6.382839205261991
6.4120237516497935
6.43345160271061
6.41139077735385
6.408102492346031
6.291671148790826
6.232502301528157
6.294630126026716
6.311155223670992
6.309872674992177
6.295616891183753
6.286154693229883
6.278740599634652
6.277779911758087
6.233379595019243
6.231746775724497
6.199931414609616
6.195982331441541
6.177693904443356
6.150832376838918
6.113667431917674
6.186445706658747
6.260615294211206
6.3176335459710575
6.321152378919023
6.32948009516834
6.371455663126673
6.381878527955249
6.415784927349192
6.4566635556803735
6.5038536830001785
6.521434408156349
6.534135854643068
6.52794014616436
6.529878823561869
6.527885680378158
6.526694310155206
6.559929448003198
6.5745742785654455
6.591449660711402
6.614156539707636
6.641569548207177
6.644650156216993
6.652304016617291
6.654284041962806
6.674856392863659
6.673073809479541
6.673880762178551
6.682072666627655
6.687626138340723
6.696705682458256
6.695259395176336
6.697858987392242
6.6764585142702915
6.6492631853385795
6.636592453366896
6.637135284770198
6.609837301929325
6.600592801064031
6.57971003026758
6.543854689515519
6.496677730667137
6.477909865303734
6.472839045027709
6.490263728462832
6.47712795228451
6.486062365119123
6.494134794923392
6.455226134872621
6.439983848608529
6.4326251804962284
6.384870893960362
6.389728531103456
6.41563625141117
6.4084100132616015
6.405301386595053
6.3768736102759735
6.375574217599748
6.4014295819482925
6.3895980599197815
6.389345207569417
6.358091025736074
6.379327294431655
6.366233373722729
6.393099642856393
6.410421123473651
6.404905748493199
6.477346095041638
6.50914059744512
6.53194629136838
6.5523679516713145
6.58054056573242
6.581805204432334
6.58382010943814
6.5741510232696
6.558650813807929
6.551139226245439
6.542549425508985
6.534678853783993
6.538536715537251
6.519846769543912
6.52706776918769
6.5321464830501865
6.503669909056498
6.485181298243545
6.4808453219141375
6.482206224394879
6.466503472809147
6.481265874989423
6.482950914379618
6.4798183986698
6.459290585121382
6.427003002904309
6.3925150315047645
6.421626729946169
6.428347178037215
6.460365053164495
6.4309850180653125
6.391700957065838
6.4227941013109415
6.476893686079709
6.503100629979669
6.502501685782168
6.50134367752575
6.503970629395152
6.507358425549437
6.52230862639872
6.559911908903397
6.602344735725937
6.619336649231539
6.62100060494073
6.624050000107311
6.618431033166315
6.618604530410948
6.624516443577158
6.64370009788147
6.642970710205729
6.669632841133244
6.669424098080604
6.654388682684884
6.649438747786194
6.656264797369591
6.656775114844073
6.655631516762842
6.667269058221395
6.660085497785218
6.674577196758786
6.647229328531386
6.639547592194873
6.6805523181818725
6.663073352188122
6.637024158680992
6.640907302456501
6.636041887984383
6.6257109489912445
6.628000906688999
6.633018845021805
6.6329012312421565
6.629971492188678
6.61880657280541
6.615842461102372
6.613449324146922
6.61447876311446
6.612634384137606
6.5976785466642545
6.600659887235753
6.593547908398725
6.615405496529938
6.591914975187303
6.591230364364698
6.584345531600893
6.594620256081833
6.573858301711437
6.563603403215359
6.562513465286096
6.565095955822412
6.532389915098235
6.494863759998116
6.510314141490055
6.5201115470459206
6.527967730103506
6.5401798274459235
6.556268609597699
6.547215656829999
6.5708614169780635
6.5718048801247075
6.564488414367797
6.557891643754552
6.553373926195881
6.5452590869981515
6.541165068554337
6.538632411436729
6.553561650590223
6.571130798819214
6.58357587222956
6.592459902240908
6.60996602392407
6.603329030297975
6.5808504937682475
6.605537247734745
6.605742396532434
6.615974862338705
6.627385569753384
6.6438537177261585
6.646020891991042
6.650637812908376
6.672262146301028
6.6720719922492115
6.660454203996976
6.650309323283955
6.645854308295876
6.6259815440762315
6.599453169763319
6.585094658451873
6.588014871519032
6.566446400091585
6.565622465339639
6.565217405909377
6.570421477461669
6.569396054164323
6.570923753433317
6.570613498179971
6.5605255333458325
6.538977135382656
6.504648770001772
6.488466129724337
6.473252369522946
6.43069264736818
6.4539973824050145
6.498916724549648
6.4606465910443935
6.446575896152419
6.4301466132229015
6.404645927829604
6.407388420899837
6.420136375058618
6.433372289907355
6.412882445659458
6.3963573742029745
6.411089409048132
6.410693109663514
6.399504773821031
6.411481437941481
6.4081500222631265
6.473683763076638
6.484813711850495
6.506373428308026
6.508074234624755
6.5029811123647745
6.507920896875503
6.506942946294337
6.506255096831599
6.506122884759817
6.517534560702373
6.519402937652667
6.541303170468815
6.542072377658934
6.563382618139799
6.550809572966118
6.529620730893151
6.5062990480675325
6.506799956257207
6.508705748742362
6.5180476689411835
6.530738159073649
6.509363664897341
6.504571814422807
6.488232726359994
6.488544478906414
6.498973341663156
6.4879672847521395
6.473853983195753
6.466608515749958
6.453983733392696
6.452889349091862
6.400680673950203
6.402798674680104
6.405508925149563
6.4064303240419695
6.405050861815158
6.3863193947083605
6.387775087165232
6.386326359116886
6.390313388428064
6.386115499079916
6.377770862219751
6.343450546582012
6.367813699826322
6.3319743527683405
6.3348413813509294
6.317249336798593
6.28460033771807
6.273390219207261
6.259137371593195
6.310147219763868
6.29678994917415
6.29678994917415
6.292875190850555
6.360059311671712
6.3892272897123386
6.374059451054773
6.370687218832384
6.373543150352336
6.372136571846519
6.374292254787586
6.354431835653053
6.347316164920172
6.326072901990821
6.273983650173233
6.257364038733159
6.294648399110959
6.302883835388052
6.298900248421272
6.294787680414193
6.292289863639589
6.289320285449251
6.29074542250998
6.294301216619656
6.279183340916071
6.280951812889368
6.291055763934051
6.294094669486774
6.251375967434905
6.230679957484073
6.216557648807373
6.21545492297957
6.247291492338672
6.26862117582703
6.26862117582703
6.240162339302423
6.202122002510456
6.230880023181854
6.31426350379884
6.319741152278193
6.309976223844629
6.30621728815311
6.406041313801039
6.451883984703991
6.452814002745179
6.466893219953611
6.465434287249853
6.461556923641297
6.483270607626684
6.483230232758342
6.494298203540138
6.502662095296115
6.503624877706863
6.509275943871379
6.502583044253943
6.51561528910189
6.526651609531252
6.5235193214210385
6.50100036470969
6.444982366982557
6.444633065440378
6.446600875904261
6.4632101174735395
6.447755744222111
6.449447307960813
6.4499260886964205
6.472904739523802
6.503339308623105
6.495027672897078
6.460496156788669
6.4515679986052685
6.4543838437105014
6.450528440616066
6.336914762768393
6.288731435217336
6.3003741926744885
6.278054387016053
6.275186874744471
6.264247262873891
6.235482618143076
6.235088936028012
6.215430399511214
6.208668805988762
6.212334269794307
6.196682822402108
6.18576280380876
6.1936432696197645
6.166931789300239
6.104600084261332
6.083440095859887
6.11495744435354
6.11495744435354
6.101371792864614
6.120239511334816
6.136747389047242
6.125969299451013
6.1233602395489015
6.140006645774941
6.121314173416654
6.139280030637925
6.14567058252531
6.14567058252531
6.149893708328348
6.149546527631295
6.060081438253148
6.029813454940029
5.9579454659411075
5.966492180989948
5.9649717351935525
5.993172377678065
6.015078501402899
6.015290994828232
5.994068235757788
6.0292487200655325
6.034885010893306
6.058944669961418
6.141911144722591
6.146554634493139
6.223163388176105
6.231315112902212
6.242069318851355
6.20316835011048
6.20316835011048
6.215210876447868
6.21536108547678
6.288189555411214
6.31502075008572
6.32610654990228
6.324394135488628
6.333199035745868
6.350284046816881
6.363196146450443
6.363196146450443
6.344650270366215
6.345330589122936
6.325238653306944
6.353510276536236
6.356127692527144
6.366727539298278
6.366875738399639
6.349274469855416
6.34765106998197
6.347657486105553
6.354647438290423
6.37796682678049
6.378044103482487
6.364075871509833
6.286249985819778
6.235330747509986
6.158501005385186
6.160959651941081
6.32461091444488
6.376006552196747
6.42944765476677
6.505589770645466
6.506656459809316
6.4833072411342565
6.467385805879774
6.462428955079863
6.454543147237301
6.450078187723323
6.458754816768887
6.453807956960788
6.456812778336158
6.471761681996531
6.478798328494374
6.459609896173111
6.430279802636765
6.422057871401613
6.41910328896713
6.423301663472191
6.4573381238139715
6.459097910756444
6.463177102451995
6.45456960581
6.429183022885816
6.42911661986908
6.428553369437933
6.450904652905892
6.458251658635626
6.460772501220209
6.472807678371274
6.4359617311262145
6.406858322258824
6.363751028187398
6.122797127776409
6.025110637986382
6.025110637986382
6.095717789347919
6.095951139773668
6.099838704148638
6.0680725819879795
6.03476744034024
6.0133188200685455
6.011432333389344
6.141396639755949
6.136795113837457
6.077982152506814
6.08405200844779
6.07531628270754
6.0735667326208755
6.082941918478555
6.037939495504747
6.033123949067853
6.031104311754436
6.197637799839275
6.201720969122729
6.200891726234147
6.2001709410963
6.205367363671239
6.202566339272257
6.221671808529947
6.188586253034789
6.302478436883919
6.32789734400196
6.337515586421971
6.316123926963075
6.319684957244582
6.319684957244582
6.324331615541792
6.324437415167931
6.3243109944882425
6.318456449087162
6.358367910352123
6.360532514765726
6.3727642168865115
6.357205517768663
6.3684876274635345
6.356719453402341
6.33483225354703
6.3270491409091365
6.299258878818601
6.278593759403682
6.275810264330959
6.271613679472816
6.27091896065404
6.223084306724904
6.220753239647211
6.219403498542175
6.213783592002737
6.164356032667865
6.138307435862767
6.169888558822233
6.1820463984952765
6.139005037618547
6.1463855732971755
6.149260245353549
6.1173865727634
6.08480151754568
6.091096822424468
6.111973738608053
6.1284138660658805
6.126551937620369
6.113484002165438
6.111253305915584
6.109263571773336
6.112989966242404
6.165463770665228
6.181985490246478
6.1775599449244245
6.175927177796805
6.171689042365671
6.166643643079074
6.17535798716842
6.179364013799505
6.188568712871222
6.190771907687436
6.266484075759796
6.268422937975101
6.2695092404506
6.2695092404506
6.280771807879551
6.289656775929275
6.2114462848047705
6.144998012837221
6.132946698222798
6.126406888673527
6.104538482394132
5.893267233277178
5.851627675298024
5.873607128499873
5.841129280702625
5.784741558060546
5.80077853383794
6.048275281892983
6.033968850334344
6.016714660004166
6.023044603682634
6.09423930594199
6.119566194015563
6.112858672029458
6.118044204753273
6.118943897321125
6.11651624266258
6.114044296214473
6.095590391044387
6.098258973253287
6.133454968622504
6.203475931384557
6.283073775287671
6.328628260830764
6.3515782515070365
6.354724214630058
6.336012349372864
6.3344191422595335
6.3419932250697455
6.330589018923057
6.345602562934774
6.367854838588055
6.397112161630628
6.396883718181515
6.389497310832543
6.385366553564026
6.382313196657335
6.407577957719898
6.386305235796875
6.381581871347411
6.381581871347411
6.367818904693361
6.343627583129618
6.2816910114612865
6.279939162466883
6.26873178773181
6.26492898017979
6.2600125294390185
6.282422819088561
6.298887147398556
6.3273511985077056
6.255971438321384
6.224202777096479
6.192915803139776
6.168793913017292
6.1429263374243455
6.170779499958914
6.1644838107761135
6.203961912085772
6.175413276517493
6.108429373013683
6.091422048883133
6.054441690194853
5.9874732350459
5.987142462187436
6.006141661112159
5.976507621464856
5.968763935238832
5.9353813233642105
6.03875463032307
6.081049799341234
6.127864938431902
6.141389995565764
6.154197534770681
6.171666370263144
6.178595911389575
6.181977412003815
6.181977412003815
6.181977412003815
6.17514736170877
6.167231822908142
6.142684578585746
6.140216252656191
6.150377487223638
6.190128904335829
6.21713713681327
6.229257414049396
6.18668871534553
6.177979436433485
6.009016831037721
5.9820043988589955
5.957629387195791
5.968517509263477
6.049676654373031
6.053244061742052
6.079018613846366
6.089831472045591
6.117145387266035
6.1187304442156325
6.100609838117932
6.184344995906709
6.160382708106009
6.058579498191718
6.073248838802847
6.073919330648201
6.081231385389575
6.0379501014389225
6.1849023270305326
6.214015189128468
6.2736873268047875
6.299795525395817
6.294583445115513
6.294583445115513
6.294908437862479
6.3014349434081725
6.322039154346337
6.321652451614386
6.3597224593373145
6.390969621479878
6.392384852942146
6.383282454073013
6.397434700514308
6.397080596615332
6.403951367472775
6.402756945592752
6.387440087503599
6.381433238052624
6.387664713203988
6.321876762392642
6.213880728605985
6.179548628576104
6.104005273362801
5.959321007086096
5.965011077922357
5.963316906002687
5.182324456558373
5.178934912223566
5.183636225073196
6.086679728098142
6.268748511659028
6.347432374562479
6.379497445782241
6.400091276104529
6.429780325215213
6.4341431002349205
6.434457438495916
6.457625088769367
6.442236335252951
6.427819572078533
6.423285930571029
6.42278619847394
6.427520039627601
6.409214773161308
6.408961718674267
6.3857404341950135
6.389549635546566
6.354894055727563
6.337416396457213
6.313403780069401
6.450493766161279
6.45096207345074
6.407311719093253
6.4052984752180135
6.40340598238179
6.379129526091264
6.394680420249389
6.396108363431549
6.396108363431549
6.382465477276526
6.444369723128337
6.443732731468262
6.438699315763301
6.434158652362538
6.421839198866694
6.3984719313226375
6.401079600055682
6.3976005195297665
6.308352397114036
6.318854655820919
6.248687379383438
6.2995577205838265
6.3658276097883055
6.428590187656356
6.43825841002729
6.440086840432021
6.4548525893589295
6.44076067845047
6.4588060969219265
6.463942996305429
6.468672703181851
6.3655397801496365
6.370797547382533
6.350154254770828
6.381015997069668
6.383204693732599
6.360811498618671
6.376201478508345
6.381666149322382
6.397494862581194
6.387100567607852
6.492417446525425
6.521479648789132
6.563688440465473
6.58934134387625
6.589487626731703
6.587484869877064
6.581607383850356
6.597630258589398
6.597381983463557
6.599528231766575
6.608700426813306
6.590396155604005
6.57405002304932
6.540436890567053
6.578361881278492
6.606285220024667
6.609741670159028
6.630880375508186
6.630209605349788
6.625985520385904
6.617936149986667
6.675485034071047
6.676867769124829
6.681693244441906
6.673291920327112
6.665084595265457
6.656300809661489
6.649144665077228
6.643498242246419
6.633714273313369
6.627961416480771
6.565695829570995
6.544956403343692
6.509771251311263
6.465103255292415
6.46623904029977
6.483084983574504
6.488619007918985
6.468878528679929
6.48184155815372
6.461688722037698
6.4546021424337665
6.474764379545914
6.4722846170699855
6.468766976224393
6.387180711074654
6.279046694621885
6.175824792438474
6.140355336590237
6.071437908183802
6.116257464750496
6.11264010687496
6.1151962998028795
6.105326136590402
6.087643742963849
6.10404360368084
6.115067286616826
6.123664327703876
6.160356465807443
6.173277118226771
6.161824582730447
6.174019170159927
6.264939470975799
6.267545675567136
6.265055376375643
6.291421216161157
6.290732835751289
6.251036417135604
6.2867526254311
6.323383596151592
6.294097461223506
6.301662307044335
6.310850603416905
6.248923387017735
6.256872770538774
6.2546947642485025
6.262134545971066
6.2644565328469755
6.264662774243181
6.246787452353394
6.22418496509297
6.2089403468356945
6.207105083071148
6.152025975803651
6.126757996730554
6.138375693091648
6.2149237973138955
6.244334232348999
6.248280082342449
6.24313915672007
6.241664653179984
6.255563045643122
6.261544869981023
6.297003843565656
6.34149712129603
6.361969008992086
6.33262066107031
6.332026276650835
6.338223462427416
6.328556819037545
6.2886319460738145
6.292368240975099
6.283104979831312
6.274854468744675
6.289879981284873
6.306576733591951
6.347913249603456
6.35493686030368
6.354663240426547
6.354201267356355
6.471708518856321
6.521965152406732
6.541481200829495
6.546703704347343
6.552114332352284
6.586660626053271
6.5922849903396665
6.575001520070899
6.557208807598908
6.552614805807183
6.549245900549892
6.546674004702839
6.544671075361218
6.544481564336438
6.508028293790704
6.469527198827784
6.455209944825787
6.459556352419098
6.469149791572481
6.46270492684833
6.442956436054479
6.447894677794355
6.440129675545836
6.42204336471919
6.432941061281632
6.423176727499582
6.38914876542232
6.3264103594795325
6.266078633945066
6.270120429792669
6.270120429792669
6.263964815070379
6.231268809465738
6.20169133502624
6.179001383142119
6.1767780171528806
6.164919925452516
6.155495088810975
6.1692202067780695
6.1692202067780695
6.1692202067780695
6.1692202067780695
6.1692202067780695
6.1758471428543515
6.162684603096572
6.194074131786252
6.211237505829497
6.220678276344709
6.212505266711776
6.143044337426458
6.112347707100637
6.1310875626682515
6.137268140109367
6.0771280112629436
6.078187424938124
6.117228296968157
6.223814876668187
6.299933912238231
6.282565209971825
6.263469085401944
6.253098730760387
6.253098730760387
6.226600586071889
6.214055741135988
6.134014348729022
6.238635834113869
6.21847192956088
6.205727025652499
6.172521622156295
6.20104952961438
6.208837758477317
6.214033526160637
6.220415417729803
6.320073913875244
6.324967783898248
6.404301160271461
6.439468195106282
6.465894513353327
6.4971100133230655
6.504089858996471
6.524713571387006
6.544237143506546
6.544167877462979
6.535493316772029
6.53902206712775
6.53907650615123
6.536800718593506
6.522272371249263
6.473926075401837
6.463228058851896
6.534552805927125
6.533821127185026
6.533821127185026
6.533536687506576
6.53404150801032
6.516943513250247
6.46891414528494
6.450109790562874
6.5034632521610565
6.52847296655441
6.513097653438245
6.5073296573259505
6.528840648917468
6.5260445753242955
6.541408780188357
6.545327933726495
6.509856002828062
6.497968163473928
6.504159193073302
6.48036289660961
6.473989056970371
6.445795255894214
6.4797668274953155
6.472277000095715
6.501360775574937
6.494593513255829
6.500750923322227
6.526281149002892
6.591509204482362
6.593847853919754
6.5412704223639935
6.4299694653896164
6.428889488625267
6.442335484916388
6.454207224158991
6.468559797717613
6.444316070160983
6.491990634803317
6.493574712082078
6.488586844454623
6.480152612354065
6.48924484013516
6.493556983799092
6.487221416074609
6.489219780745184
6.481737349827223
6.484583094652218
6.483791589872699
6.494306035578923
6.479270035213345
6.498691824103858
6.497915799317776
6.469270352162113
6.354835825269071
6.345164059350879
6.307431103256889
6.294317241870603
6.327946130300234
6.4352323850090976
6.495604197848588
6.50750812511309
6.497331142087284
6.504229813112997
6.515817927515547
6.512010008345676
6.4964314826132705
6.4374017458392725
6.435711900683851
6.463276315393247
6.462671221150221
6.4839156264691
6.498451374368164
6.518837037137333
6.519711976297899
6.5327956528437925
6.54242350956756
6.525390762306351
6.526328279379996
6.527959314687473
6.475951598255284
6.488586778522815
6.474755629798963
6.449386186049432
6.453449064881548
6.459725455720906
6.469256110637396
6.4650939093039455
6.456633070848765
6.507094591499866
6.489017291331314
6.541350320609106
6.542223776511999
6.557681162585558
6.534073559471671
6.592170624494805
6.576510187006095
6.577838303374228
6.585920402408301
6.585929571726974
6.56734401855893
6.5567596791130764
6.592272662630142
6.598408354026945
6.576017688087195
6.574999227344054
6.594919997111853
6.585531351577191
6.5896188660525645
6.589430620929335
6.583277245202914
6.571912914218858
6.569618543389565
6.515349575676985
6.5244405640368175
6.520692199585774
6.51437076809516
6.515434121236689
6.553943124741986
6.566425759751542
6.552349650515309
6.5813150485917244
6.540726342019186
6.5369304586962595
6.513961433261483
6.539605053087645
6.304776877014847
6.317990684748185
6.32552763588331
6.307351377335827
6.309769653725113
6.520794106073744
6.568363095658608
6.5695963641958075
6.598885002223393
6.633217885481834
6.6553998920064465
6.638448158191963
6.636855206150754
6.637424608036935
6.636885889683701
6.636885889683701
6.614606165687669
6.604304197360841
6.589719325514293
6.579807963923097
6.57784769045663
6.573911480578532
6.566665314610825
6.537351949659483
6.519784835101117
6.535552326797763
6.512724861331264
6.528085601508918
6.529322698995223
6.530064275643305
6.493185373750655
6.506450797492209
6.472915281458661
6.435181721823829
6.426530049505026
6.446513050658791
6.401448418987532
6.362129328984363
6.295392523308063
6.22936292484937
6.211683618575163
6.208627173365408
6.221563344265982
6.244994841098756
6.207904632830926
6.208921247833867
6.208921247833867
6.164981276236086
6.165009147947782
6.144982998465906
6.1048291784888455
6.1048291784888455
6.1048291784888455
6.105110124432294
6.097833023407554
6.092257209844343
6.15953596439649
6.174987988816334
6.292866922766313
6.298131163495187
6.293700619020887
6.298347373735408
6.228529915871253
6.217953398835111
6.210793644527074
6.18667313907436
6.150590980848651
6.239832365455563
6.252930942895244
6.229631749383591
6.248365089166821
6.27281481163652
6.267972770026919
6.26723596699157
6.249326024469567
6.3975515005424235
6.428919320802808
6.495576945767082
6.50627099572273
6.5177226460983135
6.529209705532155
6.528042327514684
6.5283355114683985
6.53696654711583
6.549458239690493
6.554782133754531
6.555726010286714
6.53921648834811
6.533085500253783
6.473091398387526
6.467954744358676
6.462134754092151
6.468604313226537
6.368353419639178
6.379550994710672
6.393984564878392
6.408212434304096
6.428848954975857
6.501352670012329
6.513765281205591
6.521922746842808
6.515933771857955
6.518688615905938
6.529142850735929
6.522245670356314
6.528238609929973
6.465892081241149
6.44556793228151
6.282317338737036
6.314978792245731
6.316932354502367
6.30634389961756
6.306571359236412
6.30628828688182
6.297943108474241
6.28269056167507
6.274961925590732
6.425688665809767
6.441101071126491
6.440876878069186
6.450792987019046
6.4523775637777545
6.439982149693481
6.415098329943455
6.393257410902253
6.365963852817771
6.3273794578915545
6.318882947592546
6.30063525533341
6.286143022357756
6.2792528803458305
6.284666674422428
6.3032081770964545
6.299704060110267
6.2871132442706035
6.281164012002373
6.253763584686485
6.185689846475086
6.195215262786188
6.08453047122932
5.574499311519099
5.392778390060343
5.626233262549584
5.859947059619746
5.860097826799046
5.839036634339458
5.831565663597652
5.834335396684626
5.623637000699309
5.631339587897101
5.639203047077982
5.6459529597031715
5.692399184155576
5.945120832722477
6.168231933068405
6.2566288926088065
6.326428988541332
6.37745870811492
6.411039207115526
6.391553444981012
6.392688859906659
6.398844234647989
6.389357182199014
6.3837168745010775
6.380226343600577
6.395768056001171
6.398864801626392
6.404490785844873
6.444460190950952
6.449651735512099
6.4717639992529294
6.478341771986895
6.4911201083619625
6.487735514739674
6.485953156151613
6.4975912182878695
6.498246658422062
6.497110875523287
6.496062451757451
6.4958392517829395
6.48937054580733
6.4852344544909615
6.48900218479448
6.534787915983864
6.520356908775137
6.485618223081365
6.478547026221329
6.460272889532566
6.4187254494259856
6.399213942668864
6.400327201479766
6.437777891181157
6.438804188031676
6.430203762912802
6.421232588182136
6.436806089193862
6.424271653711209
6.428103383304165
6.428925564207386
6.364930825292544
6.364956859332463
6.291235166817078
6.128026720259672
6.1255038094239485
6.203062139398125
6.275222596729272
6.274332761107483
6.274798693317326
6.328248571848639
6.323229279193675
6.322285114914743
6.366421746680989
6.370980234778376
6.368494605928333
6.36443149108846
6.456426529299888
6.448924053733748
6.450562334258481
6.448192877773404
6.447313433035725
6.432816962693364
6.419256190169387
6.396875053283595
6.3921788508424076
6.392440127811731
6.391962011612628
6.366991946726863
6.360556924898768
6.346864242638954
6.319904275804421
6.294698866375322
6.270453790578579
6.217499243136476
6.036773615875774
5.946560331516702
5.98834331535524
6.066425686625965
6.032738641622337
6.060302004039568
5.891391017436767
5.891774038132564
5.9368908245315035
5.968413712493989
5.965856140645882
5.973913946141028
6.028230896286491
6.126266673640641
6.126483382145065
5.799157346742523
5.820072852591373
5.827496583220961
6.014514321999815
6.020763584168621
6.028845087028339
6.030058701733012
6.041349338781697
6.0671660030721
6.080030069645503
6.080889566075889
6.084877883342803
6.089851337752386
6.089851337752386
6.11709188805817
6.1177082212633636
6.154195561229223
6.32932646178321
6.376826388494854
6.38690168316404
6.411081936285202
6.408181388790678
6.415064714356968
6.430601319496806
6.392648525688782
6.391541719844876
6.370098271841851
6.3968706036281295
6.425276903398332
6.4107875336359745
6.432793128904381
6.378376185368288
6.3747494486768845
6.375828086040076
6.396206931063948
6.39800466957879
6.424925770333605
6.423635034414089
6.411476396613142
6.44993947237976
6.487146423939507
6.487032084326058
6.48563157311998
6.481407751603572
6.481407751603572
6.471254650802844
6.474075775133386
6.472432864541567
6.453176482106272
6.441713334332912
6.438205341328654
6.416333522425747
6.4291554427622915
6.418914715868583
6.404902209472942
6.450905443932156
6.466765280600526
6.478296944691153
6.459689913426159
6.420006213790937
6.431461435837818
6.428429399617153
6.433709006504855
6.421684382512454
6.429423088802115
6.402686698130162
6.423845968668918
6.400239844989945
6.406397832587981
6.40108258017311
6.337741025684137
6.225309722063093
6.239348618895186
6.233096002148402
6.2236585873788535
6.303914618509928
6.313612317543404
6.303729378497566
6.353608525250649
6.353608525250649
6.355605517505354
6.355093355048947
6.335081119983651
6.281627762515209
6.27477760253738
6.2810556309122605
6.248712194200845
6.32159785057387
6.3417331385952815
6.339283517343719
6.352740974038483
6.338051686897333
6.352637832668417
6.343064983514328
6.352372914438451
6.342836931283171
6.344019427448961
6.351433573225745
6.3269897949367255
6.32156565601741
6.379468106246959
6.443231920844475
6.480781543521903
6.4611689481725785
6.494672509356296
6.502491424455843
6.49804588616095
6.494030256324797
6.495733715356625
6.484581802898907
6.486729226123042
6.486761241778631
6.492888820449116


