Rainfall Prediction

824.7250490702774
778.7451948742623
824.4726189007272
763.5892036917284
732.0048775606642
703.9125931938507
637.6709693901674
622.4919929445659
589.3111807401268
663.8828443561679
717.7751798417858
721.2687124052075
771.6221538145593
761.6531350841275
692.7605364472105
837.6090235122523
903.183894609232
951.1884813881584
1046.7529202749565
1031.6512065294353
1011.8873192548438
1173.5336821087221
1340.0476926596448
1379.9926261437531
1371.7861419040967
1252.3243715140077
1154.1256567391843
1235.753032115867
1252.829041238697
1253.6319945110322
1252.7957123829844
1309.2025153858565
1250.343520496782
1204.9244815815262
1205.3401696244857
1186.5024365340691
1262.6931544856666
1183.0738308048956
1147.8839409358975
1140.8658727332631
1068.6553635831485
1014.0575352139851
1044.121001462306
950.7356275373885
875.7548561477998
805.2357258725235
785.7011299371967
785.0871538289509
696.6618912042394
589.8911350779844
590.6056012002972
566.7840005474377
460.8145371579115
265.9659454251178
156.1811017503815
112.40914568910719
98.87933757273382
98.76411702681102
94.86463828228301
0.0
51.19022715329169
29.964051908662753
21.05932056251993
108.89072533963412
212.1494035533466
208.56059504385186
202.6908108068583
211.34410983074523
211.19585649639768
202.39240506329114
197.84017956090565
195.53013844484883
128.47227660671135
198.58442873448155
209.14139451985147
208.7288327228362
208.9494209581303
212.1239038163387
220.06617689707167
216.40723334636394
231.5416546422632
287.8142553889065
749.791759469228
638.792277463288
691.4793993240793
768.5740125128659
829.331009224594
934.5326017444585
1099.4979276537497
1332.0620860492406
1342.3338581673352
1343.5176784733908
1362.4544098236097
1341.536041761448
1274.9055538138878
1267.8064248324868
1277.4574070450428
1283.696140872908
1292.5852589713095
1319.8604359458723
1331.797609454506
1335.748871176842
1344.091909125136
1472.377992090995
1541.088769696917
1514.0237174375168
1207.6821148422805
1207.6821148422805
1586.3713676933312
1727.628048216214
1990.1795008333129
1980.1581613744158
1913.999469104109
1562.1835188020284
1643.348728645037
1585.6165407508681
1524.1081246634894
1423.2437220060524
1362.5629256559537
1225.1520795117904
906.1381518318506
880.1110700890775
1194.20898944323
962.872288146667
776.9506492932924
1081.8402645427523
1106.8059427504036
1134.3895945878623
1129.8882812315042
1178.0151547233083
1264.1408530061804
1263.0982223296287
1325.8264403195092
1336.2215211872485
1208.2563307379276
1132.7423116733864
1103.6691620039242
1106.2336356073645
1110.36283179379
1061.9030679458467
1000.4918267965772
739.3110177231902
736.5851833983135
792.7079972343026
792.7079972343026
769.3664613405465
750.3547370466608
787.2678137410134
820.4082993144033
887.2610827074134
886.60541680001
968.4035654272819
986.6120230054282
866.6448639711508
906.6585902039542
939.1441856341256
933.8673757331405
1004.5378955201268
951.6058041653805
980.0521932739654
942.4688497136348
860.0062481666013
859.5036147420452
801.9858260952451
786.456234560473
784.3387854330239
789.6808216384326
789.8560126877896
753.9528627513096
738.7159798232038
757.6483145068697
730.2692573600378
735.3751427294803
741.6233818708461
580.6462041061983
580.6462041061983
650.9500396734214
649.3888238538483
587.0737205252644
572.648611287546
492.62989134113866
489.98083275460783
413.9291665935464
422.01154612276287
308.7662262444518
298.08694177976787
351.00898250405487
373.01537237421104
299.8187905298704
300.36894967722367
300.36894967722367
357.0269004895715
318.94726680814534
317.05741480895273
333.5834972017878
334.2822152897253
334.6771895807081
306.82785245263494
309.0825458327482
309.0825458327482
304.3560327293453
297.2215866865207
271.333175541027
571.6134652459947
447.9541888305488
542.3136882966094
565.7872266954798
547.9608158514425
599.7398349039818
594.8231269355072
594.792436861358
594.226082345725
599.5725455254197
517.1354114705256
576.1919704500762
589.062939809459
541.6898308399232
477.66016583060605
417.96639936145306
410.05079833875095
410.04293511502874
449.8923933548611
395.06747023842524
447.90321342337563
435.2918592898052
428.55638815040743
0.0
424.2917271762816
451.14611740172353
459.0944227670998
514.3318297746819
514.3346183442031
509.1895160980809
635.0700750323161
534.4435019673875
912.3374575518345
827.5481100126168
966.2575805546284
985.2462363665512
996.669967202055
1017.3459307539138
1021.8931911553697
1021.8931911553697
1013.1551014743059
1018.4007010842051
1068.1194297402099
1061.3822504597126
1061.1391123153312
1069.22013900389
1060.5955627327035
1047.6551437416895
1069.7770187416895
1029.8368887911943
1024.9225253169323
1330.1905249664078
1384.2567194755795
1385.6421419762758
1482.7316160241282
1616.6165182334641
1881.963742463505
1874.113466772916
1819.5532574822403
1819.591314648169
1812.8953605854983
1697.31253230267
1532.128735650576
1133.2570946444928
1131.3940447976283
1054.7172899406614
986.098276101995
1114.6363863395316
1002.4968450316399
997.480905232281
1018.8184595462814
997.7174084408034
995.4058214468697
918.9675288744276
940.5241033706798
981.4926845932015
943.7565502040171
946.2387427166323
935.9810188425375
1869.0
1021.3978952727983
1021.3978952727983
432.38701358535553
420.9694646248555
509.7499560593642
0.0
203.69037175789617
0.0
63.238239650722726
495.20349418240977
0.0
982.0308974263264
859.4738407720463
1006.4338661533153
1010.5123914368558
1136.5076287735994
1148.706913880654
1212.7522755796679
1221.1764739376408
1221.1764739376408
1282.1461529478086
1425.381108574032
1495.7782931172314
1495.7782931172314
1490.648497824546
1499.6814030854582
1494.2748276649872
1498.1327340301834
1515.5629500891644
1498.7880946737776
1507.3962537195418
1513.1726268836094
1513.1726268836094
1547.6270267539144
1566.9778245072819
1556.7203262530147
1558.454106877181
1568.2080226679286
1561.2418835604976
1568.461686177922
1355.7484231715787
1328.2955044512782
1040.933745953052
1016.8716389258494
1024.6020304929107
819.144818738996
966.2045857259507
948.6978626200598
914.5823475115795
902.0972165623517
902.7425662718881
832.9358391242788
702.8197719448444
641.6906130210047
668.0071901106
667.4867443408884
770.2047945298085
392.9738128601987
787.789752549423
776.3139835604101
760.317574010626
778.9417804596579
774.344817025784
816.1224936556889
838.8859342402732
928.4851455932833
997.6916442237589
1028.3325073376275
1361.7217203969658
1419.5062344212945
1353.9321929686323
1160.2283121328153
1103.9319786262795
1016.1607680652244
987.9203330826132
1045.2615211192676
1032.5493877236881
994.4178918770216
1002.1660888097643
1075.7055059456322
1101.478212343826
1157.2887735130453
1454.720354502864


