Rainfall Prediction

588.3641304367958
562.1301876465499
544.0385673205914
607.4749343029252
646.6655967613384
636.0065362355156
628.0429595320397
622.4077956930706
650.1999227384258
637.4771585875122
632.6834269000054
635.1696688790181
573.3372830424744
569.0735652457813
556.6399367944176
571.9930939727035
494.6252556102193
523.3759556552789
1474.0199331637252
496.20560567094435
425.8707356532998
437.3796589172612
344.4594128075155
341.6771256250901
358.69616481621205
373.7552074658149
365.3954476541738
365.53271415897314
361.4058901329944
364.04559642786637
342.8406971591046
345.53403951165467
336.8687072902602
268.67293929305936
545.7821133961063
348.4165311805168
312.90310642128014
324.4385029631808
300.70774946435347
331.43194875343437
326.8959377070429
373.8061599862174
492.91909942795047
624.9222753819295
702.2337188449422
704.8594040433029
695.762698164378
705.5622462563142
838.8398229616337
752.93248542534
763.6980281411649
794.48058717564
759.2661226761666
763.6521909340536
917.6301384804823
224.11579559203759
322.30877085108193
131.17167638834277
72.78649514254187
86.97754055785916
69.08874283832276
186.3988764094904
175.94230678065517
89.04350177131947
40.15028524743225
18.946652449659
65.18109569630414
62.919637465644115
66.3794330745793
103.82603893106719
182.64835963938472
28.16028463939078
187.78804217334653
73.52528295485327
53.83429153315968
28.43385382685061
154.49601497188362
160.0004361241231
147.7272792854771
170.77179746523365
358.3204428080669
372.4684743222192
356.30143439300616
367.3929408957921
71.06274919289464
266.46142101793555
121.34159574269991
60.36307336580573
50.18878649590957
53.64115984213715
247.43855066825
255.25700818382967
59.94590943012592
180.31309457771442
173.64853238256072
204.24207573988627
192.44706649214015
190.64057081889683
199.87166978113487
200.0836548539612
191.04613617369247
208.6261828449248
214.14691903614556
184.16658085419644
186.7990939483699
188.19261588621754
198.9110622503869
177.98051272945187
149.47203447486044
114.21742203480652
146.80927079376602
121.49209421033241
132.66740348844382
135.87407688123625
116.44571867019502
23.63275739223127
43.31832467714358
33.10640710636527
38.975271145540674
39.52112353088293
46.29448892279639
60.91774527657962
65.01245658120733
36.02262365993493
148.33535865753342
110.11017089494922
98.84708598236513
47.48816823740573
127.73742845523815
90.41548640854157
80.83342716299308
70.95569285097673
45.759463053530524
67.54978793785214
22.873690705483746
136.63768747013415
123.6169637014429
18.51041770284959
106.50483129735883
76.7892387954849
193.61364212133196
69.53855787455208
296.9518372610145
253.79576900312998
333.8878263889569
1061.8263316005023
990.3748006743892
936.0965392776276
930.2588309315074
920.4640309890185
915.6616514549011
923.2372332623606
934.8656002399711
917.7482438676474
916.399640231419
710.142781659908
601.5372412927478
833.3653783284177
923.8101344204883
867.0714111461376
904.8360876103911
948.0962627425907
932.9676499106724
1260.819511730445
1201.5535214082151
1232.4923279342293
1222.0525706745175
1374.1957859893992
1241.5027347219957
1243.2394648799186
210.74979593623112
304.03685254151924
183.28526293205798
336.3236723152195
44.362054797339766
195.32325833380548
316.40907670261026
409.56733735951565
409.56904232703613
467.89762147757057
469.85669972342896
81.4917676313157
102.15634021061037
149.32239976100686
64.40190403765459
68.7635604865262
55.25661690193828
47.92928307166596
78.1542864273106
88.88462061085656
65.88264032852513
4.536864260612932
35.04917970944009
35.13709289427661
38.008452712070294
32.86551166940008
32.38901186276583
31.32585630185991
21.785737055145802
7.067979169792386
21.735735218912378
40.7227374573801
21.78140265718111
4.934683674731014
40.304633187888406
46.91269160091194
87.24935819637247
65.43741155278009
36.908694643014385
36.37594991923865
91.06666372404679
118.2241840805595
75.59473566044373
68.1905712748511
98.97903728771826
197.93606177536645
25.70585330491344
144.53985495086255
244.49384314342666
290.79790263433284
482.4160808570041
150.07487587959858
545.9585128589312
546.4455859805121
30.4457869864601
443.2040290967766
444.38250190154554
437.426244139715
314.18893358838125
308.70464563196936
264.6657634263908
241.95099339136536
237.84766460108773
249.14710991609522
252.83430762088716
239.3833083080272
226.4147558859267
280.47891985623744
307.58507091372076
441.955425630321
455.2536588255277
513.3259461601463
451.9920629458812
688.2873882281784
614.5290235329841
616.373063161451
614.5379826092997
614.3335084566628
622.248242536898
630.18477036949
657.7431507188865
660.951363300408
668.8650620440874
661.8093832759356
727.8989765160675
745.9584187315936
749.1488918502222
738.3290164863007
770.6258822023274
769.9458860107459
752.9490386238176
1023.1095847876655
847.0293722143113
816.4907425790116
811.082735534484
727.8831783624016
756.9154117418851
758.8282394671655
784.3692445262669
1014.041784534734
477.6380927366532
470.82734235393264
397.46338804572497
419.40870251375725
217.2847491532816
216.8980843705406
212.29418387082995
204.25252946065567
201.06712263053197
407.6104989281622
433.3078612866343
411.8752198395915
374.39493739314287
260.4434005378606
207.16638814247085
274.0700056509647
266.9637464115292
131.4325782423409
236.05848920759223
228.5874565582457
241.62933214440062
75.81011895332932
155.3339003975805
36.60893422549541
50.038481673912365
189.13213275913853
764.7272430463842
754.6919567566978
772.0786319662801
801.9066243989155
736.0391894002672
736.2021468302944
743.3425823129301
742.7431994066794
716.958767294348
713.8057812700549
711.8372425694864
741.3899782086582
844.8489225320992
344.9695561355203
179.87248945233208
185.54548884275144
131.14744662082347
875.7319801296233
787.7651430390066
777.7550298170704
754.8262511248219
734.8037637591755
661.0239819984577
658.6533106654306
663.8532713069984
667.1778835022394
685.8848123377852
727.3476728096979
732.4227396362024
727.7639914653303
727.3320675620987
722.0295374397433
719.3310062488408
720.0725365810733
734.3943824896146
790.1924041156684
891.9005009894444
916.4358081017291
915.6747580274402
1035.7426830174725
1108.22747173625
1152.6102956319205
1205.3743842951917
1419.6642778547848
1249.3764629198067
1212.5421019398755
7939.272961189949
7515.758054123315
6837.84553053459
935.245556677632
716.2016575787154
688.3994993380622
672.7788108191681
72.62987777442277
772.8133204446865
825.6265137519127
320.40234353668
58.31992404769338
51.236079149429514
139.34083609946168
1009.8902433777455
37.67708407328712
51.201691659378355
28.93851347307534
73.59261874848866
83.67686890164552
148.04425428574672
468.0566582261892
424.0021447809272
424.5782458864177


