Rainfall Prediction

864.7259123608986
872.4475821231846
864.8443400321353
834.9853097168093
815.2123253721336
781.8594554962127
777.5004691635276
855.8431447953444
832.8477195945205
832.1125871997788
837.9427793665202
866.0897323882353
788.0572095255658
802.1950397581741
928.4789528616681
975.8038737340399
975.8595534547377
895.8759643275671
890.5031247253568
888.9967786754682
935.2098022532107
1176.8262143008496
1224.6781723412537
1229.0048286179938
124.70255429244153
159.8104010145058
108.66268610990434
168.58770089985703
225.9618878270894
236.44722373170134
245.3257283250902
256.295716588216
283.424398963506
389.6963922686566
459.7851161244368
548.2508383423874
591.3473063910988
642.3346125556911
554.8255230534255
675.6359914914383
631.6766566975557
622.2748768140723
147.85781078500878
1451.6547725033076
1417.1179471562132
1251.1122458118434
1145.4369948110073
1147.851200084829
1165.1063149719712
1133.7399192229345
1111.4522392799283
1037.9709965386648
912.7052130269078
896.626561650099
900.3765462874491
814.012057218075
783.8753269287183
773.5646653126165
703.9260140370862
634.9158593030977
656.2959241965626
673.1304838696261
694.7386317959224
710.3737056034638
720.9357165060845
719.9419964543029
777.0357625316653
803.5661882011427
780.504737281781
845.8724772223248
761.0294354113294
763.5832401282055
760.0695982480479
760.4393985872399
763.191038009563
827.4903514824132
871.8037881954333
898.4917477000538
927.4257303569533
919.9925708874654
882.5161927983218
842.2611532309231
967.0535575871917
984.1110904127206
958.5643883632126
974.2896058203314
974.2896058203314
988.0382017601198
988.0382017601198
1064.6546641617451
1060.180274635943
1019.3418874461132
1017.5052789375875
1008.3352712342923
996.2504035521648
1047.4027234618795
1062.9595780179955
1003.6846845137601
980.6171220476235
1021.3042779403893
959.4308753088203
952.1807632612271
941.0166942806231
928.594545091224
926.0864782604978
908.773057839812
852.5290899470307
849.0235605086268
848.0241521261826
835.2120972907962
816.2513212950047
832.7925848375645
832.1930881387627
688.8623861229362
708.6138538341429
723.3661738744131
726.4879222605632
725.9774343633861
735.8452233167251
744.1874472125493
670.1636232853072
672.0699008360336
670.9326572350994
643.7678152437381
654.165445053437
609.1778537949527
488.8597777947238
447.38412910646474
446.46027160788776
442.88529182233356
447.2312147220983
525.7159891200138
613.8995816541097
615.5681193653569
615.4582446784345
623.922265954795
681.8157825120713
699.9870296177471
613.6477265141165
562.8811841890654
535.8839830290559
535.0263245951706
517.9600283884671
517.9600283884671
536.1042356671677
499.5445242582623
513.0080415533657
508.0532588393748
532.0235936428439
538.359080751229
570.8057102067636
591.609244535472
613.693235998236
672.6553646729739
735.8089630930643
738.5657310688179
744.2612717345338
773.4984307801246
792.8473761290261
811.1783297879678
811.7680691042369
789.1471595312919
737.908157117263
674.42205006549
674.7163466724353
682.7607706297842
657.8551163139722
611.7999323382566
577.5257798723493
576.0115446482004
576.0115446482004
589.7126167783276
589.7126167783276
590.7098147779186
590.7098147779186
579.0596790168765
584.1769436007626
543.5071688815065
526.8704511552955
533.1558885352821
500.60569780095597
479.75082636495443
534.0554206327558
578.9171298136463
532.077952708765
469.5742163161935
456.1772637895636
454.34350339663274
419.96224930608247
405.2021759646525
391.1570818233805
396.04305535316547
396.91251129183075
392.16969981697997
370.5210148207438
395.210201482121
387.497140222123
391.4873095077221
366.5132979574808
319.5188140841482
329.46278080697977
332.2403746748769
375.1469086096222
375.70352204252947
390.0155985613873
396.95221566968536
456.39021728844085
494.0847615827043
528.2592635724124
549.4132497485784
530.8460495660363
570.871039953295
574.7430863035287
505.1910571667521
431.3831199821059
421.7455052969169
422.89123432609125
423.27236419447377
479.77475752806697
513.0305050679013
514.3656376187464
534.1857057554232
531.7732521335154
550.9890630050055
552.6533348769196
654.0471685533903
643.7401407847096
656.4692634948156
649.5820114298012
708.4773533431865
709.6051075400443
699.6733923460275
702.5132525160191
708.7790259887728
787.4058104125609
865.1012899334264
899.1856762160302
828.5123535968369
826.2754799975263
829.8142852560909
847.6326849052105
866.8840686246617
873.1092784928107
861.7588783126723
868.118523523944
961.308346820516
961.5345710627395
1019.8287123359573
1019.4917641229583
995.1004464896936
1091.7338121661014
1097.6171888048732
1108.379083014068
1129.3287832466374
1128.2555875301373
1150.7096709352656
1044.0006407014807
1020.8153158017848
1087.9029716875511
1073.8913904295318
974.4379561871976
972.3255918511373
1088.5701274637881
1157.3191252893912
1150.2005821778937
1105.853452301316
1067.0693108750434
1014.426870459798
1015.5305123411
1046.1619617415479
1000.6791834462081
969.930486472284
921.020595701619
872.2861208873369
860.9145227931341
950.2355608812193
910.7600064164194
925.5183918938176
897.1852760200615
898.014843913977
870.7025783088616
775.7554826674848
768.7666447634955
751.5422269953494
735.3735835103456
719.1602941842739
699.547409459733
695.3514773196206
693.8804015913004
616.3437647631608
655.023044176078
681.9961550202325
682.892478079735
597.4563655642186
546.9568173323203
492.03656112724366
461.24232289536707
436.74393911467297
438.09598846038426
441.4028293638951
416.4963614087251
451.90650265438495
473.25702091779885
513.926816543595
528.1306465346316
539.9870926908168
462.3441502620111
452.63131353267477
439.2818246777899
514.7684593992586
529.3383804246287
543.4087198013669
544.0928164033545
542.9423393705438
541.9121846006938
541.7769341162073
542.3530887983142
555.1240515809645
617.497799125337
655.398490350238
671.3235499027483
636.0645057780263
623.403854738872
671.097723205274
650.9899972469736
627.3617900062724
622.0854296805431
620.0262678492807
618.504950871944
622.1093491141792
634.3314569534804
595.1876215512796
551.3106197753477
539.4566642619363
507.32856670143093
468.02242978372
458.9843827675091
402.7164966229281
403.5229906386112
398.98371446035287
341.28840638774193
321.3420949711457
362.66893536935197
361.08026498621416
363.97427969829204
374.9761604696745
381.191647947704
386.2442162563297
374.47533697112664
310.9374617934219
268.0528640736838
236.3852415885004
241.41610942803175
340.71463767570555
341.4880482326183
387.7783412575067
480.2757123336656
493.2445625832985
483.39500448555583
480.0041698989173
476.87883020835744
461.56767840164565
454.40328590214466
455.86203465969413
470.1195183367301


