Rainfall Prediction

972.7276498825262
969.2640856866361
1044.6816345334933
1174.366304102933
1254.502882598048
1237.6203463377735
1298.4635492136426
1293.8579740263538
1263.6568951048216
1205.8954101146232
1070.6062937618312
1044.807875253615
1038.752705631367
1069.3072400924138
1046.0746799899453
1151.446954500216
1045.9637625887137
1063.7265223555125
1096.2575382475195
1039.2259098545078
912.247503159779
0.0
906.9052392394861
873.78080899048
797.70899083419
734.8792747580616
743.2167679018701
718.0435685739662
711.2530249469755
711.2530249469755
701.5969284521178
663.3063217735279
544.9030160196348
450.5170220834659
0.0
0.0
0.0
0.0
0.0
0.0
0.0
0.0
0.0
0.0
0.0
0.0
0.0
0.0
0.0
0.0
0.0
0.0
0.0
0.0
0.0
0.0
0.0
0.0
0.0
0.0
0.0
0.0
0.0
0.0
0.0
0.0
0.0
0.0
0.0
0.0
0.0
0.0
0.0
0.0
0.0
0.0
0.0
0.0
0.0
0.0
0.0
0.0
0.0
0.0
0.0
0.0
0.0
0.0
0.0
0.0
0.0
0.0
0.0
0.0
0.0
0.0
752.0326250309894
632.3641103156582
686.7449877033265
727.7877515597796
718.5281570535518
722.2234627923172
716.2054228225687
741.6387084122285
838.8703347760699
851.366241471593
898.2932838014219
947.8428601926717
0.0
0.0
0.0
0.0
0.0
0.0
0.0
0.0
0.0
0.0
0.0
0.0
0.0
0.0
0.0
0.0
0.0
0.0
0.0
0.0
0.0
0.0
0.0
0.0
0.0
0.0
0.0
0.0
0.0
0.0
0.0
0.0
0.0
0.0
0.0
0.0
0.0
0.0
0.0
0.0
0.0
0.0
0.0
0.0
0.0
0.0
0.0
0.0
0.0
0.0
0.0
0.0
0.0
0.0
0.0
0.0
0.0
677.767796060068
699.4601478493756
698.6734091062697
0.0
695.3921122687697
0.0
0.0
0.0
0.0
0.0
0.0
0.0
647.8285585750053
419.39339309267035
412.78140054239003
449.68638710748854
346.2735315815585
347.6926404675265
290.18149969115757
289.20256090192527
0.0
0.0
0.0
0.0
0.0
0.0
0.0
0.0
0.0
0.0
0.0
0.0
0.0
0.0
0.0
0.0
0.0
0.0
0.0
0.0
0.0
0.0
0.0
0.0
0.0
0.0
0.0
0.0
0.0
0.0
0.0
0.0
0.0
0.0
0.0
0.0
0.0
0.0
0.0
0.0
0.0
0.0
0.0
0.0
0.0
0.0
0.0
0.0
0.0
0.0
0.0
0.0
0.0
0.0
0.0
0.0
0.0
0.0
0.0
0.0
0.0
0.0
0.0
0.0
0.0
0.0
0.0
0.0
0.0
0.0
947.4042358326348
1046.823778473016
1047.688137673515
1053.147599967211
1081.4471813229366
1070.1525710395813
1057.3569137707389
1082.2500766412131
996.0103109243618
976.0966174740585
988.4074549389086
901.454656858334
889.731387579848
884.9725099709668
947.7932896406613
999.0826341014819
1010.2139867114699
1053.125586158186
1048.7452571118438
1130.8481056595526
965.5937237865428
857.5258186287463
845.1708007314329
886.0967393083843
883.6611587665833
852.8819913665659
841.8897604846206
895.3449027595746
898.1203513885454
907.7209197935796
0.0
0.0
0.0
0.0
0.0
0.0
0.0
0.0
0.0
0.0
0.0
0.0
0.0
0.0
0.0
0.0
0.0
0.0
0.0
0.0
0.0
0.0
0.0
0.0
0.0
0.0
0.0
0.0
0.0
0.0
0.0
0.0
0.0
0.0
1869.5580184810053
1865.0045787912752
1811.5495991237422
1847.8854789754287
1836.8242479329808
1824.531628083677
1764.8474223977134
1559.33337585772
1261.9242613689817
1110.4926857019216
1111.4848706868008
1057.242299231845
695.7552843268679
614.627974975517
541.0327486280637
0.0
244.6941291483817
221.0438639741539
205.8092720452538
220.94603287357126
215.89406100660563
219.23324323968006
214.17332994854067
209.88765022688702
182.43037534919355
210.43604238779662
264.7584024201715
275.1011400113355
289.2268221001816
242.8735702019791
227.37065736474673
199.1421724576334
224.4741847293005
314.80035058475084
0.0
0.0
319.63658113460497
0.0
0.0
0.0
0.0
0.0
0.0
455.9448079620538
444.8735461375889
444.17183538007043
442.67452375904924


