Rainfall Prediction

657.6178336954451
669.3136318268967
813.7729015207474
784.6176038902561
784.6176038902561
745.7598898330357
624.1858827987727
530.1858827987727
530.0318089904009
530.0232727841517
531.4236537197658
468.9990100130656
671.8051829115102
574.5144381199692
639.5144381199692
793.2696056101013
793.1170718837034
788.120659595232
784.5613978357136
790.5576985965873
850.9409708229471
881.2061075247286
851.1916618308695
865.1916618308694
905.1916618308695
847.6869590256479
847.7475914043382
847.517667574546
846.5199949554624
846.2073627727494
916.2534814687853
921.1011335104541
1048.7904718030081
951.7006243900503
1107.6370352404613
1120.6370756113383
1158.651029713037
1158.6471775242583
1158.6372999978905
1160.644265184308
1160.737641757169
1159.0881341604832
1099.3685564321786
887.4479107048569
872.5689648237185
807.2864444802631
696.2705090839919
708.2832535964736
708.4188841954407
708.3733099055804
702.3216690922236
642.2041040795152
612.2387816256581
612.0557319869273
606.1047919245052
566.1241895349419
561.3325943157367
560.9002509829993
560.8615343932456
560.9973463147593
567.9973463147593
497.99734631475934
493.0727601670557
369.0727601670557
311.0771309396372
161.05162107828318
148.0527008743742
109.99634036819451
206.8807819339412
213.868683041007
211.85385006512337
211.76150942556285
211.64267114923268
215.65033997785972
200.67649617281057
200.6918773378871
200.688008657893
217.6897591714883
205.68368018617616
205.70743309948134
205.7023569503244
204.69502168711713
234.67623909158593
287.69284271023884
288.6923631075462
331.72905892686106
482.7344564267667
597.7117930787434
620.6524077847715
656.6456917962339
767.6635742747078
773.6635742747078
773.6635742747078
773.6635742747078
759.6652559848711
821.6880827422722
854.6836256145715
854.6836256145715
854.6821775093796
757.6619060628603
750.6460169680347
768.6460169680347
769.6460169680347
860.6463331216978
988.637637577076
1015.6706615527127
1019.6479846600838
1019.6582483073671
1048.6832026611273
1115.697450397946
1134.686612500304
1165.6747659498187
1182.680306861079
1157.7315855541358
1137.7474664666115
1173.738961545762
1122.741168381624
971.7472650853508
967.7516744527577
970.7885882103459
947.7885882103459
875.7423199055694
999.7423199055694
1002.752985755005
1015.6903942894886
1225.6768452404676
1237.6590813630967
1329.6762657223392
1329.677678764768
1330.6806795845816
1380.6806795845816
1380.6557445533804
1362.6385130581177
1361.6376862073737
1290.63599594423
1186.6338259515132
1167.6347379216456
1163.6343086066863
1163.6395345276849
1080.658288299884
1013.6554198454604
994.6506903218889
989.6403467344129
988.63917256382
1024.6486712645446
1023.6557403516781
988.6512209574121
988.6526717749126
988.6645232648041
877.665943310387
851.6759327914267
838.6789928572667
799.6577058778763
662.6556367071962
659.683292763245
646.6420041102158
436.6649436197436
362.8940443574806
233.13959849821887
234.7032576755075
279.1252582100488
283.77909629187195
294.9000185543342
325.25349563963863
471.38128648310476
762.3347449914384
947.1380798713556
1007.924502245617
1018.429836062726
1018.4043688704611
1013.501090700469
1018.2504645132219
1060.250464513222
1046.1868126054283
1030.251459025098
991.5930807157622
1001.3636251655367
1005.8527165489436
1066.0336559846635
1070.485139525631
1077.6703045503623
1086.4908274911024
1097.2892095043471
1127.0221858921268
1127.0535051534912
1127.0535051534912
1127.0535051534912
1127.070568442468
1126.6913907745288
1126.5698212871
1125.5295588112774
1087.6255078952242
1031.8887629932146
1022.3574423342194
994.8263584854236
848.8441852938976
537.7844453305264
324.73129843326194
256.7248641574815
246.70188689942697
246.70188689942697
243.6581766699976
255.69678476074407
213.69179103366415
222.68433969585183
235.68059243520563
273.6861839664988
239.65882531452448
239.6413175742107
178.63534260786196
171.64836916266395
173.63973921200258
188.639478763132
177.64163058688058
147.63279688239174
147.63596387133512
147.63551591874995
147.6361235803639
147.649411779262
148.65029235348607
148.65723591568792
148.64187866439102
142.65667826006165
141.6462281309616
141.6518524964445
141.63323766200156
141.63220774656753
141.6330995745814
141.63516045034007
141.63536508075592
151.6711205762542
151.68677921319116
151.72229409409616
135.67536796571576
146.6799669257563
160.6812409678147
154.70090614217273
112.69884970944806
103.78077625995867
106.91418643936444
106.91418643936444
107.13179970801299
97.33762576562181
73.38811483369454
73.41500226185958
104.50300266819072
104.92963526175663
104.93233043591798
167.98596175609825
214.47896138219818
228.56441620816392
233.38627476371863
232.76836652411174
232.8585371386427
232.1606474512219
287.86139578645725
353.2826859780551
356.75386315174137
366.395531154796
366.08165383971186
366.0130709815221
355.86405812513993
357.8301676354253
357.81397692582084
357.81159012012984
346.7890076339042
316.79643574682694
309.7769908040063
309.7836964582438
309.6951841906098
300.6421361471438
300.63720671752316
300.662256761986
300.6765433756605
314.6775528439683
318.6787826877475
287.6695627371444
287.6695627371444
287.6681471522665
224.66814715226647
196.65796496409652
275.633738044266
297.64030171323367
322.6321388651346
320.65108838544575
334.6633623981411
600.7987924979584
909.8254047096862
921.1873372426245
918.1552362739268
920.4647831587154
922.2958691560873
962.6711166361536
960.6711166361534
1050.1795085144095
1053.281505962471
1056.802768319792
1052.2539757183695
1052.0591288452772
1049.739668397521
1140.7738272619715
1203.7738272619715
1272.8077627838545
1274.0993311622628
1312.7336900216435
1296.5866680664321
1294.172923425553
1388.764705721329
1424.5612711157005
1425.3833267248465
1425.5045538343093
1408.1653344836552
1314.009720338484
1291.8665203216178
1264.6397662449706
1323.429396565412
1314.019171971091
1014.8405483530264
647.0005133219637
658.6118368057673
666.4983205616765
682.4983205616766
689.4983205616765
647.5632334401782
648.3762402263332
558.5632334401782
695.1213248721806
691.4282008205395
687.9765192839601
687.4811712112645
693.9358908460647
607.1317100674303
550.3521227681725
487.3521227681725
486.91223678482396
449.95472030289346
459.48839963092735
459.3465920869372
358.28104828572964
321.1810524921793
324.3846703897338
321.9145935103333
321.06851347951323
320.4474149804541
320.4949330377118
381.5494556961198
322.33496540289883
374.0177754937988
350.7241546231414
540.7066267085655
511.70200820544983
509.69270494211725
493.6927049421172
487.69270494211725
639.7011148280146
681.6551717657
706.6569788532364
567.6509256355313
567.6547714955213
567.6720180915082
607.6772173979928
625.6786079315174
762.6786079315174
899.686225171199
899.686225171199
1111.7113826052819
1138.722559509654
1138.713324400368
1138.792703739044
1138.8566476877038
1138.8566476877038
1135.0389147391777
1136.0650783089036
1136.942719902711
1137.0105640264148
1191.937865179618
1141.9560856423554
1142.8022877979529
1088.75042215788
1083.5744838475473
955.0177360902585
1028.0764937221697
1015.0885791587542
1015.3728365741272
1015.0500580874395
863.0836383042625
821.2722254801139
796.0897599173876
796.2000957835593
797.2000957835593
797.2354767237078
757.2433931685249
739.268806618699
602.1231084450062
458.0534931287501
458.1360363096842
246.11679355653894
219.06759697187024
219.21952238372754
219.22802176552514
243.17938699225468
243.3125285291197
246.2694545171297
246.1145216486247
270.0821158396823
377.0520703477806
331.037631483397
419.06935305654383
535.8269176607066
546.8765999820532
788.6459349165258
804.9116607281376
999.497995537823
1004.3969260385333
1003.6385099033132
1002.4116587082985
1002.3809132741678
1002.1082708575642
1041.5323143249132
1204.6955883007336
1288.804067340317
1378.9068187418056
1443.1394057998903
1443.1394057998903
1443.4122682996933
1443.5968221061246
1443.4334171443247
1458.4589482284105
1510.9271817676415
1510.9271817676415
1513.8172436873858
1515.2015162992118
1934.7334743488118
1968.5689648237185
1973.5853441800289
1959.6072479136008
1924.607247913601
1918.6072479136008
1823.8158554422027
1742.089683822991
1793.4976438632414
1664.626271078687
1587.981687608525
1315.037789565202
1310.0420128194569
1310.026659051835
1310.026991062113
1309.8083189067036
1348.801858032926
1309.767259939134
1152.938672080229
1068.8606805266704
978.7804948443969
914.6621821651725
914.6755974188185
914.6425115244032
914.6376258561797
914.6504585549401
899.6327895788955
847.6356920508454
847.6603397997006
844.6658097733941
819.6540246570478
399.6603397997006
363.65996725002503
383.66117399550217
382.6587903153882
310.648886569043
318.6532644540497
327.63599594423
293.63523598585675
230.6324393749236
185.63298274818868
218.67150604482427
218.6571435635176
218.6810906953111
218.6864589597682
218.68904185893948
218.76297889625613
180.80473616547462
182.81181279061013
175.78851816949486
174.79975249469084
174.80068366257126
174.82998457953815
175.88110861323645
176.26221485002603
176.76102410959894
176.60051910964137
194.53782801316086
201.61345456041172
205.63439457380497
247.6448733272028
246.82612804169506
248.08651672562326
304.0730040535829
411.7015473095988
460.81253395487573
651.5124538222138
692.2513960174847
751.7405987895594
886.9149632441982
916.8155748846585
887.0886585963748
925.943079514842
988.7892775233527
994.7485975002659
1214.741035238771
1645.7379459797944
1737.765010152024
1844.73856090625
1899.7216394682234
1974.6820634416208
1974.662770098
1987.6512525304745
1992.6453542550594
2008.6351497936357
2079.63278160137
2143.635521830065
2321.632157324184
2306.636778356649
2336.6354628746494
2431.635948173175
2430.6324184449113
2559.633689094172
2720.6831958610665
2684.688848674896
2552.714887320122
2493.713929435529
2300.6979318074377
2249.6975226872923
2229.6909996945324
2133.6851431848468
2157.676965724058
2119.6659966835105
2037.6405034095935
1974.6385524226116
1968.639699222138
1772.6645532879572
1347.6704254776705
1255.65342640972
1151.6528611812157
1125.6580853024727
1056.680656919112
1106.7022658651422
1152.734185298308
1252.7643589158815
1252.7643589158815
1184.876916459455
1128.9066436501353
951.012093832609
958.0431012935218
994.0606673471631
994.063163578749
967.9941003812584
839.0246852967396
696.6413436450468
676.0518075016719
678.8198785300046
682.80216791256
683.4617194180632
683.3358908952356
628.2035124346729
588.7579806823616
535.0323359311528
536.8161763843372
534.420995471785
533.3742277859895
533.3214034553167
508.370852711873
502.2187727336303
502.2187727336303
529.6638249543057
514.5933849424664
533.7427402369262
483.76533207938
424.76533207938
321.76533207938
352.7427402369263
350.5294316425171
390.299894171262
440.6336145084272
433.68204107816814
361.63414685368144
265.64706544879226
252.63341565806908
282.6334156580691
265.6352448390997
265.65575638242916
262.69147723781504
268.70312422763516
297.75062273461083
297.75859000462873
359.7697414907006
365.79097950024806
382.791846896728
425.78783422079465
525.793191902176
525.8012412072272
581.8019716851472
593.7588476862709
598.7976453265237
619.8042261987414
637.8113056326974
625.8061489161723
600.8107268253152
613.7781903530797
614.7258765332325
612.6937855840921
643.694823325732
742.699362892799
733.7033616296638
682.714010916751
762.713140280422
784.6959308125696
786.7047921571206
787.7050742148839
785.6790707837239
920.6727624111173
930.65950932615
995.6543841227592
991.6524331662717
982.645332924594
982.6435696107724
920.6409844669239
913.6381750619155
896.633083073504
853.6336880742411
753.6354598329999
753.63739331506
697.6385556222968
685.6419824164051
680.7014022104855
722.7271789156337
681.7655588030893
678.7745601102977
692.8094399340782
679.7568496998558
678.6948686739642
678.6516256725547
599.6516256725547
498.6607813237404
459.67049775162366
522.7272025518499
452.77724059888305
481.7459600607063
476.8197688228146
533.8637653116972
506.04630255391976
371.1884461117552
361.2599720155552
297.2533620261451
297.4702762487841
329.4919499924764
329.49987716318793
329.667141389266
329.95147434031975
362.89429278319045
370.04070614912433
465.0436858592835
578.0436858592835
584.0110184233159
699.6316678691052
719.6100841522583
656.6030779153043
673.4120053539997
675.4928725804051
661.3672305755922
661.725706649944
662.2929922281502
663.9536620762146
663.4038938407908
797.4647831587151
827.8103073366876
928.1377777506513
939.8727338840638
900.3438150991893
903.2250227049573
843.2792574699029
841.5377885151231
860.7737103300641
865.2604214207669
864.2968796332517
857.5436152659106
805.3099649367842
805.2933502247938
805.0055709591555
804.863921843102
771.6815414166522
764.6332221439026
669.6415737624855
556.7105820253266
550.7599885945231
435.66061418049856
415.6650734678749
415.6975035362051
390.69676087860205
387.76485299927623
387.9656759368104
388.0381522823611
388.03640469269385
388.03990833019265
387.96943140492766
253.8456860405905
222.85403830666823
58.914800783353925
36.898523212559766
64.87670741232866
95.91398166922104
97.00254128924685
97.00510198587172
77.86839587217432
72.87243032829835
72.83588784875488
74.89817552004527
74.90909962824112
74.91184990344873
75.0109164966246
75.04928061689607
77.07622144972015
77.13545397651428
77.37789076321502
77.22381117456068
77.19757956152888
132.1542606132571
132.1688654883439
132.01112599955607
132.05878949366175
141.9667069482604
141.79281240725055
184.74563596227
275.7462821961732
351.76657722202555
351.92481812584555
352.1910617054768
352.433578444347
352.2725090706912
352.435328555482
406.4883111801232
395.41620646780007
394.08166668411945
508.1474958321171
569.7894507435963
632.8821901618022
633.4034223226605
631.0334908414277
630.7502190303874
630.7636423413318
647.5975371158703
647.5136624974809
852.3250947590933
853.2947405674246
852.7967164646353
852.7020511149159
863.6996721244738
808.661483679676
829.7917514986858
831.9451378489866
833.0581171234429
829.1238261765822
829.234985622349
786.2495140869223
695.2696862034772
619.2331780516939
619.126590796213
618.8944403158733
618.8262162789376
629.7446869575516
708.7506020081528
688.7400584231011
792.7898188867356
824.8588754196354
876.8956541429664
815.8520456912905
831.8396132626973
831.8413165850219
952.8431576243004
963.88815701071
968.0037336436408
965.0024875557976
1015.0226083960767
900.1102436176675
951.0788187287048
952.8286484213309
953.7575516784545
943.9307888530219
1092.5338625784516
1073.1141380780427
1072.1196123600016
1072.7073970754218
1066.6167402014098
1066.2901579598986
1066.3375990834584
1066.6099062359085
1066.6030735444158
1079.691997726922
1094.6719124047102
1098.1917388082697
1189.201580426185
1204.754187807571
1020.2269705361507
850.8768333870213
819.0638087794349
653.0223455586761
675.3830780049391
603.8201975300688
616.2104062173902
494.2695593370768
486.1580759281038
476.3366277560717
466.8594664068901
418.45360333903955
322.1502495058962
241.49250041199292
308.1203563407143
403.027384255966
471.9955715218873
333.9302416080253
343.0258509299405
394.19748143435186
399.51593460592767
464.4099486339981
593.2903492602818
645.5873447351955
641.4173490927785
639.9314698717958
626.8564414760565
619.9836959409117
619.9546530014544
624.9546530014544
683.8449419236558
683.0992774194476
718.0349156680711
791.785628453929
790.9762586266287
790.684481088935
803.8362660966925
815.6171063447684
885.7613517441704
889.662218895139
892.6576807615199
931.438638175766
958.3389284416733
962.9665484056064
963.0011730198564
1001.9464470119368
907.9779756095652
824.9658876948896
785.0636764329187
788.0355431650667
731.1085324806679
721.0965833987792
656.00726376443
527.9563790825692
471.0076626497622
471.05766090986833
492.15916195268386
553.1591619526839
587.1192515393356
631.1192515393357
651.1725318271527
622.0315061342485
681.0627792016925
647.9249551879723
575.892813313535
575.8417307931696
602.8684634633033
608.7716146256913
596.8380029230841
529.7584713809351
525.7812942690628
528.7769512655515
490.7785609108654
470.753834456401
465.81804483222624
465.80937585702077
355.83072052190755
355.78255688656185
356.77084487707486
365.7210946740198
545.7380029731188
617.7069333319287
709.7067465549111
752.7086432917857
800.7086432917857
808.7086432917857
819.7086432917857
799.7081362946863
738.7040960926129
704.7019987498232
664.7019987498231
639.6858376632085
656.7092228345219
613.7382872005879
681.8134791677029
710.8396686582735
747.1102267445876
720.3170782701789
711.7143161107002
712.2340957221312
709.3791893883039
709.2757134123526
808.2887139732268
807.3494596866384
823.6308064452654
854.9407255424129
1389.5960281277858
1509.9973107431679
1525.3604969133137
1816.1378901302598
1921.5321386414555
1762.4752410921403
1930.2813643308248
2053.370306886793
2024.2440839784902
1976.0332894193973
1982.9585250768805
2022.9585250768805
2022.0126374042218
2035.0342138889985
2035.0463953548044
2036.0480892868732
2036.0393202243313
2007.9668030064106
1997.0118161626892
1966.9630106154923
1991.8984129423195
1990.8384891791604
2021.7705214914483
2018.7103367131817
2225.704066710871
2270.680361815012
2319.6932846935338
2220.6923032179543
2297.680693581409
2324.6737871121313
2311.658621700214
1777.6586217002143
1714.649336107565
1731.6591404279386
1463.663847223673
1355.6598701277728
1319.6515198067423
1079.6700689944505
873.6644678383859
934.6700930095067
977.6891268069702
962.7138596674957
969.7138596674957
993.6675095112784
980.6479652617197
1002.6413175742107
997.6372598532826
997.6355647738288
978.6355988136758
973.6333904708341
933.6348484632014
877.6383281242317
887.6383281242317
883.6322084478084
1046.6499552199016
951.648186116084
1011.6391989588377
968.6332697817461
966.6331026018945
889.6364379550947
839.6394533269877
822.7082493211227
853.7850035024145
806.0056337288944
834.0056337288944
834.0028050399281
858.9783827206934
858.7232476480124
917.6614541082531
909.6359933118115
834.6322720138826
791.632320906944
791.6324557787576
733.6441419689135
710.6727105159664
710.6932400935723
688.7080422432399
688.7232253659762
730.7385185831407
730.7278870411582
730.7568961391336
730.6856980854568
730.6752071322666
723.6588381032825
699.665780912191
608.6683792780723
682.6680830769781
678.6689774208351
718.671787228604
715.6859663237307
715.730427801143
715.7228108147691
715.6647710803212
744.63577907347
771.6407987825984
710.63679404451
686.6494111626878
707.654704486898
725.6467872827493
666.654957913479
665.6427666003133
665.6417318977591
665.6339317193206
665.6340541085418
665.6375567164312
664.6321255005427
664.6321350485532
664.632439017695
664.633467309677
622.6337233837535
622.6370587357891
622.6374334139545
622.6387249392931
622.647275403429
652.6476040581506
756.6458334475165
805.6460102435711
620.6370104853739
519.635778047831
473.63221604681013
472.63229539207236
472.6326367525745
472.6328507090132
508.63270616210036
448.6539470028816
420.6586012055895
437.6506776104548
469.6843322108734
447.72881466556726
448.74027499292913
472.0492891023574
512.2096123045966
552.1653044571241
599.0290358350804
610.0478041507039
609.9765720222053
644.7992101023364
644.8052970762643
644.7660580645089
645.7461044229258
645.7416942985334
657.7233017124253
688.7252562977725
688.7409793494646
704.7082205032556
648.7148007266389
576.7157843373931
507.6682257249848
505.69186977528585
505.6758345248224
532.686900584396
532.6874666188378
532.6732462279821
532.687242726342
496.69723687590835
496.6489894601115
486.6782854085771
469.67037367477303
437.67037367477303
407.66958914317894
388.66913074156093
399.6350500771855
383.63733692420254
358.6407760737641
311.63796308780803
300.63845279831816
300.6330557514167
265.6324246242496
265.6324246242496
265.632138067776
271.632138067776
272.63295610030764
260.63214232262993
229.64271741076843
267.6549184610168
251.67226890965443
251.6641629801551
216.67896846393705
157.73462151581148
157.6943666528175
157.6961215430506
208.68030708363645
208.68136768510772
208.68013171862373
208.68136768510772
292.69039640479696
349.6566162054356
357.6381608214642
357.64613127803807
357.65061323296914
357.6352213594359
357.6342032976471
323.6322884398889
299.6322724906084
284.6322724906084
284.6321326884739
284.6321326884739
381.6324317165869
442.63240998687183
442.63240998687183
442.63240998687183
435.63240998687183
435.6322378232886
435.6324202665558
435.6571642316153
397.685926818095
397.7266498665523
385.7330141414395
385.652544046698
385.6371177659251
385.66462253483064
386.01941450641243
391.19944329225166
472.20236979926904
539.202369799269
539.197427554602
455.05649585827825
440.21405275285895
439.3252427005332
474.27753367796555
474.17657172536525
474.18586526973826
474.18027093409194
475.1160268096131
581.0237100372334
580.9523031948644
655.8800933667086
655.8666834512022
619.879265454137
739.8628335201053
741.8628335201053
779.8641354709874
813.8630268203469
819.8630268203469
862.8501403355558
862.8201340405908
864.8201340405907
952.8020623552073
954.8546127849557
955.7784198226058
955.7521059002162
955.6686056675974
955.7117656685324
872.7729485165283
791.7729485165283
800.7277138372227
801.7277138372227
802.7182625096555
891.7182625096555
884.7251017732698
849.730628357439
849.7210906310706
901.6385117972037
902.635555464078
1131.636933275734
1041.6349875979536
1078.6330084176232
1005.6321890301206
1007.6339638377345
946.6321972212554
765.6416827167467
763.644215683632
726.123082862843
692.1243110039467
685.1360931144281
642.1953963513428
642.6574836002068
640.4850631616085
553.5913343066414
570.8389794294599
572.0098575161799
574.9591687262171
574.9591687262171
574.9751276213655
572.2504497083193
572.2504497083193
498.40084589852967
497.4008458985297
502.30709197711224
415.63819384416513
458.5541770158881
458.5541770158881
458.5541770158881
470.2692914095547
469.2646632450322
297.64793580491613
281.95857682154906
245.18710341281698
243.18710341281698
241.15393322295273
252.07634141395724
251.61296039216666
251.60344257551534
251.10905110564588
251.11088417816092
251.10082783901393
266.10082783901396
335.9931429927866
369.0647468178424
403.8633336849511
384.89963453733276
397.66391291446394
410.66391291446394
410.66391291446394
410.70318564147544
410.70041822814727
410.6560982734355
408.6350879920815
410.63838855519765
424.6580121867234
379.65205234822986
336.65238963926566
336.6427779062416
336.64853557414716
294.64853557414716
295.64853557414716
237.64450208901044
237.63239192900954
237.63239192900954
246.63333335919214
246.6326922919548
234.63261397882692
234.63480715799258
234.6349184949352
234.63733692420257
234.63990522575116
234.64039060968304
219.6440948038726
149.6440948038726
116.64972075310557
85.70633360095903
85.7486494276976
190.75614247405065
248.75120237426933
330.7512023742694
529.8035797191957
560.79420458253
560.768430832612
560.803902356983
558.829215552147
536.8206010854036
536.6917861314178
541.6740942677216
546.6693620164874
546.6766922328243
524.6804453798387
523.6623346862111
523.6893130297191
523.6789357631354
524.6832514062999
521.6746810721862
521.6784760648263
530.6783702821901
548.6547085584403
548.6539354630482
549.6405450235367
549.6465017638781
549.7077044369094
549.7995091622196
549.7995091622196
549.8047932602095
545.9574809227584
545.9354975795402
427.92399930231477
357.0
275.1364472755033
78.2854008471958
52.285400847195795
52.26819339926802
73.50757471936268
73.51150199448794
73.87157357293748
74.07261324700299
68.7353198445812
63.735319844581205
63.735319844581205
123.66110068642362
124.57534834560762
125.97910890299167
126.22933929440539
125.97180724639976
120.02016571444571
125.06953265204513
115.78791488957529
123.78791488957529
126.77989910094449
299.60502763578666
305.7260609975365
309.04664378340505
308.5351601684956
353.5095356341982
378.3558360952174
534.1590344773738
569.2157177161423
723.1846830930652
723.0147045840515
722.8510575774933
723.7268146172495
718.7282478163698
718.7476788285853
732.7643319293096
732.7979053131695
734.6889748384049
750.7245326744354
750.8834815004934
751.0896541469316
751.1454173250185
691.3908630894296
690.3850266644525
697.9957416099959
698.0420330022131
698.0420330022131
697.9400474903127
692.9400474903127
693.0783307765333
667.0783307765333
664.0783307765333
490.07833077653333
483.07833077653333
479.07833077653333
479.2795719398393
434.746539332693
425.82065422429264
345.07837395695486
351.1067626974825
206.18610773192958
205.52749858488542
205.08807323476412
238.7361318719193
239.71933261712925
239.70660236470243
223.69829005773022
235.68146443585326
233.64278843538813
217.63741436182593
217.63284606841808
217.67111590692392
228.6577112545193
228.65511890340636
228.65493010092604
221.6778801715894
221.6356295603948
221.65087013554503
221.74738485524284
227.85278444301204
239.84117912889062
239.8197901008446
239.8197901008446
239.81866850342124
239.81866850342124
239.81866850342124
240.01649679630015
240.10683417264133
225.1088301477993
153.04109411650276
112.14846105269311
106.54325726642965
111.13605791355448
112.83138738309255
97.04671686873664
117.37936908282649
129.34684500516528
92.06531344083066
80.06531344083066
84.06531344083066
191.06531344083066
217.29068157393587
221.10563133160832
208.25495051069325
190.59742527750095
220.43161055106907
220.43161055106907
217.6156673156341
216.8961559818674
217.18143532846761
209.1328521673453
198.4359985043011
197.459376276117
198.13146881391114
213.55982819949372
330.4760938953455
431.4304401470358
496.1338999691751
495.5942952973176
498.45625564857227
527.975954194111
530.8364538193316
522.7169042987227
567.6896342747234
640.7313402922905
712.6994320736231
712.6709383043618
704.6462047312529
705.0969453088547
705.0969453088547
840.0937120390915
749.1003276987421
726.1223105619517
726.1223105619517
726.1223105619517
721.2339102690111
691.2360081295977
691.2215021434528
691.2215021434528
691.2215021434528
691.086583809984
691.0778996805437
691.0763508615627
691.1557715604321
690.2392379837313
668.8359593540597
551.9486997229233
451.28102511086877
386.1370798239524
481.4412981014628
485.52398052249373
466.4417349689452
463.3548244285146
472.2061656289514
423.3020449844552
348.6782395387163
276.1925014865046
277.1608364675152
290.3003933926153
296.02130700653976
316.90725997459555
251.93622660245876
251.92073733286756
297.50408383619674
369.1332060348753
386.1500289367821
398.47109442428354
398.47109442428354
422.74743819585785
432.4097338596074
433.61509241033235
434.2121447432678
433.8645658916013
433.1358641583989
432.92528515502056
432.4674092848302
433.7872525050713
433.7872525050713
433.98201621878746
433.7225855091928
338.7225855091928
332.6909324088944
378.9144524921165
392.17922780125934
389.4448649630598
387.65144278627446
387.05570043697986
408.1115823761097
414.41056358818184
394.13865158118506
403.6222543381461
408.2372933786842
329.3864065215557
248.09855823753514
198.86158067591228
126.81161864607829
142.33848746285315
139.29540755283514
137.02198694278965
112.93392532613258
224.9089718078177
262.32491547750544
366.7807166474455
441.9913274693484
442.462314782342
443.1323903477919
443.15920843173325
441.07014301582524
439.3811503279378
438.31192549957956
559.1418515620145
606.3966211513696
607.3604277688553
568.2490582518639
622.0247793799134
622.0369809163616
659.9552893729461
762.8659886347192
803.7669232423096
845.7621987668557
899.7648132748833
901.7453523266439
901.7189842748276
901.6499162616941
901.6665148519454
901.6732627802895
901.6732627802895
869.6732627802894
859.6748597255738
859.6855297908627
859.6855297908627
737.6855297908627
699.6554669547764
677.6554669547764
613.6554669547764
623.6554669547764
623.6366229842384
623.6420326492591
623.6851261454518
623.6852372536964
623.7561021841923
568.9040146039127
525.6560525783739
524.6573827937669
520.6651701726224
465.66814689526336
465.6683875004598
427.69682668233327
483.7621524121392
442.80300672858453
394.7954881079377
340.7707887069906
800.7558305396122
800.6780512753589
800.7751276251
822.915990856516
837.80088278697
837.705165036574
837.6912240884293
837.6827970860863
837.705077619427
837.7026489253469
837.8980707146746
838.2947876457139
755.5688732649436
744.5983165775986
743.5983165775986
763.6214238451493
808.1453026839471
810.8478311544749
834.8762825503164
926.9265752980145
884.7880785297394
881.5997784805221
882.5121318842413
877.5290883196693
878.1999811995714
880.3064053390103
888.3064053390103
748.3126537142371
820.3126537142371
820.5400626307554
835.9880285614689
403.3091892891137
407.91986854162917
412.0435240455318
511.2829556547566
581.9789463797048
663.1427270418409
692.9722022393692
728.4640819414404
728.0066514140957
742.5867382165467
975.4408330805795
1078.0241896857533
1126.1779347302408
1125.4095349644886
1116.578782454568
1096.5827735850999
1051.9315303128308
1176.9139673117884
1176.952705927095
1194.9034661060784
1170.4106132945863
1170.2518808915515
1179.982043291762
1187.6989428984953
1290.6321558982493
1290.632120671345
1282.6327263887792
1263.6390510776785
1258.6426146393394
1265.6727028085286
1253.6945684917923
1245.6973565881517
1302.6825639640492
1348.6825639640492
1251.6825639640492
1169.6825639640492
1101.6825639640492
1067.6781124175131
1032.6767085887607
1032.6767085887607
1025.6879110677473
771.6700093373054
718.6640276032591
667.660567468619
667.6537423093918
667.694032531597
722.7039421304188
728.7039421304188
612.7039421304188
656.7316719388982
548.7316719388982
560.6970589285859
664.6321315160382
654.6430105717767
646.635955952038
543.6508665849767
541.6508665849767
541.6653811379105
547.6459192049088
516.6589048791728
511.68166224135626
509.2816215714034
487.71741330397816
456.71671266204896
409.71741330397816
402.7589723930032
402.77458952237737
402.79239889816995
402.80562654630387
402.80562654630387
402.80562654630387
402.8285818485641
402.85956477014656
349.85956477014656
350.1319508345244
350.1536959687809
350.27605076961794
295.4463126363027
315.3487526147661
389.34263260423734
321.29587110358113
319.1473704785698
346.1741951711174
244.05840260359977
248.00341489526738
247.99771429070594
249.985237030747
252.98302415983568
252.97432334545388
247.16902155553896
211.05664045182377
209.05534988907323
208.81424864611836
209.47038962737702
180.0873377171557
186.64378478453906
228.73098656704684
228.40023397096752
228.45683504026786
228.33675103572122
228.64424651064763
246.72380488736542
259.64888105854374
380.1372821981902
538.2436486135783
627.0426772545478
636.0491787056644
636.0263443070171
643.002743475654
790.1299822730425
709.2175798515548
717.3273792173635
731.3987259518342
692.5986032523521
703.7157628066369
847.6964044768705
1129.7153296440267
1244.580567355953
1244.5913715498543
1244.6796875202026
1245.7948312289943
1246.1186965431002
1300.1061770186764
1322.1407990463738
1335.1717838590798
1334.8136886210723
1328.58691683199
1268.751770989907
1268.9204252501468
1268.8945747396676
1268.977867565013
1268.9167641284319
1250.8591843541042
1253.8764913026534
1135.024226736514
976.8504545138161
888.3165813575825
884.3800845740711
927.2592254963004
927.7035072650787
754.4752251496332
749.5458610163062
760.0735093320961
746.3893792471231
757.9165547101907
744.3382280636376
596.363355221453
347.35457978580337
232.74013654970187
229.74875271876076
229.75960825254947
228.554832324373
228.05763742993256
177.0623439244681
158.05856752939658
155.08745088269822
174.16935528811817
174.32879449505515
174.35711027092617
174.35711027092617
174.34138680924113
174.34138680924113
174.04048013893726
174.04048013893726
159.04048013893726
157.76655740489804
157.83956534225118
157.7360002738184
152.6880236027059
109.68802360270587
101.74923921140561
101.7240960443461
101.65001156406937
82.67302477269423
82.77705080165775
97.7915118861924
195.816451122981
242.86765608816154
221.23145291056713
229.84734930575198
231.470426770522
230.93091981246963
231.02704343881874
231.80815089016963
229.861589764339
429.86158976433904
519.890705861439
519.8824430975947
520.6520912605201
589.4261792023019
619.4261792023019
640.9956393536335
656.2498950155803
656.2498950155803
655.8023643606272
680.5267007402255
711.033015136524
710.2440247697363
849.0489737208111
851.0335580880974
927.0335580880974
1054.0220082679941
1053.8456555257276
1053.9281131906096
1053.918649548276
1053.8357154882792
1026.840243830882
929.7007762117486
882.6511307731053
871.6373979750944
860.6440849032222
860.8023095242318
860.8023095242318
860.8024063523908
860.8024063523908
859.8074825440958
656.6728651104389
556.6477092202886
730.6438829576767
865.6337712461777
795.6387798562148
765.6564193818891
884.6461298726517
869.6453410284716
1076.6670418448862
1115.6716735533234
1089.6711415185994
1091.6975314385527
1309.754648018678
1170.8044393417172
1177.807087198571
1143.7805982168459
1097.780031196606
1179.9187254897402
1409.9243189624385
1515.9121633874872
1605.9277308849194
1746.9143328323778
1842.9288776380758
1843.1676265371148
1872.3619494592076
1914.2326689079755
1924.3141780579892
1992.3141780579892
2062.6124341622253
2318.6233706041035
2327.2173948780655
2331.0352092793573
2339.114596378408
2147.4848432988283
2010.6595289247239
2009.2974909798097
2009.086202137924
1873.8349811963972
1873.504071649902
1770.410583070309
1731.4625211820924
1732.2322113857583
1826.2898844898066
1633.5149912367463
1685.172646516606
1707.5482710418237
1670.132789267537
1590.5056315428635
1508.5056315428635
1295.5056315428635
1206.0447428442922
1116.756628419047
974.3583298425823
869.3794351911117
867.6661084564917
853.523494197792
872.1895068190975
872.2430727393617
876.2430727393617
806.9339560427741
550.8579749701345
545.9672849914439
538.6197402226978
529.2665500954085
529.1120780535341
529.3752894404394
529.2382329024756
529.0413286509266
524.0094484720018
523.9863128765041
418.9787919766303
419.1643086342851
419.20558522474977
292.187446906881
288.32689869316164
237.17916289664205
206.1733012013448
206.0702199177855
205.9971577547497
207.09304773932578
190.13914973556035
178.14769917268475
236.12853461498872
263.13973500032677
401.1466991245104
416.1940667662507
473.2223148400541
416.3000002673789
656.4136885873006
584.5253396877729
583.6867372397813
583.7220880894904
583.7777401296769
584.5880989273263
588.2546741084403
587.0562786697587
586.4276193830805
586.5058859604532
586.5935556181705
651.3289847085057
679.3969369730386
679.1643817390794
679.0062920319428
679.066239521374
678.1330178136978
656.8783822292519
656.8804832349384
656.8760277652684
656.8969339052861
656.8841471886244
655.7735287693484
655.6857489587532
655.6663432723195
597.6555748417171
569.6405393817996
431.6364780258754
416.63550314991755
346.6342125413805
345.63466309176675
95.64327054006584
95.65954847460321
95.69190040104793
95.71508358300056
95.72658333657128
275.7268750158189
354.72739848741423
371.7157890284
442.706986665622
557.706986665622
645.7099400801676
600.702795855765
596.7150484074963
683.748075688163
688.74768482849
688.8205874581403
688.9543647184004
688.9662350522043
688.947227857254
688.9054612544544
688.9037309530585
688.9068432434146
688.9067027861265
688.8957630025052
688.8899539899035
688.8429913629487
688.826597715579
688.812720752675
688.7795237027663
688.6339955229071
688.6321416363836
688.6356927264469
688.6796425593998
717.8064066032053
822.1546848374445
1028.1514149134903
849.1741323066619
779.1992335991783
899.2036568796503
844.2058730374777
750.2103143643874
735.2103143643875
717.2237571497269
693.2237571497269
611.6165953431805
615.6199610398808
615.6300807640723
616.6894288008784
631.8687394612919
675.7332051825749
678.3366493237702
678.3878404036203
678.4083711179414
678.3771905289886
678.9630548372402
679.4607680187127
696.4380364016096
744.9303402229704
847.7829354317433
878.6483026921206
878.9179559294088
978.257550898859
982.4178603148222
982.5604592477334
953.2794540167836
849.3939074226078
645.4637362085067
644.4637362085067
641.4587759108977
571.4542413022803
686.4587759108977
714.7230297203653
642.7255179357367
644.604961033901
644.6572366579297
639.6572366579297
753.8232965550263
806.8321410602694
833.8358095896965
915.8698170713061
990.8744411537159
988.8953175644306
991.2112822740725
1052.5721360566051
1149.679751302461
1193.679751302461
1201.679751302461
1184.1476684249544
1164.6120701128848
1062.1927820110682
1044.0960812873968
1052.6387827646115
1094.485187587714
1190.2374997922088
1259.0122370522167
1357.9462151050466
1377.215107920371
1407.2196772513
1393.7165009261228
1383.5654329705806
1316.3999650111618
1184.8707508374769
1135.139031351256
1140.9755414842568
1141.9688910959737
1168.8725437863395
1241.7863269389857
1122.711219696406
1159.7057676243828
1228.7057676243828
1138.7057676243828
1020.7201150634365
1020.7251329330487
1018.665573196875
961.7302658933178
866.7057676243828
822.7065364281972
814.8235189433545
813.7939209424483
784.7803813302506
784.7803813302506
771.7803813302505
762.7793594735286
621.7793594735286
539.9050457015323
467.9050457015323
368.88285840554283
347.79433364531235
319.70702277468627
319.81856597109373
319.88135505977357
319.83267203001833
319.9013696617028
320.0283883917099
313.05587647735905
308.0855836866902
281.12667110575876
208.3036123000737
204.29340402576312
114.29340402576312
18.29340402576312
11.256736152093602
20.14397081586129
44.11543065657907
44.062549204265316
39.76248378819482
37.75464801867784
37.792504348645146
37.69717367736087
58.68906474303824
59.646762728693496
60.63538259898763
79.63380573768484
280.63376334066345
321.6356037954338
363.63754908948545
495.63541520035835
624.6323238027945
624.6355597995954
619.6745230035281
624.7248178961958
625.7238892692928
627.7406926006634
628.7268187826869
630.7917939946411
630.8544698619454
630.8510358374996
630.8510358374996
630.8564447446173
631.7606713611365
634.740754709282
634.7273228704308
654.6951174180468
645.6709867689168
621.6714342132741
626.6639955937519
628.6746799358081
628.6570285005321
628.6429245939953
628.6443346423781
607.6566440450533
606.6598867997899
649.6803980827937
894.6845929784789
808.6825831163288
799.6532859906622
891.644118312848
855.6368197077123
728.6321426603466
781.632398328788
812.6339904754456
812.6489385291197
814.6486074806401
812.6497344692153
814.6693205076665
925.731644650169
926.7332570040624
974.7333755127688
1041.736535243707
1041.6888162315242
1118.6620959595612
1122.6711141706471
1122.6479893039927
1102.6419413540314
1104.6354801347736
1113.6354801347736
1244.6353919857654
1384.6454529209332
1422.6381444747053
1422.6354423203945
1422.641118909523
1449.6432290175646
1518.7031529992018
1474.7065010972178
1210.745043559963
1096.7502432363026
1068.9621689636726
937.1232219971719
841.3890858527013
840.0143393025759
787.1903547560023
758.6613679347417
753.8442513376043
751.5118379134365
751.5899903065036
748.69709150071
635.69709150071
634.8843910720205
587.0245414673699
520.8873668477818
523.6290971393304
445.51075678806683
450.5919119770091
646.2368927930078
827.4935130222264
641.3927710214506
529.2300850989154
450.1435855400215
552.1117249339801
532.0359214498646
533.0359214498646
662.0260213489381
576.6455255817344
555.4830203708406
554.168565634439
543.1677859764926
516.2608446283582
514.9867667260244
622.3065340050298
621.2714202288178
628.6960221987143
628.7076083431075
644.0016142032555
676.0660056559383
679.9190251645962
731.9006313154222
755.9222986164067
770.9431166931092
774.9431166931092
775.9431166931092
775.9446070492672
776.0321928059643
776.4462330682875
777.1693527601827
777.611784430572
777.6693817706054
765.8008035059194
751.9595414344838
719.011173364784
488.1828882887772
480.78480338825307
518.1304594344459
413.98290379257037
414.2297381249971
358.2534103894042
357.7520638227925
355.8129676996356
356.2564448603415
412.3821990583773
302.951527526847
316.01958289529875
341.6891647402043
358.3152644758115
362.1353352101097
426.075327867735
423.1011249696494
393.1817827992913
456.09882409471675
544.5475427457199
541.5454908217838
540.3689550925698
540.1556410839252
540.0693060161665
539.5862994553722
552.218154292602
552.0529587127186
552.0741286303157
544.0312378217875
543.7419075504529
525.6706261579188


