Rainfall Prediction

643.1896966913845
403.809460985271
364.42
334.6187050359712
337.5584415584416
321.1463414634147
295.2865418481478
301.00873409327636
387.91777777777776
496.1297297297298
688.5645829908448
977.0077204393442
1003.4238505565538
885.0999048525215
894.8226270373922
1034.5607149851487
1094.5380430489795
1311.2719982121073
1413.4766505512991
1407.4584456433272
1415.4947056407066
1223.1502156252939
1162.5299689045235
953.1503316819139
648.5881862472136
546.6192390474707
558.0063205602618
491.10473305720717
388.0937216947131
467.88805272050126
516.3900527754816
449.76136833681295
728.5837057018812
737.3344129323168
900.9089792254792
761.6565059691546
857.4089145520053
854.9688261081345
847.8970623295684
801.4187478359261
806.2548873930947
680.9374422539162
489.2912107419565
501.088276469487
521.8760330578513
391.37391304347824
343.6511803675919
297.2017837316499
292.5555557408457
294.34196501798215
302.38676725153033
336.4798960771943
351.2388201712655
339.82168706571485
385.4996301563909
509.7683280088963
369.89037603569153
317.11210762331837
376.3927566878267
309.69743987587276
229.4378554021121
261.1706512778236
361.7252359469758
156.50537176725808
106.95535714285714
25.80703745743473
36.773627293519816
63.0906753934267
89.08712389997092
131.19433494657113
0.0
66.41269191154572
1397.2433935182428
1447.1428100765165
1716.2633517495397
1967.2796947194406
1626.4343801981295
1566.800799270598
1552.272911531435
1433.2790269841864
1272.533527696793
1138.3795811518326
948.6977886977886
704.97277676951
729.662688572549
964.1233252155827
973.6010903513211
669.9518229327009
454.216616552202
484.40387837699666
523.8273050404308
568.9037072942866
601.0866687137018
572.781127560447
1045.755113321197
1015.7101234533499
1000.5372875180003
843.4785163954747
707.6622660751171
546.193994927187
806.4182916839397
861.2968283056118
445.574237365945
182.07864275624163
23.025404032634235
0.0
0.0
22.636481360996864
28.4654982563139
29.217148691609843
0.0
0.0
3.1359746491834843
116.21671826625388
0.0
130.32088404963307
0.0
0.0
0.0
114.08964007302694
26.85594519912602
0.0
38.46554538927204
19.95838983568344
32.494969141763704
0.0
0.0
0.0
38.655762714365395
0.0
0.0
0.0
0.0
0.0
0.0
0.0
0.0
25.13607008913525
0.0
0.0
0.0
0.0
0.0
11.499639085557805
0.0
0.0
0.0
0.0
5.0566028787277215
1.525762438059084
0.0
0.32849975646496077
5.592554291623578
0.0
0.0
0.0
5.796930366654472
17.599688902368612
19.350922018309145
27.38586204589456
0.0
0.0
4.482116107315482
20.920320813621117
26.626365643273225
32.79524508715772
49.81173531161819
53.856761081101524
53.68967017526045
84.98297823426577
0.0
0.0
82.39565158979158
20.878686617282277
0.0
0.0
0.0
0.0
0.0
0.0
0.0
0.0
0.0
0.0
0.0
0.0
0.0
0.0
0.0
0.0
0.0
0.0
0.0
0.0
166.88243379208538
188.34117080928849
168.2127225836417
48.8937584476877
19.35863153321869
91.0228164009269
65.4878195536863
199.56638611306465
341.7230843256019
406.67604197237745
442.0520699575224
339.2313432835821
529.3793663688059
906.2862723610981
927.1966927763272
1049.5944055944055
1319.270686731828
1390.6420950533463
1613.8440524487314
1750.7203253993039
1909.0250416671665
2186.0839562890646
2538.7171788470464
2439.2037037037035
2449.0275588196555
2117.741790457436
2142.517633965629
1963.689768301591
2159.078795271092
2119.5951525767714
1415.799984716739
708.4665218385667
833.4869783721165
884.8574688959977
1394.1961678016528
1417.9622262779565
1108.7108847145116
1065.8755745452754
666.5406354705057
1098.020848803303
751.6316476119244
689.6149068322982
674.4230890161572
624.8439260344018
349.3317349398556
238.14096221083764
132.64248237222444
132.52133806376895
0.0
0.0
0.0
0.0
0.0
0.0
0.0
0.0
0.0
0.0
0.0
0.0
0.0
0.0
249.04662579941626
191.97841237415358
119.67199327165686
87.81521289778983
97.52314279190071
143.69460393176038
165.19323751142116
148.81722019264572
34.89349298026527
130.89466790591973
145.4570690138545
185.1491009675011
189.03668861712134
343.27504911591353
470.72111207645526
421.47887323943667
723.387323943662
1171.4156818973904
1061.92680538145
1125.8703170028818
1651.7852555190345
1632.565126521904
1072.7513711151737
1026.2985332182916
1047.21518192947
1033.4894407804109
920.7776904948939
901.8706157443492
904.5362431800468
831.6058158319871
881.5395003917341
700.5640781525913
868.8947477063417
1069.3919789484075
1084.780662300658
1054.9283171352724
471.9982087154728
490.7684386143819
505.97153488519257
520.8886505430582
336.30198166552464
334.64002514341394
314.5930437795306
305.90071426527805
141.04545592781474
47.23297127190145
47.23297127190145
0.0
0.0
0.0
0.0
0.0
0.0
0.0
0.0
0.0
110.92120373385886
62.85796759612555
221.03648598017568
464.96565513593174
529.137801104172
1333.9045260301004
1471.2767722965161
2541.947733783017
2627.8070134847558
2432.9041920557934
2444.0652495214713
3167.2056646177634
3171.354404474839
3449.4245693848948
4606.85920828193
5238.171534718114
5534.7032113763125
4602.4217252396165
4135.283870967742
4654.731495357344
3629.213697078441
2247.38370236003
2216.3024024308606
2326.9142367066893
2530.540363079433
1206.870499396735
1071.2607493504513
2180.4493898903706
2285.7276671774553
2050.6380368098157
2088.61785082975
1747.5386313465783
1740.0243722304285
1484.2934002869442
1315.1169296987089
1426.3966882649388
1166.712643678161
1040.1530205808895
560.1975574712644
434.9800537758526
484.46344530244403
376.1442086897331
510.33176488882873
382.94193548387096
1285.047619047619
1060.1472208993873
797.5079365079365
692.9022811569562
150.9361880710644
293.9219365769138
414.10242555990914
284.82584880496154
342.41752577319585
779.1808781130682


