Rainfall Prediction

1136.1166313367655
1136.1166313367655
1136.1166313367655
679.7477473298459
622.1671801051547
658.3570459864465
658.3570459864465
658.3570459864465
600.9950082987378
602.127893391429
602.127893391429
563.9840423274403
531.883445878888
502.2170845361595
465.4170173081341
444.1688867987041
404.45518911246523
398.1306318282983
319.6372944448129
224.3836001137338
266.42635004818874
203.92645733204898
240.44957891416652
295.9239767237525
367.72680076382795
370.55768781662056
371.51043053997824
383.7837933003425
383.7837933003425
383.7837933003425
383.7837933003425
383.7837933003425
405.9556626036888
419.67844833872516
414.5539771851188
376.7359818228145
332.1069104972072
332.689044003556
332.689044003556
332.689044003556
349.77993081364747
358.14522194216136
346.4231516512717
389.27625152325953
411.98058206667946
457.41884526110204
519.8634436080306
514.0622530394544
610.163912403872
648.4442921331022
658.9279171502752
570.0096490411369
570.0096490411369
549.301374474887
522.3380131677188
582.2344888444861
688.5637225413491
799.429796792689
837.9045291678522
915.3163387594477
1068.6276245727508
1110.871279671952
1110.871279671952
1078.6102168995062
1057.2109534052322
1063.5530076117504
1146.9132486809976
1146.9132486809976
1145.633449232345
1145.633449232345
1147.3892103379742
1106.9647690870745
1085.766088989705
1077.0394607441272
1156.7895227741303
1097.3973756119522
952.1864313252946
936.1949583286593
945.9101437240221
922.7350649021636
946.3191850533307
942.2313940853383
950.3893938802137
962.4967532412771
955.250752420536
951.2013456676773
890.8467881740384
732.9829465956217
496.29527501276897
362.31340024901095
331.2642449767255
280.35869881278876
322.95355703258633
333.9311306242651
354.16662745097824
364.8342089223542
363.213435874831
337.6210893886814
337.6210893886814
343.3394821455872
385.08570474635906
450.99556538839715
461.26890205172083
485.9670770741574
589.4268402439781
573.6906832082948
578.8056668692869
634.2499507292058
642.443771858674
619.74994957644
693.4911679322239
713.9978991565731
717.2656411679009
713.3442366767955
720.249956612286
761.0190536379494
772.463591375024
766.7626751479235
766.7626751479235
766.7626751479235
766.7626751479235
744.5972065486144
699.8356950027628
659.0295896240168
648.5368146836385
620.644825967316
604.7313453096342
609.7499487494854
697.7893664996623
780.1057620605042
799.9281217709502
785.8244078673047
691.5381406690451
640.5122949639608
615.0943017131601
549.6371530382567
522.9827913038822
513.9260647213761
463.4975728091788
455.19995606326677
455.19995606326677
377.4215150200105
307.94317657645865
305.0606497075623
304.2827632318334
288.2845816203149
232.79604807642247
225.30867715203513
225.30867715203513
226.94492724006852
226.94492724006852
226.94492724006852
330.03636163307823
474.2130322966673
500.9750492789037
531.3962739801626
570.166642307317
680.3543194542091
725.4398665637284
659.0311070048211
610.2130775393133
547.0648956019752
509.04322016897544
509.04322016897544
507.00295857124934
507.00295857124934
507.00295857124934
507.00295857124934
517.8918806082984
527.8522520554402
533.1116205824068
534.8532509015907
777.7165293344356
814.4961632813257
814.4961632813257
814.4961632813257
817.0
879.4111666336743
879.4111666336743
1001.2941625716192
1111.7823528011227
1170.8970919769167
1187.1764822468479
1166.649904641491
1116.8625698804665
1232.4998985801176
1206.358155772986
1204.115442970482
1205.4982372446673
1198.4782017208322
1175.285071801731
1158.0734000917214
1158.0734000917214
1158.0734000917214
1158.0734000917214
1158.0734000917214
1158.0734000917214
1158.0734000917214
1158.0734000917214
1143.7106277376283
1130.1406992051918
1122.8036337668311
1186.6317878769303
1031.8270203866537
993.8289591272736
993.8289591272736
993.8289591272736
991.1009030366182
927.0684980086423
1001.694564226042
905.2353285196066
784.2576107376963
746.5842216387914
734.7366875282601
670.1462526941414
589.9694907365973
426.5407366242995
445.82732083173187
393.9644654026553
386.5358974273929
335.6694802927427
337.3929459843522
339.4377704381173
341.9766073871135
344.92897819696157
476.58787227540734
476.58787227540734
688.888960573473
705.2403845498357
735.3665752534582
735.3665752534582
751.7100504848927
764.3062213537189
698.5162847063767
644.9139477480697
644.9139477480697
684.4910518041854
689.4476049708201
709.9746474346813
709.9746474346813
616.600356795226
627.5061752684192
913.332360096805
889.4554513858466
887.3973180036099
887.3973180036099
889.2153844822974
889.2153844822974
834.0347714574016
811.4351483636877
673.1931372199215
673.1931372199215
650.4798228999882
642.1931173720254
631.6818819627487
676.9401746092486
662.3050656608327
740.281027718528
525.0752327048001
516.4068163763914
502.46989959598574
518.1486273261756
509.9235236778158
510.2195605815206
613.1802345151057
876.7838958375091
894.1476388158725
854.8684109265005
847.2012747865763
825.8474435390594
825.8474435390594
835.4543673953713
837.0448016683456
608.0624967879535
602.1694113785588
622.7037819059717
641.3579343860962
639.3121303401024
662.0876074961682
678.6574983008734
654.6541071436121
652.0015337405273
652.0015337405273
648.7218201972245
648.7218201972245
648.7218201972245
633.0876716537765
617.0575337843303
577.0147311811025
579.0561285402306
579.0561285402306
579.0561285402306
586.448633726774
586.448633726774
576.9792023981454
386.58504885729866
225.74764672084623
213.65860619221496
214.60428700284623
250.3297824870225
477.65049984271974
586.8560300448484
633.8099084110314
655.5326078846116
806.7490316077237
956.6002299811557
954.7984080422422
966.3074045043844
994.98743710662
972.111104761179
951.48410391346
958.6652178941301
950.1726158967117
955.1125588117874
1022.4724935175518
1022.4724935175518
1027.0457633426079
1055.8285845723253
1070.7679487171813
1063.1585018236933
1065.8114279740107
1093.601389904018
1101.6415024861763
1155.7577600864292
1155.7577600864292
1158.3194723391298
1158.3194723391298
1175.7737877670177
1172.8827733409678
1167.6609096822588
1135.2277304576382
892.9994400894101
793.9918135598125
750.1239897510278
717.8258841808367
559.1341520601295
367.9959238904692
337.10532478737264
279.4691396201019
189.09785826391584
184.05433980213562
184.05433980213562
53.131911315140925
58.0689245638319
57.810033731178535
267.0599183703912
467.74993319080227
614.1025972913646
686.4481043749774
714.4704332580881
795.6676441831728
795.4872720540536
759.939471273864
876.8990819929053
736.362682378731
797.8928499491645
833.1200393700778
836.1931595032335
836.1931595032335
957.7572761404634
1004.9791042603821
1011.7376142063712
1182.5557069330814
1219.4396254017663
1229.4580106697422
1270.3511325613874
1396.58619497688
1470.2782049666655
1536.4621700517068
1609.2544857790517
1613.4838084096166
1632.38016405493
1656.41751983007
1690.2212872875552
1686.1844501714515
1722.5710435276683
1657.206082537715
1558.0917816354722
1447.8338993130392
1346.5374112886727
1285.0626443874244
1158.6798522456495
1133.936506158965
1121.1172998397626
803.5054449099894
783.7065777445025
599.8599836628545
738.8856474448532
930.8555204756536
1139.8140199172847
1099.4907912301949
1081.891861509273
1114.4303477561978
1022.4138105483513
982.107427932403
975.5331875441245
944.6269104784174
891.2911982062877
846.4573232006443
769.1943837548478
669.3429614181358
671.2562848867785
643.0831983499492
606.6976182580578
554.9972972907166
441.78162026050836
380.2052077497098
395.4010622140512
403.75239937367553
432.6661530556787
504.2568789813382
504.2568789813382
505.47007824400447
505.47007824400447
483.3218389437829
482.82502006420503
462.79477092983666
425.05058522486473
394.01522813211164
367.13485260868384
327.88412587376047
365.9508163674457
409.751143988641
483.76440547026607
487.98360628201436
649.4151214747005
649.4151214747005
649.4151214747005
630.5553108173779
621.3010542402129
621.3010542402129
615.8652450008849
601.5022859474434
611.8970501644864
606.3893138900124
591.8293673010828
552.0815157202784
501.50972074327734
483.73443127402044
472.25734509904663
442.147034367528
360.7478343663341
572.5940970705165
590.4659177293809
726.966299081326
762.4408173753553
762.4408173753553
762.4408173753553
759.9052572525078
759.9052572525078
759.9052572525078
758.4273201830218
639.0680714916057
440.1499744405309
315.95569309635806
286.5798318095675
220.916273732833
257.76733695330756
271.1346528940925
272.2204988607581
271.56951228000537
274.37929951073204
274.37929951073204
274.37929951073204
272.2204988607581
299.6731552875566
307.9415528960001
297.5701597942912
307.9415528960001
380.87793320170175
404.85552978809613
407.8234912311943
456.71216318377157
352.5109927363968
331.7152393243337
210.14280858501917
219.99090890307264
228.34184898962346
228.34184898962346
228.34184898962346
228.34184898962346
231.77575369309017
230.06520814760324
230.06520814760324
378.65551626775493
397.22160062111425
397.22160062111425
397.22160062111425
381.02493356734544
363.73066958946424
361.66282640050247
361.66282640050247
359.1865810411074
392.93129170377864
428.9580399060029
428.9580399060029
418.98090648620257
414.92288440142704
419.7987613130844
428.73185092782643
386.40263974253594
368.8332956770579
364.9602718105082
319.17236722498393
315.8987179461164
315.8987179461164
279.62832474554506
247.02024208554246
241.45807089430662
241.45807089430662
241.45807089430662
241.45807089430662
233.69210512980536
233.69210512980536
233.69210512980536
121.04544601099208
91.03845341392834
132.39335330748293
160.1499297533408
160.6424601405245
163.00613485387598
279.7177148483807
387.2570205948499
424.13677039370214
433.20895650944243
472.66901738954715
472.66901738954715
470.9681517894814
481.84644857049636
485.4183762487778
466.5458176856803
460.5833257945841
498.0652567686287
513.6983550684195
530.6825793259093
608.7199684584037
611.337877118701
655.6386199729238
662.9826543734006
679.4151897036156
681.8159575721296
692.5164257979734
741.4027245701219
741.4027245701219
823.638270116196
910.6437283592305
932.3164698749025
932.3164698749025
916.1964854767781
864.5727268425717
937.4027949606295
940.3552520191505
889.6679155729962
783.7327350570474
758.8076172522256
735.0836687071751
669.2204420069668
669.2204420069668
763.5070399151537
766.6883330271826
754.6893400598686
751.4572509464527
751.4572509464527
721.7173962154438
706.913714678107
690.1804111969566
587.7822726146137
583.4646518856134
523.5923987225177
521.3760638924653
634.7251373626225
697.3284735330976
684.0
630.6385652653983
681.4029644784355
783.476866282598
684.2368011149357
655.4570924171925
655.4570924171925
597.8360979398952
597.8360979398952
448.7181743589176
436.93477774148397
370.631892853273
402.91934676805977
359.97777709186437
354.88589715569145
354.88589715569145
354.88589715569145
329.53300289955786
448.2499302844341
448.2499302844341
572.4543649934028
585.3665518288519
600.597202790689
600.597202790689
613.9454373150761
624.233129527743
633.3308771882198
633.3308771882198
632.2673485164325
551.1134184539512
498.5629348437366
506.217344625804
506.217344625804
439.64076244133685
280.42467794400693
408.15683260237114
414.5829229478706
414.5829229478706
414.5829229478706
415.4323049547303
415.4323049547303
416.2799538771955
417.2493259431344
167.05986950791024
167.05986950791024
167.6872088145068
250.86450526130633
250.86450526130633
250.58331947677604
235.0999787324533
235.0999787324533
223.89283150650448
220.9705862779026
215.00697663099214
215.00697663099214
211.59395076419364
211.7167919651155
268.71918427979796
269.2582403567252
301.66206257996714
497.94578018093495
585.8455427841028
610.7880155995205
658.2674228609525
793.5741931287837
817.1407467505215
601.1655346075655
597.5550183874285
617.9320350977121
636.4432417741585
692.6037828369117
745.2247982991441
744.2687686582045
704.9652473703934
694.7920552222802
694.7920552222802
689.6491861809162
720.90498680478
720.90498680478
720.90498680478
720.90498680478
737.8617756734658
789.4453749310335
824.5883821640953
827.1964700118104
830.6611824324043
830.6611824324043
817.2484322407722
540.9768941461364
536.6246360352831
504.6285762816054
495.81246454682844
551.5387565711044
829.0808163261287
888.5943956609225
792.4960567725243
775.9452300259343
770.6361008932815
882.7343881372244
887.905400366503
908.2951062292475
853.6685539481937
779.4228634059948
834.1618547979763
882.8221791504787
886.346433399492
890.9545442950499
1019.632286660245
959.5571895410924
1076.427424399806
1171.388492345729
1218.3332877336973
1208.350942400427
1147.9420717091957
1168.487911790276
1247.9639417867809
1336.5268422295155
1336.5268422295155
1336.5268422295155
1336.5268422295155
1356.666502866493
1353.3307060729835
1347.305459055221
1309.8824374729206
1099.7963447838877
1024.4725472163711
1009.9207889730759
986.7421142324878
974.4896100010508
867.6779356420215
851.7053481104836
823.1160307028408
810.4430886866763
810.4430886866763
767.5063517652476
725.2716732370016
789.1108920804477
785.5927698241628
675.4694663713527
672.6291697510597
541.3871073455665
440.7187311653545
405.43063525096375
484.8226479858382
560.3811203100976
572.349543548346
529.5054296227754
498.80356855178974
527.786888810247
538.3725475913496
538.3725475913496
538.3725475913496
617.1855474652659
652.7442071746023
657.1339285107717
768.0820268695264
792.0385091648006
798.5455528647067
825.1060537894507
907.0970179644512
954.9607321769832
1015.1551605542869
1085.3570840972109
1088.2095386459357
1100.954131651269
1125.2453065887455
1172.593706276816
1225.5284574419316
1251.9744406336736
1236.6406106868722
1232.8503558826594
1232.8503558826594
1229.9268270917582
1211.8576649095387
1133.0097086962671
1025.9634496413603
894.3422163802848
844.344124157917
680.6114897649026
633.3971897632638
596.4025486196383
596.4025486196383
587.6869915184443
560.9278028409717
531.9906014207394
530.4658330184895
486.6662100454479
467.48048087593986
464.3511602225195
449.63985588468466
401.08103919282945
369.5862551556808
350.9643856575764
300.2132575353727
301.0714200982883
287.9305471810867
264.43713808767484
259.1003666535422
165.94276121602894
177.9494310190398
185.3752950098799
211.15870808470106
217.02534414210706
255.48972582082436
263.581107061944
266.5520587052368
266.5520587052368
251.71412356083638
249.47945807220282
239.12967193554212
219.62695645116062
219.62695645116062
219.62695645116062
219.62695645116062
219.62695645116062
219.62695645116062
252.57870060636546
252.57870060636546
339.98235248318406
339.98235248318406
339.98235248318406
342.479196448485
345.9465276599839
331.1102535410222
319.9468705894777
312.4851996495194
324.7491339480369
323.94752661503685
335.0074626034471
360.0583286080187
306.42291037061835
331.87648304753384
308.1395787626121
304.4667469527666
266.02819399454637
409.08678785802897
413.52146256270663
509.82349886995206
585.3332384206453
663.1379946888883
681.616461068833
679.3496890409239
690.8140125967336
691.8959459340689
697.2804313904127
703.6874306110633
708.4546562766033
689.2517682240648
689.2517682240648
635.5753299177054
635.5753299177054
654.2178536236993
653.9633017226578
650.0
656.7252088963846
656.7252088963846
656.7252088963846
644.2887551401158
641.8473338730947
592.4964134912548
535.1336281715063
539.2253703230218
523.8663951810614
523.8663951810614
541.2485565800615
568.3995073889491
444.48622025885123
432.7193085592553
253.2350686615106
245.43023448629958
216.25910385461233
203.8479825752514
206.92510722481214
198.7460691435179
205.77657787027172
211.08292209461192
211.83012061555362
343.07433596816884
394.24611602398824
394.24611602398824
373.3845203004538
375.36115941849926
361.2976612157903
359.2436499090833
359.2436499090833
353.84742474688153
365.02739623211846
366.1843797870139
487.13755757485995
487.13755757485995
486.70319497615793
488.89262624834095
500.4827669360854
471.0
472.49761904162017
455.81465531507433
428.8321349899049
417.76548445270106
417.76548445270106
417.76548445270106
391.3003961153119
377.4042925034107
386.10361303670805
453.35747484738795
453.35747484738795
445.143796991489
466.5940419679617
461.0249450951651
241.8863369436149
173.89652095427326
174.21825392306053
177.2455923288362
173.75845303178778
185.8144235521021
311.65365391729324
377.1896074920411
398.64269716125494
417.6601489249363
482.08298040897483
392.530253611107
408.95109732093886
418.3969407153929
421.4985171978663
405.11109587371215
399.93374451276304
432.4800573436884
436.67608132344503
442.6014008111587
519.2879740567848
530.9237233350946
558.6054063469132
669.0411048657623
827.8556637482164
856.743835694194
814.0780060903255
846.0413701468741
846.0413701468741
816.6810883080371
816.6810883080371
815.126983972436
824.4076661458213
823.638270116196
831.6814293946932
865.6719933092442
871.6983423180292
804.7658044425099
754.6548880117322
734.7319239015003
747.3633654387937
683.0988215478051
712.1123506863225
800.2643313305923
804.1996020889342
791.6135420771931
789.6936114721963
790.8678777140971
759.8499851944462
753.6106421753875
744.6066075452192
637.0933997460655
630.3332451965389
573.3062009083802
532.3335420579846
527.4997630331221
541.4766846319424
531.1271034319375
501.4030315026027
501.4030315026027
632.1676992697428
636.9897958366366
702.7688097802861
690.469405549587
690.469405549587
672.5087360027377
614.4949145436437
563.9007004783732
567.5984496102857
617.0445688927178
618.2232606429493
581.1987611824375
696.8328350472586
645.8668593448652
627.4121452442565
688.197646029104
688.197646029104
686.021865540742
684.2762600003014
675.8927429703622
701.1212448642532
713.401009250758
701.1212448642532
717.1805909253261
733.6129769844588
708.8892720305478
614.2605310452561
555.6887618082626
554.9270222290495
554.9270222290495
577.4287834876263
355.2140199935808
379.0949749073443
366.3768551641875
395.2568784980218
397.5688619597868
404.25115955306796
404.25115955306796
404.25115955306796
392.95419580404024
156.14416415607724
156.00961508830153
151.91774089947495
204.17884317431128
202.32894009508377
194.632987954252
180.73461206974164
182.28823330100053
191.73940648703385
191.73940648703385
190.9240686765291
182.5705343148231
178.24701961042715
178.24701961042715
187.32325002519042
181.02486017119307
198.1665965797465
326.4812398898289
384.1132645457587
404.0433145097194
438.1597882051706
488.9171708991207
499.9509975987647
438.0410939626555
400.5945581257938
288.22907556317074
276.347607190654
260.096136072799
383.9062385531134
390.34343852561426
388.51512197081854
388.51512197081854
388.51512197081854
392.1632313208366
395.4465829919384
395.4465829919384
395.4465829919384
411.83006204015754
400.849098789058
422.85694980690573
441.68088027443525
442.0011312202719
475.22100121943265
526.0874452027914
527.0
558.0465930368181
673.0928613497546
744.142459479366
707.4786215851332
693.960373508459
735.8260664042828
713.6469715482579
640.4841918423905
623.9567292689454
610.2458520956943
693.4479071999568
724.5481350469408
751.1990415329349
706.0205379448958
606.9497508031452
647.3468930951935
693.2712311931024
696.491205974634
736.4984725035076
842.0884751616068
803.2185256827684
898.7991989315523
941.4775621330548
979.1761843509063
1008.8567787352177
964.1395127262444
969.4307608075989
1035.2767745873564
1023.1480831238457
1014.2741246822774
1030.192215074449
1007.567367474751
937.3835927729907
935.4528315206492
936.9012754821075
925.7386240186805
889.8898808279595
950.789145920377
944.8121506415971
950.9153484932294
1044.576469196966
992.0735859803949
1009.3463231220492
978.5703858180054
963.8661732834076
981.8034426503098
929.788147913276
872.878571165543
868.647224136473
845.7032576501051
744.5327393741661
730.5997536271142
590.9314681077662
509.4820899698045
463.8092280237641
539.4608419524071
628.5021877448002
677.761019829261
632.1044217532417
725.1379179163092
745.6755326547868
747.5192305218642
747.5192305218642
747.5192305218642
704.9453879556912
699.9285677838847
694.5682111931125
678.2329983125268
617.4342070212825
616.0357132504575
609.9385214921255
501.2733785071775
456.8643124604941
371.5373467095872
380.07893916922046
413.66653236634943
418.87945760087115
428.56504757154426
457.4538228061932
578.6190456595773
737.780455149091
823.1160307028408
848.9522954795517
853.1822782969651
853.1822782969651
838.5666342038658
785.563492023401
725.9834708862179
626.3896550869914
588.6068297259216
469.72332281886963
439.572519614227
414.7288270665544
427.1908238714872
428.59771347966847
428.9475492411631
419.2493291586762
421.3691967859065
427.0971786373682
427.0971786373682
427.0971786373682
427.0971786373682
427.0971786373682
428.4133517994041
447.69185831328224
439.8863489584554
432.39333944916405
421.1080621408239
408.1494824203505
431.3525240450089
341.04691759345957
346.3726317133038
280.4460732476032
284.0739340383063
278.4923697338941
303.5308880493055
311.2362446759696
322.3910668737582
294.76092006912995
297.166619928955
302.9917490625776
326.4751139060985
305.54868679148336
305.54868679148336
263.8768652231567
258.6658075587108
260.16533204868017
271.14756130195974
263.1387466717891
239.9416595758227
245.43023448629958
245.43023448629958
245.43023448629958
247.2326839234651
249.26491931276652
238.57493581682044
232.56611963052572
227.83546694928776
231.68081491569387
233.2080616102282
247.1032172999777
273.55803771777573
251.37621208061833
272.25723130892226
252.78449319529076
261.5339366124404
243.78679209505998
236.18636709175235
221.2690669750293
230.36275740666068
270.65660900853686
300.86541841826886
264.04734423962685
253.31403435261933
261.2776301178499
261.686835740738
263.7233398848119
253.40481447675774
221.32103379480225
221.32103379480225
264.16661409042587
267.2975869700286
267.2975869700286
338.7166957798213
379.96315610858903
390.0
390.0
390.0
391.72949850630346
387.35900660756556
430.8688895708299
442.3234110919294
402.34313713545555
411.6527662970334
399.92749342849635
399.92749342849635
406.8660713306038
419.25886991213434
424.77288049026856
423.9292393784604
416.94963724651444
359.19214913469364
302.9191311224829
285.5345863463829
289.84478604936123
274.31733448690403
284.0211259748119
291.34515612928936
292.37646964145387
294.32125305522874
324.4533864825578
308.2855818879631
291.97260145431454
291.97260145431454
258.0697580112788
241.4787775354182
285.8251213591975
296.99831649354513
318.97492064424125
318.99373034591133
433.51470563292315
580.6556638835102
713.8627319029898
713.0161288498318
704.3415364721862
657.1963177011874
657.1963177011874
651.1151971809596
631.0586343597558
649.4428381312708
650.0646121732824
650.0646121732824
648.5090593044943
633.8974680498417
648.5090593044943
793.3536411966608
815.1693075674525
821.2624428281133
860.836802187267
863.3330759330375
869.7585871953205
830.0843330650206
860.1337105357516
883.3747789019109
907.453580079995
970.4158902243925
969.4410760845653
936.0576905298092
936.7619761711082
937.3409198365342
967.5391464948589
784.448851105029
716.7328651596772
568.3484846465238
576.5396777325911
580.1430857986675
587.2835771584287
590.3803858530532
572.458732137086
572.458732137086
547.9416027278819
626.6258851978587
626.6258851978587
750.509160503721
906.2014124906228
934.5212678157732
814.7711335092819
775.0019354814541
727.668193615744
702.4158312566709
673.3587453950531
672.0773764976768
679.7293579065126
604.9297479873179
587.159262892105
615.0121950010422
617.3491718630552
615.532289973483
615.532289973483
612.1437739616405
692.3135127960453
638.9804378852298
717.8941426143551
685.0452539796185
851.1163257745677
827.9903381078791
827.9130389116963
816.034313004055
811.3642831675547
929.1716741270151
959.175687765281
974.7861303896358
865.886828632934
865.886828632934
800.7946053764348
674.3767493026431
639.357489985063
705.8604677979919
766.6159403508383
766.6159403508383
852.1361393580254
868.9976985009799
958.7351041867613
941.9559437680724
941.9559437680724
917.4535410580745
836.8363041837991
770.4576562018187
770.4576562018187
770.4576562018187
790.411285344535
727.2963632522852
871.997706419002
788.8459925739625
831.2364284606396
869.6895997998366
902.3170174611581
893.758916039443
891.4847166384851
894.4529054120178
855.4753064817243
848.9876324187532
821.5564496734232
828.3024809814347
847.8136587717846
820.6192783501981
799.7349560948302
790.1569464353269
713.0539951504373
621.7893533987213
647.0023183884274
475.0210521650593
478.20706812007705
455.5611923770505
491.4712606043206
520.8473864770755
529.6017371572718
532.8742816087112
532.8742816087112
558.8461326698074
660.7087104011873
618.4415898045668
677.7772495444208
688.8722668245543
689.6129349134919
796.4433438732475
746.1199635447372
839.1495695047457
841.2532317917121
841.2532317917121
837.6759516662753
801.024968399862
782.0556246201417
797.1449052713064
853.4752486159163
853.065061997032
879.2371693689934
899.42314846795
899.42314846795
899.42314846795
905.0171269097618
847.4172525975619
847.5264007687313
746.2043955914492
685.0540124690899
493.38828522777067
473.2060861823313
461.1182061033808
638.0979548627311
649.6214282180046
644.2794424781843
638.4951056977649
637.4982352916751
627.5093624799554
591.5581121073398
600.3274106685451
578.3286263016902
588.3740306981606
520.4709405913072
519.4805097402597
519.4805097402597
518.2181008031271
554.842319943243
623.3073078345865
615.2966764090312
618.7050993809571
718.5589746151669
765.141816920236
753.8003714512218
775.3418600849564
838.2839614355031
841.5521374222752
841.5521374222752
834.6256645946133
802.7951170753345
834.8987962621577
849.9852939904314
837.3171442171717
584.8076606885378
525.2732622169151
537.0139662988291
542.7034180839476
489.3567206036921
524.0791924890741
569.5542116427548
546.5381962864078
485.4070456843411
435.56859390915685
479.3026183946839
494.3723293227484
498.5629348437366
505.3256375843205
508.9960707117492
503.5891182303287
453.8479921735911
463.51051768001986
444.57620269195695
412.4318125460256
411.58231254513356
412.2196016688192
408.47031715903177
392.6525181378569
419.52353926806063
420.1523533196024
440.51787704927483
491.4488783179793
498.8366466088874
568.4980211047352
568.4980211047352
568.7117020072649
642.587737200143
748.7896900999639
788.370471288721
940.179770044006
943.1325463581458
943.5306036372111
1017.2747908013843
1032.5812316713877
1016.1043253524709
1000.5028735590918
1001.4219889736794
995.0
1096.7451846258546
1275.889493647471
1334.7097062657483
1374.5108220745299
1370.8026845611296
1397.596150538488
1397.596150538488
1321.160096279024
1303.0871037655158
1298.2877184969439
1289.9612397277679
1192.2550062801163
1237.9499182115567
1221.7319673316238
1010.5785471698872
939.5828861787554
750.9940079654431
772.3211767134189
866.6002538656448
871.6966215375622
863.409520447858
891.9562769553226
1034.3911252519522
1304.2239071570496
1448.5958718704123
1461.5519149178383
1477.0707498288632
1464.0081966983655
1431.8617251676224
1412.3561873691779
1439.2317395054904
1356.6038478494745
1173.735915783444
1112.276943930782
1071.163853012227
1061.1314715905849
1058.9981114241896
1087.3251583588049
1113.8348171968769
1165.9781301551072
1171.873713332627
1155.1233700345604
1127.4990022168533
1034.8072284246955
1038.6086847316462
1057.9432877049696
1057.9432877049696
1044.0153255580112
971.5322948826765
869.1748960939909
833.6030230271481
831.8016590510024
823.1615880250973
760.3742499585319
605.2916652325555
451.0543204537564
388.07473507045006
362.15604371596504
362.15604371596504
359.94999652729547
368.6949958976932
337.0964253741057
336.2454460658166
343.8546204430006
370.5050606941827
355.9775273805918
350.8845964131227
308.59034333562676
287.9305471810867
271.29688534887384
245.92681838303037
249.95599612731837
227.59613353482084
240.249869927124
255.47602627252522
253.44032828261567
231.46490014686893
199.08289730662452
194.1571528427423
205.34604938980442
195.03333048481738
194.35019938245497
193.25113195011303
195.44308634484875
205.7085316655583
205.7085316655583
226.09732417700127
227.9736826916651
241.27992042439007
254.46414285710276
282.75784692913476
267.46214685446614
292.4961538208665
309.2474737164396
304.70477515129295
264.6884961610534
257.588819633151
258.8088097418633
253.58824893910207
256.3162109582615
244.24373072813967
211.53959440256097
216.82250805670523
277.97841642832634
276.289703029266
266.5182920551608
356.9607821596092
407.9460748677452
420.8028041731661
421.070065428546
420.5353730662856
457.2384498267835
459.71404155191954
530.9124221564231
589.2367945062495
590.7325960195526
599.8149714703693
580.591078126421
578.3804975965216
565.094682332085
552.9303753638427
519.5498051197786
519.5498051197786
492.1442877856046
466.32821059850113
459.46708260766627
473.42370029393334
459.8043061999311
452.0829569890907
456.71982658956244
452.41573801095825
452.0829569890907
462.47702645645006
437.49285708454715
379.0936559743515
363.9780213144744
388.1030790911095
319.25694980689144
308.14606925936926
362.8388071857805
398.9135244636361
404.27465911184686
345.09563891767743
347.7570991367394
422.48905311262206
519.8749849723489
550.4625327849299
549.2658736896003
549.2658736896003
549.2658736896003
588.5864422495646
593.6286718142917
696.0
776.8796560600618
780.9084453378641
852.4189110994664
864.5449670202239
825.7451180600464
871.4126462245083
896.7061949155922
910.4724048536561
910.4724048536561
924.1428461011858
919.1300234460846
917.6927590430253
1041.061957810389
1071.249270711537
1134.929953785695
1142.2600404461323
1110.7889088391187
1073.7318100903967
1028.3773626446666
1018.1159069575526
1053.8913606249935
1052.4485735654735
922.4521667815627
728.9307237316863
716.6519378331436
721.1310560501469
730.0068492829365
733.8562529542145
696.8414453805112
693.6749959455076
601.4981296729027
614.075728229019
610.75936341574
543.2973403211173
530.6901167348041
530.6901167348041
479.4872261072238
454.3302763409016
426.58176238559474
426.58176238559474
408.9352026910865
408.9352026910865
408.9352026910865
294.7337781795633
265.4580946213545
137.40451229854133
108.81176406988355
144.22205101855957
175.27121840165316
176.1817243643619
192.24203494553421
158.48028268526025
165.2331685830663
160.0718588634492
201.43237078483688
195.95917942265424
195.57607215607945
192.48376554920156
191.3112646970899
221.99099080818573
229.15933321599624
233.32166637498543
209.13153755471697
209.13153755471697
273.8174574419973
283.2948993540124
287.4578229932176
317.35784219079886
357.49125863438957
357.49125863438957
453.5636669752109
560.6817278991709
633.188755427637
633.188755427637
633.188755427637
633.188755427637
632.0759448041034
632.0759448041034
678.8298755947619
669.5707580233773
684.7335248109297
760.999342969493
805.394313364578
828.463638308888
827.3185601689352
775.6610084308737
804.7608340370448
799.6561761157104
810.3733707372177
809.9740736591511
856.9854141115821
836.3372525482768
823.4895263450532
823.4895263450532
829.3033220722078
802.473675580701
792.1363518990906
783.5917304310964
707.5542382036871
615.5103573458371
615.5103573458371
438.8279845224094
389.2428547834886
367.34452493538
367.34452493538
387.03746588670197
387.03746588670197
392.87402561126385
416.7793181049175
430.5124853009492
546.0476169712674
521.7758139277826
605.4634588478482
660.7268724669824
673.9970326344175
809.1872465628707
873.700749684925
979.8693790500854
984.3617221326721
982.835184555376
1007.9756941514016
949.1575211733825
975.1666524240869
994.5049019487033
1070.0485970272566
1100.3272240565532
1223.3184376931463
1240.408803580497
1239.2457383424805
1238.663796193301
1235.1663855529748
1235.1663855529748
1241.5740010164518
1263.5355159234741
1263.5355159234741
1272.5376222336217
1277.1115847881108
1443.5283163138852
1448.7197796675518
1395.8280696418167
1338.4954239742474
1231.7658056627486
1204.6447609150177
1037.975433235296
1014.3623612891007
958.1315149811115
923.0211265187812
787.9771570293138
706.8946173228369
701.8261893090055
688.6363336333627
639.3121303401024
536.842621258782
477.4735594773809
559.5444575724077
619.636183578719
666.861304920296
550.8992648388632
541.1099703387473
587.3286984304444
595.0672230933242
643.1018581842226
728.4915922644543
757.1657678474378
734.9666659107745
734.9666659107745
726.1404822759849
711.2945943840709
496.78969393496885
475.8234966875848
511.3746180639004
510.7083316336243
471.8855793516051
502.0059760600465
509.0383089709457
481.93360538563815
430.6889829099416
389.34560482943687
440.24425038834977
441.2380309991422
441.9819000818925
451.54069584036387
458.0414828375264
459.23523383991346
417.49610776628805
428.21256403800203
399.75992795676757
379.9671038392666
370.6413360649349
371.34889255254285
358.68649263667567
356.2246482207541
339.78816930552483
304.8409421321224
299.9349929568072
304.6095861918991
314.47098435308783
366.5774133794934
377.67843465043114
391.57757852052765
441.1904350731099
502.5256212373654
557.2575706080627
648.4998072474656
629.971427923521
657.2670690061993
730.9295451683424
746.8895500674782
727.694303949124
700.5569213133219
721.2586221321725
725.5032735970252
772.3762036727957
880.4919079696303
899.9488874375033
927.2378335680658
822.4354077980836
838.5105843100611
839.6874418496444
852.9994138333274
1043.1577061978692
1114.2540105379921
1215.236602477065
1270.6030064500872
1363.7895732113514
1366.1489669871291
1384.3193273229988
1394.8476619330156
1340.3391361890467
1343.4284498997333
1345.1635588284423
1310.8775686539152
1295.114280671787
1237.463534816279
1252.7098626577504
1264.8122390299677
1290.6626205170737
1239.548304827206
1238.6839790681076
1228.5926908459126
1202.0574029554496
1183.332159623831
1261.3294573583858
1196.1651223806853
1053.282488224313
1035.0690798202795
1264.0506318973144
1303.508342896201
1269.6160837040463
1417.854717522215
1488.2583781050923
1485.862039356279
1555.0852066687535
1559.7451714943695
1511.653399427263
1370.8304052653632
1378.3011282009459
1418.0486592497452
1417.6981343008108
1403.5241358808191
1306.6617772017364
1189.546131934361
1171.436724710302
1165.939964149098
1166.1719427254284
1157.3793673640462
1164.7111229828622
1116.4076316471505
1088.5274456806314
1035.4173071761936
1087.2009933770296
1098.1352375732235
1109.9189159573775
1085.9792815703254
1079.3914952416478
1079.270587016991
1076.24904181142
968.908664426116
937.9738802333463
959.9083289564686
840.0285709426793
757.3559268930296
649.9230723708769
615.6947295535346
553.0822723609933
603.8625671458697
656.7328223866994
646.4843385574007
592.570670890823
514.2022948217948
498.18972289680966
532.7748117169205
515.2358683166381
515.2358683166381
507.4219151751331
511.865216634223
527.5717960619199
511.5114856970467
565.4025114907079
568.8092826246773
633.2463975420626
636.8296475510542
729.5971491172371
713.9285678553563
750.1959743960241
727.0900907040337
709.337719284686
714.3248560704017
738.1409079572816
710.321054171985
707.9788132423173
715.5948574437913
726.8321676976054
725.6493643627065
768.8901091833604
822.2712447848338
782.8729143353984
735.483514431153
777.3647792381644
759.0718016103615
748.0354269685361
748.5105209681425
735.9035262858848
796.5983931693561
824.9612112093513
853.2736958327029
851.5585710918539
847.6868525581838
847.6868525581838
816.5806757449016
799.8749902328489
739.1028345230452
763.7290095315223
715.517994183235
736.2920616168559
706.9427133792384
700.8394966038943
698.2807458322189
719.4914870934888
712.8043209745575
724.0082872453878
701.9423053214559
683.4910387122862
693.3483972722515
702.1068294782497
632.6136261573885
576.4841715086374
553.4979674759429
590.1847168471918
549.2704252005564
566.5792089372853
563.2095524758081
595.9110671903989
580.0775810182635
496.7041372889902
474.23939102525003
430.15229861062
430.15229861062
452.7328130365635
452.7328130365635
463.50512402777167
499.0521014884117
540.1592357814499
478.6951012909992
491.20260585628006
522.9703624489632
525.1276035403205
574.5902888145605
582.7641032184464
577.4036716197776
549.2977334742972
532.6856483893667
537.6616036132765
556.9560126257728
543.7646549749257
544.3711968868301
558.1397674418121
637.5954830454808
674.8333127521196
744.7643922744965
756.4258060114025
740.1216116287917
761.9055059520176
736.0706487831178
736.0706487831178
744.9254996306678
747.0903559811222
753.5608800886628
768.4224098762347
744.7449227755769
753.342551566019
722.803569443317
681.5313639151173
626.2395707714421
622.1655728180401
582.2542400017367
544.8678738923777
541.9252716011682
482.06638546988523
470.88002718314567
454.6999010336378
440.82536224677455
434.6906946324018
427.0362982229965
412.2426469932484
397.87435202586255
388.499678249545
393.9543120718442
312.3075407350902
282.9434572489705
135.67608484917304
105.53198567259123
139.87494414654827
159.79987484350542
160.63000964950479
160.63000964950479
145.657131648265
141.17011015083895
138.03260484392808
131.33925536563697
141.77446878757826
137.4772708486752
137.4772708486752
127.57350822173073
110.29959202100432
110.29959202100432
110.29959202100432
126.85818854137875
126.85818854137875
166.0963575759565
166.0963575759565
196.66214684071767
214.94185260204677
225.46840133375673
225.46840133375673
257.3518991575543
314.337398347699
354.98732371734064
337.70993470728695
324.96153618543843
316.73332631726646
316.73332631726646
316.73332631726646
393.81721648500843
418.31208445370066
417.7822399288893
474.3880268303575
498.08031480876656
524.930471586476
524.930471586476
524.099227246139
500.7394532089518
500.7394532089518
499.74193340163083
499.74193340163083
573.4736262462294
573.8100731078185
573.8100731078185
577.5145019824178
638.5984653912034
660.3415782759707
668.8572343931103
615.27229744236
605.4089526923103
603.2669392565782
626.8540499988814
610.3802093777288
573.9599289149025
541.6696410174748
542.2407214512757
599.6990912115842
599.6990912115842
642.868571326986
681.9853370857763
653.5900856041193
766.041774317824
782.4001533742181
827.0791981424753
814.9993865028366
825.9782079449797
847.3582477323272
906.8842263486558
913.1593508254734
960.4707179294952
959.9869790783623
985.0583739048159
927.5774900244184
952.9952780575568
953.4967225953113
911.1657368448399
862.8325445878824
932.6767928923717
925.0589170425849
924.7675383576134
974.2114760153464
967.641462526281
948.314293892062
948.314293892062
976.8909867533839
977.4323506002858
1101.077653937269
1059.8471587922477
1078.4998840982785
1036.0511570381068
997.9498985420059
930.8625032731741
777.4149471164033
760.4919460454529
655.0312969622139
639.5091867987511
592.2161767462959
573.3271317494053
501.02095764548613
493.1531202375181
455.57875279692314
453.8479921735911
420.9703077415318
353.4968175245712
309.82575748313764
368.4453826552858
434.9068865860829
486.094640990826
391.33106189005747
397.1901307938051
434.1658669218482
400.27240724286753
454.4931242604227
514.8397809027581
539.5451788312077
546.5830220561191
546.0
429.77203259402535
415.6440785094863
387.20924575738115
387.1717964934946
403.4340094736684
413.4380243760847
423.9292393784604
445.2976532612765
445.2976532612765
445.2976532612765
448.9465447021505
465.6071305295914
545.3072528400846
572.7486359652024
600.3065883363267
598.6944128685351
617.4819835428399
629.1208151062879
629.1208151062879
641.733589583715
610.8911523340308
582.3014683134502
566.6259789314288
569.0940168372885
557.3822745656701
523.4309887654723
470.1829431189524
421.8246081015189
398.4055722501883
372.75326960336645
381.61760965657754
362.78643855579827
373.772658176063
387.52806349992255
400.9950124378108
391.96173282605025
400.04374760768354
390.2307009962184
367.9130332021414
367.9130332021414
376.4372457661436
378.30543215766806
362.4086091692635
281.95744359743367
248.0766010731363
213.2932253964012
205.4896591072164
299.9349929568072
340.63763738025193
392.74164535989814
434.37311150668614
446.8959610468638
447.5231837569982
453.1291206709187
552.4617633827702
576.0781197025278
617.4706470756322
638.8473996190327


