Rainfall Prediction

514.3940659715998
472.3656609021163
464.44680304565594
432.46147221532493
410.2376185681449
408.22138952858404
401.3863946958466
407.94724316698125
389.15323827859123
378.961042093982
381.87299882801636
384.57526097755505
371.37312572238466
372.07593893797207
369.6211395734817
402.94576296372213
493.9470004197352
591.9317980848346
708.4889635033281
507.9692468167597
494.24839465960054
351.63077861836126
0.0
0.0
0.0
0.0
0.0
0.0
0.0
0.0
0.0
0.0
89.33055824299495
87.3282847277869
74.51599215546638
80.24713512826168
78.54029651618188
58.95346439554095
73.35186882855436
33.96066137967604
104.80822024161425
23.190133160688898
353.2680421741281
291.8591630653573
301.2436661953532
239.68715574662403
299.4454189392744
344.1819974014034
663.6265744006275
742.0871046392745
1056.763527784972
1059.493495507037
1056.106718520645
1055.9158296336984
1035.4576714012546
1034.5524929066512
1060.7560194994855
1060.816422380739
1071.8853706073555
1103.9564954606708
1078.984999251126
1093.4953054978416
1093.1851396890102
963.9003323847057
951.3253291910287
997.6830708336231
1022.2788285155377
1017.6307229496783
1005.005237346562
989.6518543855115
947.8662638292578
801.1848302551266
865.6794164417316
451.5100578975394
512.3735495619139
500.8397261749283
561.0546900506088
498.56309486563794
473.9088407925354
312.14745342980933
226.20991339598456
0.0
0.0
0.0
0.0
0.0
0.0
0.0
0.0
0.0
0.0
0.0
0.0
0.0
0.0
0.0
0.0
0.0
0.0
0.0
0.0
0.0
20.25561247428469
15.102828289197848
33.008193442759975
32.39511314099355
15.70049356159765
0.0
0.0
0.0
0.0
0.0
0.0
0.0
0.0
0.0
0.0
0.0
0.0
0.0
0.0
0.0
69.04546706612322
74.5713256020613
36.10711863401923
58.42988496561992
108.7917150286214
122.42310973744894
85.38283894259773
98.42049938795373
0.0
0.0
0.0
0.0
0.0
0.0
187.05863476170617
414.30431341067606
567.6902493275353
587.0989575944373
586.5308880487293
648.2540522172872
656.8130135676712
664.992940090517
735.4269108382314
719.497912025497
874.2443163454996
883.1161999393751
818.4772558758827
834.9525239540047
818.3626412884125
1137.3801436755325
960.2830600816259
893.6442136077338
853.3266118045101
774.6563325665395
760.624887054372
693.0730990013927
682.9651835241878
674.6049330957043
655.5261393555903
901.1276615839091
864.446333060041
861.0198547860684
865.4544286374318
851.6022371449162
811.4385501620343
565.6441570452439
374.8912527409976
243.81013463505926
391.83951347534725
389.46583158827275
351.7442568557864
89.23573315939433
0.0
0.0
0.0
0.0
0.0
0.0
0.0
0.0
0.0
0.0
0.0
0.0
0.0
0.0
0.0
0.0
0.0
0.0
0.0
0.0
0.0
0.0
0.0
0.0
0.0
0.0
0.0
0.0
0.0
0.0
0.0
0.0
65.6839527531336
67.96703583584846
66.89911876977062
69.43702416922031
53.72698100467976
13.429425431948983
0.0
0.0
0.0
0.0
0.0
0.0
0.0
0.0
0.0
0.0
0.0
152.52159499342395
228.65545526247448
84.25235776940526
76.64761532757505
93.64529246528558
95.69391175384354
78.56037925996569
18.408389715746864
235.29463670679854
354.35144107844917
342.03690866811155
235.5471601238046
397.78452403541024
398.125215968921
465.62715064893445
679.9602280750497
762.7336249664835
773.9898187664515
861.9341353970622
750.5337210584614
835.3046803317164
686.6282720993977
671.8000443780061
634.3686760141136
639.7497817702741
569.5683064165911
554.2163644519547
557.0582924556549
556.6533307130767
360.39199986927997
514.8014034036865
487.56838662725016
422.7302219659246
541.6709587528289
524.8382756924815
533.7261906586368
533.2460521794059
543.6275301151753
605.016766346346
516.7139645772878
431.7018211284067
448.95160108398534
479.6875124221044
368.7294387866742
366.28336597687235
281.6007898799615
393.4687760511593
320.8448995205042
295.2035433963218
192.9396118905835
1223.7364311148908
1284.0377085643936
1440.4110299896884
1487.2956311850182
1557.864837826841
1470.8038888786728
1451.3265035103466
1464.1712165453685
1468.5397245526108
1463.5403906594984
1452.3462559917432
1462.6815751434137
1306.2249495811889
1276.9506834123001
1270.6741155086056
1320.289679416129
1395.0455620593414
1413.2228414605247
1464.4628722650154
1606.235785356734
1471.7391814753437
1474.0317580170736
1425.6171642894112
1264.04543400141
1141.8797709134365
1133.3536586905263
1114.9231270848902
719.4396969987009
852.7848365728894
851.8218611726891
887.744630809723
36.801680122085045
0.0
0.0
148.10793729901144
275.1151692273024
502.063605893355
580.4941006486558
628.0942817566354
638.4613884027997
561.5393012754005
938.8190983617872
1129.0026069461082
1224.4838238499783
1221.9635618725354
1180.663486908848
1067.5323346795415
961.3313030424191
1182.4047994003806
1149.5506093506397
1209.0970999385272
1189.3741403086128
1150.986141161959
1221.067137909047
1398.793769667226
1604.9217239640884
1606.195389288488
1603.890684983971
1635.475268004369
1509.937555318781
1522.5586517568863
1491.4556947623905
1264.7996876452644
1356.6955638701102
1357.3426380420833
1169.9286809342755
1000.1104290613257
815.5498014278357
750.7267172924036
695.968772664567
696.5765243189676
762.7079162564717
345.4279341662273
266.3289863240385
170.7489824288587
162.43666726806876
259.036870979587
423.61816876001006
462.78078992666116
237.1379781278253
319.0590206183411
76.5238031762307
103.27953339185669
337.3457801103243
320.0258828553488
309.4926015647175
202.35260711117212
229.91136544004831
249.29530139047716
286.70609110505467
370.6689293664977
364.5228820120259
364.2941757455481


