Rainfall Prediction

521.238175035898
553.4435630861645
575.6007528260989
597.2467210720297
629.0213088518306
628.3838016296095
641.3794952969936
648.9139376113638
685.8677345792058
680.055615588373
635.9575667981596
600.1550679347218
596.3195414234231
605.9911471458416
617.1624342694174
602.9759516908869
502.0482978914364
500.3685331955503
360.8204319128586
338.90583900893523
201.38192435924802
181.6684610792081
160.42170490537998
152.53630740049908
138.450842413472
148.82893081788802
118.09860714376441
155.80425365706168
161.76300728685146
159.90921216514494
145.29129790588135
136.4537312509147
77.44951076023742
90.78597919700954
109.17640649468319
117.12877996884629
90.80299556689977
121.85918206244531
111.98938718806693
129.34652695703485
101.55454093134445
178.4788213375365
184.15098417346175
292.98174898517163
280.3069125047165
345.3085013129184
372.18830267841713
376.1630211908952
379.9686961443206
364.0821014105799
347.2645027750596
353.14297208714004
348.84337731906663
348.2799458104216
367.6107788743665
355.4460637744121
351.8645205121188
357.1210446559009
353.7314562512514
356.24301748251287
375.0329329028436
378.6647383283191
391.97363116143356
403.03091832158856
404.73188829333264
369.1864922023482
363.0566961872608
368.43726680627464
379.15267663890353
390.65011408625827
439.82017506688254
493.82479291155204
452.0493606733601
516.8759125923792
447.03146588798694
427.7230587978702
373.19475094833643
367.5665468259233
354.8825797643005
361.90404255566597
459.38620475870096
588.2887935133142
611.608925982428
611.5518837915048
648.1199718348588
651.8324210172624
648.4013782310892
668.2462453631348
692.125624121314
689.5070296866286
696.3894441309493
701.2720455240734
713.9745598599843
695.210577179362
702.9187946639588
701.7156889039452
684.8752113666923
689.4829784068995
684.0332596436187
675.8051295626873
666.1899164376997
568.9636739545402
468.34287208563103
467.746539406454
436.58845580290654
453.727360273771
463.60424358754756
514.3891784665167
518.2774813348041
503.3437466482334
509.5969202713065
427.85502753438163
296.4779292622882
265.1452094858899
282.1692606242943
262.98989733402675
289.6969348426005
305.64067563220897
289.51617481473744
292.3514771838192
343.83780393515076
359.3160915915899
307.11442344017075
320.4316350440571
316.0940458413546
317.19411247784444
289.8338034163777
274.93140550027044
296.0192832822754
284.8746337191968
564.4674314251192
547.1958531217707
521.2304817917147
544.6674551017287
507.6578302129599
441.8686057640041
417.6826842844459
358.58101856688495
348.28358993179853
314.2122697618987
311.26505327611056
313.3256778292562
296.9589359927842
283.04419961236664
312.5280609564606
546.7878011135595
513.2740004608931
508.76664448260317
585.8760308599295
575.296679557328
590.0910716040158
502.7131396606859
524.7743812232393
514.4318130053451
558.7494060890679
599.6073413761891
558.2580331065689
589.4441749567643
631.0484300942356
640.0615700423281
625.4612337907145
390.24284614539675
444.297445462417
461.14423918421346
501.5650976290715
476.81533997191366
486.781504545437
490.8796175955747
504.784921178575
506.5741589246137
542.0318532777221
533.4995651464532
503.8951977500783
789.5256276115716
1171.0673133169287
1239.129792192027
1101.3517611329682
1103.0855259552336
1082.3156998861716
1022.9400561889411
1010.9794566815968
1012.3515391008594
1028.0032126582557
1046.079772506456
1064.5395859672767
1158.5717985367373
1168.7743771968235
1162.4676434330004
1149.8400005353697
1126.8281138725954
1220.426381645799
1242.7987791060384
1329.3827502778734
1319.8268454551626
1289.6501281903813
1304.597319015442
1317.848732026141
1326.4040522189553
1321.5750311987993
1302.030052848986
1314.5546554032362
1292.9104751405685
1287.5392343088827
1282.7522883951578
1079.2701435684926
709.2288464445534
613.9653740297043
592.3919374571581
580.15356924263
610.3148471212219
614.4746911696775
600.5836461189645
744.8020943337742
705.225759303461
748.2863710934806
707.7895970913961
599.8090066924146
500.62042316671136
495.83551275699284
494.8569402374692
501.3243053916824
439.1671262001597
625.5374507720974
561.7412123799019
531.3244161355044
725.9701075058157
696.2081345809668
687.6391490132818
667.6211433556822
659.0186738688675
741.7154989374934
804.7012374407
760.2280948967065
776.7502962526687
841.7372209250566
765.5819610162705
781.7256490237486
817.0917132510644
797.3545869004889
790.9537416067844
876.5574282789961
879.5009906346535
1032.3683146131416
916.7769164728965
1082.1581775325049
1092.2167320192675
1139.703599454855
1145.5333683469194
1137.5540654270278
1127.5371626581734
1140.84442075982
1138.4738448650369
1059.6474617540866
856.54065306206
830.6970687752016
753.7960342185086
609.0921991753443
558.292337028137
601.5127596515858
589.8761768135944
597.2395939756029
537.2395939756029
505.62431884878845
584.09945448338
516.5007801143581
465.10290017909006
452.93402847671064
447.8686374017056
463.92984727059314
454.27458788747504
480.33443481028337
383.0497601788203
404.09922845876133
286.84076843475043
246.797832030598
112.34196498439792
121.0125231746274
98.06035597375542
164.21889199903256
199.47707152905696
186.8367267702509
205.1009315970936
198.50104335349758
190.10987671601902
185.09114217978967
99.34593769360878
150.23476643963647
148.67157599038984
158.21904943944216
147.78499700386294
108.63497774742454
125.26804366798805
153.31149182828256
203.84861992135578
235.86877750578134
294.6980954286313
451.07741986236624
580.6466802344371
612.7966830648129
654.1277185611309
775.2583783349896
790.5643867895681
792.6600180118287
780.1734512058522
776.2068467689703
844.2091049745915
866.8707926995778
853.6991379306863
874.6179709307429
766.0618942752897
791.8137084967417
813.6130462556778
795.2779000993763
904.0906970018535
1024.7440555214346
1043.8140943444935
1065.0387729561762
1054.3242742755206
1074.7108765062987
1143.5907981394314
1179.1547700700414
1208.453804155544
1219.1593368585648
1165.066421387811
1147.8052329296236
1186.1888944892655
1136.748082850985
989.1711077759701
957.1263921624678
970.1415507988838
956.5281641289567
869.430841102745
991.8910649684224
1004.5795048807763
1009.6506051839016
1200.6611881285833
1216.1389343324227
1309.0108397744484
1316.1987540088596
1311.8281650891468
1357.810400136135
1356.0871746231112
1328.3034279725343
1306.2237580488452
1258.1029250557733
1110.8683097591945
1093.6701674447295
1085.9912259224432
1111.4024945866279
1000.8462150108423
920.3482751744821
843.0396572365878
940.2304816726904
854.5194174959429
916.9400502588455
881.653762658448
834.4682605298982
835.3334825746074
839.0263544894262
713.5246300842936
702.2274219895365
685.6384107811571
702.5507496322158
592.6780698586193
578.8694310997514
542.8218434526566


