Rainfall Prediction

1606.6515140286538
1648.1259260615413
1667.113574651081
1664.9138133180008
1664.2818371410604
1663.9841154009212
1665.5263358566588
1664.474162807376
1638.395501894276
1607.1297791856468
1442.9654426307889
1261.2357592663716
1110.444974097127
951.0627737426998
820.7786040416016
743.4913484874758
595.531910430048
568.3562340287804
542.6809899554112
256.5613636894478
248.5021770859724
144.08533313218055
236.38683648971258
391.30364016908936
620.5324616880964
628.7921250517154
637.5031150859743
684.2105414930891
685.9995514019594
685.4899385404269
684.6381653919361
684.7261352143147
770.5738515369566
826.0009162798306
824.8572757345239
824.8572757345239
824.4979285020439
828.4347822466347
827.510369608165
828.3532911620538
941.2103077523426
991.4950134062742
1080.1286043484988
1129.7511286250788
1230.3583612178213
1437.1765385090655
1437.4900813391369
1445.1326119509893
1446.4763781226584
1582.8991526974908
2118.7492278348136
2119.6232987089384
1537.2049837925429
1847.026522372277
1439.710707603943
1003.7332201067103
1419.4649437372325
1969.506170646534
2114.4665267597084
2143.7165675697383
2209.940129231006
2210.6699062367225
2210.846504763234
1409.2822319987667
1991.489408842088
1987.3257313213362
1987.3915864760231
1987.3255495637743
1980.2536996868203
1983.0557601978212
1982.9709590372315
1799.0153649906479
1707.1905899673843
1225.2708839281154
1134.0083358842928
1406.0188706002068
942.2631342714811
985.832043198164
1024.8512618718014
765.029038308541
825.429316614625
899.1422395813418
898.8829601361087
900.6602398854537
796.8024155954442
741.5088284809445
737.2264745655577
514.8915946305881
227.55748520101878
107.71557536437774
83.94415330796599
48.61836216585105
70.05671285520509
74.9187506665192
72.34478130730109
70.86788956337412
70.92146014632735
68.42316668128225
69.63935109137546
73.77266579812704
103.65262155273108
111.871985079296
106.39143179576266
115.25880380868438
196.18112795953385
226.22726814465247
224.59915576613196
285.57049832028883
289.3681103841217
268.98070141832835
325.1655033574125
307.725525046347
310.6765185037775
306.68678200101175
303.60646781651667
304.0855186049058
312.78695921117134
308.3813845190327
302.28482987453265
299.73826962047644
300.84489714537705
303.48155340317436
303.5387436201109
279.4414811364663
273.8620714595933
272.6038866869894
272.56268952411267
277.8103622757766
499.53644104708513
431.5187095959256
429.75143746299153
399.2426984283585
407.0193341574704
423.0333884755431
435.1278431591475
278.2936935754725
250.04963539128397
541.8661691736954
426.01971671134356
413.1831668966871
406.0553015524442
305.96495219680867
266.00556695347257
255.26751165828625
264.0029412939827
262.5384022960451
260.325634301848
244.80204837647074
248.6652201704127
254.3846092810979
259.4412010657635
263.19252554556226
596.0479306703812
884.9003891004306
985.551304636169
1014.5335403051454
1071.808731370823
722.1361802773037
858.1450592272315
811.9818449024112
672.1308341141372
672.2103481809966
661.336618740389
664.4257213262272
667.4717695492534
671.3380823268906
692.1944000573998
809.6929665509806
966.178467592036
1082.326996303122
1017.5352042511807
1016.5550337138928
1096.3981774673452
1135.5140071883675
1135.5661314551617
1179.6090798636487
906.1346779477702
877.2973981562112
871.5100736586221
1234.0944996736148
1372.6327845762023
1411.6119671530505
1422.486902431258
1330.7258812857303
1399.4165988177235
1584.8374060301107
1506.8559962900804
1600.1819930899894
1245.8128491841505
1537.4048888705493
1458.3319038954864
1459.8264351497048
1460.6384823165424
1467.497919372579
1452.0563223586305
1470.5690178890263
1463.445117710916
1467.2657204963953
1452.1484348221347
1348.5525842700113
1307.8520412162675
1136.7489333980018
1191.9376163176437
1015.4980732234507
1339.100457706128
989.7496802677882
1017.1063238176862
1032.0297353116996
1291.9457861058672
1265.5049771837903
1251.4886191620533
809.2385082850247
716.6651896990248
833.4769621260073
622.7761858785406
471.39398804053485
217.2366297887334
231.05121171021847
138.94001243945044
147.67755793236736
80.5653610321129
72.80274725479553
70.93199766154864
70.2331227169663
63.71783233097696
220.93986755742068
206.3176187055412
417.60617926273574
438.6172521931835
488.74678587193995
488.74678587193995
516.8193247320436
538.8763195506964
540.8836966752124
551.4517430678972
564.723408036316
572.1729266340193
538.5205287253164
551.6947656140777
549.5258188977671
376.79947421062224
419.8901915102003
1063.2446218899472
1069.2241183577746
1088.0625646661147
1111.951322231333
1132.8247501901908
1144.8164243009967
1150.3466044234322
1239.1782715312818
1270.733625793667
1284.0317874853456
1298.1398012933796
1300.407996587952
1301.0619740224768
1304.759542649736
1146.1630103684736
1228.7369120815904
1117.4571774733959
1193.6611503217052
859.295166851725
852.9204916249906
818.6758945759959
819.6769406011005
1199.0918158243437
1206.616739755824
1258.688259413189
1264.553370855511
1269.536770376105
1252.0135718588344
1252.6371523024577
1287.467957068188
1292.4738394211292
671.1981857072726
665.7747727664841
715.2530221669306
758.1222000081436
753.8627330732966
751.9660924314979
742.9158891903734
660.7726079475133
633.3919472274248
633.2751722201667
620.9204291683297
618.6072710638836
617.5464886589928
614.1672036314798
614.1672036314798
643.8673104343294
642.5774650972811
644.027586151041
651.4077978550579
660.326451087109
668.1721836295901
645.1316906718437
261.3232798109995
256.31447699409813
216.4258236421225
246.36786385234996
363.65525801309394
916.3169558020462
1129.9563348114575
1114.7568219690954
1111.7809725022405
1128.1812741763893
1251.5140277092223
1171.3809583888035
1130.9601870270199
1105.4678362017198
1706.3458133017048
1691.8183237635762
1109.186955297746
1089.3080004497556
1086.2745321037312
1276.2727654806288
1276.2727654806288
1290.8420357786263
1416.9862818813353
1490.43182775419
1478.9017327574225
1514.8466765637636
1587.4074646464983
1614.612141472828
1878.0414277059328
1881.6556824375866
1881.6556824375866
1878.9681596884082
1939.114145089868
1927.684662071243
1910.1192865867115
1804.3394549878935
1231.2732235459368
1062.3955364687367
1029.606446073132
993.9534725836414
935.9623049586476
817.0290183737802
776.5534108918209
769.5679818713235
758.2053911231665
751.450071002334
736.1837561703745
745.1745953687275
946.7820646996684
953.9199394011669
817.1473582198847
806.7011486472809
785.2176950602752
664.7941587125727
528.5971819389365
439.28222831828333
270.09561108048274
225.29616522717527
474.10451609100284
313.49722761102396
376.01390260291043
419.3993756600619
416.8995503629634
416.8995503629634
571.5495310905602
634.8111516388938
638.0678184242655
914.0764232498859
980.2991290953292
1010.4154091443266
1084.159881375415


