Rainfall Prediction

579.0
451.4
402.5833333333333
295.0
349.0
265.0
356.0
365.0
494.4146341463415
539.7739130434783
749.4025974025974
915.6666666666666
931.125
590.0643863179074
729.6511627906976
480.60686015831135
486.30927835051546
265.4
600.8297872340426
765.6798029556651
683.7443946188341
1189.1659192825111
1177.2363636363636
559.9321266968326
891.6944444444445
851.2344827586207
904.52
867.8888888888889
622.8990825688073
1490.6315789473683
1715.4285714285713
820.3362831858407
724.2051282051282
693.2151898734177
684.6578947368421
563.6206896551724
567.5853658536586
585.1020408163265
748.8846153846154
841.3076923076923
1103.0620689655173
1228.9787234042553
1359.1275720164608
1375.2592592592594
357.69321533923306
538.3703703703703
565.4313725490196
593.3235294117648
723.2340425531914
217.1743119266055
199.85454545454544
254.87719298245614
269.05263157894734
161.15384615384616
114.0
510.0
445.0
730.6
744.0
6.0
90.0
157.0
210.0
214.0
227.0
227.0
262.0
233.0
306.26666666666665
270.0
312.6363636363636
187.0
68.0
517.8412698412699
519.0793650793651
458.24444444444447
522.8666666666667
689.0
533.0555555555555
703.25
557.2558139534883
681.3846153846154
663.9886363636364
1049.563829787234
775.503355704698
1288.251572327044
625.8044444444445
591.3102310231023
1076.4886363636363
1035.7111111111112
520.140350877193
462.9710144927536
375.1186440677966
509.62068965517244
1339.8444790046656
1333.9451219512196
1520.1522029372497
1871.320427236315
909.2826948480846
947.1976893453145
1478.2582159624412
1612.0890774125132
1606.1476793248946
2464.409282700422
2200.337221633086
2050.137857900318
2023.1616379310344
1829.379596678529
1679.4888337468983
1617.371158392435
1201.408163265306
1112.460024600246
812.6262068965517
1256.7237813884785
960.9121061359867
1429.374213836478
1374.725352112676
843.7102137767221
748.8317307692307
422.3838383838384
408.0
408.0
521.992700729927
698.723076923077
702.1881188118812
741.3957597173145
791.2857142857142
592.0153846153846
754.8601398601398
821.126582278481
952.9090909090909
752.578947368421
553.4665391969407
672.889400921659
707.4426229508197
706.8389513108614
723.8666666666667
729.2936507936508
738.2985074626865
709.4886877828054
749.0769230769231
2176.0
722.0
722.0
722.0
714.0
774.0
774.0
822.0
822.0
1049.3636363636365
2450.0
930.7837837837837
961.28
902.1941747572815
903.7329842931937
989.0114285714286
1033.7619047619048
1010.7242798353909
1054.9760348583877
1123.990888382688
1165.8938053097345
1127.1181818181817
26.0
1291.2635814889336
192.0
337.0
399.0
382.0
613.7555555555556
932.4178403755868
917.8888888888889
453.0
736.0604026845638
888.7921348314607
1176.4229390681003
432.52
184.0
476.1374045801527
413.03614457831327
142.0
57.0
57.0
54.0
934.8
592.0
862.7777777777778
890.6372093023256
867.4285714285714
889.0
824.26
859.6938775510204
912.1904761904761
746.1510791366907
428.0
428.0
188.0
300.0
274.0
395.0
529.0
582.0
730.103139013453
1746.0
20.0
59.0
561.8039215686274
121.02752293577981
628.5044247787611
746.1351351351351
158.88888888888889
600.6666666666666
613.0
670.3720930232558
107.26829268292683
855.4418604651163
753.8787878787879
352.5454545454545
562.8108108108108
396.3960396039604
337.69767441860466
522.953488372093
125.23255813953489
396.69767441860466
403.8604651162791
325.6744186046512
277.6744186046512
1035.0
158.1153846153846
943.8181818181818
660.0
183.4186046511628
1143.0
375.85
145.55913978494624
306.03370786516854
508.5416666666667
1189.811320754717
617.3099415204679
379.2280701754386
1897.7307692307693
1543.8028169014085
1675.8200514138819
1544.5498489425981
1119.864406779661
344.0
197.93684210526317
188.98657718120805
1423.3548387096773
1800.981627296588
1953.7866666666666
927.4871794871794
304.48
561.8648648648649
512.36
280.6
349.2
1373.4252163164401
1034.3386897404203
3375.3337453646477
1412.9511494252874
1415.942528735632
1415.942528735632
1415.942528735632
1466.8962131837307
1189.4545454545455
150.74747474747474
201.08045977011494
118.21052631578948
277.7142857142857
355.7142857142857
240.11111111111111
280.1111111111111
190.14545454545456
159.375
182.38709677419354
343.4876033057851
294.14285714285717
588.0
325.9011406844106
1011.7868338557994
556.248730964467
715.8275862068965
742.5703703703704
1087.3125
767.4070796460177
302.83870967741933
585.918918918919
545.4848484848485
65.0
141.0
57.0
312.69348659003833
707.630996309963
495.2
716.5567010309278
858.9217391304347
629.7625
638.7116564417178
683.6748466257669
605.7368421052631
694.1132075471698
783.2058823529412
682.3582089552239
776.8831168831168
516.0502092050209
530.9291338582677
994.2992125984252
1042.1435406698565
1596.6060606060605
1205.2423208191126
1086.0434782608695
1020.6666666666666
862.8372093023256
2290.644549763033
1925.3023255813953
1487.5238095238096
2465.5853658536585
2071.9714285714285
2328.375
2473.5714285714284
2477.4285714285716
2531.3636363636365
954.8666666666667
987.0
1315.1818181818182
1284.6666666666667
1284.6666666666667
1217.6666666666667
1233.872340425532
1513.1217798594848
459.6949602122016
398.4518950437318
519.5576923076923
702.5548387096774
529.8542372881356
691.5898305084746
691.5898305084746
671.4542372881356
714.472602739726
489.2680412371134
604.1038062283737
365.40495867768595
593.1935483870968
233.56852791878174
253.46391752577318
319.57142857142856
632.0066555740433
1237.87979966611
1283.844155844156
1009.2651072124756
1534.7472222222223
1527.7666666666667
1335.945205479452
1531.006279434851
788.3054545454545
637.2075471698113
468.5952380952381
687.1351351351351
689.9394812680115
1073.0259365994236
816.9106628242075
522.0263929618768
453.47091412742384
1816.9505494505495
1892.701799485861


