Rainfall Prediction

1751.2280542378357
1750.858956922722
1566.4289178006572
1572.993355341316
1573.6699098063252
1548.8842386683311
1592.6372277710443
1605.2999994444583
1656.8256092578488
1638.6170336516352
1360.229871878069
1273.7109842387058
1132.3006119524237
1040.2596367119324
907.5913311461674
846.7024365651828
672.5818876683904
618.5697103445567
752.5829406715983
477.2792479441283
463.05008062997365
341.2367205482389
259.5874954272725
394.0684873193194
735.5068350669646
721.4752923492902
763.6431485303713
892.8155564929694
877.7644164153414
846.9516675884895
852.2696799113451
868.6035529604767
780.2227420466074
907.1399609338232
840.362757564036
875.8550624710715
873.3178037714622
1009.0650074266854
923.5703930119446
844.184511555865
1063.4803183968777
1201.1904288839564
1288.0575121880568
1213.0096884029404
1356.3244884673982
1604.4967032327395
1454.964367572194
1511.024137772032
1531.432115264046
2220.7881284055875
2241.737946329713
2225.062073873025
1512.5126045904997
1288.722986068658
1802.3310398993926
1408.1666939745242
1457.9890031054654
1654.3006243178838
1656.6935490282806
1762.3869334801968
1805.9035732588682
1792.5874618559178
1764.6575608192306
1693.7256745763798
1637.5668232426697
1560.2238568071007
1557.5915504635436
1558.543823036597
1582.9097878649372
1633.7843117072293
1636.6098450351258
1621.136938043759
1570.8506605959803
1512.1099495143117
1478.4863392056814
1380.1484650125312
1213.596729503973
1281.492595097411
1298.144016133893
1410.909274144153
752.7914911183909
743.4976218247643
1454.9660241026436
1447.644972109756
1446.4387473813003
740.6908082280814
958.0886806820249
597.3195453116822
242.86885591208548
182.32102857098363
110.51595601991731
147.6323769771912
173.83375069068055
125.46039176425248
109.30212331713388
156.01874888161618
132.3305128620416
159.57934805072156
112.28984498748639
109.42227811883811
244.51218644262698
263.82436831907216
133.1719440505426
169.34188458386114
263.30163514400414
356.994732886878
388.6512966257447
372.82126760210883
390.3964218263207
296.8994705212072
337.52659676569573
308.8553986338962
387.2792312284216
375.1229385049703
377.03360873208817
485.02807031810494
383.94975812834736
396.82939855735964
502.23301912432885
340.5066128852754
493.74931566304156
448.24864642700106
446.43582962763736
319.8868146648266
358.3662703326869
289.6670876277996
291.28377062643676
295.91220842381176
857.3995293005016
928.2861912449232
935.4794620260021
973.7453397364513
994.5071913721424
1048.2800732347998
1059.0281787051395
302.8414014272817
327.76564745420126
271.0871182685697
235.2239080868575
470.93633821165673
472.03804501199045
188.0269738166503
538.4146668861507
155.80849262523603
289.1283992477054
201.94793935477182
276.5182210192865
254.71551194727115
148.97476129887096
710.7065105969004
646.6797976046303
621.1844391156372
779.9699166356111
976.7271245167738
983.0890891202301
509.1510130738885
550.5320838357559
735.5268866089968
799.7978163070817
828.7960105356683
752.2748626663489
707.9879302292586
682.0090624841145
1227.8131900559201
1172.8242468173632
1129.9485868021586
1118.166059504112
1070.8222211092273
1120.102110739842
1209.9456970335327
1223.2998173760614
1346.4405597245723
1379.3534107206863
1406.3996835192697
1351.2022390625734
1387.2939235048038
1413.9016341017682
1465.8124841105046
1490.4227463967873
1706.8407276260289
1418.5025823313827
1581.3756732113582
1532.5609487273377
1484.3556387345418
1427.1388772299845
1525.968445041422
1891.8318209654617
1565.617711881665
1423.2793070048185
1407.4923647646997
1369.1884602470113
1357.9478307701988
1372.2285230417124
1499.3233089802193
1442.8218147988114
1334.7682176855576
1239.0620108056585
1648.753700462799
1225.4470548321926
1591.1651217404874
1353.5939308107625
1332.3785655646354
1123.7683192098355
1086.5511758407606
1082.7333706939792
1137.435094612524
1103.5736993063524
1661.7918812715402
1611.2961380475906
1767.247595319729
1547.7558090670386
1169.8356515236546
1190.9250596420559
1423.6678338675833
1303.5423009949102
695.1065326554999
392.94791185010445
437.69231316577975
570.1613183215363
605.6338313707017
289.64268090012513
213.79368876071672
232.38796270910527
192.84216612044017
508.62701935600205
642.8776428039234
604.7444378766397
818.4607323622024
794.7765351932403
806.4648030207738
752.2057915877677
644.5482231777435
665.9655901420164
793.7801450240726
732.5747872920838
696.7483635055288
690.3671387521326
804.8433951949924
762.5590378187205
762.9983294656332
776.3958609754615
874.1889010723347
1327.307935507779
1668.7702019982448
1472.0410797273798
1457.7406301656627
1511.6974845007014
1511.7525971710327
1287.17473325106
1467.0230468738234
1593.8048248021275
1671.3356441523194
1640.398429386295
1620.3818030098926
1542.7153668068597
1402.4121759478967
1203.8737772021454
1167.2228428239448
942.5648225140704
918.5941330331584
1000.1150439866719
1185.4615829849363
1307.693139030928
1309.3385568165245
1682.225605566333
1540.2814212783246
1559.584354929963
1547.9780083365215
1504.3238388479808
1464.0095735623454
1569.2545933325973
1482.2186780715117
1559.1105130843234
934.4675674861049
661.8400475305241
737.9285169694667
784.3678925424288
782.8598668943216
782.8814189677497
909.2949875763243
941.4161488877207
858.9733450227374
655.114050974216
701.8367829013387
642.7020971454152
722.3187121560221
772.1757743122539
878.8265297270956
789.4416318492789
876.7108456839314
863.6331221337374
937.119645650982
922.235580616401
811.1083640785123
787.2435851211434
404.931545875815
402.55488741836285
374.69980351782897
405.87428799895184
434.1743014159643
963.1180042807584
1275.8750382900967
1386.173323464231
1210.0195762420872
1212.2877729836252
1491.434474170812
1392.4234461714852
1364.6780014027509
1240.3351344829723
1260.1081859078965
2028.6345798970606
1419.7850045887005
1314.3800039770272
1503.330144762771
1689.7789407629539
1690.9375046706368
1462.2614073169007
1580.0286089983804
1822.0437788468969
1800.2891098536138
2038.3063345014818
2203.3466576929004
1848.826465939121
1989.9339133490987
1991.3379414746712
1994.244352513747
1949.0398377636325
2018.3013407191725
2004.5331861190473
1986.573199276676
2103.4254633426212
1527.78391663705
1150.3240593193482
1147.2825788214525
1131.1393051141558
1151.9165601509803
917.4763980776078
1072.078617031405
1035.010350123162
1010.4893855005992
947.5101544364763
1101.2344784453242
955.7222079902507
1141.021402696475
1485.3825539440222
1330.1495986279228
1551.0297816129444
1022.3273600619311
895.1090278183352
1417.238952331506
1283.2339090140915
801.7473646520439
983.308770676435
901.477413327571
462.2247137861772
489.6796287423132
548.2848295726185
609.4761082847871
586.9108808889167
946.2475257565573
877.5273071331646
775.676498636168
1072.8345205035357
1290.033230652833
1355.192980877206
1525.653904527466


