Rainfall Prediction

537.1693446204645
557.1037824833918
547.4450496653592
538.6301161441954
520.9176232019098
493.63400715168575
498.8333333333333
522.4335807377822
509.44925577914705
534.2319162720552
553.4065774066161
578.7803678477476
549.7940190192139
536.3507782746517
541.3881923984579
588.0765397062704
613.547866478543
725.8435534633729
725.2378968976301
655.0670202521453
635.8908020566112
1036.624020762073
990.1583391426865
982.0357804735303
1214.2647310071764
1261.18182732918
1134.2171756680716
1282.763418521328
1362.5864382453997
1323.843783274609
1277.97185692726
1300.6549783644903
1321.1143112770285
1284.3443151286342
1282.188524599032
1252.2962288226668
1247.6585896356246
1251.4908948188076
1182.9191697076146
1112.6951003556899
1418.0
1443.0
1441.0
1472.0
1469.0
1676.0
1721.0
1770.0
1675.0
1752.0
1897.0
1955.0
1503.0
1191.3818172304739
999.4804337860667
0.0
1283.0
1247.0
1007.0
801.0
867.0
915.0
900.0
847.0
870.0
857.0
879.0
875.0
881.0
857.0
861.0
813.0
754.0
591.0
580.0
739.0
644.0
659.0
591.0
433.0
321.0
117.0
100.0
131.0
82.0
115.0
115.0
126.0
126.0
183.0
159.0
84.0
41.0
41.0
43.0
21.0
14.0
0.0
0.0
34.0
39.0
39.0
785.5582326687182
215.9019945774904
272.97262265169417
256.1351229617237
177.9379572055004
244.30512929446346
264.64290322393396
307.18984233260556
368.0171626166298
363.33444824160165
486.10040134227904
482.5930629459934
510.0161971696556
504.4533496220106
447.20728455598623
424.78029512537836
456.5665703941904
469.3510786539368
417.1825080941051
429.33228517888875
432.2822024723465
432.0978602452221
421.416728825872
421.339236274966
419.77406070543884
425.41196058581903
425.41196058581903
425.8771407851286
389.21596551962415
384.18802162393513
374.5222801434144
374.8909440336202
375.3334738460827
401.6775516708212
493.0045440489145
535.9436653462529
372.1270954865505
282.98706332912207
254.77746664889733
309.1675091902713
339.57655155148234
346.315510611431
374.66052062162674
320.64965138975157
326.4216399149503
342.8032411177443
365.0112183224863
362.66450413821303
364.1327932264146
381.48591813694264
325.32820562120696
338.18039295938945
380.03911300790224
400.1010787581953
400.3803547823491
409.5108108520954
409.653390871035
410.37049259007136
413.6476818032223
411.4105540452533
426.753950184995
461.55548333970086
461.09561890369736
472.3933498950477
406.38877078978294
271.9436839270819
78.0
11.0
11.0
35.0
5.0
2.0
10.0
0.0
0.0
0.0
0.0
0.0
0.0
0.0
0.0
0.0
0.0
0.0
0.0
0.0
0.0
0.0
0.0
0.0
0.0
0.0
0.0
0.0
0.0
0.0
0.0
0.0
0.0
0.0
0.0
0.0
0.0
0.0
0.0
6.0
177.31153430041735
178.74433316206373
261.84041881376214
421.1495846709863
42.0
164.34555499128936
158.9250506847101
701.2955316416189
0.0
0.0
0.0
48.0
24.0
17.0
10.0
10.0
10.0
10.0
0.0
0.0
0.0
0.0
0.0
0.0
55.0
67.0
109.0
233.59660538087647
226.90271214737652
146.6873486885354
132.1547328352892
130.14037033756983
154.7461807270204
149.23284189273954
155.08283148022667
169.59902283434533
225.8695652173913
330.94036959355583
368.4592499713994
496.55869655891763
483.6152412793781
452.88817550610963
556.2626845993478
579.511583490351
509.5574210896857
506.7304851915181
432.545961478725
409.2894711377537
409.36713117271165
412.37251654862666
493.5707042456843
497.3088532903424
498.1344904599707
497.56037545356696
396.20399705424217
358.7219888615497
287.68025536757693
250.23148697826542
179.0
180.0
143.0
129.0
81.0
4.0
0.0
0.0
1.0
230.0
140.0
177.0
104.0
138.0
87.0
0.0
0.0
0.0
0.0
7.0
28.0
18.0
16.0
0.0
0.0
0.0
0.0
0.0
42.0
43.0
697.1846853010304
146.7958266543622
136.2593444416819
150.48918580022155
48.14992810751525
93.60584078847764
115.33887323734996
150.37147038448066
0.0
0.0
0.0
0.0
0.0
0.0
0.0
0.0
0.0
0.0
0.0
0.0
114.71250019272838
0.0
19.738942446081467
226.824878215882
0.0
0.0
0.0
0.0
0.0
0.0
0.0
0.0
0.0
0.0
0.0
0.0
0.0
0.0
0.0
0.0
0.0
0.0
0.0
0.0
0.0
0.0
0.0
0.0
0.0
0.0
0.0
0.0
0.0
0.0
0.0
0.0
0.0
0.0
0.0
0.0
0.0
0.0
0.0
0.0
0.0
0.0
0.0
0.0
0.0
0.0


