Rainfall Prediction

1506.364267586317
1650.9504708647462
1698.0792085051226
1752.2459622708416
1745.4017404349627
1702.7663543903109
1677.7012000252994
1671.8343344784273
1619.865829754338
1548.9819308376912
1372.7626291366212
1206.804929201592
1011.2262026474807
971.5519807577256
713.2467698342512
641.7256228213516
608.8110554171374
507.29666089861695
505.23787995637
253.80254459983882
272.84278083442655
174.0
264.0
419.0
647.0
657.0
670.0
715.0
715.0
715.0
715.0
715.0
800.0
855.0
855.0
855.0
855.0
858.0
858.0
858.0
971.0
1018.0
1101.0
1148.0
1248.0
1453.0
1453.0
1460.0
1460.0
1460.0
1457.0
1457.0
1457.0
1252.0
1087.0
867.0
1080.0
1354.0
1427.0
1452.0
1485.0
1485.0
1485.0
1400.0
1345.0
1345.0
1345.0
1345.0
1342.0
1342.0
1342.0
1239.0
1192.0
1109.0
1057.0
949.0
719.0
719.0
734.0
734.0
772.0
772.0
772.0
772.0
772.0
772.0
769.0
546.0
259.0
141.0
116.0
83.0
113.0
118.0
187.36665548689996
197.43970513966883
197.96062682050803
204.12957130820604
250.69340442154163
251.11733280469252
281.0128086552843
269.89941369226426
256.5065459265135
263.59177885560564
328.90960770719425
357.1863041270211
352.63895533605637
401.01688157472984
372.0633078920404
336.56547142848217
345.0
327.0
330.0
350.57598511089225
330.0
330.0
340.0
335.0
335.0
335.0
335.0
335.0
335.0
305.0
300.0
300.0
300.0
305.0
365.0
435.0
435.0
415.0
407.0
407.0
397.0
317.0
287.0
284.0
231.0
231.0
231.0
181.0
161.0
158.0
158.0
158.0
158.0
148.0
148.0
148.0
148.0
148.0
313.0
458.0
506.0
521.0
551.0
721.0
789.0
766.0
696.0
696.0
691.0
718.8899283953791
710.9390783156057
710.8483372112306
700.7797010807564
682.9115162688784
704.4311254979941
732.0515099911537
769.5383016692663
762.1234888365406
793.0447666430368
817.0
817.0
817.0
817.0
867.0
867.0
1070.0
1308.0
1371.0
1371.0
1324.0
1179.0
1386.0
1386.0
1447.0
1277.0
1249.0
1217.0
1217.0
1217.0
1217.0
1217.0
1217.0
1217.0
1217.0
1217.0
1187.0
1159.0
1144.0
1131.0
1101.0
1083.0
1083.0
1083.0
1083.0
1033.0
1206.0
1003.0
765.0
702.0
702.0
584.0
584.0
329.0
314.0
223.0
223.0
178.0
173.0
173.0
173.0
176.0
336.0
336.0
548.0
573.0
623.0
623.0
651.0
673.0
673.0
673.0
673.0
681.0
681.0
704.0
704.0
531.0
583.1821605541646
1248.3914091802096
1225.4974574551572
1282.47842704989
1260.046495745147
1265.046495745147
1224.0
1286.224953275973
1365.974518683247
1380.5134991660593
1400.764196757971
1408.360966183952
1347.0003405491764
1358.3076365136421
1336.0
1195.3048514144637
1164.1928352862376
964.7698690947961
939.7341655743506
890.9114964136095
889.0
861.0
862.0
1245.0
1250.0
1300.0
1305.0
1305.0
1282.0
1282.0
1312.0
1317.0
695.0
692.0
740.0
785.0
780.0
780.0
778.0
698.0
678.0
678.0
668.0
668.0
668.0
668.0
668.0
698.0
718.0
718.0
718.0
718.0
718.0
695.0
312.0
307.0
275.0
305.0
415.0
975.0
1200.0
1111.303602162662
1111.2074522610399
1142.9632000568809
1262.5410409771541
1136.1443735188147
1102.887429323505
1218.6579422530629
1229.44376293825
1217.138765927521
1222.0466622938038
1246.9670974743503
1256.8643363712195
1443.376566746934
1456.552585327568
1494.3381898679793
1633.719415812357
1693.1904242002518
1680.8992647714801
1699.3077097789594
1782.1129955383194
1813.3705917586974
2074.792372591704
2089.695040867876
2092.8313143727396
2085.742921278507
2136.5005972513645
2121.1299133763414
2103.904535717233
1988.1989740753945
1419.3470139102546
1226.8595630361792
1196.9612634952543
1133.7866857449076
1101.9681768236426
983.2004889676892
963.2669626881334
958.1223711650564
959.1696879543724
941.0
941.0
941.0
1124.0
1114.0
977.0
990.0
977.0
871.0
826.0
819.0
791.0
706.0
694.0
485.0
513.0
513.0
513.0
513.0
673.0
741.0
751.0
1026.0
1091.0
1109.0
1184.0


