Rainfall Prediction

493.387138571224
483.6440590213931
470.31220468241014
433.1714496297933
381.62481520645053
420.94422871367095
401.8509292648033
405.08008044344757
371.6320449062277
379.29153550408614
388.8714583266632
378.83547161756957
361.31421101676716
390.5110158277739
358.5536494402534
360.13805912310613
390.92466010089396
392.8702580009403
281.4638759960348
267.2966395153133
108.47045110928238
132.57445929550775
113.35708142084871
97.88283527366767
98.0973839275311
112.37512092271137
112.64891942328686
112.98202448427185
113.88208999753451
110.54080483533781
107.19951967314111
107.19951967314111
114.41669562348596
114.81764984294955
81.6721010339584
247.37003746165794
179.00070676060497
202.94078815094673
208.67419346347458
196.9982012677242
169.46543011977053
188.05658562413439
184.46299419295318
194.65037818614488
206.42899883239102
215.26475055065833
264.38613880909105
261.8029147252239
351.8715809439626
392.93517952293575
417.58500406797293
336.2374853420811
343.14707495485845
366.08110808996423
372.78559266874515
120.31259504919763
171.55240484038455
206.33369989156384
217.61560013679727
304.4244669969155
485.9364220422814
132.92480131925902
133.07936390162592
114.6716516915222
155.73558898715942
187.825161072704
357.8787724247808
363.0680485360367
334.8170069554609
319.02299823197035
224.86127434520805
571.8824623569272
209.1623615329716
87.17576803540601
452.20936672520673
448.8006470468081
175.05521250646885
200.5166051557863
217.69187263380275
140.65120281772704
312.57903589316646
608.9219223459049
600.2004336008164
626.8974976457895
587.2472772666238
581.3630560679908
426.0622527631774
369.6055082712445
327.3888248758827
307.60685620538277
322.5469336035347
302.3699974243749
284.8001354789597
313.39176466584246
435.6118224719029
510.5686345688579
495.27084169470265
334.2607048834805
348.2697949292081
394.19767377813287
443.10239047302855
297.7840546699785
200.55631292556853
233.4468085020855
259.13866103352535
451.97391532387024
407.6275930357848
346.3216934030544
359.8380471497725
358.56112111581206
448.0848721034939
387.7096302083525
126.2865842876025
272.4837012687797
265.593318710474
42.44273550662201
177.0297018399048
107.5309704662136
89.75533340332717
144.81557999020424
139.96149004405106
53.312830222225834
334.53891362140473
297.05742482743875
268.0413494275639
149.53401009700974
95.30226729384657
91.40569463907107
131.8624959692936
191.46951597109313
41.494476012333195
65.8149944567022
139.2579235319325
158.93978697151042
143.72167730667735
86.88559358154757
102.52280814062809
162.59800604498923
207.19777980021288
211.8691008835292
217.26677225362414
281.3897852644265
83.88929700868132
130.37961842156096
121.85130463790547
214.60511554352667
501.4451487130105
507.12847681548277
494.24976978367084
506.54403615527656
498.3585531321595
530.0033560007563
501.6587895948119
164.89452428293362
160.7231690990981
707.8702159916771
751.3306756413203
804.1877695432411
820.3929992765504
728.3901098998103
686.9005342621315
583.2299133768555
517.7575146995437
498.04373856889276
501.1721174437858
509.51953528951327
506.9458963554632
491.2063459390848
477.2632172368339
468.28960232042994
474.28206843375824
488.6679767551773
274.8517993867997
901.6400710562622
914.733874448413
918.7593204951968
911.2130209315134
960.8452759127998
962.9118610889759
1002.2640431334071
1015.432233899456
1082.55485078293
1092.2299100977398
1090.8490602208326
1128.2437075071966
1180.4859660405746
1132.2143510361075
1083.5344088818954
1221.1125820885752
1230.8027483135513
1224.6121657791027
1192.3516475762335
1191.590970508823
1192.8070542024907
1184.804864074907
1203.282762445402
1203.8672960277588
1201.8758523886802
1199.9361570967233
1199.3697918717203
1205.3957388903036
1177.8482450262209
1332.21747349463
1054.2407707629432
1003.1882507568166
256.25060144281485
354.7097914369637
333.2207181368064
275.3728418147706
285.39669730136063
265.2813851620813
244.93623619251667
900.3313825220098
866.8228648198765
863.5802206427713
683.1859567731908
607.9917121396477
187.92534154827945
255.01834760518904
220.5362847313192
165.21401669843686
284.41019170256413
740.6944590123128
207.2450105072329
162.26465857458982
793.3460205168893
797.9341604456547
198.1707319888419
203.8252239954699
201.1959691828025
126.37807919207003
992.3655487775798
135.3717207383473
852.1653664708165
747.2147640845681
730.7871889901619
820.786318445425
839.6611865998885
860.8797510962819
851.1871082905075
870.6624011009008
837.5293576789567
836.0812899424436
792.3980775308431
791.0303214924659
784.6417450735382
784.6417450735382
780.9106716942573
703.9232037398384
650.0306651663016
480.2310616094729
487.51417913466366
454.15369260799105
446.3561811230943
434.7272095057486
459.4429185961918
509.65516539782544
603.7825558861646
426.354634981272
426.17014854053764
426.0780501543185
438.8696376425208
430.04249587064305
435.2430492707203
440.071027824725
185.69701910852413
171.46042406311508
270.86586190419814
172.9579322698003
92.57206292121158
653.2815750783354
159.02071191862393
160.7758295189666
340.2724462665817
371.75355178295035
213.25595606161207
258.9880355409612
278.723205739124
331.27829662133126
348.46606748670337
374.790417923388
395.93380312529405
398.3557424057528
383.4225527337378
193.43794250414615
208.86445528735476
375.9347424160349
310.4775707367977
238.5982776539734
232.22433424174318
232.20068206225764
233.0922380796051
194.13652637839368
378.06541940518906
368.35862261197474
318.45882422811485
333.9268366725718
342.17499450895684
314.70771379854375
316.7471491352396
385.41072867282804
421.30086790864084
493.8025555310155
529.5477933891823
648.4106509630182
134.2309317599575
156.5127664083501
182.06333288459638
266.19491770651314
243.42804271232683
279.7246962827503
132.430990141324
851.4777878640031
853.2357366532464
871.2767461045702
898.6021835678505
900.3400029691843
878.6331424699225
883.2560959334157
881.6058924579492
873.859308455706
890.7965563017475
891.9486042818287
863.4558600002688
858.8914213722485
862.4274388112758
860.9574260373031
855.0930485701135
861.72771953659
876.5424062341295
864.5365744053585
784.038500978305
735.5931677114909
681.3944569730274
665.418487512964
472.5404331373412
337.5473054833058
329.7387671848359
271.5047660212637
221.32473980732038
200.81020483866183
216.58108004963395
178.75769559730531
187.00033940060808
187.61144173739177
230.2065514931871
362.44679108352915
504.3772971012168
687.6695836388369
766.8420724181626
926.5685542071635
946.8238909741519
969.4969955959657
281.38335842108563
247.0610303558894
376.59071474894915
512.0928995085224
538.7513114747987
544.7330221999995
639.2401453575962
632.0500531335712
672.0189507649491
717.4893315293009
192.69027914701627
190.66714244773357
216.85003432096553


