Rainfall Prediction

799.6626735852033
825.6941081565758
822.2706256845789
801.3130917327226
755.9852908775982
702.7012902259546
648.5648930241633
646.8729399101313
577.0481456785101
671.0712266380337
725.8154088441343
743.2835118160291
731.5138376126755
847.7938307013053
910.926447204184
921.3764567754193
905.5435058666046
938.1070926498758
1000.1345693665575
1018.2936441188241
1048.3724566575104
1144.8985844787906
1311.4695924794642
1349.155177015094
1327.2140167328623
1242.3206891035604
1213.2332961479624
1191.4231961534902
1210.4974977780153
1220.4181128846146
1242.3021496876834
1288.8013234722177
1225.3416224409095
1179.4480630523321
1178.7423671404981
1170.24680381488
1163.0229458326723
1167.8833426252115
1132.9431558358729
1123.1976165206654
1068.7881336456278
1013.096785330832
1014.7529434623534
954.550528906287
885.2885486558624
807.2516144997211
817.8982389568649
802.9664065421707
700.054511205424
625.2441655617871
625.4923940925676
584.8011430751696
465.51633057489454
282.66991372933455
172.88012099226484
129.93443708858968
138.217899154872
140.30299567872285
116.8451504409964
97.4142622769384
96.23945008182639
115.75305475820812
111.44453467628708
170.67690350730692
250.7178642372425
250.7397129012001
257.96731250923665
249.46374696476317
225.1139174731561
232.2960079190725
234.80044738835517
222.02608675179255
232.44827069384593
213.76577703042545
234.7357870500601
230.83943259930942
224.18265655228453
229.28512674016343
234.13583160051286
222.09446335402893
225.23679331706373
295.58183277100534
617.379658405197
633.9858383125463
675.6948694071101
796.1143288377972
873.028487295384
955.3180092471612
1129.708348952298
1377.2327309889972
1334.263595607283
1363.932922963883
1410.608427662348
1372.0987504451002
1310.1712730318065
1319.3757627145153
1339.8618562001536
1339.276372564172
1301.528456904725
1380.4244642709905
1351.2015402001855
1347.5629877208787
1368.2383463263866
1495.068367244775
1559.5476457933862
1588.539536383484
1658.7776228155983
1644.812751528174
1659.8988155482139
1755.7619522116076
2005.3513072971393
2020.1306907223643
1971.918141628792
1592.3505052047315
1685.3984806771844
1636.151186758704
1547.6260878382543
1488.3510534476309
1446.4725442301287
1225.8901402905574
990.9795797807557
989.064091244678
1214.0969927577405
1190.1069921094042
1173.1581784157504
1186.5765231965306
1126.8382184273257
1164.6215816634417
1140.517560624215
1217.7518007798783
1275.3242535531836
1264.9442715272257
1338.7629347297877
1339.023537006226
1245.2185422346001
1153.4353156095192
1119.3778410696991
1117.8607782646995
1112.6539572549696
1084.5880722741388
1046.5446503543244
775.9763176462811
750.9256587272972
861.555095270894
861.555095270894
791.951032922494
774.9989883556191
808.7917892018723
845.1894602520078
907.3196565218337
922.0455548147447
1012.8388780699956
1030.0453840037385
862.5932681111697
932.0504522964259
963.4599734294718
1012.3810587867059
1051.869260474975
991.2820701699147
1023.3613842232382
977.2429771717016
909.9319267122253
898.0906035930417
829.2337775029716
808.1838975465163
797.429368770478
816.5665807505912
835.1101744493199
788.4658581137979
778.66750662724
838.4887060426013
836.3148984191674
784.0949193899115
809.5819749434966
715.9419176169093
741.0475217296081
682.0156989092286
718.847412638068
686.3998221937989
602.7790691943092
517.7841096854554
504.87085786398967
426.9558367368676
429.29181399903376
357.733904478261
349.8451072510636
429.30851480036466
438.57953255715177
360.6425280056184
395.249350380476
366.11740826206034
406.6245491017692
393.97312840000563
400.48729698943833
377.2774115894667
407.2167274443769
367.070931107972
408.39616990618293
347.4025625240794
359.6684209309384
336.72749536389455
373.40691646870874
356.755730949954
619.8051462842934
607.7628341014486
633.7860904983881
637.2313475585822
611.9676873192813
614.9141666806145
641.0998558677445
651.263582502471
649.9287530520958
623.8269479441642
648.1544885671931
633.2307633222503
624.9908865347613
571.6297584248264
514.5565266120118
455.091305450841
446.20810556913244
458.0259638673964
497.13283149196934
440.50001912752197
493.38328272429294
457.3943492497609
494.6603760590972
502.7260499190778
469.44436671430844
486.12875780225295
505.8977536563895
569.411011548705
536.1259975614569
583.7982331008573
665.5366495063945
562.4794761223532
962.6030908676934
960.747093005072
991.6788486169452
1032.7885489299126
1047.797769497386
1041.6647195438056
1033.5270652275217
1034.3138127740503
1039.713994297514
1060.432828068429
1074.6773635863258
1069.7735866129572
1096.201932606909
1122.3531868916418
1076.5650610664898
1125.5819706354673
1112.377415376759
1058.6178429801203
1075.6209163143208
1380.6594232096263
1435.4600396936062
1425.6813794721695
1516.319840389538
1736.3998191267292
1908.4301283830891
1899.2850171397179
1844.453712634904
1844.460682379597
1844.5071492935017
1711.2440084696004
1586.6651812730324
1149.305164562512
1178.8885557573446
1110.928612350184
1094.8768259604783
1059.8242706650071
1024.0123773962293
1036.9661235344688
1011.1675014790753
1018.6811849281544
1020.0413843859957
955.9320814616257
977.078803585857
971.4911486542634
949.1073379467364
982.8715816905813
990.1199778384607
990.14593395327
987.4488133453003
982.7190445782383
612.5796071098644
577.2004892897442
561.8294689707005
484.5772666398362
254.0044377780378
94.30004444628112
145.28927324543073
533.9096558393309
655.6552617641406
1051.583689568718
1113.5324997225164
1093.3142793053448
1212.5224110328243
1211.3282729064244
1252.110494966505
1268.4197709066427
1289.2461695175293
1298.3861675185005
1327.8928588040553
1496.0818908685144
1517.5536612855342
1567.0697404788748
1581.4113583794785
1547.6109191863502
1568.0381485625353
1586.7431358912736
1532.9140428208573
1559.4599677325205
1561.1544608144736
1575.3173621036651
1557.105036454461
1587.0503373346583
1591.0438220186763
1536.54574917076
1576.8581267012953
1560.36571677143
1579.3559514915423
1552.7145265070787
1371.6526663501525
1331.7811632609637
1080.7902183836063
1043.815865038654
1058.815865038654
995.8389525924064
1019.4637960388312
1019.1099180135052
966.4469269379067
935.0790368470349
961.9153576587006
921.4259730248926
738.7861885312047
692.0703283435151
676.6383564896038
695.4876152561526
813.4182020903106
832.2799968458107
827.0276817745406
805.6468403208257
786.3890932855484
816.4117956981108
809.4381614107128
851.5508856016708
855.604552640905
951.599648886245
1039.8777856552822
1043.7885939211753
1393.6687653645251
1459.7051514961906
1398.200981786385
1185.0799257263432
1109.3933651105065
999.2162015501627
974.8028135386159
1043.1603119069875
1031.3143287587413
975.2795067271484
983.3321779727179
1056.680101627614
1078.537118674878
1150.771302970934
1451.867872388073


