Rainfall Prediction

720.0
783.0
801.1621615874888
729.3450682898197
705.3450682898197
653.3450682898197
638.0
623.0
590.0
664.0
718.0
721.0
772.0
835.0
905.0
920.0
907.0
947.0
944.3450682898197
1034.0
1057.0
1075.3450682898197
1255.3450682898197
1386.9477865609242
1267.3450682898197
1152.3450682898197
1233.7818884282265
1130.3450682898197
1148.3450682898197
1148.3450682898197
1148.3450682898197
1207.3450682898197
1144.3450682898197
1196.1095472530806
1099.3450682898197
1081.3450682898197
1078.3450682898197
1078.3450682898197
1043.3450682898197
1035.3450682898197
963.3450682898197
909.3450682898197
906.3450682898197
846.3450682898197
771.3450682898197
701.3450682898197
758.1910941413292
681.3450682898197
593.3450682898197
586.0
586.0
563.0
447.0
264.0
154.0
109.0
106.0
106.0
93.0
65.0
65.0
65.0
61.0
121.0
209.0
209.0
206.0
206.0
206.0
206.0
206.0
204.0
204.0
204.0
204.0
204.0
204.0
207.0
215.0
219.0
229.0
294.0
642.0
645.0
688.0
763.0
823.0
928.0
1093.0
1341.0
1343.0
1343.0
1381.0
1343.0
1283.0
1280.0
1283.0
1283.0
1293.0
1328.0
1328.0
1328.0
1338.0
1466.0
1541.0
1569.0
1602.0
1602.0
1644.0
1721.0
1987.0
1977.0
1912.0
1564.0
1641.0
1616.0
1541.0
1481.0
1399.0
1234.0
986.0
886.3450682898197
1185.3877568573275
1076.3450682898197
1059.3450682898197
1069.3450682898197
1011.3450682898197
1036.3450682898197
1036.3450682898197
1074.3450682898197
1253.2253904739619
1159.3450682898197
1224.3450682898197
1229.3450682898197
1104.3450682898197
1127.0
1001.3450682898197
1101.0
1008.3450682898197
1061.0
996.0
726.0
726.0
844.0
844.0
764.0
747.0
780.0
818.0
880.0
880.0
958.0
970.0
860.0
802.3450682898197
834.3450682898197
960.0
1004.0
878.3450682898197
976.0
941.0
859.0
861.0
796.0
781.0
778.0
783.0
788.0
753.0
748.0
761.0
741.0
741.0
766.0
648.0
648.0
648.0
647.0
614.0
576.0
491.0
491.0
413.0
421.0
306.0
316.0
348.0
370.0
307.0
307.0
307.0
354.0
316.0
334.0
334.0
334.0
334.0
329.0
324.0
324.0
324.0
311.0
311.0
572.0
567.0
487.34506828981966
598.0
500.34506828981966
500.34506828981966
500.34506828981966
500.34506828981966
500.34506828981966
598.0
598.0
578.0
593.0
540.0
475.0
415.0
407.0
407.0
447.0
392.0
445.0
433.0
433.0
441.0
441.0
449.0
457.0
512.0
512.0
512.0
634.0
533.0
913.0
895.0
964.0
987.0
1000.0
1018.0
1023.0
1023.0
1023.0
1023.0
1063.0
1056.0
1056.0
1064.0
1064.0
1064.0
1064.0
1024.0
1019.0
1226.3450682898197
1280.3450682898197
1285.3450682898197
1377.3450682898197
1607.3450682898197
1779.3450682898197
1771.3450682898197
1804.5634783590162
1804.5634783590162
1804.5634783590162
1594.3450682898197
1434.3450682898197
1034.3450682898197
1034.3450682898197
952.3450682898197
929.3450682898197
916.3450682898197
898.3450682898197
893.3450682898197
893.3450682898197
893.3450682898197
893.3450682898197
853.3450682898197
845.3450682898197
845.3450682898197
837.3450682898197
837.3450682898197
837.3450682898197
837.3450682898197
837.3450682898197
837.3450682898197
479.34506828981966
515.0
528.0
428.0
198.0
40.0
103.0
503.90965563332816
512.3450682898197
902.3450682898197
952.3450682898197
952.3450682898197
1057.3450682898197
1064.3450682898197
1064.3450682898197
1124.3450682898197
1144.3450682898197
1229.305706675796
1177.3450682898197
1337.3450682898197
1397.3450682898197
1470.6077835525002
1397.3450682898197
1402.3450682898197
1402.3450682898197
1503.0
1415.3450682898197
1415.3450682898197
1415.3450682898197
1415.3450682898197
1415.3450682898197
1450.3450682898197
1473.3450682898197
1460.3450682898197
1462.3450682898197
1573.0
1468.3450682898197
1475.3450682898197
1258.3450682898197
1243.3450682898197
1041.0
923.3450682898197
938.3450682898197
851.3450682898197
980.0
980.0
920.0
900.0
900.0
867.0
722.0
662.0
662.0
662.0
765.0
785.0
782.0
772.0
772.0
772.0
772.0
716.3450682898197
734.3450682898197
824.3450682898197
965.3246303687852
925.3450682898197
1272.3450682898197
1314.3450682898197
1299.5935198973475
1056.3450682898197
999.3450682898197
912.3450682898197
883.3450682898197
946.3450682898197
928.3450682898197
890.3450682898197
898.3450682898197
971.3450682898197
996.3450682898197
1059.3450682898197
1450.0


