Rainfall Prediction

1530.61097267786
1627.7520375173503
1658.228101129348
1705.5684107677216
1696.2849896478388
1665.6941575489673
1654.2268497352795
1654.2838364045501
1634.5869092298267
1589.8688143769896
1446.6422278873063
1282.324025276185
1086.107771293871
993.0
863.0
786.0
639.0
612.0
594.0
307.0
297.0
174.0
264.0
419.0
647.0
657.0
670.0
715.0
715.0
715.0
715.0
715.0
800.0
855.0
855.0
855.0
855.0
858.0
858.0
858.0
1156.9139029614632
1357.0159629579728
1627.724124185183
1713.3603292347198
1811.2800873520232
2055.9625627296305
2091.9672989525407
2118.571358347123
2191.634882727315
2225.3330685989604
2302.835336979959
2283.365854459086
2160.8341659260814
1956.8626166227768
1836.4278457704293
1573.9169923213253
1739.5410563088403
1975.1289432715419
1987.8925212746956
1980.835591842117
2027.620773542219
2038.5188086950989
2034.7171685254896
1925.4519136384947
1878.6839732963542
1878.9410465012174
1884.5966570082117
1886.0481562468462
1883.6778434169607
1876.2259186261201
1874.9411040070097
1754.2413673102212
1693.9809538617633
1527.112259630105
1473.3964767685206
1409.8081289932643
1175.102515461729
1166.5719197860108
1169.4612839529425
1116.2770583188496
1125.9552033584237
1036.1185333099725
1052.3502568298227
1065.4378561382846
1069.514190201823
1077.855709553276
1075.0480916503552
873.3447542696188
659.4126545180361
645.8186892184727
832.1615634908283
83.0
818.7915627728349
118.0
118.0
118.0
118.0
118.0
118.0
118.0
143.0
151.0
141.0
151.0
231.0
261.0
264.0
317.0
317.0
295.0
345.0
531.2906188255445
496.98837889999913
501.3257393909082
517.0486711704536
485.6480409547605
456.1427169289346
451.1272912000878
443.0694791576327
440.1809919045449
412.90553220800405
515.4857574287303
535.735378993905
563.623584750816
523.5245501343177
534.9904465374309
572.2669262149245
671.0397935124929
560.4492905746122
595.9770421206931
573.5345477102321
415.0
407.0
407.0
397.0
317.0
287.0
284.0
231.0
231.0
231.0
181.0
161.0
158.0
158.0
158.0
158.0
148.0
148.0
148.0
148.0
148.0
313.0
458.0
506.0
521.0
551.0
721.0
789.0
766.0
696.0
696.0
691.0
1026.3627922610456
1031.9500945359168
1043.4593518826753
1016.5802375667616
871.2235262966558
778.5270749140634
755.5685772231184
890.4580094049485
825.3765334157821
837.929134279602
852.8487209329674
856.398099243162
808.836429886552
819.9378789491166
856.8575098655486
890.3546947443493
1090.3053068855238
1344.4140017332595
1413.1805091884291
1381.611448852435
1376.7513906202594
1264.0600036489957
1491.416753987895
1497.4182028535424
1563.8323910771978
1387.0973192918987
1372.2852994424566
1312.9339139036906
1345.1713925149356
1318.478925617951
1327.2315224308954
1217.0
1243.4778465843603
1240.1590682715428
1248.883213316854
1242.5325425610795
1109.8306405066435
1055.8029867217583
968.5997486948442
1051.5855244504755
1043.3380509326703
1025.6290931417948
998.6999628527545
1012.3030246280825
941.2365532105879
773.6642863320977
983.4568211468379
1003.0
765.0
702.0
702.0
584.0
584.0
329.0
314.0
223.0
223.0
178.0
173.0
173.0
173.0
176.0
336.0
336.0
548.0
573.0
623.0
623.0
651.0
673.0
673.0
673.0
673.0
681.0
681.0
990.7934523236377
1069.3344658358924
1032.0793744236685
1123.8362338313905
1700.8069823929188
1703.6155632426094
1703.878655296487
1720.7397361748883
1725.401967845566
1743.8109434396256
1731.5858995375606
1780.72014358095
1781.2848676962435
1803.2166437598812
1716.729533955223
1648.9117673316432
1633.2066369752656
1483.6880052230424
1329.7747345445964
1217.1137823434592
964.0
939.0
889.0
889.0
861.0
862.0
1024.8815977209829
1250.0
1300.0
1305.0
1305.0
1282.0
1282.0
1312.0
1317.0
695.0
692.0
740.0
785.0
780.0
780.0
778.0
698.0
678.0
678.0
668.0
668.0
668.0
668.0
668.0
698.0
718.0
718.0
718.0
718.0
718.0
695.0
312.0
307.0
275.0
305.0
415.0
1005.0783808592682
1281.6308988642331
1267.332402062161
1296.89228981763
1081.201726340579
1208.6587092282566
1110.488444956044
1144.6267390313064
1406.2167365135956
1460.4316298262547
1465.1507349105157
1487.6529034203431
1523.319254469866
1535.5935156967655
1846.3185522999368
1917.087728924228
1984.6695617115265
2119.066113554365
2159.956716381438
2136.3063576563973
2130.550120161264
2269.500996476391
2296.5403091263615
2554.356796007148
2559.6860495685432
2558.788129345298
2566.814955419177
2628.7986202930206
2668.8427431536084
2652.095585942982
2546.0535356467303
1997.5239638261382
1820.918186182383
1810.9544593880867
1750.8989960821145
1708.4139181777682
1631.1936292543776
1622.869010679275
1564.086835200098
1518.7915156199492
1458.761519429545
1391.43921875844
1344.9378225278488
1416.570717158087
1383.5235431059398
1068.204827569369
952.904245919482
868.3410255410353
871.0
826.0
819.0
791.0
706.0
694.0
485.0
513.0
513.0
513.0
513.0
673.0
741.0
751.0
1026.0
1091.0
1109.0
1184.0


