Rainfall Prediction

512.9296421115514
500.09117102854077
453.3762782423112
428.69440562062033
430.1581794368613
444.6423108717519
433.61115434032155
415.7390135212532
397.11796548123334
381.64803267182145
375.3727863915585
380.4434415842602
364.774595987913
366.5143141629023
362.2347476361155
351.71318510838495
345.38868314206275
361.4151388316685
338.0130177016564
287.29504190678466
284.8944715323566
355.91201187992954
369.3197073728503
359.71375881444396
414.25553126600187
447.2204640880533
438.1829267556952
464.83534806359853
498.9009384719672
494.26511836953375
462.11875799190506
472.9934826823504
512.0647091719999
539.065700209494
559.3441766170689
572.4531291923564
545.8077159598666
554.2409827412491
565.3017937210018
588.5778528048112
674.2295384408545
739.3312556551072
724.502635651473
720.656515925445
696.3766807867001
724.7953611378252
736.2858220313796
749.4272444202742
722.2080240054149
754.750002948834
761.1431119720792
773.7067006183628
654.3139372850391
631.5403783008783
641.5675535438824
548.5744487059391
504.1888224359067
476.5490046580401
377.5512182748628
363.3371105930926
314.5995104823751
318.0546242208604
414.503001121619
386.2022425940529
349.3032759815075
321.95002023472847
300.3144493431304
294.8098451525987
298.981792592577
296.58399065636405
322.82951620505384
374.9004201091236
334.716346212825
390.45157765544707
299.35903114264295
351.7671561939447
568.662297647605
315.8692221228691
300.6528123616159
302.50088510792574
322.1974914353884
254.25513924187013
268.9128226544892
270.2395865376678
275.17241617094396
276.52507593684857
267.14133730145124
308.68544510131113
280.01534256654736
271.6481898557765
291.3771913107687
304.62846389639685
300.9357998706387
304.4849729492922
328.2202502945955
281.8935984616499
286.78706835969734
256.9942575972819
307.1269884807504
337.441189585596
326.45053781630986
455.1960788923496
381.07865166349785
372.7015741434494
350.4804563752947
391.6182915519062
375.64431165472894
379.92905480199374
387.6448141756215
400.742268709601
463.7170331944034
673.4457466583725
632.7713599209814
646.8169537626693
635.3684305736278
636.273163723578
630.8360091002369
620.6442868694774
626.5297709143334
490.60873814579884
444.92017458635996
404.24244022856465
382.2951828190969
406.4600803274303
385.786338125643
398.7322176839818
396.4712103504751
422.9404370690557
415.04705352152797
359.871779288004
192.4493334743423
366.7689565954395
230.96845229607942
276.0521019405496
190.08027779335526
256.10256559189094
277.9852807405558
296.2002352454698
252.68540479868594
272.64459993141185
308.8141284625408
251.16966808740867
272.1325865833997
258.38184943704414
267.28343510025786
218.29231129166448
212.29910965867558
214.0203978838039
219.7053919791366
215.1127454025889
298.57321971819965
355.1801486511182
412.1422095508485
435.6537818893444
494.7404271076582
498.4958603052236
375.5966386698673
351.0838066015636
329.2933656375121
322.91945411979833
305.5741500572882
314.30189834014163
315.63764846863006
318.08087348602817
306.4248941393524
316.3590432140677
305.0217980678734
276.77923268971944
253.1345268033026
249.60302530289744
215.67837483434602
199.78437859236325
208.0189553420687
166.0118938868579
149.9935858891383
140.25120746927706
139.13482539982135
133.97045236608602
130.58258338206244
126.25630623641668
120.27771391166922
116.59781174239849
118.1507244430565
91.88011045701022
80.98642054182164
40.881336222113376
34.59669819179233
41.16306087024574
40.76892490898609
41.76602099518018
39.6271239563427
38.83789227226675
34.72056294799361
31.11235298165098
24.74768139211751
33.113641770600275
29.59340333134823
29.478216182228614
22.355083256529966
9.804839940996837
9.86394352113587
10.814219751458088
23.83743093507804
24.99489029232374
43.329531563203496
64.52734918226025
71.27266486594097
87.75661489758681
106.72439960300487
106.72439960300487
90.27315120924744
120.93408858848714
111.60452993307922
105.52109416192651
100.69580453295211
98.7548430908827
102.03311904780342
125.87583143841657
146.0963798513619
144.63892107739284
148.0784816221205
158.45827359355158
161.6763789851545
188.46369012894465
183.4423973243196
177.13438777278168
169.4500171927076
184.54945291916778
184.40032187737992
174.31524504741913
208.07073939349866
205.39137819227597
208.4512117627853
205.35556983824537
222.59589029495464
228.24585272619245
249.1562949150517
243.13692838601628
240.06796595063147
239.04565155818926
244.91672107407607
301.60559490278257
273.56141998210865
256.2550724389782
250.4947418835216
280.751576272227
279.2777294414971
303.8081639336555
323.66979853383447
312.6491645491579
594.127172159161
608.1368539695015
650.6787411470177
535.6052856771336
544.0075863076146
563.7481581901387
609.4503665227851
613.24133853939
631.9973701398969
631.7742908889309
648.5763258547156
614.4612134770316
632.0853513615451
632.4079717715299
585.5913876502427
556.5358097324336
585.6081859648839
444.8032573435765
409.89695520395077
420.99844965205597
402.46841065172794
368.75689288841517
364.72999208161457
396.2638324315973
392.1517265713062
457.67925724587195
430.99112567915046
473.550098671769
408.8066974733476
368.4672459909697
393.8319837360277
308.23481945549867
296.28591417130224
310.15684024216745
291.6201850714857
262.37736708490144
259.91587494642556
228.84422229514652
186.5144205727149
167.6926394017935
162.43467655100812
191.84219848306816
168.50364866575484
134.8694481842908
158.84868678689207
160.66103345245492
156.0940373052728
123.7490470927631
128.9795608142091
141.98860959789684
125.49035089676875
147.12394835174808
178.4115882462652
191.1864298259247
195.39031653224845
185.03490677904054
145.10864976882743
138.15815245149582
134.98018738448403
144.520636495988
149.91230599990743
147.64109211851837
153.37297201464392
163.74179986906267
155.2252523023653
159.2917327536493
152.75421731779255
153.92929106527794
175.05414241081306
180.15618469222258
191.6198200205458
194.38558393107547
195.0032236988488
198.8811692527221
199.36865443743855
204.65308859779708
191.04439878477976
181.6111088035837
175.02395694514198
175.78957082601488
169.89752041280516
161.86575587097622
140.7315107522455
120.9055427002781
111.54636441480056
98.71819304411497
104.8562294142617
102.51819009748904
109.80421766692228
118.0495936272481
121.87145514954022
120.2111909083849
132.2007992681719
126.63272900471587
115.73142472425317
123.77129469737201
130.05126471957018
145.8593164861804
150.51436659451284
123.72224723853228
106.21519883630253
92.14614946863706
81.67347995235748
111.2733414202566
108.99547502261818
162.79643764660128
196.74995945700297
196.95506995451876
197.3378776430719
212.1417484645509
264.2831322698253
279.62249110334824
291.8582045416098
229.07566998116192
246.63505100853706
242.07462242111137


