Rainfall Prediction

568.829251558157
589.2224726268853
587.4349548684858
598.8807146983537
616.5833763409987
617.2247582546348
617.1067977057938
638.0675312184825
657.2590633592608
640.3679458326114
631.3492506757921
623.4364845246432
622.4095535345708
622.5806200823507
618.1449147240452
614.6588813573857
626.0304507470493
576.5098546964314
577.835916246214
549.245644094993
531.4116225533182
520.7996729740537
505.8893883163641
460.7115042701701
386.4644909159163
346.99685502260144
356.04531205719906
356.86933033056266
249.19527826676386
237.69884866717604
213.38745773249423
164.23112537986168
135.2439317277591
131.32299229975365
131.5535001307154
133.49781630451517
133.49781630451517
133.08555464319957
130.27425022403636
135.86745220043576
107.75578928035695
134.65879042655195
148.55862216231503
172.39668654137864
174.15980646623646
170.34033396528915
173.12880736512807
170.09457484439608
174.37136773243222
188.26115098644954
187.03071278732187
186.72159885062362
186.39022159524822
186.39022159524822
204.379268449027
203.82868103327257
214.43832265884413
220.01496260079458
222.09700528281112
222.09700528281112
228.79570087458302
228.64728649339162
228.64728649339162
235.03011693046295
243.716451126115
241.99872661068494
233.24575527861793
232.94246406051525
239.93294950587514
247.56522020991406
261.62404925262337
285.31861106513304
256.6388418801891
270.30278862974023
249.20598894228064
250.04817788373694
234.79271132320395
236.24856910509988
237.8471600770592
246.9009363146845
262.3831991586191
267.5102717954999
275.1282048920556
274.9257491196666
279.76408729205855
280.22447823922863
291.3888675990901
293.32751809314135
284.741948906393
297.39271449830096
297.39271449830096
301.0414842541537
301.0414842541537
301.0414842541537
293.4567915678569
282.88392513668254
278.87523181482356
284.88916683113314
295.1215663912894
297.72472964117316
289.54031402185126
257.43428860370517
262.5028328482895
267.15586106833365
252.89239522193984
252.72728303285294
229.48112726438868
234.97154278275246
231.7348964547615
228.17665858926418
225.1388711475977
224.62554722884963
208.5298030739669
218.2178346020425
234.4315003542936
230.91497683569057
237.6712976929022
233.46848769908337
220.6467056356642
221.23623454335106
214.8460997838358
220.68643836018825
236.43218422222657
244.0635546489334
252.0058420408812
254.59704846741639
254.59704846741639
251.66707769186397
257.4701517344103
252.84076109536363
302.4250122656424
302.1455546596337
301.73092821248895
299.8899332268377
297.85359488815885
279.5081368282973
279.6157573892973
272.18153857384806
267.9489979530859
264.4346006784105
264.09673554386745
263.5906017348446
259.95625729294085
247.6594376658953
242.58323618868698
256.16375614421156
258.53203002775814
278.23283322663536
301.762483684811
297.36207074702105
294.03292407230646
278.5367979931017
271.7593670185127
251.10491689944354
246.72796932817047
254.57137646888935
255.33386649454462
258.3444711577301
272.04287048263467
271.02158062374104
274.65074157227065
213.32209451386092
224.88669898604684
244.61341063619633
270.67646406063113
301.5285604236473
303.53308617061884
304.7031339344143
304.8682243100107
301.81231527012903
313.12627496747297
322.72481015517036
325.24323914813664
363.02462240027404
444.94357692010146
461.3450441528856
425.67787013236193
424.4446863841181
422.0440360370846
399.1901612924802
399.1901612924802
398.3054553150953
406.6605340010913
406.2274599554597
410.0700406798395
428.4203523148057
431.01724294457324
422.77964210517257
423.38593558769225
409.7851510937622
427.6286347777682
434.4256974435746
458.52587422033685
452.7884921195886
442.6792822656715
436.3388952045356
410.7598456190434
409.35494803754244
410.99461664925326
418.30858666555815
418.4881357195592
404.6777584347163
397.2453696786669
389.44044271064064
344.9773155337308
260.56188318917896
238.0074568536282
238.0074568536282
237.8104690879496
244.53417073912593
244.53417073912593
251.4671025408726
285.21006964954023
265.9674443803477
272.68123703114634
285.0789428008422
266.22154443414684
253.37567164992893
253.581220180377
259.53991999451364
296.0378610979128
271.43037619431567
287.4375089055518
264.5588059135257
280.9748711116127
393.2173948426639
393.2173948426639
391.408689788957
390.00262694608364
390.9331047317146
368.068850986101
374.0182457295412
369.0271214162389
378.074081908292
386.4357949710052
374.2185059313117
369.9858181162432
368.13657288516845
411.2252581415308
424.02907926986023
438.5327699709102
437.86664048511534
482.3139319807416
451.2754961752856
460.5129343027271
457.0516900162461
445.53529977187327
437.0608835445658
465.4904171309612
472.7325997086861
460.80194262352603
456.37326273718816
444.1439316694846
422.0526920520127
450.45218228297625
433.0729273584267
346.1751491632514
351.5991620727662
351.6924506853498
351.6924506853498
350.11045064845143
334.7146293598296
327.2309997316982
327.56551655679294
320.5194876685704
310.5687636486893
309.7831521968495
311.92941584110383
313.3942441243733
295.47915756260096
289.28152889120844
272.88181449292694
271.90264944081014
233.07232179089937
215.51191595797835
194.69864060121705
186.94577853041983
179.10355821691732
208.42377467232498
158.9181347500295
152.14077144285085
153.9109524064996
166.0528038799163
168.87627310348995
164.48525155191624
111.29237973485033
111.29237973485033
143.68510066954954
137.49660473465931
150.83913624920373
150.83913624920373
162.33539248501646
171.31406965289065
187.9333078775812
186.35658295222055
201.7085549589126
220.44696193283656
247.61186179182067
259.67056194597063
362.71031918147406
351.8278327919154
349.2588806860014
343.4397826732945
342.5439288595059
339.12545090108455
355.91042000727424
364.38194561719683
365.0252018753087
358.5886566459116
327.5399147735843
328.4996000689661
335.7301930300357
336.67740355929584
348.11311137841835
375.1910504265343
381.20760272115785
382.09820365428754
382.09820365428754
374.2101916915539
403.4168677254939
393.9944302438872
410.5097162759421
403.36635771254913
397.9888302905701
401.6546630968548
418.51565700880286
415.2458545200721
386.8866884122524
386.1945912024752
383.3708106234994
327.71676206225976
313.51979576253007
347.7409144936761
375.8081024369388
404.5329336873806
453.7612878815695
470.70760480918966
489.30648435549216
494.51105820351705
493.9019068128682
504.33427137501917
501.5389359957062
500.9893268607018
502.7174123138637
488.38160276930716
465.3644829140686
461.2105539225821
457.1401695042312
455.74072107592957
438.2928126910919
412.3053497079139
410.5952776230537
402.5257790531134
400.82237504435386
413.21877221396784
406.9632857459443
406.3772051773972
401.0873166704913
423.969448464892
428.4965025348685
419.5014442963181
410.6962264155941
396.63429532913676
353.4826961635882
343.80910532227784
300.8715498227409


