Temperature Prediction

419.22518560506745
419.22518560506745
452.0986905857566
452.0986905857566
452.0986905857566
397.3065414433838
404.9174332352788
370.2771354048991
448.4355483367095
455.78966030942377
403.7902829959569
371.83248947438165
358.36152840416105
406.02421693829547
381.0803711113411
379.9115703813999
412.4039761651086
412.4039761651086
420.098519140945
405.21979432813794
402.4242902791396
446.3067262096727
408.6575520594813
444.0794129499498
423.59371514931877
408.1102547399013
456.2145596784365
403.7742014487058
401.52446394233095
442.1083540010685
420.93080089889844


