Rainfall Prediction

1508.8403874735648
1504.673612411057
1578.0235897246826
1718.0944563713697
1698.756959567201
1732.7521851987933
1646.9264557326833
1677.3567292881908
1591.4715980412354
1637.791657967307
1530.494393272917
1226.6251832185453
978.4779188428936
795.1910399867039
665.0719076359619
588.0719076359619
413.91248142015576
280.88326187625734
104.18585646263806
0.0
0.0
0.0
0.0
0.0
0.0
0.0
0.0
0.0
0.0
0.0
0.0
0.0
0.0
0.0
0.0
0.0
0.0
0.0
0.0
0.0
0.0
0.0
620.492448212201
913.8457735589776
1067.573911296454
1271.2978851626583
1271.2978851626583
1306.268003601924
1516.0531797601323
1825.4803514750583
1821.6765552196857
1821.5673423145035
1822.5013417376936
1618.659642841247
1490.9589606211573
1449.8768422503313
1944.583464441282
2351.824347714671
2499.281906907715
2451.1703834669297
2480.188466505041
2439.907373748765
2151.6407299860903
1985.1622423357494
1886.0379159035933
1876.4565616624982
1772.5718699943072
1775.0437243866272
1739.914329468163
1715.1851562373197
1672.1806783671298
2342.380359558914
2030.6878524098638
1767.5403256343284
1492.4464213079632
1332.8830262649217
1155.2687445565116
1084.1386457028027
1063.7420510687757
831.4347788566243
724.6247214152465
724.6393202146677
724.3583633947712
751.2797745910827
751.2624523724784
698.466894292331
499.0847607235955
99.3748865190657
0.0
0.0
0.0
0.0
0.0
0.0
0.0
0.0
0.0
0.0
0.0
0.0
0.0
0.0
0.0
0.0
0.0
0.0
0.0
183.35238169005797
301.9014904925691
280.3117648974563
576.4288823101126
585.9176996421724
588.3072874073047
480.1399070170951
400.7044246803181
401.27799959084
467.64106848925496
520.0372455048196
382.7820377845616
319.745561137977
463.9895780526831
489.1776601254451
459.6212156253973
685.9059023265493
682.9927085035918
649.5432115885318
649.541275479505
654.6591003877797
748.9562746275774
784.0438080328197
749.0529200660202
598.5329323169767
561.8761474120179
419.24358559376446
408.98318762305445
275.2920700446518
167.18014926798196
139.18384079093784
43.859165635374815
0.0
0.0
0.0
0.0
0.0
0.0
0.0
2.1266829566319743
0.0
0.0
186.7346573604081
332.50744762244847
274.2590307228828
410.0909338159797
506.1419466223623
483.41190064953025
497.91859409793597
522.493311477335
690.2593298831147
734.8384590884625
711.9938023465551
617.2413780273597
617.519281815908
656.0822916964703
679.651631897333
807.1248290520525
861.8413984209442
920.2867773889058
1041.8236624070566
1044.2910135934596
987.7147161922107
1028.483342876037
893.6877240618421
922.699757249069
940.8778325149814
1093.8116678904964
996.6527411764603
880.0059872328126
928.5988622153789
875.3205554471747
1052.3548717022459
1077.2070782383257
1085.8592828234448
1049.2581769012195
1003.5843119440243
888.4520160419403
1039.2511958989019
873.61375959674
1012.3099393463614
865.5034523609918
836.0838745756948
804.4834776235732
806.3714590360279
805.216819463584
913.8975290181663
874.1701082176879
824.976950320184
778.6494131376801
805.325940658519
769.7991223680328
789.6564492214173
885.183078608504
873.8820224290621
1096.704070366222
1068.158701106567
1049.9418616329529
979.3167933664706
998.0099935267508
1044.7913657810745
995.8285062584484
1193.1389978207349
1009.9842388756795
1049.4752470219419
903.9888845127368
684.0298594579427
565.9472271933624
426.9097389834185
225.22969964626063
579.8079638175309
204.45164113987659
171.69539622383752
0.0
0.0
0.0
0.0
0.0
0.0
0.0
0.0
0.0
0.0
0.0
0.0
0.0
0.0
0.0
0.0
0.0
0.0
0.0
0.0
0.0
0.0
0.0
0.0
222.75189881009487
222.75018501361714
649.7619223096735
653.9028426913748
448.70355089061513
976.2327597345268
1027.4757263325591
1502.2550260894436
1584.0848048523799
1582.1136421674503
1617.936299043345
1845.8492469592386
1729.6505259057394
1812.2009042400257
1615.3036476938937
1590.3021738542752
1452.5238676816773
1264.441438943637
1085.975495953205
1086.975495953205
1469.3314416492917
1762.6582816626874
1895.8653258787415
1896.9516426999992
2155.5391557902767
2011.9226769771685
2190.3951162797453
2090.572706226955
2077.7913204214574
1455.501586412981
1789.5541796244274
1551.1660312917447
1519.0244996656072
1371.3336299719178
1325.9039069260598
1134.428794501002
851.0421761683598
865.5142252185378
626.6043980402937
587.3086183181352
586.6448518867331
557.0073402315147
450.8746251766802
428.2778015323609
410.71204517730916
220.8835661421995
219.57204076065375
437.99483438599515
693.5352412710137
961.6247785528701
938.6247785528701
555.9979928906432
407.6802472926443
343.1321630626756
343.9398387521395
451.7325527827573
982.8042606627971
1016.1293679813004
869.7159220528414
708.011395055436
698.4033137302857
923.7719710373719
1096.794683800341
1061.8179707684535
1034.700231108321
1037.0238464095307
1355.788260143516
1197.321131813886
1043.4772937532518
963.8020689707773
1152.0069348007423
1153.5643814347081
1193.1746508947326
1307.8042936662962
1289.8602510598516
1266.4168791683223
1620.7150961409245
1637.943362036531
1565.7310719646437
1710.1890896972714
1641.3211362120458
1641.3211362120458
1612.6128657299755
1672.6128657299755
1633.6053349972378
1615.6053349972378
1444.2573300918011
887.3111457577738
1077.3426954219128
911.5482750244387
1170.0810486644323
1010.8552335262946
893.1055054750104
741.572695661009
705.7270081844409
700.7410519668233
605.9305355577753
326.6247464370442
610.9300916786067
1040.1768596219456
1201.6072476808224
1066.7891314353021
940.1442195579457
896.5483400851944
792.935663637815
782.8707784762913
808.6829908817025
613.5265478407669
657.1256016817761
646.4554894250101
435.3808131935642
330.1601525313534
229.8349046616274
158.9934627211202
159.08174192712278
249.88397201585832
249.9674810066817
195.53475983078368
503.06490651785833
368.4433420876682
694.33578283331
611.5954846523382


