Rainfall Prediction

509.6782401806193
553.4407223588471
568.345009490849
614.6033290525892
640.0311766529594
631.8917383603934
629.4869750557335
636.7088354525976
658.8503878332015
694.3692355850842
633.8054632419356
594.8939517904568
583.0295891990031
581.0845825517
581.6311905888849
564.2537139123159
471.93128563677885
354.38246837393206
236.21160432521646
197.30843210780745
85.38397531187402
53.109223894835
29.305400674806947
10.538204821818596
0.0
0.0
0.0
0.0
0.0
0.0
0.0
0.0
0.0
0.0
0.0
0.0
0.0
0.0
0.0
0.0
0.0
118.08185469598452
190.1932909382447
278.65686360179944
281.1020234942897
336.5934876872291
355.736581938236
359.8808173154098
361.39829803116413
247.9010929901901
112.02070112092161
219.73722803110883
308.6292395046617
308.62340174039645
332.7467143281626
334.1216311094173
336.1062622577714
329.8656472405694
348.9274545174245
361.59247153901765
377.13747587352486
383.4890480234611
401.4419877631176
409.63615779770805
415.8032720673941
384.4945509756186
366.54549049724693
367.8668643409124
383.4656454484315
389.5591251464939
437.0338607275645
533.9986176122426
451.08836310638907
526.8270541904724
454.62642017266535
452.7402476746854
394.03423520342545
368.89177073096806
365.79817449678103
363.30079932499217
451.40737430171987
581.858442628383
623.9333731407518
625.6882353085903
646.0655653307067
648.0740121162157
659.4423652385194
673.5166653951534
686.1286464820269
688.0076650966934
681.1826296213661
697.6627573465801
699.1032283575776
685.6144367307186
669.2502874258319
661.0984177976011
660.0263054881061
659.44299138658
661.3592467225593
647.6712619714442
630.0533101307346
517.730145218859
413.6575880429318
418.4544363931015
394.22030384040613
394.0395880351081
424.1355952880275
450.463999695737
464.73706263767536
463.3557585484408
467.9306008307868
380.83338678173527
272.8897947396235
241.59130949519903
251.8168414161558
233.94971120864437
253.24950341512874
266.2757262591135
265.94622472698177
251.2975221979884
303.4170345097748
311.09949507568683
278.5007890735069
278.72462028973916
291.5289798314657
297.18772112426814
280.50881187921266
274.51329591203853
288.3821989321171
288.9085635617245
529.1100645858029
473.75588333811754
408.4701587051869
398.0451814358402
387.2539171208802
310.33827728988666
310.22626653041004
270.0702080829268
239.73416463139898
206.8890216510827
197.37416714349945
196.3697404160465
198.4727288076
179.5433641652497
198.1667362184438
329.5115623837224
301.64454825135954
281.90118821243726
333.04501171043864
310.3444762473245
359.82034751903836
314.15573874541747
295.0068596386389
307.1442403832667
337.6903213690409
420.5961945836089
416.40628282065825
443.4758757095482
462.140924448576
481.44481052032927
477.7347054649315
236.22066128411893
342.62416166665366
423.20652676614816
422.71539312954053
428.2829350502599
425.9971361446275
423.96030589014725
432.09594220976714
431.4709451398943
483.61737661742876
479.7823306131763
479.4316605572178
730.997090258224
1111.7641308180414
1188.273380920013
1044.798610178943
1054.5244480524286
1058.4249532344002
978.4733164522174
989.0133310752841
979.6526237615028
1005.4672392426902
1021.8327714416189
1049.1227550520866
1138.5626566820888
1147.576129258913
1144.0129418554743
1139.0232598125117
1125.2143461154337
1198.7085629622577
1226.2991021658577
1324.0184791537795
1290.8206795732733
1245.4624617850898
1249.0274880517318
1251.4217550644855
1263.2183230702765
1266.0563171181832
1233.7793861470927
1224.5983883096503
1215.7811849526265
1221.4685984498394
1221.787960928227
1029.789436605747
636.9974694571247
536.6178908214088
506.34198205754467
475.188248286672
481.4203918694195
431.2574694447485
432.4662003516813
577.6447546575812
551.0614061464116
552.6408891762728
516.9415484545225
397.4267605437158
304.91175775455446
298.9808268533102
298.2891921711336
287.04167002862306
233.62074930652167
432.99754574747624
348.8840197561271
401.6791441133638
596.5771331909968
574.5316616089497
552.4859393145002
502.8577218148573
508.817221884324
615.9385516623306
659.1525553438945
666.7176505672917
688.7140627611442
725.6131849891974
684.2422882044843
696.6360878742513
702.705311023548
739.6764007466498
777.6756996204749
840.505365753017
904.8120255578178
1040.387805479365
941.7533759403124
1103.8202887958419
1113.639942811391
1149.2426493536059
1148.3901380199725
1152.1677932811212
1151.402882054905
1135.0049843356635
1141.6349767558004
1065.7618092251175
827.4372918751026
822.1345449816472
714.2983888580961
594.8061818417933
573.1944526828281
571.9177670843582
571.9171783441977
565.9268732141036
505.9041877181522
475.91422069134865
466.8446822715352
428.67533529437856
373.5283137612836
347.71021526547173
325.21510023234134
322.8791356525619
321.69947324463493
327.7399354678654
254.7102727958058
247.0981876570388
111.06498175975611
55.96090238837627
0.0
0.0
0.0
0.0
0.0
0.0
0.0
0.0
0.0
0.0
0.0
0.0
0.0
0.0
0.0
0.0
0.0
0.0
13.594726110648196
28.786234380429846
121.84442575201834
303.346505750132
440.51922701684646
478.95130602489087
525.6800378930162
642.9591800696021
649.7776047938999
651.6939933719925
657.0818597587347
653.3649931387076
714.1586633823366
747.4582602949176
751.1223212040187
823.7526419575366
731.834564747493
721.0281362067981
738.756627467769
752.1241640275566
839.8062001749191
965.5762030937241
998.6785548379571
1013.4630583242576
1021.2242986316309
1042.1407976207329
1111.5221140741617
1128.3438965271246
1160.8727787786645
1175.9864718973863
1151.0214645566225
1139.06721606287
1175.9446971571176
1126.6509583864474
975.273636330688
970.4472697916011
972.9554946999023
941.2479871992159
866.7781308411384
990.9240519069385
997.6964422042125
1006.9437590913799
1212.537250141785
1225.5843328989579
1305.8997625596771
1308.6536225106845
1309.767116387515
1344.8966891702978
1317.1592640808492
1286.29777686435
1230.2881642767466
1152.9248064092485
1042.619953654413
991.8131632034106
986.1780067425477
989.0132941597046
894.5801097251222
798.9349886711193
780.6692007050258
736.6735207888655
634.011239900752
644.2208268400179
615.4837795716078
567.3096251034917
549.7397819985202
553.9786112207115
462.68474757059676
442.1074230252839
425.4285173061338
370.0406647969738
215.6510440587361
170.01433188429564
156.94852187066846


