Rainfall Prediction

630.6555410907408
425.4062260311456
388.9990710424155
350.75519476699003
415.5007160517579
300.72605394611855
330.0912519454629
321.63639413766697
257.4953534327864
610.2024156491542
797.3528129229287
891.4298666191564
957.2242576189504
1042.5236226611903
936.8885347019623
426.7042984389109
815.6742678066735
455.73523255665793
359.2215841486117
90.59316519653912
40.21375508069139
202.24883534079868
236.90889436880502
200.13376987778878
69.90743721222566
175.76746803400732
198.8135994218067
206.08349016359284
149.7847129643591
306.2064670737782
239.69648792062864
142.10238471022737
141.21495991478724
49.267904794318284
92.341829126597
60.68018791704321
97.359623914497
58.75938684002858
79.76697965951465
116.82512097691864
92.27338321115532
154.26947559941928
101.32656618269257
292.593419549997
219.80076117286643
262.7263065701005
384.4551973879806
320.5724586798019
306.08319577424976
309.8216599383569
55.401282405858474
106.43294196463084
113.2109006409534
281.4032459571546
248.75550616537933
256.8978240898164
256.868104982767
434.30503495708126
450.1563670136935
516.5300356554376
553.519007511479
527.1113945069899
469.38225621933077
428.79172291524503
650.1430534088745
390.0808295225446
137.4269779522482
507.4665834321145
401.72948562491126
596.2879750325026
541.8581029923268
394.65450735053
393.5028704910386
644.0990373528715
232.76581412388518
553.4840281673635
155.21035994113933
299.8261854890958
148.10823941448598
193.0204272032192
74.25231734810441
175.37341777067067
126.45466792004711
139.30551141490645
127.17931507218853
158.25014163339424
418.15361521183104
329.0689855745485
231.28699346259503
110.82167655388331
60.88445371236858
599.2187229441473
621.0941379679934
623.6353657916592
707.4445877115141
695.7850584145154
147.40583149845372
147.40583149845372
85.22795694332532
225.10086358831998
258.1091220736613
459.9220855185732
87.2520628868381
56.13872536538695
70.44624362738088
77.79884632691022
451.99043204508166
397.9441542159948
366.769443937523
356.12264734586114
304.4280051068616
463.4507706204662
214.65916912352617
171.32473255113007
151.7476460295593
208.7952772880666
45.3444924782434
178.0279935477683
187.50207054347115
143.43687399582242
73.60121718229539
80.35322400683648
233.34541998043488
184.41700402355212
153.363964676249
98.08101855666541
74.41949134181252
256.3605964966877
301.7474710122539
289.69544426606325
584.5523848132832
75.93435768823174
604.4466026786374
189.49381889667234
254.709191991834
277.5702462976053
209.77818898224132
369.32262343428044
275.97112824974874
290.19184691451886
322.6149717454791
388.61870015638107
407.00801140152294
380.63691176367655
396.68243417667696
289.29347261618585
345.6046059128189
364.99860044631305
338.98785800942596
414.5976523391686
397.9217852694343
377.836669000225
483.16487504634085
361.20651634208747
266.0596837871061
182.82040969058107
346.538809533493
368.0804929083131
322.828931596815
351.06123598585845
414.5626495663539
284.13126441681356
604.031965495575
399.71120389695363
563.6649243247762
617.2177457230913
741.5927115531881
365.59681205930104
322.0119048835972
387.8526669552998
312.3883255684264
671.6803508940841
683.1294313745295
500.98552075949675
738.3360391753105
765.7616628097248
1278.6164329975059
1095.0786029782714
1091.7655132650548
1308.0974676194005
1161.5519734270706
1053.7339297206895
1010.2250278214779
1074.8904063534853
950.7990652851317
572.0672111110691
522.7800881055175
721.8235612026942
804.8525005731329
807.3313685222269
439.2688253646461
760.8652260517067
482.5558525009404
496.5739072410035
1242.3364257170426
1200.0359757281715
1075.096701406374
1191.4754734841483
1137.253118792081
1331.8514542300845
209.90613650518935
362.47634605461855
502.618098502598
454.01967901097356
558.3081219112382
580.0237941628915
451.41760049646444
0.0
189.16573501861654
112.09588817054708
273.6095928522875
452.4855932516842
895.3885757505591
483.57653913916613
404.0628544911582
502.78998133633274
264.06458098377135
473.4818347592824
148.54139689298245
159.4965274097535
396.0702317933326
417.4400133556977
383.42137838008284
107.57940864414506
589.6273600218385
171.1881189094926
344.26049174683413
323.92096542572244
893.1699411958434
951.1258175373633
709.7071399206671
514.2321525201844
419.62889832419853
493.19644410247554
464.46239292375014
395.096893054403
463.583887379492
360.08445529480116
256.8866637727581
538.8881634970897
122.1515469368754
1076.5753930655396
1159.8418462695713
1105.7056365509904
861.7030982513061
709.63506264266
550.6061706879539
598.8200789261497
608.9558055694264
860.7570211153651
933.3832135784045
1056.2319313565463
1093.1434434046123
792.8309645156068
830.4041002124575
893.6011863305655
303.29792422682453
285.373080178828
305.98925333026654
323.7996829893499
909.6587462762711
278.0970808425255
320.66128461028836
321.3060421203195
376.4796950822307
361.8273872883798
413.37776211056644
388.26644390068094
756.0867854972805
763.622211699597
335.20329087063504
392.48400614422127
365.3200513575992
167.0095917371048
336.59847513704074
196.64706911853017
143.5921309465943
306.8885291951386
250.66651496518529
249.4166153540903
464.28924929941275
325.62095497436724
190.49654003833
75.32590833349315
228.4737054807926
264.8933703631293
260.25864208276585
268.10615291675055
368.88324163539824
361.12988512925887
151.44984631597424
412.1668841352273
373.31827905951604
316.7809629532137
176.5766963941092
231.21837281662332
308.00152558988634
392.0011986344542
190.585648782463
686.3098195861132
970.7504341672366
954.9355486404628
938.7024083472476
916.5276429496018
773.443045725458
516.8636478175895
460.43475031414175
983.3988421679702
866.5024041042763
208.73503929517153
235.55302942191054
1047.6666811410735
1041.7245228208303
950.0728670059182
1156.1551699022957
989.007965823774
832.9392387706079
1176.3349902910259
1040.8456178579536
1161.8353262990017
1116.0980900760644
1072.1449599667098
1119.1065118976749
1143.3610552337104
1135.8701319459965
1734.2388523050115
1730.1138617881193
1059.7701242563214
901.6065231417331
108.64381277436102
178.81172731303343
968.0597394169848
855.7876197909699
997.9056238722575
953.8814068088285
1042.11544047091
1005.0999531722504
1290.9897474635745
1268.8923226348413
971.7499130986125
1235.390508564317
1114.2272293251353
1159.25159897416
1091.5582972364728
880.9797409644194
874.1083399297956
1010.3815748596253
569.2476574772872
637.6180759054105
827.7958369715835
555.2047832941238
761.3135594559946
730.917032391356
647.8325743836075
690.7226565260576
592.2469128952565
531.4833720274986
479.3045236873039
426.458028939954
316.7674209772724
409.5865337945245
444.90290681192505
417.7267849666872
457.8770313934008
473.4666394126409
404.0338415009045


